,Portfolio Value
0,11968.423317433779
1,11964.844815203574
2,11911.360777439519
3,11924.33289455211
4,11869.214913811182
5,11644.79164661305
6,11642.47269336256
7,11543.95034878404
8,11551.053526757427
9,11545.922050125571
10,11555.905306511626
11,11587.50212293359
12,11603.095462912383
13,11597.189967129862
14,11596.354207523204
15,11587.554991543608
16,11532.665496934707
17,11528.673166287152
18,11506.77578886721
19,11513.402464299708
20,11527.632432955003
21,11553.299854724952
22,11618.004417170045
23,11592.094652784588
24,11594.87356987334
25,11647.450672622228
26,11599.74707797406
27,11536.78843456269
28,11592.28605716499
29,11579.35181745909
30,11607.178694476324
31,11600.85493305296
32,11597.883363608007
33,11590.902016698103
34,11595.71179925717
35,11565.745769661757
36,11594.582812100467
37,11610.722442427736
38,11611.678527704931
39,11669.93819175537
40,11694.91584408548
41,11692.639431180469
42,11683.982525849096
43,11658.216408284748
44,11622.441077475754
45,11588.755609811516
46,11586.571794083482
47,11589.152329295914
48,11606.313703575188
49,11566.95144476208
50,11694.483165229754
51,11658.453735774241
52,11722.609565908358
53,11759.042213927132
54,11751.669376710557
55,11726.274139974765
56,11710.978662426567
57,11726.533272951907
58,11759.249890304462
59,11782.387482494312
60,11752.14557217698
61,11745.969951671677
62,11721.884758241877
63,11751.845078836088
64,11756.858929771697
65,11768.947526002861
66,11733.809581201793
67,11732.192700233418
68,11722.54543912036
69,11721.840355757422
70,11664.160668103428
71,11680.713107018473
72,11672.605731416095
73,11682.085173826872
74,11737.401288629173
75,11763.75900751761
76,11800.05433757473
77,11829.982175590552
78,11816.71577952781
79,11816.623092807917
80,11777.279551550064
81,11782.677492633944
82,11778.316279245895
83,11750.707109422645
84,11734.94809805192
85,11733.088804292795
86,11757.028643398362
87,11725.91551079613
88,11700.035189828339
89,11707.495242683897
90,11710.664735516371
91,11738.859717363186
92,11708.065922227535
93,11690.846155445526
94,11694.737205514899
95,11709.33285740967
96,11706.773087784799
97,11680.701255702314
98,11705.437245777579
99,11683.024344847974
100,11669.04763508542
101,11640.185185898848
102,11652.610849680355
103,11667.87302165086
104,11657.01927430055
105,11657.265261722536
106,11631.771774315792
107,11620.016240789684
108,11654.154977960201
109,11688.109272077927
110,11690.084823365338
111,11634.223445221485
112,11639.46135090914
113,11651.349771091782
114,11651.200340223397
115,11659.068813509608
116,11712.52698521243
117,11742.736465089627
118,11724.706918625
119,11664.41902869699
120,11649.969870910181
121,11622.624785765754
122,11591.370752522806
123,11639.198722631825
124,11615.459388082096
125,11513.938308733008
126,11502.764781302974
127,11494.20809085097
128,11571.787118003638
129,11588.750978380524
130,11753.591774419394
131,11723.546895317042
132,11677.967200674184
133,11781.913558024808
134,11789.0787626855
135,11760.059942202884
136,11770.122435768506
137,11799.196525978334
138,11803.634077497298
139,11789.999199324126
140,11719.148393801413
141,11321.235936101131
142,11326.708355985798
143,11373.8643679984
144,11393.39805029423
145,11378.760741467711
146,11379.019835650926
147,11374.688131467536
148,11383.579701240142
149,11378.727464065509
150,11417.183948737027
151,11387.02929744987
152,11312.348428016496
153,11355.297927994747
154,11348.031313141804
155,11326.88174427204
156,11279.904557408223
157,11204.584889379992
158,11193.07576547368
159,11139.830043134081
160,10967.462957502437
161,10913.745484629286
162,10971.013634660585
163,10992.081931183437
164,10990.996799576098
165,11075.398417800183
166,11009.73976517737
167,11078.120429466844
168,11087.78011116125
169,11060.1112967714
170,11083.210525766768
171,11104.530887818704
172,11004.96928389513
173,10952.14510964074
174,10880.957250691721
175,10894.749123623418
176,10999.907290814097
177,11007.694332852936
178,10911.614301750342
179,10880.679708756385
180,10858.193884605647
181,10855.727557559467
182,10822.382116555727
183,10869.81438572131
184,10825.996038485746
185,10971.215156034392
186,11055.712240952085
187,10961.614250198872
188,11113.882428321014
189,11134.936400057084
190,11158.868671465412
191,11073.19680902519
192,11067.699658247777
193,11120.844319017324
194,11129.020605325015
195,11157.511746244058
196,11118.266295585918
197,11163.194661196607
198,11160.829972984007
199,11155.876252765212
200,11144.460633483408
201,11037.316101858632
202,10905.659623553513
203,10926.754546614015
204,11014.956577083347
205,11113.553303802348
206,11144.696688038384
207,11107.745801370513
208,11330.22084539722
209,11347.125855946842
210,11341.668089566465
211,11319.947683288996
212,11327.187156433938
213,11328.181460726104
214,11311.376465499505
215,11319.198180196414
216,11329.30016300595
217,11319.464507630202
218,11304.71479079714
219,11320.991754583654
220,11305.869285602244
221,11394.77795743756
222,11595.86303212757
223,11584.825449131862
224,11610.467811639506
225,11597.021544591875
226,11562.50785224142
227,11589.143076421089
228,11610.80725961999
229,11603.820728614473
230,11646.366254605462
231,11655.70893573519
232,11633.052681087443
233,11614.50092380072
234,11550.9864085033
235,11494.78705288775
236,11488.060903954214
237,11460.281413869236
238,11432.929586321898
239,11421.76328300518
240,11429.920742293383
241,11401.921266272757
242,11379.307261619388
243,11397.063039980967
244,11403.752313123186
245,11415.987419351546
246,11415.236956896937
247,11411.255288832643
248,11422.398478084326
249,11369.57710832717
250,11307.867917493873
251,11257.05266058837
252,11292.606388606971
253,11283.018364193347
254,11215.332690780984
255,11152.592514145383
256,11199.237176922286
257,11194.298958220661
258,11156.165147282709
259,11205.020658531394
260,11130.806106089189
261,11138.973921702074
262,10995.985254689283
263,11006.62966239275
264,11019.027122981322
265,11015.247316191231
266,11013.665370700914
267,10843.126388582965
268,10850.727061875521
269,10878.423788773658
270,10871.266891335319
271,10686.470998644512
272,10666.422334531566
273,10787.656477889808
274,10720.374444355848
275,10713.84675564821
276,10672.836837030287
277,10707.54412538522
278,10679.772805850735
279,10752.166082532673
280,10788.983492596517
281,10798.576277091823
282,10877.986268025927
283,10880.33748078914
284,10935.28443787832
285,10879.50503838292
286,10858.619957731877
287,10823.578591337742
288,11025.502023001987
289,11023.765882213555
290,11097.352438009802
291,11095.31951161968
292,11099.303171714928
293,11106.375082712171
294,11116.126753452194
295,11092.848292450477
296,11117.706589104639
297,11113.02732336801
298,11165.432269902243
299,11156.592843439441
300,11150.842715542849
301,11185.590606384687
302,11186.374235191135
303,11209.51926430434
304,11208.311604834382
305,11218.96379099227
306,11216.730407191906
307,11199.916974005671
308,11200.311624760965
309,11235.518644227399
310,11319.40155344214
311,11320.926604858974
312,11296.794121115616
313,11286.95683751622
314,11244.505067450185
315,11276.291889875436
316,11236.210999983738
317,11264.87744618325
318,11342.071408765478
319,11374.107536806665
320,11395.466543755016
321,11389.045231001859
322,11373.51896218508
323,11363.336547417613
324,11578.584114302334
325,11573.697472241794
326,11568.698489370885
327,11535.40755922399
328,11523.751807630842
329,11524.23033965548
330,11520.848311925256
331,11493.785772546664
332,11489.118074582624
333,11431.118702513764
334,11328.515936368049
335,11332.559607031488
336,11305.1571280474
337,11245.262496357689
338,11237.0519323462
339,11195.279228667807
340,11108.703657580718
341,11068.118506776405
342,11143.17871424753
343,11379.27802078028
344,11392.140255422251
345,11375.253501295847
346,11366.249368934481
347,11392.630837067858
348,11389.929051438014
349,11429.376448474795
350,11444.979698117751
351,11490.149738558875
352,11587.690907733877
353,11504.7347694549
354,11465.875276037286
355,11514.84103834669
356,11507.933329837531
357,11520.685729464505
358,11571.675512380009
359,11547.869868975486
360,11533.472928542546
361,11378.312527823628
362,11385.834555542178
363,11303.865342723551
364,11301.988794265428
365,11270.979958481967
366,11269.22913936785
367,11327.263991524473
368,11277.541552823373
369,11276.452808538597
370,11309.977328942117
371,11147.515783725914
372,11028.149610971326
373,11080.75927158468
374,11164.429837530462
375,11224.933041229526
376,11240.577310234517
377,11216.360425602685
378,11193.298913974348
379,11184.202043813486
380,11157.034554016342
381,11204.266096395764
382,11177.120158118838
383,11151.800297226826
384,11134.658919747006
385,11147.706733697793
386,11150.310637337658
387,11078.173092019908
388,11058.55277082367
389,11048.602460115739
390,11027.159889582019
391,11028.047731365032
392,11058.488956612855
393,11097.196712399009
394,11130.865269702786
395,11083.899490081016
396,11142.20392395876
397,11120.207053560454
398,11130.086306292771
399,11149.013321307713
400,11176.058132883805
401,11170.979584484694
402,11203.301185724204
403,11213.0221760498
404,11217.838696512967
405,11166.94612365028
406,11161.928917138182
407,11155.321578746354
408,11149.986723995062
409,11166.5173459762
410,11180.806440964516
411,11127.031460418902
412,11133.193221254669
413,11108.767111006155
414,11106.82760297916
415,11109.648906751401
416,11097.631375567169
417,11114.283591520758
418,11082.311601161186
419,11103.534977130605
420,11113.683901807814
421,11139.553859416763
422,11172.049918828341
423,11203.453914825495
424,11179.12773816813
425,11183.629710030327
426,11146.82551187732
427,11143.569965964263
428,11170.512489830518
429,11113.581734922935
430,11130.54069947001
431,11125.99237342108
432,11274.343233742502
433,11310.00076493976
434,11279.056809796126
435,11219.080053106398
436,11149.804265999554
437,11117.54455361332
438,11041.249683376385
439,11046.730897402038
440,11051.291367061844
441,11082.183832191628
442,11082.2191320204
443,11023.392401670728
444,11015.063202407384
445,11041.494686857457
446,10981.775084168792
447,10976.657789864059
448,10960.461258410289
449,10939.012166032204
450,10917.763296878255
451,10937.440891442171
452,10937.399221048
453,10947.32749665218
454,10943.412290564498
455,10984.896348457614
456,10968.207732398216
457,10735.885168952569
458,10745.068695534697
459,10882.003354144013
460,10892.599482212965
461,10864.352929505761
462,10801.873310019257
463,10798.902169373856
464,10785.65202768857
465,10839.515198180507
466,10822.813012732197
467,10782.349957093315
468,10746.392443161825
469,10718.486370996288
470,10712.537031735876
471,10734.479765990734
472,10812.650569499856
473,10833.734314750749
474,10802.302953972516
475,10902.689024864048
476,10910.549273490538
477,10937.230130472788
478,10931.692293419308
479,10944.2579030853
480,10950.02644816017
481,10915.739864910978
482,10900.224848032467
483,10878.545962172346
484,10902.823451096421
485,10914.95423629426
486,10949.112906181841
487,10948.804296082275
488,11000.38424432617
489,10994.01242059616
490,11036.021740003704
491,11023.878279326129
492,11005.514364541374
493,10994.855668899592
494,10996.824803750464
495,11011.47385267361
496,11009.507100457622
497,11004.753042491342
498,11063.650317079602
499,11066.512566033607
500,10995.021734500022
501,11008.200051064136
502,10999.73976345667
503,11057.752023424498
504,11211.96375952561
505,11246.5703641287
506,11238.605694071744
507,11265.148170624465
508,11359.416814423497
509,11353.784212781811
510,11340.719999805098
511,11339.253726332961
512,11340.973399392336
513,11310.513809969822
514,11318.07216703089
515,11309.948117912918
516,11332.39783643405
517,11327.52056996865
518,11329.475456448768
519,11334.85645168116
520,11304.27503954984
521,11329.502491332301
522,11340.08078095151
523,11323.765803053624
524,11330.343909573696
525,11342.619152866675
526,11341.343997653661
527,11360.447146574472
528,11402.122298461245
529,11445.512091401813
530,11456.211450197487
531,11466.950934850103
532,11460.17514230928
533,11446.21212891529
534,11464.69816514839
535,11458.844799005205
536,11470.787882380524
537,11466.081559110737
538,11431.673093027406
539,11397.64548598004
540,11396.761840775249
541,11412.857999681924
542,11436.20451435821
543,11400.027254258812
544,11427.6511344107
545,11423.471153575028
546,11419.916056941162
547,11419.322081463055
548,11430.317456699408
549,11436.119575462011
550,11440.363899533117
551,11442.115128226074
552,11443.945208038505
553,11479.965613819917
554,11494.941616295635
555,11490.82448179855
556,11431.133049590386
557,11438.867500184057
558,11436.90237342328
559,11437.596321783794
560,11447.730009845127
561,11453.048032695238
562,11465.036250343992
563,11465.824870990482
564,11467.162624489603
565,11462.78926467256
566,11460.14251804669
567,11445.38520093079
568,11428.980478321191
569,11406.599083025767
570,11431.829051368552
571,11409.174008258833
572,11400.542909750031
573,11397.32631068388
574,11410.470334560678
575,11408.54294808517
576,11462.57065937695
577,11458.602439280932
578,11448.040296276744
579,11514.089444519313
580,11540.264157872198
581,11530.737760311325
582,11525.728914206129
583,11534.03363216187
584,11531.517019637124
585,11532.472292708917
586,11597.297045397005
587,11556.057517811718
588,11561.279683957451
589,11560.360250351556
590,11602.396426416353
591,11598.08082098534
592,11647.117596258884
593,11658.312202500314
594,11646.33287979754
595,11691.444856105181
596,11657.957184947412
597,11589.388900624428
598,11588.45270483138
599,11613.22614750378
600,11639.113798386581
601,11627.249045405977
602,11643.23312986233
603,11640.271671644814
604,11640.089723626621
605,11574.194643957711
606,11582.847604655071
607,11586.240802842569
608,11583.343224803228
609,11569.13731154923
610,11600.14049786262
611,11547.056580205855
612,11504.767310544517
613,11500.970606057399
614,11518.316777336295
615,11549.644156613938
616,11544.84086054513
617,11506.8418851716
618,11512.738539339985
619,11517.899562196266
620,11512.442295800656
621,11556.50334795051
622,11554.175025801813
623,11570.511959487741
624,11550.815832872386
625,11598.509922723872
626,11630.604357089413
627,11680.317810930776
628,11697.241702576952
629,11743.510942529814
630,11722.936331187786
631,11719.797561162439
632,11731.755751510404
633,11747.074791557423
634,11776.573713647826
635,11819.049980879176
636,11829.762850068686
637,11832.175774186342
638,11845.851429347418
639,11866.236498861395
640,11823.365606772068
641,11901.184127704246
642,11917.000556784822
643,11885.265378320808
644,11918.369613755784
645,11917.327688992707
646,12131.324326535285
647,12153.923421974985
648,12152.82114822179
649,12176.923757856297
650,12207.659446921774
651,12200.812794901412
652,12206.26927058615
653,12169.986845721372
654,12186.049456314915
655,12087.48380515413
656,12074.211626346325
657,12087.985858460837
658,12083.331788657859
659,12089.421161775328
660,12039.82319905485
661,12014.255998584696
662,12003.546346700115
663,12040.841597985484
664,12011.881630023287
665,12102.641712043103
666,12128.096506828097
667,12100.972932117525
668,12100.926923090969
669,12101.930953280882
670,12125.570065378959
671,12191.179968529183
672,12242.716249335292
673,12243.668757225365
674,12287.53030255367
675,12362.205410222205
676,12389.100471582602
677,12471.334433571014
678,12440.74768579103
679,12532.387241627099
680,12576.507997467565
681,12585.199417358359
682,12568.411893768884
683,12564.945551491362
684,12552.23638383045
685,12567.941298223923
686,12532.420596168462
687,12526.295275188579
688,12542.889705429172
689,12547.602327639317
690,12612.213976429657
691,12616.680818578841
692,12612.429120135414
693,12562.018755555768
694,12559.868869270456
695,12554.435959023098
696,12588.566654295646
697,12664.862131731292
698,12658.78602520169
699,12650.523412124905
700,12667.721425207608
701,12721.269502246261
702,12715.64594515301
703,12715.5796465126
704,12689.665537570616
705,12694.476371455861
706,12710.58756985851
707,12696.139771967246
708,12619.50853523972
709,12592.433795514587
710,12503.912838094024
711,12482.494656501101
712,12556.539767677705
713,12559.464061280392
714,12522.180189270366
715,12520.828832902567
716,12534.143180354093
717,12522.924521352768
718,12497.605507465472
719,12467.61427252292
720,12467.684301113997
721,12419.926038500791
722,12405.04478513989
723,12308.581835395711
724,12414.630511488065
725,12417.387932433681
726,12450.483890241461
727,12458.535379912093
728,12497.335250058499
729,12466.053596135267
730,12450.923986349633
731,12394.492901972351
732,12423.67908210502
733,12405.755150021525
734,12355.950553653136
735,12369.235792601869
736,12274.888094728567
737,12340.695274805768
738,12399.647345428237
739,12387.064069093576
740,12388.207118399196
741,12361.035291162763
742,12325.211825991924
743,12345.919277037941
744,12498.056036513904
745,12481.912057282365
746,12475.199531830884
747,12572.912404008104
748,12619.783597800959
749,12616.017470266885
750,12590.448171412623
751,12621.858370693477
752,12624.588297417642
753,12639.762901833094
754,12661.086878471258
755,12669.366093513934
756,12685.18522467478
757,12701.664023381854
758,12730.862616108565
759,12657.485225303792
760,12671.78843510229
761,12686.43607357562
762,12714.222097676982
763,12703.369507689938
764,12698.194973579699
765,12691.41893134627
766,12711.415827907862
767,12812.61087313524
768,12799.638445377583
769,12781.135534805913
770,12844.70884441787
771,12815.243937838164
772,12788.380836873512
773,12801.4643011269
774,12767.488985563788
775,12726.922913621383
776,12695.351907211856
777,12708.98383478805
778,12708.169431869332
779,12661.1926214533
780,12553.60281521273
781,12576.500063462234
782,12620.192315779552
783,12655.798251164231
784,12674.992077527268
785,12667.447041302077
786,12665.052560971535
787,12676.615582916205
788,12674.993555168225
789,12743.505874166069
790,12748.581892241376
791,12712.4856790249
792,12724.925774762445
793,12662.573156535314
794,12658.195470777722
795,12666.826252378276
796,12698.6340269987
797,12694.77623597968
798,12700.763689835909
799,12752.596660754414
800,12815.4734429338
801,12725.419622950394
802,12749.141230495628
803,12777.611418224022
804,12735.28705069082
805,12596.722337110248
806,12590.866140111026
807,12592.637756375787
808,12475.436184219892
809,12447.523570708907
810,12530.541441969686
811,12454.181195865904
812,12436.18946844598
813,12449.337160567487
814,12451.426693484984
815,12409.508780483717
816,12489.20759170686
817,12491.942362638123
818,12441.472779361944
819,12467.499984687578
820,12476.603525851751
821,12448.751043356335
822,12440.186916714747
823,12442.270414029848
824,12458.421759543166
825,12478.1392539322
826,12480.608283766242
827,12479.50554136621
828,12454.587291369215
829,12444.366945738013
830,12454.252496549068
831,12454.25249654907
832,12503.842524520667
833,12556.031027292735
834,12585.145084222266
835,12569.226396421154
836,12512.16636587856
837,12493.982769816053
838,12499.742513771575
839,12495.660656149414
840,12572.926508089797
841,12606.667077823418
842,12639.021971232225
843,12662.142348282261
844,12665.347672083368
845,12660.288072568064
846,12712.3257510084
847,12652.538886577062
848,12418.422176667178
849,12404.669513742905
850,12474.203654520381
851,12441.937213887504
852,12374.89779353137
853,12479.281443366284
854,12472.327107164805
855,12443.760767482812
856,12454.94639985718
857,12545.96456527621
858,12679.501449999652
859,12676.26497040563
860,12630.530906895572
861,12618.607925034756
862,12631.401354196132
863,12658.823360871009
864,12611.640257924288
865,12607.305842776479
866,12615.241385174333
867,12617.01442424138
868,12654.785012060102
869,12501.736036919836
870,12521.786406932048
871,12471.52773264957
872,12531.468491278782
873,12516.433748357105
874,12514.227752017054
875,12456.487025958886
876,12430.72038263965
877,12465.222199885427
878,12477.450258502844
879,12494.92367846871
880,12513.074715193308
881,12557.693402480949
882,12588.075865647708
883,12575.948639802718
884,12585.13745906405
885,12541.781427171762
886,12512.199600447775
887,12538.593009408636
888,12572.485624678256
889,12574.804200860648
890,12530.80527054232
891,12541.75902207504
892,12543.705917013573
893,12526.804170499427
894,12598.547368318728
895,12586.892403445989
896,12573.03357244554
897,12571.424931000207
898,12548.522178024166
899,12449.992176398799
900,12445.854544374362
901,12470.92124344446
902,12455.612011561267
903,12443.391813323264
904,12436.759460866702
905,12417.812504899168
906,12387.718369386177
907,12319.764637096536
908,12415.859336338028
909,12387.637669458145
910,12390.940844892042
911,12446.226481012995
912,12398.673327620458
913,12401.641799845924
914,12340.005200797646
915,12332.400297465327
916,12399.248422317429
917,12409.680155547794
918,12381.099904549874
919,12391.522103900777
920,12377.136006804645
921,12386.34806836219
922,12387.361404041329
923,12110.285776405912
924,12114.400456069596
925,12122.258510035012
926,12120.517565243621
927,12136.177732617467
928,12151.539200619989
929,12204.436349996031
930,12194.615557630501
931,12187.178705041551
932,12353.269082802028
933,12396.710174178686
934,12404.711022271214
935,12363.942185865299
936,12360.745797443207
937,12230.041025393617
938,12294.705256728794
939,12305.727290213368
940,12287.462176119534
941,12253.148501852482
942,12239.932290967065
943,12223.124122508016
944,12163.525544110122
945,12115.62466839519
946,12126.796440554921
947,12037.27479502887
948,12050.589511144959
949,12082.49784312337
950,12076.165815645232
951,12131.765111704384
952,12156.63252676602
953,12092.123595009103
954,12106.209469937357
955,12110.317884483467
956,12067.089254070059
957,12067.587546693008
958,12020.078766601273
959,11978.647165643379
960,11962.75906278738
961,11931.611513011625
962,12003.637697062717
963,12152.665764960853
964,12057.121116146976
965,12026.624765184144
966,12043.472748758266
967,12067.529998678892
968,12070.887043627432
969,11991.41415320376
970,11911.696990842487
971,11887.227056781325
972,11925.121968660547
973,11912.167863160745
974,12013.067656079018
975,11986.3223897813
976,11961.6519903069
977,12011.917915006787
978,12003.505729549672
979,12032.472971424975
980,12018.538137967305
981,12070.542850050208
982,11947.518099387578
983,11995.017620492996
984,12017.532615636359
985,11900.059026027133
986,11896.489836035342
987,11878.916724941402
988,11875.428646628221
989,11859.742993954895
990,11908.887562323749
991,11888.05491562642
992,11870.21196195066
993,11829.566465918499
994,11867.137484407038
995,11855.282164190536
996,11815.349848299891
997,11805.504487252558
998,11799.222810188123
999,11816.245481995411
1000,11681.03328347013
1001,11857.426063314397
1002,11869.660005440503
1003,11687.337384203496
1004,11779.317349220031
1005,11812.100679516141
1006,11825.76645661782
1007,11833.820536873507
1008,11867.35367877001
1009,11855.317437897758
1010,11850.533656715743
1011,11851.833897363536
1012,11863.884915026112
1013,11827.78446834504
1014,11855.954091298609
1015,11774.339332132397
1016,11800.815671335911
1017,11792.005291634938
1018,11816.668202210507
1019,11798.033389668433
1020,11772.329737199947
1021,11797.48537914897
1022,11829.901884905848
1023,11826.234122282747
1024,11829.941501646226
1025,11841.41090077752
1026,11818.79936374405
1027,11798.752659648188
1028,11802.704966829886
1029,11780.723527189153
1030,11776.126905846262
1031,11856.204476090978
1032,11844.88002447867
1033,11830.777103116805
1034,11854.131118465091
1035,11846.388111853996
1036,11995.507847500194
1037,11946.301582454811
1038,11875.494063507955
1039,11892.978139761013
1040,11873.99284296367
1041,11869.801314758903
1042,11848.28418689302
1043,11840.958393180335
1044,11868.893867015278
1045,11916.389589164075
1046,11907.318716365358
1047,11858.859220273998
1048,11893.788231050043
1049,11895.24201355417
1050,11905.821992408055
1051,11938.455434623462
1052,11987.480351111513
1053,12012.371922183576
1054,11916.62568379804
1055,11914.939826702057
1056,11883.241807524879
1057,11825.65212463291
1058,11800.015234120714
1059,11826.037727863966
1060,11806.287782029127
1061,11805.595333848702
1062,11831.455931535242
1063,11990.244802121371
1064,11996.688574039614
1065,12039.050869732937
1066,12050.70792055885
1067,12033.926400407145
1068,12065.50178416434
1069,12002.871079360117
1070,11996.03002195913
1071,11973.400963512884
1072,11952.871771944005
1073,11959.784970775514
1074,11959.271408063412
1075,11972.319530062607
1076,11912.875879478448
1077,11914.522875146293
1078,11908.289004713475
1079,11804.134604889403
1080,11780.128897671355
1081,11760.121161325842
1082,11776.836054656222
1083,11780.862323386857
1084,11764.073366988207
1085,11770.319081528765
1086,11766.634475429886
1087,11723.487599317095
1088,11692.120149268869
1089,11657.687680198478
1090,11648.96949659115
1091,11633.105893493104
1092,11535.438466791884
1093,11636.775831566887
1094,11657.834300690392
1095,11680.83346209872
1096,11351.982440199503
1097,11090.596026972045
1098,11108.189166422282
1099,11114.511685635925
1100,11055.117117174805
1101,11060.856991634819
1102,11014.724593470975
1103,10994.638895606951
1104,10987.685655968187
1105,10995.180262634727
1106,10988.30563617031
1107,11058.158149302208
1108,11067.9012476344
1109,11065.023505019637
1110,11085.16106273565
1111,11089.795688621665
1112,10979.536721063123
1113,10951.766774735872
1114,11073.92326581879
1115,10999.025889936795
1116,10982.242504423215
1117,11055.494198669152
1118,11061.334433109563
1119,11082.532018673528
1120,11077.057739053149
1121,11088.470934729221
1122,11034.001305117707
1123,11045.162302446495
1124,11047.138528663281
1125,11056.620119871404
1126,11063.105291704156
1127,11072.704770135395
1128,11072.249827779806
1129,11062.510741955632
1130,11015.849387135233
1131,11022.548365679859
1132,11026.479583408847
1133,11037.80268770651
1134,11033.208210479577
1135,11033.949880858876
1136,11015.203455051545
1137,10971.55130536544
1138,10969.243776694157
1139,10950.765145219266
1140,10895.986788098215
1141,10893.885579840211
1142,10900.070157634764
1143,10896.06170210825
1144,10895.832302043433
1145,10868.334091178549
1146,10816.349664081528
1147,10789.45436543537
1148,10751.839978100343
1149,10744.676310488612
1150,10705.195515737769
1151,10723.643751640408
1152,10702.777967389178
1153,10773.77997372006
1154,10707.218607299435
1155,10686.634701237372
1156,10700.706997128502
1157,10630.14449913273
1158,10625.415136125499
1159,10647.598496305596
1160,10688.716415641882
1161,10726.095776813621
1162,10728.357512778068
1163,10715.846114694727
1164,10703.360338828947
1165,10722.897822092933
1166,10725.561746572937
1167,10725.154918191192
1168,10729.358672969553
1169,10726.253886713368
1170,10685.248424102418
1171,10692.010099358937
1172,10741.271468918325
1173,10736.839247970658
1174,10676.211018043867
1175,10744.161395533303
1176,10769.32772719282
1177,10785.594936455287
1178,10768.74526376723
1179,10796.445128336418
1180,10703.970505131174
1181,10672.851541768125
1182,10688.717757482653
1183,10679.868313871315
1184,10551.790082362142
1185,10524.246612470039
1186,10577.219134387362
1187,10588.50586905235
1188,10442.793166930296
1189,10442.409297126575
1190,10416.287581751081
1191,10424.916926750242
1192,10441.144321575244
1193,10439.047751651606
1194,10405.858096580489
1195,10360.013324558668
1196,10371.263586044037
1197,10419.950816847693
1198,10440.812529208162
1199,10438.025768659685
1200,10493.482660818676
1201,10496.608073455287
1202,10498.71658561879
1203,10382.379440216662
1204,10390.599941781984
1205,10393.285064738247
1206,10414.30055462768
1207,10100.525327017082
1208,10097.414395278942
1209,10103.352413757859
1210,10085.28230640255
1211,10088.999913452868
1212,10115.442231274
1213,10145.852399210387
1214,10184.289717522359
1215,10130.744021476696
1216,10128.065870051043
1217,10521.034459545224
1218,10547.343555133946
1219,10467.313212610172
1220,10468.701310337352
1221,10448.254684985835
1222,10422.897090320843
1223,10374.71476108232
1224,10400.255713290388
1225,10402.655409706753
1226,10423.181843628403
1227,10443.27963178643
1228,10444.104174305587
1229,10489.04915194237
1230,10455.041700796048
1231,10427.489219012907
1232,10463.34728306153
1233,10531.719339792096
1234,10469.753953952124
1235,10490.906221873847
1236,10577.698488172764
1237,10570.663610021316
1238,10554.60302068583
1239,10558.191282669333
1240,10574.270148800964
1241,10597.545240064417
1242,10591.213386686359
1243,10615.128882685287
1244,10643.9407062671
1245,10675.703190662509
1246,10692.836647064616
1247,10698.570275911765
1248,10694.758000566499
1249,10708.02339079376
1250,10708.362089380087
1251,10636.881725497551
1252,10640.415948425814
