,Profitloss
0,-0.26313902138517253
1,-0.29295987330354434
2,-0.7386601880040145
3,-0.630559212065751
4,-1.089875718240152
5,-2.960069611557914
6,-2.9793942219786596
7,-3.8004137601330035
8,-3.7412206103547785
9,-3.783982915620243
10,-3.7007891124031134
11,-3.4374823088867412
12,-3.3075378090634766
13,-3.356750273917819
14,-3.363714937306639
15,-3.4370417371366035
16,-3.8944541922107723
17,-3.927723614273737
18,-4.110201759439924
19,-4.0549794641690955
20,-3.936396392041641
21,-3.7225012106254063
22,-3.183296523582957
23,-3.399211226795096
24,-3.3760535843888384
25,-2.937911061481435
26,-3.335441016882834
27,-3.860096378644251
28,-3.3976161902917412
29,-3.505401521174245
30,-3.273510879363961
31,-3.326208891225335
32,-3.3509719699332696
33,-3.4091498608491477
34,-3.3690683395235843
35,-3.6187852528186903
36,-3.378476565829447
37,-3.2439796464355353
38,-3.2360122691255766
39,-2.7505150687052615
40,-2.5423679659543286
41,-2.561338073496089
42,-2.6334789512575285
43,-2.848196597627095
44,-3.1463243543687125
45,-3.4270365849040307
46,-3.4452350493043182
47,-3.423730589200724
48,-3.2807191368734334
49,-3.6087379603159997
50,-2.5459736230853847
51,-2.8462188685479894
52,-2.3115869507636777
53,-2.0079815506072296
54,-2.0694218607453574
55,-2.2810488335436307
56,-2.408511146445269
57,-2.2788893920674402
58,-2.0062509141294815
59,-1.8134376458807333
60,-2.0654535651918327
61,-2.1169170694026906
62,-2.3176270146510247
63,-2.067957676365939
64,-2.0261755852358565
65,-1.9254372833094946
66,-2.218253489985056
67,-2.2317274980548474
68,-2.3121213406636643
69,-2.317997035354813
70,-2.7986610991381
71,-2.660724108179391
72,-2.7282855715325405
73,-2.6492902181094014
74,-2.1883225947568863
75,-1.968674937353243
76,-1.6662138535439186
77,-1.4168152034120696
78,-1.5273685039349116
79,-1.5281408932673601
80,-1.8560037370828009
81,-1.8110208947171302
82,-1.847364339617541
83,-2.0774407548112883
84,-2.208765849567329
85,-2.224259964226716
86,-2.024761305013645
87,-2.284037410032247
88,-2.4997067514305082
89,-2.437539644300857
90,-2.411127204030239
91,-2.176169021973451
92,-2.432783981437203
93,-2.5762820379539475
94,-2.543856620709173
95,-2.422226188252752
96,-2.4435576017933447
97,-2.6608228691473834
98,-2.4546896185201783
99,-2.6414637929335516
100,-2.7579363742881613
101,-2.998456784176262
102,-2.894909585997041
103,-2.7677248195761672
104,-2.8581727141620883
105,-2.856122818978868
106,-3.0685685473684
107,-3.1665313267526307
108,-2.8820418503316625
109,-2.599089399350607
110,-2.582626471955518
111,-3.0481379564876177
112,-3.0044887424238387
113,-2.9054185742351524
114,-2.9066638314716897
115,-2.8410932207532658
116,-2.395608456563092
117,-2.1438627909197705
118,-2.294109011458345
119,-2.796508094191752
120,-2.9169177424151593
121,-3.1447934519520437
122,-3.4052437289766257
123,-3.006677311401462
124,-3.2045050993158686
125,-4.0505140938916
126,-4.143626822475211
127,-4.214932576241914
128,-3.5684406833030202
129,-3.427075180162309
130,-2.053401879838379
131,-2.3037758723579826
132,-2.6836066610484655
133,-1.817387016459937
134,-1.7576769776208367
135,-1.9995004816426243
136,-1.9156463685957803
137,-1.6733622835138906
138,-1.6363826875225196
139,-1.7500066722989538
140,-2.340430051654885
141,-5.656367199157241
142,-5.610763700118349
143,-5.217796933346664
144,-5.0550162475480835
145,-5.176993821102405
146,-5.174834702908948
147,-5.210932237770538
148,-5.13683582299882
149,-5.177271132787431
150,-4.856800427191443
151,-5.108089187917752
152,-5.730429766529199
153,-5.3725172667104415
154,-5.433072390484961
155,-5.6093187977330095
156,-6.000795354931476
157,-6.62845925516673
158,-6.7243686210526565
159,-7.168082973882662
160,-8.604475354146357
161,-9.052120961422617
162,-8.574886377828461
163,-8.399317240138027
164,-8.408360003532511
165,-7.705013184998477
166,-8.252168623521916
167,-7.6823297544429625
168,-7.601832406989583
169,-7.8324058602383335
170,-7.639912285276928
171,-7.462242601510793
172,-8.29192263420725
173,-8.732124086327165
174,-9.32535624423566
175,-9.210423969804848
176,-8.334105909882528
177,-8.269213892892202
178,-9.069880818747155
179,-9.3276690936968
180,-9.51505096161961
181,-9.535603687004446
182,-9.813482362035607
183,-9.41821345232241
184,-9.783366345952116
185,-8.573207033046737
186,-7.869064658732627
187,-8.65321458167606
188,-7.384313097324879
189,-7.208863332857629
190,-7.009427737788232
191,-7.723359924790085
192,-7.76916951460186
193,-7.326297341522303
194,-7.2581616222915475
195,-7.020735447966187
196,-7.347780870117349
197,-6.973377823361615
198,-6.993083558466607
199,-7.034364560289896
200,-7.129494720971596
201,-8.022365817844735
202,-9.119503137054064
203,-8.943712111549884
204,-8.208695190972104
205,-7.387055801647103
206,-7.127527599680128
207,-7.435451655245728
208,-5.581492955023171
209,-5.440617867109642
210,-5.486099253612798
211,-5.6671026392583705
212,-5.606773696383849
213,-5.598487827282472
214,-5.738529454170793
215,-5.673348498363218
216,-5.58916530828375
217,-5.671129103081651
218,-5.794043410023841
219,-5.658402045136213
220,-5.784422619981299
221,-5.043517021353672
222,-3.3678080656035836
223,-3.4597879239011475
224,-3.2461015696707785
225,-3.3581537950677087
226,-3.6457678979881614
227,-3.4238076964909214
228,-3.2432728365000774
229,-3.3014939282127176
230,-2.94694787828782
231,-2.8690922022067467
232,-3.057894324271304
233,-3.2124923016606632
234,-3.7417799291391662
235,-4.210107892602077
236,-4.266159133714886
237,-4.497654884423041
238,-4.725586780650848
239,-4.818639308290162
240,-4.7506604808884685
241,-4.983989447727022
242,-5.172439486505098
243,-5.024474666825274
244,-4.968730723973447
245,-4.8667715054037775
246,-4.873025359192196
247,-4.906205926394646
248,-4.8133460159639485
249,-5.253524097273576
250,-5.767767354217723
251,-6.191227828430257
252,-5.894946761608566
253,-5.974846965055436
254,-6.5388942434918
255,-7.061729048788479
256,-6.673023525647615
257,-6.714175348161156
258,-7.031957105977426
259,-6.6248278455717236
260,-7.2432824492567605
261,-7.175217319149385
262,-8.36678954425597
263,-8.278086146727082
264,-8.174773975155647
265,-8.206272365073076
266,-8.219455244159057
267,-9.640613428475298
268,-9.577274484370657
269,-9.34646842688618
270,-9.40610923887234
271,-10.946075011295731
272,-11.113147212236951
273,-10.102862684251601
274,-10.663546297034598
275,-10.717943702931587
276,-11.059693024747608
277,-10.770465621789826
278,-11.001893284577214
279,-10.398615978894398
280,-10.091804228362356
281,-10.011864357568145
282,-9.350114433117273
283,-9.330520993423841
284,-8.872629684347345
285,-9.337458013475663
286,-9.511500352234359
287,-9.803511738852144
288,-8.120816474983439
289,-8.135284314887048
290,-7.522063016584979
291,-7.539004069835997
292,-7.5058069023756
293,-7.446874310731911
294,-7.36561038789838
295,-7.55959756291269
296,-7.35244509079468
297,-7.391438971933262
298,-6.954731084147969
299,-7.028392971337993
300,-7.076310703809597
301,-6.786744946794276
302,-6.780214706740539
303,-6.587339464130504
304,-6.597403293046822
305,-6.508635075064417
306,-6.527246606734116
307,-6.6673585499527395
308,-6.664069793658623
309,-6.3706779647716765
310,-5.671653721315506
311,-5.658944959508549
312,-5.860048990703204
313,-5.942026354031505
314,-6.295791104581793
315,-6.030900917704695
316,-6.364908333468855
317,-6.126021281806238
318,-5.4827382602876895
319,-5.21577052661113
320,-5.037778802041537
321,-5.091289741651172
322,-5.220675315124335
323,-5.305528771519885
324,-3.511799047480557
325,-3.5525210646517147
326,-3.5941792552426244
327,-3.871603673133417
328,-3.968734936409646
329,-3.9647471695376635
330,-3.9929307339562015
331,-4.218451895444463
332,-4.257349378478137
333,-4.7406774790519695
334,-5.595700530266257
335,-5.562003274737604
336,-5.790357266271662
337,-6.289479197019254
338,-6.357900563781671
339,-6.7060064277682745
340,-7.42746952016069
341,-7.765679110196622
342,-7.140177381270584
343,-5.172683160164326
344,-5.06549787148124
345,-5.206220822534613
346,-5.281255258879325
347,-5.061409691101182
348,-5.083924571349884
349,-4.7551962627100375
350,-4.6251691823520735
351,-4.248752178676041
352,-3.4359091022176935
353,-4.12721025454249
354,-4.451039366355946
355,-4.042991347110913
356,-4.100555584687237
357,-3.9942855877957872
358,-3.569370730166599
359,-3.7677510918709523
360,-3.887725595478786
361,-5.180728934803103
362,-5.11804537048185
363,-5.801122143970405
364,-5.816760047788105
365,-6.075167012650273
366,-6.089757171934584
367,-5.6061334039627315
368,-6.020487059805224
369,-6.029559928845019
370,-5.750188925482358
371,-7.104035135617382
372,-8.098753241905609
373,-7.660339403460991
374,-6.9630846872461465
375,-6.45889132308729
376,-6.328522414712356
377,-6.5303297866442955
378,-6.722509050213765
379,-6.798316301554285
380,-7.024712049863824
381,-6.631115863368631
382,-6.857332015676354
383,-7.068330856443117
384,-7.211175668774949
385,-7.102443885851728
386,-7.0807446888528585
387,-7.681890899834098
388,-7.845393576469418
389,-7.928312832368844
390,-8.107000920149844
391,-8.099602238624737
392,-7.845925361559547
393,-7.523360730008255
394,-7.242789419143447
395,-7.634170915991534
396,-7.148300633677007
397,-7.331607886996217
398,-7.249280780893574
399,-7.091555655769055
400,-6.866182225968287
401,-6.9085034626275466
402,-6.63915678563164
403,-6.558148532918329
404,-6.518010862391943
405,-6.94211563624767
406,-6.983925690515147
407,-7.038986843780382
408,-7.083443966707814
409,-6.945688783531656
410,-6.826612991962366
411,-7.274737829842481
412,-7.223389822877757
413,-7.426940741615374
414,-7.443103308507004
415,-7.4195924437383205
416,-7.519738536940257
417,-7.380970070660354
418,-7.647403323656787
419,-7.470541857244961
420,-7.385967484934886
421,-7.170384504860305
422,-6.899584009763826
423,-6.637884043120867
424,-6.840602181932242
425,-6.803085749747273
426,-7.109787401022338
427,-7.136916950297811
428,-6.912395918079017
429,-7.386818875642209
430,-7.245494171083255
431,-7.283396888157656
432,-6.047139718812488
433,-5.749993625502004
434,-6.007859918365622
435,-6.5076662241133505
436,-7.084964450003717
437,-7.353795386555673
438,-7.989585971863455
439,-7.943909188316345
440,-7.9059052744846365
441,-7.648468065069769
442,-7.648173899830002
443,-8.138396652743939
444,-8.207806646605132
445,-7.987544276187853
446,-8.485207631926727
447,-8.527851751132843
448,-8.66282284658093
449,-8.841565283064966
450,-9.01863919268121
451,-8.85465923798191
452,-8.855006491266671
453,-8.772270861231835
454,-8.804897578629179
455,-8.459197096186543
456,-8.598268896681539
457,-10.534290258728596
458,-10.457760870544186
459,-9.316638715466553
460,-9.228337648225294
461,-9.463725587451988
462,-9.984389083172863
463,-10.009148588551199
464,-10.119566435928585
465,-9.670706681829111
466,-9.809891560565031
467,-10.147083690889048
468,-10.44672964031812
469,-10.679280241697597
470,-10.728858068867709
471,-10.54600195007721
472,-9.8945785875012
473,-9.718880710410428
474,-9.980808716895705
475,-9.144258126132932
476,-9.078756054245519
477,-8.856415579393428
478,-8.90256422150577
479,-8.79785080762251
480,-8.749779598665253
481,-9.035501125741852
482,-9.16479293306277
483,-9.345450315230453
484,-9.14313790752982
485,-9.042048030881167
486,-8.757392448484659
487,-8.759964199314375
488,-8.330131297281929
489,-8.383229828365335
490,-8.033152166635805
491,-8.13434767228226
492,-8.287380295488555
493,-8.37620275917006
494,-8.359793302079465
495,-8.237717894386588
496,-8.25410749618648
497,-8.293724645905487
498,-7.8029140243366495
499,-7.779061949719946
500,-8.37481887916648
501,-8.264999574465538
502,-8.335501971194414
503,-7.852066471462516
504,-6.5669686706199215
505,-6.278580298927505
506,-6.3449525494021275
507,-6.123765244796131
508,-5.3381932131375205
509,-5.385131560151568
510,-5.494000001624178
511,-5.5062189472253165
512,-5.4918883383971995
513,-5.745718250251485
514,-5.682731941409247
515,-5.750432350725687
516,-5.563351363049596
517,-5.603995250261251
518,-5.587704529593596
519,-5.5428629026569975
520,-5.7977080037513335
521,-5.587479238897486
522,-5.499326825404083
523,-5.635284974553134
524,-5.580467420219204
525,-5.478173726111047
526,-5.488800019552819
527,-5.3296071118793975
528,-4.982314179489622
529,-4.620732571651553
530,-4.5315712483542825
531,-4.442075542915802
532,-4.498540480756008
533,-4.614898925705924
534,-4.460848623763425
535,-4.509626674956624
536,-4.4101009801623015
537,-4.449320340743856
538,-4.736057558104944
539,-5.0196209501663365
540,-5.026984660206257
541,-4.892850002650628
542,-4.698295713681578
543,-4.999772881176567
544,-4.769573879910826
545,-4.804407053541427
546,-4.834032858823656
547,-4.838982654474544
548,-4.747354527504932
549,-4.699003537816571
550,-4.663634170557362
551,-4.64904059811605
552,-4.633789933012455
553,-4.333619884834028
554,-4.20881986420304
555,-4.243129318345407
556,-4.740557920080124
557,-4.676104165132866
558,-4.692480221472673
559,-4.68669731846838
560,-4.60224991795728
561,-4.55793306087301
562,-4.458031247133398
563,-4.45145940841265
564,-4.440311462586644
565,-4.476756127728676
566,-4.4988123496109145
567,-4.62178999224342
568,-4.758496013990077
569,-4.945007641451937
570,-4.734757905262066
571,-4.923549931176396
572,-4.995475752083078
573,-5.022280744301
574,-4.9127472119943505
575,-4.928808765956905
576,-4.478577838525421
577,-4.51164633932557
578,-4.599664197693798
579,-4.049254629005716
580,-3.8311320177316865
581,-3.910518664072282
582,-3.9522590482822584
583,-3.883053065317743
584,-3.9040248363573005
585,-3.8960642274256885
586,-3.3558579550249656
587,-3.6995206849023465
588,-3.656002633687905
589,-3.6636645804037027
590,-3.3133631131970542
591,-3.349326491788829
592,-2.9406866978426316
593,-2.8473983124973845
594,-2.9472260016871754
595,-2.5712928657901535
596,-2.8503567921049022
597,-3.4217591614631004
598,-3.4295607930718397
599,-3.2231154374685045
600,-3.007385013445163
601,-3.1062579549501868
602,-2.9730572511472486
603,-2.9977360696265554
604,-2.999252303111488
605,-3.5483779670190674
606,-3.476269961207734
607,-3.4479933096452586
608,-3.472139793306439
609,-3.5905224037564243
610,-3.332162517811499
611,-3.774528498284535
612,-4.126939078795688
613,-4.158578282855007
614,-4.014026855530872
615,-3.7529653615505087
616,-3.7929928287905867
617,-4.109650956903332
618,-4.060512172166786
619,-4.0175036483644515
620,-4.06298086832787
621,-3.695805433745758
622,-3.715208118318225
623,-3.579067004268821
624,-3.743201392730122
625,-3.3457506439677376
626,-3.0782970242548946
627,-2.6640182422435377
628,-2.5229858118587356
629,-2.137408812251551
630,-2.3088639067684547
631,-2.335020323646342
632,-2.2353687374133013
633,-2.107710070354807
634,-1.8618857196014527
635,-1.507916826006872
636,-1.4186429160942815
637,-1.3985352151138164
638,-1.284571422104852
639,-1.1146958428217002
640,-1.4719532768994403
641,-0.8234656024646125
642,-0.6916620267931495
643,-0.9561218473265964
644,-0.6802532187017984
645,-0.6889359250607741
646,1.0943693877940364
647,1.2826951831248712
648,1.27350956851493
649,1.4743646488024842
650,1.7304953910147969
651,1.6734399575117687
652,1.7189105882179145
653,1.416557047678113
654,1.550412135957635
655,0.7290317096177557
656,0.6184302195527014
657,0.733215487173644
658,0.6944315721488348
659,0.7451763481277407
660,0.33185999212375084
661,0.11879998820580884
662,0.029552889167638874
663,0.34034664987903085
664,0.09901358352739642
665,0.8553476003591909
666,1.0674708902341346
667,0.8414411009793898
668,0.8410576924247293
669,0.84942461067401
670,1.046417211491324
671,1.5931664044098515
672,2.022635411127438
673,2.030572976878031
674,2.3960858546139274
675,3.018378418518375
676,3.242503929855012
677,3.9277869464251047
678,3.672897381591911
679,4.436560346892482
680,4.8042333122297
681,4.876661811319649
682,4.736765781407359
683,4.707879595761355
684,4.601969865253741
685,4.732844151866034
686,4.436838301403845
687,4.385793959904816
688,4.524080878576431
689,4.563352730327641
690,5.101783136913807
691,5.139006821490355
692,5.1035760011284514
693,4.683489629631388
694,4.665573910587129
695,4.620299658525817
696,4.904722119130378
697,5.540517764427433
698,5.489883543347429
699,5.421028434374198
700,5.564345210063393
701,6.010579185385501
702,5.963716209608427
703,5.963163720938347
704,5.747212813088476
705,5.7873030954655125
706,5.9215630821542575
707,5.801164766393718
708,5.162571126997673
709,4.936948295954902
710,4.1992736507835415
711,4.0207888041758455
712,4.637831397314196
713,4.662200510669945
714,4.3515015772530585
715,4.3402402741880675
716,4.45119316961744
717,4.357704344606406
718,4.1467125622122625
719,3.8967856043576665
720,3.897369175949983
721,3.4993836541732604
722,3.3753732094990774
723,2.571515294964266
724,3.4552542624005422
725,3.478232770280676
726,3.754032418678843
727,3.821128165934118
728,4.14446041715415
729,3.883779967793899
730,3.7576998862469457
731,3.287440849769596
732,3.5306590175418373
733,3.381292916846035
734,2.9662546137761314
735,3.076964938348903
736,2.2907341227380584
737,2.8391272900480713
738,3.3303945452353156
739,3.225533909113132
740,3.2350593199933053
741,3.0086274263563695
742,2.7100985499326935
743,2.882660641982837
744,4.150466970949207
745,4.015933810686367
746,3.9599960985907012
747,4.774270033400874
748,5.164863315007984
749,5.13347891889071
750,4.920401428438526
751,5.182153089112318
752,5.2049024784803555
753,5.331357515275781
754,5.509057320593813
755,5.578050779282795
756,5.709876872289832
757,5.8472001948487895
758,6.090521800904702
759,5.479043544198259
760,5.598236959185754
761,5.720300613130158
762,5.951850813974846
763,5.861412564082813
764,5.818291446497481
765,5.761824427885576
766,5.928465232565516
767,6.7717572761269995
768,6.6636537114798555
769,6.50946279004927
770,7.039240370148914
771,6.793699481984694
772,6.569840307279273
773,6.678869176057489
774,6.395741546364908
775,6.057690946844851
776,5.794599226765462
777,5.908198623233751
778,5.901411932244427
779,5.509938512110835
780,4.613356793439416
781,4.804167195518616
782,5.168269298162942
783,5.464985426368596
784,5.624933979393898
785,5.562058677517312
786,5.542104674762793
787,5.638463190968368
788,5.624946293068533
789,6.195882284717236
790,6.238182435344797
791,5.937380658540836
792,6.041048123020376
793,5.521442971127621
794,5.484962256481007
795,5.556885436485626
796,5.82195022498917
797,5.789801966497321
798,5.839697415299239
799,6.2716388396201195
800,6.795612024448339
801,6.045163524586616
802,6.242843587463565
803,6.480095151866849
804,6.127392089090167
805,4.972686142585392
806,4.923884500925224
807,4.9386479697982155
808,3.961968201832433
809,3.7293630892409
810,4.421178683080718
811,3.7848432988825342
812,3.6349122370498366
813,3.744476338062386
814,3.761889112374872
815,3.4125731706976303
816,4.076729930890499
817,4.099519688651032
818,3.6789398280161922
819,3.895833205729815
820,3.9716960487645947
821,3.7395920279694517
822,3.668224305956236
823,3.685586783582062
824,3.820181329526373
825,3.984493782768328
826,4.005069031385355
827,3.995879511385092
828,3.7882274280767847
829,3.703057881150107
830,3.7854374712422256
831,3.785437471242248
832,4.198687704338888
833,4.633591894106126
834,4.8762090351855525
835,4.743553303509618
836,4.2680530489880075
837,4.116523081800438
838,4.164520948096451
839,4.1305054679117825
840,4.774387567414973
841,5.05555898186183
842,5.325183093601882
843,5.517852902352183
844,5.544563934028068
845,5.502400604733859
846,5.936047925070009
847,5.43782405480886
848,3.486851472226493
849,3.372245947857544
850,3.9516971210031837
851,3.682810115729196
852,3.124148279428085
853,3.9940120280523628
854,3.9360592263733674
855,3.698006395690112
856,3.791219998809825
857,4.549704710635094
858,5.66251208333044
859,5.635541420046919
860,5.254424224129761
861,5.155066041956302
862,5.261677951634436
863,5.490194673925064
864,5.0970021493690565
865,5.060882023137325
866,5.127011543119453
867,5.1417868686781665
868,5.456541767167522
869,4.1811336409986355
870,4.3482200577670715
871,3.9293977720797457
872,4.428904093989838
873,4.303614569642544
874,4.2852312668087755
875,3.804058549657374
876,3.5893365219970885
877,3.8768516657119
878,3.978752154190368
879,4.124363987239232
880,4.275622626610898
881,4.647445020674579
882,4.900632213730893
883,4.799571998355989
884,4.876145492200412
885,4.514845226431352
886,4.2683300037314575
887,4.488275078405302
888,4.7707135389854605
889,4.790035007172078
890,4.423377254519334
891,4.514658517292003
892,4.530882641779765
893,4.390034754161887
894,4.9878947359893955
895,4.890770028716562
896,4.775279770379504
897,4.761874425001733
898,4.571018150201378
899,3.7499348033233293
900,3.715454536453011
901,3.9243436953704913
902,3.7967667630105506
903,3.694931777693866
904,3.63966217388918
905,3.4817708741597286
906,3.230986411551484
907,2.664705309137805
908,3.4654944694835654
909,3.230313912151206
910,3.2578403741003514
911,3.71855400844161
912,3.3222777301704864
913,3.347014998716036
914,2.8333766733137145
915,2.770002478877731
916,3.3270701859785756
917,3.414001296231617
918,3.175832537915624
919,3.2626841991731492
920,3.142800056705375
921,3.2195672363515726
922,3.228011700344413
923,0.9190481367159276
924,0.9533371339133012
925,1.0188209169584406
926,1.0043130436968362
927,1.1348144384788927
928,1.2628266718332393
929,1.7036362499669222
930,1.621796313587498
931,1.559822542012923
932,2.943909023350222
933,3.3059181181557262
934,3.3725918522601095
935,3.032851548877491
936,3.0062149786934
937,1.9170085449468077
938,2.4558771394066037
939,2.547727418444734
940,2.395518134329455
941,2.109570848770681
942,1.9994357580588762
943,1.8593676875668042
944,1.362712867584337
945,0.9635389032932595
946,1.05663700462435
947,0.3106232919072527
948,0.4215792595413159
949,0.6874820260280856
950,0.6347151303769394
951,1.0980425975365415
952,1.3052710563834946
953,0.7676966250758532
954,0.8850789161446437
955,0.9193157040289002
956,0.5590771172504949
957,0.5632295557750799
958,0.16732305501061528
959,-0.17794028630517822
960,-0.3103411434384973
961,-0.569904058236459
962,0.03031414218930273
963,1.2722147080071133
964,0.4760093012248001
965,0.22187304320120393
966,0.3622729063188723
967,0.5627499889907739
968,0.5907253635619281
969,-0.07154872330200623
970,-0.7358584096459397
971,-0.9397745268222901
972,-0.6239835944954364
973,-0.731934473660456
974,0.10889713399182543
975,-0.11398008515582925
976,-0.31956674744250124
977,0.09931595838987839
978,0.029214412913924903
979,0.2706080952081358
980,0.15448448306087936
981,0.5878570837517305
982,-0.43734917177018495
983,-0.041519829225034055
984,0.1461051303029981
985,-0.8328414497738912
986,-0.862584699705482
987,-1.0090272921549848
988,-1.0380946114314948
989,-1.1688083837092078
990,-0.7592703139687629
991,-0.9328757031131674
992,-1.0815669837445085
993,-1.4202794506791738
994,-1.107187629941353
995,-1.2059819650788728
996,-1.5387512641675705
997,-1.6207959395620142
998,-1.6731432484323072
999,-1.5312876500382377
1000,-2.6580559710822516
1001,-1.188116139046691
1002,-1.0861666213291432
1003,-2.6055217983042
1004,-1.8390220898330756
1005,-1.5658276706988272
1006,-1.4519461948515056
1007,-1.3848288593874436
1008,-1.1053860102499091
1009,-1.2056880175186802
1010,-1.2455528607021482
1011,-1.2347175219705298
1012,-1.1342923747823974
1013,-1.4351294304579931
1014,-1.2003825725115935
1015,-1.8805055655633618
1016,-1.6598694055340757
1017,-1.7332892363755237
1018,-1.527764981579105
1019,-1.6830550860963855
1020,-1.8972521900004424
1021,-1.6876218404252574
1022,-1.4174842924512654
1023,-1.4480489809771013
1024,-1.417154152948119
1025,-1.3215758268539934
1026,-1.5100053021329107
1027,-1.6770611695984372
1028,-1.6441252764176184
1029,-1.8273039400903857
1030,-1.8656091179478196
1031,-1.1982960325751857
1032,-1.2926664626777384
1033,-1.4101908073599567
1034,-1.2155740127909098
1035,-1.2800990678833668
1036,-0.037434604165054175
1037,-0.4474868128765741
1038,-1.0375494707670407
1039,-0.8918488353248932
1040,-1.0500596419694253
1041,-1.0849890436758103
1042,-1.2642984425581538
1043,-1.3253467234972005
1044,-1.092551108206019
1045,-0.6967534236327122
1046,-0.7723440302886853
1047,-1.1761731643833429
1048,-0.8850980745829795
1049,-0.8729832203819066
1050,-0.7848167299328801
1051,-0.5128713781378136
1052,-0.10433040740405186
1053,0.10309935152981176
1054,-0.6947859683496649
1055,-0.7088347774828585
1056,-0.9729849372926758
1057,-1.4528989613924126
1058,-1.6665397156607198
1059,-1.4496856011336101
1060,-1.6142684830906084
1061,-1.620038884594155
1062,-1.4045339038729843
1063,-0.08129331565523978
1064,-0.027595216336551154
1065,0.3254239144411475
1066,0.4225660046570878
1067,0.28272000339286674
1068,0.5458482013694921
1069,0.023925661334311954
1070,-0.033083150340584844
1071,-0.22165863739262992
1072,-0.3927352337999568
1073,-0.33512524353738193
1074,-0.3394049328048987
1075,-0.23067058281160957
1076,-0.7260343376796041
1077,-0.712309373780895
1078,-0.7642582940543763
1079,-1.6322116259216424
1080,-1.8322591860720383
1081,-1.998990322284655
1082,-1.8596995445314901
1083,-1.8261473051095267
1084,-1.9660552750982774
1085,-1.9140076539269524
1086,-1.9447127047509505
1087,-2.304270005690867
1088,-2.565665422759422
1089,-2.8526026650126823
1090,-2.9252541950737565
1091,-3.057450887557467
1092,-3.8713461100676305
1093,-3.0268680702759454
1094,-2.8513808275800634
1095,-2.65972114917733
1096,-5.400146331670808
1097,-7.57836644189962
1098,-7.4317569464809825
1099,-7.37906928636729
1100,-7.874024023543291
1101,-7.826191736376509
1102,-8.21062838774187
1103,-8.378009203275404
1104,-8.435952866931773
1105,-8.373497811377273
1106,-8.430786365247423
1107,-7.848682089148273
1108,-7.767489603046673
1109,-7.791470791503031
1110,-7.623657810536255
1111,-7.585035928152795
1112,-8.503860657807305
1113,-8.73527687720107
1114,-7.717306118176747
1115,-8.341450917193383
1116,-8.48131246313988
1117,-7.870881677757069
1118,-7.822213057420302
1119,-7.645566511053936
1120,-7.69118550789043
1121,-7.596075543923153
1122,-8.049989124019108
1123,-7.956980812945869
1124,-7.940512261139321
1125,-7.861499001071626
1126,-7.807455902465366
1127,-7.72746024887171
1128,-7.731251435168285
1129,-7.8124104837030695
1130,-8.201255107206396
1131,-8.145430286001176
1132,-8.112670138259602
1133,-8.018310935779082
1134,-8.05659824600352
1135,-8.050417659509367
1136,-8.206637874570454
1137,-8.570405788621338
1138,-8.589635194215361
1139,-8.74362378983945
1140,-9.200110099181547
1141,-9.217620167998241
1142,-9.166082019710299
1143,-9.199485815764575
1144,-9.201397482971396
1145,-9.430549240178754
1146,-9.863752799320602
1147,-10.087880288038587
1148,-10.40133351583048
1149,-10.461030745928234
1150,-10.790037368851923
1151,-10.636302069663273
1152,-10.810183605090184
1153,-10.218500218999493
1154,-10.773178272504701
1155,-10.944710823021897
1156,-10.827441690595819
1157,-11.415462507227247
1158,-11.45487386562084
1159,-11.2700125307867
1160,-10.927363202984319
1161,-10.615868526553152
1162,-10.597020726849438
1163,-10.701282377543942
1164,-10.805330509758782
1165,-10.642518149225555
1166,-10.620318778558858
1167,-10.623709015073402
1168,-10.588677725253726
1169,-10.614550944055267
1170,-10.95626313247985
1171,-10.899915838675522
1172,-10.489404425680625
1173,-10.526339600244516
1174,-11.03157484963444
1175,-10.465321703889142
1176,-10.255602273393173
1177,-10.120042196205937
1178,-10.260456135273078
1179,-10.029623930529851
1180,-10.800245790573548
1181,-11.059570485265624
1182,-10.9273520209779
1183,-11.00109738440571
1184,-12.068415980315484
1185,-12.297944896083013
1186,-11.85650721343865
1187,-11.76245109123042
1188,-12.976723608914199
1189,-12.97992252394521
1190,-13.197603485407662
1191,-13.125692277081313
1192,-12.99046398687297
1193,-13.007935402903282
1194,-13.28451586182926
1195,-13.666555628677768
1196,-13.572803449633032
1197,-13.167076526269227
1198,-12.99322892326531
1199,-13.01645192783596
1200,-12.554311159844367
1201,-12.528266054539273
1202,-12.510695119843419
1203,-13.480171331527814
1204,-13.411667151816797
1205,-13.389291127181268
1206,-13.214162044769328
1207,-15.828955608190986
1208,-15.854880039342156
1209,-15.805396552017847
1210,-15.95598077997874
1211,-15.925000721226102
1212,-15.704648072716665
1213,-15.451230006580108
1214,-15.130919020647005
1215,-15.577133154360867
1216,-15.599451082907978
1217,-12.32471283712313
1218,-12.105470373883787
1219,-12.772389894915237
1220,-12.760822413855399
1221,-12.931210958451366
1222,-13.142524247326314
1223,-13.544043657647343
1224,-13.331202389246766
1225,-13.311204919110398
1226,-13.140151303096648
1227,-12.972669735113085
1228,-12.965798547453444
1229,-12.59125706714691
1230,-12.874652493366268
1231,-13.104256508225776
1232,-12.805439307820588
1233,-12.235672168399192
1234,-12.752050383732305
1235,-12.575781484384606
1236,-11.852512598560306
1237,-11.911136583155702
1238,-12.044974827618082
1239,-12.01507264442222
1240,-11.8810820933253
1241,-11.687122999463195
1242,-11.739888444280345
1243,-11.540592644289271
1244,-11.30049411444084
1245,-11.035806744479093
1246,-10.893027941128198
1247,-10.845247700735294
1248,-10.877016661945849
1249,-10.766471743385331
1250,-10.76364925516594
1251,-11.35931895418707
1252,-11.32986709645155
