,Portfolio Value
0,11972.21517884719
1,11974.028093308134
2,12026.688472055672
3,12037.60586951881
4,11992.103246769495
5,11896.85331932227
6,11894.210967705572
7,11752.26013986415
8,11743.668873881248
9,11763.191217102454
10,11769.771971752103
11,11956.464598225732
12,11970.56369191455
13,11994.631049296913
14,11978.520698461827
15,11959.4923999772
16,11844.65573488809
17,11837.819977789679
18,11812.219315392154
19,11817.152986856332
20,11818.572065588873
21,11826.150480438995
22,11858.201618449022
23,11852.007539304259
24,11920.669352968067
25,11954.177091881373
26,11873.967371621506
27,11858.65795970827
28,11999.697151587465
29,11953.572221208246
30,11921.504948797294
31,11917.599479196431
32,11936.846231453015
33,11896.920171155318
34,11925.290909406667
35,11887.925938556878
36,11908.23427683056
37,11855.989514246234
38,11876.260494832364
39,11927.419423516656
40,11978.926230768602
41,12065.547185930076
42,12039.784705642614
43,12006.812841742892
44,11981.55009404767
45,11898.963091911308
46,11888.989741090812
47,11919.16302759889
48,11940.91880862898
49,11836.623240786976
50,11875.099732066416
51,11851.82146444818
52,11932.795271440235
53,12017.69300866176
54,11999.63156014942
55,11899.764120235646
56,11842.076682598265
57,11858.63592323813
58,11918.290198748602
59,11888.543408813384
60,11856.62804649079
61,11807.176240097293
62,11762.140466344095
63,11769.516806279855
64,11805.94849091364
65,11876.439043923057
66,11744.78902425887
67,11749.087041837936
68,11732.246632670829
69,11729.755470764527
70,11694.251977547932
71,11700.077502586306
72,11721.236931911719
73,11730.736805434617
74,11836.73754165191
75,11869.338957680608
76,11890.082552463962
77,11922.62095056208
78,11846.942833537134
79,11845.102655318064
80,11540.5846567528
81,11581.638262904118
82,11600.175341696786
83,11508.3237753826
84,11469.890530413992
85,11487.254868896622
86,11497.87874719196
87,11486.79797478085
88,11447.127092164332
89,11448.491871246808
90,11462.809300091218
91,11518.683328548943
92,11469.297102626619
93,11457.026759055872
94,11493.621593387292
95,11647.908649221845
96,11697.450963397869
97,11648.446131285535
98,11678.211730341945
99,11668.620721574098
100,11646.732592160983
101,11679.565689885112
102,11695.50772657301
103,11726.841052137554
104,11701.61567933076
105,11713.260518891124
106,11697.628744429852
107,11682.993581469553
108,11730.352220459596
109,11775.782125883115
110,11774.174930203602
111,11706.072538873297
112,11697.707832640011
113,11789.480953419225
114,11797.215287455354
115,11804.377363409665
116,11802.4840463946
117,11865.84164071568
118,11776.598479364477
119,11740.405901993798
120,11681.294861337286
121,11654.680744954529
122,11625.320002352018
123,11631.602735515313
124,11607.094851602411
125,11499.480212304341
126,11479.233845831184
127,11438.586166954923
128,11561.804129167438
129,11622.16718195167
130,11723.782190297918
131,11680.501712669631
132,11561.172112974546
133,11627.324407305594
134,11751.907495254844
135,11753.868278662798
136,11764.39422779312
137,11806.596303788527
138,11817.333538711166
139,11789.747716966138
140,11743.85020976222
141,11543.71903197041
142,11608.087430248597
143,11640.659913621545
144,11620.893260362402
145,11536.059309177208
146,11542.707585458505
147,11569.649206401366
148,11577.356125804745
149,11577.650996351866
150,11619.964904765167
151,11476.316166504614
152,11369.800154298828
153,11374.769935553275
154,11423.264262576533
155,11507.91389783004
156,11469.599263312004
157,11365.90190634196
158,11267.143079825626
159,11153.4892372678
160,10818.680512865614
161,10758.913028903095
162,10834.80133906917
163,11085.815959555246
164,11083.971114667627
165,11122.480224342711
166,10929.660860289296
167,10961.616243503442
168,10996.291009903664
169,10932.16047524694
170,10963.180438129584
171,11026.367158486706
172,10949.323336516214
173,10934.725689432351
174,10845.904844137309
175,10857.637218061856
176,10936.629434424705
177,10921.656329489757
178,10854.975195364565
179,10820.489683546648
180,10696.408770893373
181,10669.818085472883
182,10576.841016412036
183,10663.876341081152
184,10635.383624349653
185,10679.373879369734
186,10753.972508704393
187,10753.550672495841
188,10846.272087084042
189,10884.478818870663
190,10891.86924854821
191,10883.907473511437
192,10874.081775003147
193,10900.772840714517
194,10905.584320602673
195,10915.294345354992
196,10868.24930055848
197,10943.688678886807
198,10956.548980117173
199,11012.140883207121
200,10995.907795591542
201,10840.05543761525
202,10800.350587513172
203,10832.932167041654
204,10922.644647710687
205,11125.87277019097
206,11132.256448875065
207,11106.137010370838
208,11790.526397241734
209,11908.741214673084
210,11859.038216298868
211,11864.29166653418
212,11872.611157562493
213,11877.224794762777
214,11787.234259856048
215,11836.190987919112
216,11847.330858615489
217,11815.042693275725
218,11696.055251023365
219,11827.572615479854
220,11821.75742664734
221,12011.203998700808
222,12218.703387877838
223,12202.119321367982
224,12316.689017057779
225,12267.434470743334
226,12178.032994647234
227,12240.061885548766
228,12394.201782551776
229,12392.333641872257
230,12448.869024136306
231,12364.94704442003
232,12371.424959890772
233,12344.404080151326
234,12280.95929297918
235,12398.283172243495
236,12369.650218791576
237,12249.671650638695
238,12244.588010875044
239,12329.853653932105
240,12333.457215340402
241,12293.325592039351
242,12188.559433998667
243,12237.026252290205
244,12250.029662779209
245,12261.533412897612
246,12217.821693459911
247,12199.161704425385
248,12235.919869248008
249,12169.363819984246
250,12113.64368538487
251,12062.949542047181
252,12000.932623169832
253,11952.910596793197
254,11823.815379822301
255,11793.675708757633
256,11827.580768407588
257,11863.659989817219
258,11701.205460646384
259,11770.394744697855
260,11442.94500101742
261,11522.772389355941
262,11396.052040874261
263,11420.355004051304
264,11470.027115008728
265,11411.805891561417
266,11403.402477951562
267,11175.685409221203
268,11160.31589611569
269,11300.320451146172
270,11251.659644265235
271,11079.66655358384
272,11047.75615506084
273,11174.690289235861
274,11089.08126728363
275,11068.156833080044
276,10992.731171225882
277,11133.48795900622
278,11077.837421069122
279,11494.513046310156
280,11536.274013988343
281,11541.853062555947
282,11562.372406717042
283,11643.918309361348
284,11743.676673961965
285,11626.663554372537
286,11640.932517051799
287,11645.908090483303
288,11688.613768933903
289,11689.780124894472
290,11834.614945057547
291,11788.677456165058
292,11822.873736130412
293,11847.287032595426
294,11833.37803488359
295,11800.06353693814
296,11928.67317556464
297,11923.476594133512
298,11964.691104803995
299,11946.417246563153
300,11945.09067917331
301,11967.58590578698
302,11968.27799905766
303,11985.541175474209
304,11976.86971604394
305,12017.099787063962
306,11987.273783237424
307,11975.378230036766
308,11977.776138779434
309,12132.841689885989
310,12148.129964573696
311,12138.827935073256
312,12120.458591166062
313,12088.319648350704
314,11937.251527595683
315,11994.894268943892
316,11935.240261750203
317,11958.256482700875
318,11987.696970412977
319,12035.228173301217
320,12186.819247383151
321,12206.302075653493
322,12227.171858144635
323,12191.358422076917
324,12251.526945363325
325,12243.117714289308
326,12230.902576900504
327,12205.455716504574
328,12185.176763658077
329,12191.217011443598
330,12188.750274129097
331,12165.660134554426
332,12274.981622842493
333,12070.326002059253
334,11979.679928176658
335,12028.195678058888
336,12001.52353313354
337,11964.44460335087
338,11867.165522143836
339,11869.51513768338
340,11792.16518192222
341,11757.558583715434
342,11794.019330875708
343,11872.012690341022
344,11986.186455223175
345,11960.778463451921
346,11894.131517737313
347,11909.95100002414
348,11903.119140883477
349,12070.611285387797
350,12080.75111430466
351,12163.267612444693
352,12327.493996769306
353,12282.499154717882
354,12244.341821757786
355,12242.442158102915
356,12221.860205980305
357,12247.113750229659
358,12225.941264648814
359,12180.848899624014
360,12153.694186440196
361,12010.749148432138
362,11997.777683702094
363,11912.23282612663
364,11913.521203634575
365,11870.896715407855
366,11832.706481511566
367,11946.56816746965
368,11919.665088866615
369,11965.838265682158
370,12036.010441853776
371,11894.37969548066
372,11836.370776369302
373,11947.92873029363
374,12065.271344310084
375,12108.919475984421
376,12119.581139294227
377,11974.947857059084
378,11956.719831789895
379,12003.783865557134
380,11921.150033182495
381,12000.315980279162
382,11963.973102141797
383,11954.064666591257
384,11953.116657096112
385,11932.06227774652
386,11914.538531986926
387,11886.783178422487
388,11885.565612286897
389,11864.635139059745
390,11844.218953155727
391,11829.426870497387
392,11880.422509317013
393,11891.954200538461
394,11906.438557288155
395,11846.983939261132
396,11894.642085895315
397,11850.01782898772
398,11899.287851816207
399,11925.894641425624
400,12069.368319305995
401,12049.352923679991
402,12079.023690585349
403,12113.269303395438
404,12136.710205108744
405,12134.412291642027
406,12179.092105832658
407,12172.792985963213
408,12092.185702549335
409,12149.957237430506
410,12164.217444270902
411,12050.606661844642
412,12046.433748237083
413,12019.672979343864
414,12046.515006078149
415,12059.17246512576
416,12061.07483471233
417,12109.714340166352
418,12009.080964886161
419,12153.244147178928
420,12176.590007796713
421,12345.713503753526
422,12364.398464929456
423,12350.926557959783
424,12334.488932186958
425,12330.187933874377
426,12190.834353982755
427,12191.559344668018
428,12220.893922057749
429,12188.999025153584
430,12185.00418860667
431,12190.419373742869
432,12503.24888409242
433,12516.443020446408
434,12420.199894572519
435,12370.727866742516
436,12321.775539398339
437,12309.555226232027
438,12286.707204944414
439,12362.111085269968
440,12381.706129569617
441,12409.613391176104
442,12409.967827234259
443,12384.591769552482
444,12371.804833076763
445,12406.36976049063
446,12322.681283870303
447,12297.769934215661
448,12285.591217424932
449,12279.52796287205
450,12274.883500305259
451,12335.063111898004
452,12299.488906542174
453,12275.642011961425
454,12278.378609890346
455,12414.492532414039
456,12392.70273809505
457,12044.211201453474
458,12065.913433157306
459,12112.819479546224
460,12108.976220354103
461,11951.85529996971
462,11915.697055506454
463,11914.2637136161
464,11912.445561189126
465,12072.307738185247
466,12026.30055681905
467,11993.444446570435
468,11910.180021193195
469,11890.089214145864
470,11875.005157507361
471,11923.047568681537
472,11997.83301033177
473,12001.569954643659
474,11989.094454900984
475,12083.804792253119
476,12078.088418271043
477,12079.172491463889
478,12066.383290462507
479,12076.733310044026
480,12109.240411422692
481,12039.456915120914
482,11991.589456950353
483,11927.743099704421
484,12028.641120886368
485,12051.155552204187
486,12132.353269853465
487,12123.819030742496
488,12152.955174138915
489,12069.935889225722
490,12140.789921860129
491,12107.783045041206
492,12076.338084304403
493,12042.86124296939
494,12081.077058077884
495,12129.54115525004
496,12144.86180507644
497,12130.578856080283
498,12146.104668920263
499,12161.177207014065
500,12159.068988967501
501,12168.465263502967
502,12100.720293210132
503,12212.267677110816
504,12319.941397961566
505,12375.592449194179
506,12356.318331573762
507,12409.801413384976
508,12503.35741955357
509,12491.960480144162
510,12474.35820561774
511,12497.13644695443
512,12504.536014979956
513,12486.459756612092
514,12484.341424585997
515,12460.499702965653
516,12468.209706528083
517,12468.165173223964
518,12476.336552831552
519,12449.194259947713
520,12421.163339624389
521,12446.528859465903
522,12470.608380061996
523,12437.466490996303
524,12437.216422229281
525,12453.884099514795
526,12466.44115520747
527,12496.043665434685
528,12635.838669084167
529,12645.621057241033
530,12680.493074025178
531,12714.076859674416
532,12755.496181437018
533,12748.873813728636
534,12807.198937243375
535,12787.259859599299
536,12834.646343365868
537,12833.908927532093
538,12814.347775989494
539,12703.224785799963
540,12692.34932824015
541,12715.845466813927
542,12752.461587552447
543,12738.047121833033
544,12737.388966313516
545,12731.20550102078
546,12740.578702464652
547,12740.207990530518
548,12732.369292188665
549,12735.968220892872
550,12741.298110414711
551,12747.576217251966
552,12756.544936321463
553,12859.220095993882
554,12864.754057642036
555,12859.844014265127
556,12801.702480310752
557,12773.115260163966
558,12769.101752315877
559,12761.387073960872
560,12714.234532350505
561,12718.170915315242
562,12743.840794848362
563,12772.11054059724
564,12775.510231037637
565,12790.6786929319
566,12770.893028445507
567,12740.327364208395
568,12706.903368760133
569,12692.593398559922
570,12699.225494752569
571,12683.226116365557
572,12693.603403967114
573,12762.048293798667
574,12790.618487149619
575,12798.385839280441
576,12847.189418651089
577,12847.83612314273
578,12834.240679013597
579,12940.492622289456
580,13021.72812485137
581,12995.57747498884
582,13022.33595719255
583,13000.104489840738
584,12998.476234906218
585,13052.283701987184
586,13039.54615563712
587,12712.771939973436
588,12758.783741517575
589,12747.928581386494
590,12846.295561163166
591,12841.37946922951
592,12913.706206462135
593,12928.79751240114
594,12915.529527936851
595,12956.42031204097
596,12814.102715494288
597,12743.676638106619
598,12853.95098803206
599,13054.314649797927
600,13063.31344925494
601,13062.451059746165
602,13075.451465908742
603,13229.05047971324
604,13214.166147651185
605,13146.525439422378
606,13154.752192913407
607,13161.783828660204
608,13155.413503047199
609,13142.247172000327
610,13193.655665995539
611,13142.20803187399
612,13050.745229796048
613,13024.9747697708
614,13015.306526079099
615,13007.043251045321
616,12999.104459120412
617,12945.799506174091
618,12996.56992221786
619,13014.861019293638
620,13034.273220586352
621,13017.12494804876
622,13013.520289659764
623,13056.199538858215
624,13004.799302361262
625,13045.655292191019
626,13062.442619284036
627,13076.975015912436
628,13144.040957147565
629,13261.135953394467
630,13246.102800724891
631,13232.302686072333
632,13258.147593695849
633,13290.730149753383
634,13331.227363407845
635,13354.428760573846
636,13390.309301267072
637,13396.221864333893
638,13421.221199577058
639,13480.24343999881
640,13427.316903211544
641,13442.227924199753
642,13512.812589932526
643,13480.3889951604
644,13528.861668109424
645,13527.71166495109
646,13683.883822635597
647,13799.707804272552
648,13788.91548105206
649,13822.115368628582
650,13839.499205836608
651,13815.87899979203
652,13843.558377703197
653,13857.540131858292
654,13868.711193955009
655,13791.475779517654
656,13759.783879816183
657,13775.669570553786
658,13785.826580473029
659,13781.634933073721
660,13682.416665832301
661,13669.032673481199
662,13670.4459689875
663,13777.092345384894
664,13660.712937313592
665,13738.698902975408
666,13754.137509642864
667,13616.455629824603
668,13616.93860682701
669,13620.713461594254
670,13768.95099588508
671,13889.443823830119
672,13723.461564332287
673,13735.385142485517
674,13797.560062710738
675,13827.695215598102
676,13899.163362195784
677,13973.985938727652
678,13951.676865346342
679,14035.537351823377
680,14043.46509349922
681,14092.895788252317
682,14055.828515749727
683,14046.262589522776
684,14046.752783232034
685,14078.62622338418
686,13996.776394635453
687,13950.033720054671
688,13979.381539962322
689,14001.213716358323
690,14033.416900082659
691,14038.811504802261
692,14095.403757913644
693,14033.34886009094
694,14031.330968645949
695,14049.1354207788
696,14092.740429799598
697,14316.165356766971
698,14312.056152956107
699,14271.000708969808
700,14266.39031610584
701,14367.345280267504
702,14342.216101990489
703,14331.514908464194
704,14289.379686255841
705,14292.902852603173
706,14327.30256003599
707,14297.455161263872
708,14201.030348089687
709,14180.234065789471
710,14111.67059471719
711,14052.11764034177
712,14122.236450248933
713,14129.29231920066
714,14112.685410539309
715,14108.216309039777
716,14162.906776736829
717,14137.867297399596
718,14111.566076065614
719,14085.484054680695
720,14063.428876763071
721,13986.474501231209
722,13938.327391856923
723,13918.91566481393
724,13985.494834922134
725,13986.725952478646
726,13981.674621942142
727,14051.384366675604
728,14182.922157611112
729,14141.837271275674
730,14079.891541072922
731,14024.713141583812
732,14077.26138600969
733,14013.817036025908
734,13957.233746432077
735,14003.753466741626
736,13872.190963555307
737,13921.519518447532
738,13979.431290103752
739,13945.16036569698
740,13947.484241052167
741,13929.273620691116
742,13903.780967998517
743,13885.812637095361
744,14042.711262848348
745,13990.383781022003
746,13938.361939149292
747,14012.838817683147
748,14061.282176519033
749,14053.680664566979
750,13969.309710020083
751,14027.488799757286
752,14027.527713133979
753,14140.43624946324
754,14200.61821919308
755,14225.407994471108
756,14270.705089207742
757,14384.243608568724
758,14427.0661966225
759,14312.960939071874
760,14357.321187255307
761,14427.357485109938
762,14479.336910634753
763,14465.747465977549
764,14456.548058671553
765,14440.329621168028
766,14426.568119319543
767,14453.98799946338
768,14378.581619809716
769,14343.905010415056
770,14431.22231613247
771,14351.883950936675
772,14325.158857722177
773,14338.36573996767
774,14289.428982753152
775,14096.59729185056
776,13915.443471989933
777,13988.511335936933
778,13923.240698254058
779,13625.260706874196
780,13635.490447933647
781,13784.536892663236
782,13832.95540485175
783,13973.51042472053
784,14066.462764478312
785,14001.608742151499
786,13998.214802391043
787,14025.344852322147
788,14025.728664055046
789,14114.878396919878
790,14173.484709998596
791,14067.592717198168
792,14093.244142250755
793,13999.715190276122
794,13990.230477016277
795,14045.436855779391
796,14076.782366793228
797,14057.787863644275
798,14122.994731414474
799,14197.231996629029
800,14321.63103907935
801,14219.511738480182
802,14333.782062331613
803,14371.008327317672
804,14351.588649754729
805,14270.254441762903
806,14251.878448910447
807,14262.325673738473
808,14052.702762615458
809,13995.241787210969
810,14087.65503948693
811,13946.096736004893
812,13768.36331898089
813,13799.028845854627
814,13789.085473499865
815,13784.67586318409
816,13807.540223037031
817,13811.196270082675
818,13749.827459062573
819,13852.50093763712
820,13793.469106100518
821,13767.845659451783
822,13768.159728027686
823,13786.774869876708
824,13820.133689148142
825,14007.112255315009
826,14028.544816565527
827,14012.524501043026
828,13984.104535757171
829,13968.582273808875
830,13974.633381950734
831,13974.633381950734
832,14068.227832613602
833,14138.612122784225
834,14144.00262554525
835,14145.206452149145
836,14084.386338360568
837,14091.19835346477
838,14085.24188703735
839,14104.51676493745
840,14208.809878393326
841,14201.408016176189
842,14279.493824237232
843,14331.508156968886
844,14357.105726501388
845,14339.140037471581
846,14338.522458310565
847,14271.65783125749
848,13993.53336474779
849,13970.14667803053
850,13977.084198951576
851,13897.891106265088
852,13865.307963881254
853,13991.574472641973
854,13930.948541681786
855,13807.979545769307
856,13878.350332766864
857,13972.63459511733
858,14045.820331844485
859,14033.60762780639
860,14063.04928516967
861,14049.281016218638
862,14067.507580375695
863,14162.871682945388
864,14117.077852889774
865,14139.623450975401
866,14146.884601533813
867,14166.524699926775
868,14135.933304288268
869,13869.961690376073
870,13888.098188054786
871,13831.421977419364
872,13815.47424118828
873,13734.092070714065
874,13736.333099893945
875,13509.49088884944
876,13479.49652996163
877,13492.351947373016
878,13552.548407841066
879,13565.603096221043
880,13542.314649707349
881,13734.777245775182
882,13764.858604419716
883,13751.81476843923
884,13753.017365648073
885,13826.278577869793
886,13759.236562748414
887,13778.125555676714
888,13858.55466366851
889,13856.13908966382
890,13783.903713835138
891,13806.96476282951
892,13810.949481403126
893,13752.467686737844
894,13863.04995670831
895,13827.948846250358
896,13814.042977101422
897,13808.651771336037
898,13805.257330122473
899,13674.337433963725
900,13725.234183378789
901,13806.142645546439
902,13737.884943356377
903,13682.972727413704
904,13605.124672677986
905,13597.335827906367
906,13603.27864543983
907,13552.173708345272
908,13533.157045030162
909,13466.001374000569
910,13503.374328297396
911,13620.662259704148
912,13569.065677065706
913,13573.306942196165
914,13457.2883866317
915,13391.883099382383
916,13421.808394627997
917,13502.392404172046
918,13464.123961465106
919,13474.86239153611
920,13458.056147198335
921,13477.30820119005
922,13400.758882790884
923,13200.624495537635
924,13187.169149509704
925,13214.877653457152
926,13191.823462486896
927,13184.822997546564
928,13194.198374584497
929,13246.886233170728
930,13198.615898964308
931,13172.609103644632
932,13319.389677192006
933,13419.037696488842
934,13404.806951317543
935,13377.715751999765
936,13374.395429998858
937,13290.22972289889
938,13335.606320985607
939,13326.658505081821
940,13314.632938884788
941,13188.704978381129
942,13152.29486007089
943,13048.308080170002
944,12943.947930263832
945,12912.724727786865
946,12998.90454544296
947,12793.93542277204
948,12881.49300382673
949,12986.847140885138
950,12998.477824613728
951,13067.674305524175
952,13066.456045692903
953,12942.008772860923
954,13002.466394442597
955,13059.538462815362
956,12975.003990720754
957,12835.621175463642
958,12888.441679815993
959,12861.618279522629
960,12816.523750760414
961,12818.673914262057
962,12911.047503840082
963,13036.824620110892
964,12874.075622134185
965,12793.058166605973
966,12836.325955172804
967,12865.439710822655
968,12899.678336263898
969,12832.057062542039
970,12696.386650710323
971,12715.02694244817
972,12776.420632144762
973,12775.747315043092
974,12778.073524881842
975,12737.430303013698
976,12565.060015309464
977,12703.983140372253
978,12691.42587195057
979,12837.223580579295
980,12798.066952899035
981,12929.758344207497
982,12780.522172447756
983,12810.195050209099
984,12880.448566977144
985,12760.902594320452
986,12717.269931262232
987,12706.405638590459
988,12695.094555373464
989,12673.10395626567
990,12731.292889202256
991,12704.018475890176
992,12658.329372699201
993,12764.82711033146
994,12762.940508232197
995,12677.803416539722
996,12625.999706072645
997,12579.16366606597
998,12552.07531130835
999,12600.89026093993
1000,12587.159027240239
1001,12731.679933369302
1002,12819.794544932305
1003,12691.823159527767
1004,12833.69863311306
1005,12896.766422641069
1006,12921.250637567773
1007,13014.664163155361
1008,13079.518310835821
1009,13048.59559828676
1010,13083.999289501402
1011,13115.149943683222
1012,13172.29757270143
1013,13090.100181697686
1014,13163.817662832023
1015,12915.362005529061
1016,12901.706394813966
1017,12896.57720807946
1018,12968.256311341003
1019,12971.860102994453
1020,12950.43736381246
1021,13091.868775295483
1022,13197.387900960803
1023,13198.082296118386
1024,13150.387647295993
1025,13184.08519849401
1026,13143.37327275936
1027,13068.45135512475
1028,13044.422993414788
1029,12969.724066399456
1030,12995.082360817247
1031,13119.069368906683
1032,13121.810726776994
1033,13108.968651859104
1034,13124.087403166222
1035,13094.033931950955
1036,13144.836409956175
1037,13007.279464782161
1038,12955.738494566773
1039,13056.730574961712
1040,13042.883773580359
1041,13036.701279802846
1042,13009.08079982853
1043,12976.783930558913
1044,13103.566356930438
1045,13175.167958336639
1046,13158.052247989528
1047,13132.844937383306
1048,13302.815352188314
1049,13311.814263080336
1050,13338.500176683741
1051,13347.192502419452
1052,13396.275983132824
1053,13405.643886323918
1054,13390.209760702382
1055,13386.853420788437
1056,13367.962640417121
1057,13297.09498808866
1058,13254.917643583176
1059,13285.745785653584
1060,13266.554980774034
1061,13266.414626609161
1062,13304.872853836716
1063,13404.50934845071
1064,13416.735794776778
1065,13517.563560686829
1066,13654.130718682012
1067,13578.138854913996
1068,13620.369638720114
1069,13593.382637627321
1070,13577.88081733691
1071,13566.975117088896
1072,13562.968509393339
1073,13588.050829874279
1074,13591.538837434648
1075,13625.465721034783
1076,13628.413294384143
1077,13635.671201196892
1078,13548.214236108246
1079,13471.304659138088
1080,13451.947815751704
1081,13444.522373857659
1082,13470.46462382658
1083,13483.572403059406
1084,13468.661710330682
1085,13480.374042430569
1086,13400.299592566256
1087,13372.096604437238
1088,13320.55611109567
1089,13258.171126500514
1090,13240.493615876698
1091,13232.063945265181
1092,13132.460283571407
1093,13195.254224816808
1094,13204.258736827152
1095,13237.980052646542
1096,12638.495993355422
1097,12385.036153916844
1098,12489.880565301082
1099,12404.369141310706
1100,12303.414165823568
1101,12347.180836661591
1102,12315.967932084357
1103,12253.216120666208
1104,12238.988620456084
1105,12162.03647385577
1106,12143.382551876552
1107,11854.306252398075
1108,11851.215375514417
1109,11838.246844019148
1110,11957.051957978581
1111,12031.40423918951
1112,12182.620852327072
1113,12096.428445117508
1114,12326.64333515654
1115,12292.82319922358
1116,12328.315757634135
1117,12363.392576986698
1118,12384.665634678619
1119,12463.582871740713
1120,12421.566823655265
1121,12461.149175934495
1122,12296.648753313917
1123,12308.045244469542
1124,12315.024843889936
1125,12340.289707480413
1126,12352.81529036579
1127,12376.899863523688
1128,12387.010459732279
1129,12368.848424006816
1130,12319.29129900507
1131,12358.642176454066
1132,12359.337531145587
1133,12372.451792450722
1134,12346.16682424569
1135,12349.447447820708
1136,12337.54350472211
1137,12314.325421537716
1138,12274.769837792277
1139,12278.810576054319
1140,12256.055706678002
1141,12302.959236751025
1142,12331.681115078454
1143,12311.586741023264
1144,12314.382326653908
1145,12284.250372556393
1146,12251.27142657933
1147,12198.763758537025
1148,12109.909957774154
1149,12081.59925361054
1150,11796.553549637623
1151,11809.774202504188
1152,11789.90053876149
1153,11964.278677774644
1154,11856.19658453054
1155,11754.924639692272
1156,11867.681959767331
1157,11843.339666462403
1158,11832.479984779846
1159,12016.037869539361
1160,12345.99232881642
1161,12436.558692015395
1162,12413.681404494588
1163,12333.278816887518
1164,12221.850295979926
1165,12315.591876703122
1166,12364.599216784558
1167,12361.774034757464
1168,12395.873021720516
1169,12391.390792879502
1170,12301.698851710455
1171,12306.97214494272
1172,12326.349967854361
1173,12277.208838572862
1174,12326.15902805423
1175,12418.714096181024
1176,12473.363260111451
1177,12479.6279632843
1178,12421.117512115836
1179,12438.73971030611
1180,12342.151032563535
1181,12326.174901592021
1182,12383.70833963159
1183,12289.204939752182
1184,12202.199045527754
1185,12157.967890492131
1186,12306.077720474825
1187,12330.4192304765
1188,12154.859765936551
1189,12217.510743880957
1190,12165.124122993839
1191,12166.715061524877
1192,12209.775341785056
1193,12214.547052806982
1194,12129.57959163384
1195,12079.16318551092
1196,12094.45021484626
1197,12130.943574759896
1198,12166.793514274757
1199,12167.431585125849
1200,12276.256602892436
1201,12292.887086546978
1202,12283.600542582517
1203,12239.663011587589
1204,12271.379534661704
1205,12262.831758761622
1206,12293.540000157343
1207,12261.97360661211
1208,12211.79912486868
1209,12224.65023507877
1210,12195.393718527237
1211,12201.464096032962
1212,12275.546766896512
1213,12339.641232678745
1214,12437.829024509592
1215,12262.11065347873
1216,12233.601928518747
1217,12675.608839373792
1218,12719.7477054035
1219,12662.448920343519
1220,12589.160588669547
1221,12432.049228384441
1222,12404.209162718978
1223,12369.045305898806
1224,12376.776519252278
1225,12578.135744457983
1226,12599.231802784794
1227,12624.702553579637
1228,12653.900896485975
1229,12771.900814159822
1230,12710.940120628715
1231,12700.917606814399
1232,12664.069910572554
1233,12675.854441899519
1234,12444.201426547788
1235,12557.811110081188
1236,12601.613051816163
1237,12587.5628812243
1238,12555.761887760893
1239,12553.37336115617
1240,12576.457563545304
1241,12692.017885515257
1242,12676.027673130713
1243,12768.30918800249
1244,12846.026755931814
1245,12856.84481326871
1246,12954.710680438628
1247,12975.538657038214
1248,12941.066911577222
1249,12938.301646033042
1250,12925.172059847951
1251,12894.969484272566
1252,12897.045510291948
