,Profitloss
0,-0.23154017627342593
1,-0.21643255576555553
2,0.22240393379726608
3,0.31338224599006814
4,-0.0658062769208767
5,-0.859555672314416
6,-0.8815752691202272
7,-2.0644988344654225
8,-2.1360927176562683
9,-1.973406524146215
10,-1.9185669020658103
11,-0.3627950147855663
12,-0.24530256737874678
13,-0.04474125585905986
14,-0.17899417948477048
15,-0.33756333352333856
16,-1.29453554259924
17,-1.3515001850860076
18,-1.5648390383987132
19,-1.5237251095305715
20,-1.5118994534260577
21,-1.4487459963417049
22,-1.1816531795914798
23,-1.2332705057978455
24,-0.6610887252661124
25,-0.3818575676552305
26,-1.0502719031541208
27,-1.1778503357644188
28,-0.0025237367711317127
29,-0.386898156597959
30,-0.6541254266892227
31,-0.6866710066964044
32,-0.5262814045582043
33,-0.8589985737056827
34,-0.6225757549444433
35,-0.9339505120260161
36,-0.7647143597453221
37,-1.2000873812813895
38,-1.031162543063635
39,-0.6048381373611966
40,-0.1756147435949873
41,0.5462265494172946
42,0.33153921368844763
43,0.05677368119076931
44,-0.1537492162694165
45,-0.841974234072429
46,-0.9250854909098938
47,-0.6736414366759202
48,-0.4923432614251655
49,-1.3614729934418701
50,-1.0408355661132074
51,-1.2348211295985068
52,-0.5600394046647139
53,0.1474417388479976
54,-0.0030703320881619867
55,-0.8352989980362824
56,-1.3160276450144615
57,-1.1780339730155909
58,-0.6809150104283179
59,-0.9288049265551268
60,-1.1947662792434088
61,-1.6068646658558894
62,-1.9821627804658681
63,-1.9206932810012067
64,-1.6170959090529902
65,-1.02967463397452
66,-2.1267581311760875
67,-2.090941318017192
68,-2.231278061076425
69,-2.252037743628943
70,-2.54790018710056
71,-2.499354145114119
72,-2.323025567402348
73,-2.2438599547115246
74,-1.3605204862340847
75,-1.0888420193282733
76,-0.9159787294669819
77,-0.6448254119826635
78,-1.275476387190555
79,-1.290811205682807
80,-3.828461193726662
81,-3.4863478091323508
82,-3.3318721525267825
83,-4.0973018718116645
84,-4.417578913216735
85,-4.272876092528155
86,-4.184343773400334
87,-4.27668354349292
88,-4.607274231963898
89,-4.595901072943265
90,-4.476589165906519
91,-4.010972262092139
92,-4.422524144778173
93,-4.524777007867731
94,-4.219820055105905
95,-2.9340945898179593
96,-2.521241971684429
97,-2.9296155726205475
98,-2.681568913817123
99,-2.761493986882513
100,-2.9438950653251417
101,-2.670285917624071
102,-2.537435611891581
103,-2.2763245655203823
104,-2.4865360055770003
105,-2.389495675907305
106,-2.519760463084564
107,-2.6417201544203905
108,-2.2470648295033646
109,-1.8684822843073712
110,-1.8818755816366495
111,-2.449395509389185
112,-2.5191013946665675
113,-1.754325388173128
114,-1.6898726045387114
115,-1.6301886382527941
116,-1.645966280044997
117,-1.1179863273693358
118,-1.8616793386293629
119,-2.163284150051681
120,-2.6558761555226185
121,-2.877660458712261
122,-3.1223333137331832
123,-3.069977204039065
124,-3.2742095699799134
125,-4.170998230797163
126,-4.339717951406796
127,-4.678448608708974
128,-3.65163225693802
129,-3.1486068170694104
130,-2.3018150808506888
131,-2.6624857277530722
132,-3.6568990585454486
133,-3.105629939120047
134,-2.067437539542971
135,-2.051097677810021
136,-1.963381435057332
137,-1.611697468428941
138,-1.5222205107402909
139,-1.7521023586155149
140,-2.134581585314832
141,-3.8023414002465894
142,-3.265938081261688
143,-2.9945007198204587
144,-3.159222830313324
145,-3.866172423523262
146,-3.810770121179119
147,-3.5862566133219587
148,-3.5220322849604635
149,-3.519575030401123
150,-3.1669591269569364
151,-4.364031945794888
152,-5.251665380843107
153,-5.210250537056038
154,-4.8061311451955575
155,-4.1007175180829964
156,-4.4200061390666345
157,-5.284150780483666
158,-6.107141001453121
159,-7.0542563561016625
160,-9.844329059453216
161,-10.342391425807552
162,-9.709988841090244
163,-7.618200337039616
164,-7.6335740444364415
165,-7.312664797144075
166,-8.919492830922538
167,-8.65319797080465
168,-8.364241584136135
169,-8.898662706275505
170,-8.640163015586799
171,-8.11360701261078
172,-8.75563886236488
173,-8.877285921397071
174,-9.617459632189096
175,-9.519689849484525
176,-8.861421379794121
177,-8.986197254252026
178,-9.541873371961962
179,-9.829252637111264
180,-10.863260242555228
181,-11.084849287725973
182,-11.85965819656637
183,-11.134363824323735
184,-11.371803130419556
185,-11.005217671918889
186,-10.383562427463389
187,-10.387077729201321
188,-9.614399274299645
189,-9.296009842744478
190,-9.234422928764918
191,-9.300771054071355
192,-9.382651874973769
193,-9.160226327379029
194,-9.120130661644389
195,-9.0392137887084
196,-9.43125582867933
197,-8.802594342609938
198,-8.695425165690217
199,-8.232159306607322
200,-8.367435036737147
201,-9.666204686539581
202,-9.997078437390227
203,-9.725565274652881
204,-8.977961269077605
205,-7.28439358174191
206,-7.231196259374462
207,-7.448858246909684
208,-1.745613356318887
209,-0.7604898777243019
210,-1.1746815308427694
211,-1.130902778881837
212,-1.0615736869792225
213,-1.023126710310196
214,-1.773047834532937
215,-1.3650751006740736
216,-1.27224284487093
217,-1.541310889368952
218,-2.532872908138628
219,-1.4368948710012153
220,-1.4853547779388299
221,0.09336665584007697
222,1.8225282323153236
223,1.6843276780665217
224,2.6390751421481617
225,2.2286205895277744
226,1.4836082887269564
227,2.000515712906381
228,3.285014854598134
229,3.269447015602145
230,3.7405752011358873
231,3.041225370166911
232,3.095207999089755
233,2.870034001261046
234,2.3413274414931573
235,3.31902643536246
236,3.0804184899297926
237,2.0805970886558
238,2.038233423958702
239,2.748780449434207
240,2.778810127836695
241,2.444379933661267
242,1.5713286166555651
243,1.975218769085041
244,2.083580523160067
245,2.1794451074800936
246,1.8151807788326035
247,1.659680870211555
248,1.9659989104000575
249,1.4113651665353943
250,0.9470307115405863
251,0.5245795170598422
252,0.007771859748606502
253,-0.3924116933900268
254,-1.4682051681474961
255,-1.7193690936863848
256,-1.436826929936763
257,-1.136166751523171
258,-2.4899544946134666
259,-1.913377127517879
260,-4.642124991521501
261,-3.976896755367154
262,-5.032899659381151
263,-4.8303749662391375
264,-4.416440708260594
265,-4.901617570321526
266,-4.971646017070319
267,-6.86928825648997
268,-6.997367532369259
269,-5.8306629071152365
270,-6.236169631123034
271,-7.669445386801332
272,-7.9353653744929975
273,-6.877580923034488
274,-7.590989439303087
275,-7.765359724332965
276,-8.393906906450987
277,-7.220933674948171
278,-7.684688157757313
279,-4.212391280748696
280,-3.8643832167638115
281,-3.817891145367114
282,-3.646896610691308
283,-2.967347421988764
284,-2.136027716983624
285,-3.111137046895529
286,-2.992229024568349
287,-2.9507659126391417
288,-2.5948852588841387
289,-2.585165625879393
290,-1.3782087911871077
291,-1.7610211986245128
292,-1.4760521989132358
293,-1.272608061704783
294,-1.3885163759700836
295,-1.666137192182171
296,-0.5943902036280035
297,-0.6376950488873989
298,-0.29424079330004904
299,-0.4465229453070596
300,-0.4575776735557424
301,-0.2701174517751648
302,-0.2643500078528316
303,-0.12049020438159586
304,-0.19275236630049708
305,0.1424982255330276
306,-0.10605180635480105
307,-0.20518141636028941
308,-0.18519884350470806
309,1.1070140823832286
310,1.2344163714474776
311,1.1568994589437942
312,1.0038215930505023
313,0.7359970695892004
314,-0.5229039367026456
315,-0.04254775880090378
316,-0.5396644854149701
317,-0.34786264415936907
318,-0.1025252465585269
319,0.29356811084346734
320,1.556827061526267
321,1.7191839637791029
322,1.8930988178719632
323,1.5946535173076537
324,2.096057878027713
325,2.0259809524109107
326,1.9241881408375239
327,1.7121309708714394
328,1.5431396971506528
329,1.593475095363317
330,1.572918951075808
331,1.3805011212868923
332,2.2915135236874384
333,0.5860500171604555
334,-0.16933393186118195
335,0.2349639838240769
336,0.012696109446164172
337,-0.29629497207608324
338,-1.1069539821346952
339,-1.0873738526384957
340,-1.731956817314828
341,-2.0203451357047153
342,-1.716505576035765
343,-1.066560913824821
344,-0.11511287314021068
345,-0.3268461379006604
346,-0.8822373521890636
347,-0.7504083331321576
348,-0.8073404926376981
349,0.5884273782316374
350,0.6729259525388276
351,1.3605634370391195
352,2.7291166397442224
353,2.3541596226490213
354,2.036181847981555
355,2.0203513175242938
356,1.848835049835884
357,2.0592812519138137
358,1.8828438720734475
359,1.5070741635334395
360,1.2807848870016292
361,0.08957623693448546
362,-0.018519302482555844
363,-0.7313931156114117
364,-0.7206566363785472
365,-1.0758607049345503
366,-1.3941126540702786
367,-0.44526527108624814
368,-0.6694575927781998
369,-0.28468111931535534
370,0.300087015448125
371,-0.8801692043278297
372,-1.3635768635891554
373,-0.43392724755307865
374,0.5439278692507044
375,0.9076622998701822
376,0.9965094941185582
377,-0.20876785784097462
378,-0.3606680684175467
379,0.031532212976115304
380,-0.6570830568125352
381,0.0026331689930048086
382,-0.300224148818351
383,-0.38279444507285376
384,-0.3906945241990645
385,-0.5661476854456726
386,-0.7121789001089507
387,-0.9434735131459426
388,-0.9536198976091925
389,-1.1280405078354594
390,-1.2981753903689386
391,-1.421442745855106
392,-0.9964790890248931
393,-0.9003816621794947
394,-0.7796786892653729
395,-1.275133839490561
396,-0.8779826175390415
397,-1.249851425102333
398,-0.839267901531604
399,-0.6175446547864616
400,0.5780693275499571
401,0.411274363999925
402,0.6585307548779173
403,0.9439108616286607
404,1.1392517092395416
405,1.1201024303502338
406,1.4924342152721648
407,1.4399415496934465
408,0.7682141879111315
409,1.249643645254217
410,1.368478702257514
411,0.4217221820386863
412,0.3869479019756872
413,0.16394149453220486
414,0.3876250506512413
415,0.49310387604799555
416,0.5089569559360907
417,0.9142861680529357
418,0.07567470738467641
419,1.277034559824397
420,1.4715833983059312
421,2.880945864612716
422,3.036653874412143
423,2.924387982998189
424,2.787407768224659
425,2.751566115619797
426,1.5902862831896236
427,1.5963278722334717
428,1.840782683814579
429,1.5749918762798742
430,1.5417015717222426
431,1.5868281145239083
432,4.1937407007701655
433,4.303691837053392
434,3.5016657881043356
435,3.089398889520978
436,2.681462828319492
437,2.5796268852668947
438,2.389226707870118
439,3.0175923772497226
440,3.1808844130801317
441,3.413444926467535
442,3.416398560285483
443,3.204931412937362
444,3.0983736089730263
445,3.3864146707552445
446,2.689010698919181
447,2.4814161184638417
448,2.379926811874422
449,2.32939969060042
450,2.2906958358771545
451,2.792192599150023
452,2.4957408878514498
453,2.297016766345217
454,2.319821749086204
455,3.454104436783645
456,3.272522817458756
457,0.36842667877894364
458,0.5492786096442215
459,0.9401623295518746
460,0.9081351696175188
461,-0.40120583358574935
462,-0.7025245374462141
463,-0.7144690531991738
464,-0.7296203234239518
465,0.602564484877055
466,0.2191713068254053
467,-0.05462961191304849
468,-0.7484998233900364
469,-0.915923215451131
470,-1.041623687438653
471,-0.6412702609871923
472,-0.018058247235253067
473,0.013082955363818982
474,-0.0908795424918063
475,0.698373268775998
476,0.6507368189253571
477,0.6597707621990745
478,0.5531940871875474
479,0.6394442503668829
480,0.9103367618557678
481,0.32880762600762115
482,-0.0700878587470588
483,-0.6021408357964941
484,0.23867600738640693
485,0.4262962683682314
486,1.1029439154455423
487,1.0318252561874575
488,1.2746264511576344
489,0.5827990768810132
490,1.1732493488344042
491,0.8981920420100487
492,0.6361507025366864
493,0.35717702474491464
494,0.6756421506490362
495,1.0795096270836746
496,1.2071817089703396
497,1.0881571340023655
498,1.2175389076688692
499,1.3431433917838742
500,1.32557490806251
501,1.403877195858061
502,0.8393357767511045
503,1.7688973092568006
504,2.6661783163463904
505,3.12993707661815
506,2.9693194297813585
507,3.4150117782081324
508,4.194645162946409
509,4.099670667868005
510,3.9529850468144945
511,4.1428037246202365
512,4.204466791499639
513,4.053831305100775
514,4.03617853821665
515,3.8374975247137844
516,3.901747554400692
517,3.9013764435330334
518,3.969471273596259
519,3.743285499564286
520,3.5096944968699084
521,3.7210738288825373
522,3.921736500516637
523,3.6455540916358498
524,3.643470185244002
525,3.782367495956618
526,3.887009626728921
527,4.133697211955711
528,5.298655575701394
529,5.380175477008597
530,5.670775616876478
531,5.950640497286797
532,6.295801511975152
533,6.240615114405301
534,6.726657810361458
535,6.560498829994166
536,6.955386194715563
537,6.949241062767442
538,6.786231466579107
539,5.8602065483330135
540,5.769577735334597
541,5.965378890116058
542,6.270513229603725
543,6.150392681941952
544,6.14490805261263
545,6.093379175173164
546,6.171489187205448
547,6.168399921087642
548,6.103077434905546
549,6.133068507440598
550,6.177484253455923
551,6.229801810433044
552,6.304541136012198
553,7.1601674666156745
554,7.206283813683645
555,7.165366785542715
556,6.680854002589598
557,6.442627168033055
558,6.409181269298969
559,6.344892283007275
560,5.951954436254203
561,5.984757627627024
562,6.198673290403023
563,6.434254504976988
564,6.46258525864698
565,6.588989107765841
566,6.424108570379228
567,6.16939470173663
568,5.890861406334436
569,5.77161165466602
570,5.826879122938067
571,5.693550969712979
572,5.78002836639262
573,6.350402448322234
574,6.588487392913489
575,6.653215327337003
576,7.059911822092402
577,7.065301026189408
578,6.952005658446647
579,7.837438519078788
580,8.514401040428087
581,8.296478958240328
582,8.519466309937918
583,8.334204082006158
584,8.320635290885159
585,8.7690308498932
586,8.662884630309332
587,5.939766166445293
588,6.323197845979789
589,6.232738178220787
590,7.052463009693044
591,7.011495576912585
592,7.614218387184457
593,7.739979270009489
594,7.629412732807084
595,7.970169267008087
596,6.784189295785725
597,6.197305317555157
598,7.116258233600492
599,8.785955414982727
600,8.860945410457832
601,8.85375883121804
602,8.962095549239525
603,10.242087330943672
604,10.11805123042655
605,9.554378661853136
606,9.622934940945061
607,9.681531905501695
608,9.628445858726664
609,9.518726433336067
610,9.947130549962813
611,9.518400265616588
612,8.7562102483004
613,8.541456414756677
614,8.460887717325827
615,8.39202709204434
616,8.325870492670106
617,7.881662551450752
618,8.304749351815488
619,8.457175160780306
620,8.618943504886278
621,8.476041233739661
622,8.446002413831355
623,8.801662823818447
624,8.373327519677186
625,8.713794101591832
626,8.85368849403363
627,8.9747917992703
628,9.533674642896383
629,10.509466278287217
630,10.384190006040761
631,10.269189050602767
632,10.484563280798742
633,10.756084581278191
634,11.093561361732029
635,11.286906338115376
636,11.585910843892266
637,11.635182202782435
638,11.843509996475476
639,12.33536199999008
640,11.894307526762859
641,12.018566034997935
642,12.60677158277106
643,12.33657495967
644,12.740513900911864
645,12.730930541259088
646,14.032365188629981
647,14.997565035604588
648,14.907629008767165
649,15.184294738571502
650,15.329160048638402
651,15.13232499826691
652,15.362986480859986
653,15.479501098819103
654,15.572593282958413
655,14.928964829313784
656,14.664865665134851
657,14.797246421281551
658,14.881888170608581
659,14.846957775614333
660,14.02013888193585
661,13.908605612343328
662,13.920383074895826
663,14.809102878207447
664,13.839274477613262
665,14.489157524795072
666,14.617812580357192
667,13.470463581871694
668,13.474488390225092
669,13.505945513285456
670,14.741258299042336
671,15.745365198584317
672,14.362179702769051
673,14.461542854045973
674,14.97966718925614
675,15.230793463317504
676,15.826361351631535
677,16.449882822730434
678,16.263973877886183
679,16.96281126519481
680,17.028875779160167
681,17.440798235435985
682,17.13190429791438
683,17.052188246023125
684,17.05627319360028
685,17.32188519486817
686,16.639803288628773
687,16.2502810004556
688,16.494846166352684
689,16.676780969652683
690,16.945140834022165
691,16.990095873352185
692,17.4616979826137
693,16.94457383409118
694,16.92775807204958
695,17.076128506490008
696,17.439503581663306
697,19.301377973058088
698,19.267134607967563
699,18.925005908081726
700,18.886585967548662
701,19.72787733556254
702,19.518467516587414
703,19.429290903868292
704,19.078164052132006
705,19.107523771693113
706,19.394188000299927
707,19.14545967719894
708,18.341919567414067
709,18.168617214912253
710,17.597254955976595
711,17.100980336181415
712,17.685303752074443
713,17.744102660005503
714,17.605711754494237
715,17.56846924199815
716,18.024223139473584
717,17.81556081166331
718,17.59638396721346
719,17.379033789005803
720,17.195240639692265
721,16.553954176926734
722,16.15272826547436
723,15.990963873449427
724,16.54579029101779
725,16.55604960398871
726,16.51395518285119
727,17.0948697222967
728,18.191017980092596
729,17.84864392729728
730,17.332429508941026
731,16.872609513198444
732,17.310511550080744
733,16.781808633549232
734,16.31028122026732
735,16.697945556180205
736,15.601591362960887
737,16.012662653729425
738,16.495260750864603
739,16.209669714141505
740,16.229035342101383
741,16.077280172425958
742,15.864841399987629
743,15.715105309128008
744,17.022593857069566
745,16.5865315085167
746,16.153016159577426
747,16.77365681402623
748,17.17735147099193
749,17.11400553805815
750,16.410914250167362
751,16.895739997977376
752,16.896064276116498
753,17.836968745527003
754,18.33848515994234
755,18.545066620592564
756,18.922542410064523
757,19.8686967380727
758,20.225551638520823
759,19.27467449226561
760,19.644343227127557
761,20.227979042582824
762,20.661140921956278
763,20.54789554981291
764,20.471233822262946
765,20.33608017640023
766,20.22140099432952
767,20.449899995528153
768,19.8215134984143
769,19.532541753458798
770,20.26018596777057
771,19.599032924472294
772,19.37632381435148
773,19.486381166397248
774,19.078574856276266
775,17.47164409875466
776,15.96202893324945
777,16.570927799474443
778,16.027005818783824
779,13.543839223951636
780,13.629087066113721
781,14.871140772193648
782,15.274628373764587
783,16.445920206004416
784,17.220523037319268
785,16.680072851262494
786,16.65179001992536
787,16.877873769351215
788,16.881072200458714
789,17.62398664099898
790,18.112372583321633
791,17.229939309984733
792,17.443701185422956
793,16.66429325230101
794,16.58525397513564
795,17.045307131494923
796,17.306519723276903
797,17.14823219703563
798,17.691622761787286
799,18.310266638575246
800,19.346925325661246
801,18.49593115400152
802,19.448183852763435
803,19.758402727647262
804,19.5965720812894
805,18.918787014690853
806,18.765653740920385
807,18.852713947820597
808,17.10585635512882
809,16.62701489342475
810,17.39712532905775
811,16.217472800040778
812,14.736360991507414
813,14.991907048788566
814,14.909045612498883
815,14.872298859867406
816,15.062835191975266
817,15.093302250688968
818,14.581895492188114
819,15.43750781364266
820,14.945575884170982
821,14.732047162098194
822,14.734664400230724
823,14.889790582305906
824,15.167780742901193
825,16.725935460958418
826,16.904540138046052
827,16.77103750869189
828,16.53420446464309
829,16.404852281740624
830,16.455278182922783
831,16.455278182922783
832,17.235231938446695
833,17.82176768986854
834,17.86668854621043
835,17.8767204345762
836,17.36988615300472
837,17.426652945539757
838,17.377015725311253
839,17.53763970781208
840,18.406748986611056
841,18.345066801468235
842,18.99578186864359
843,19.429234641407376
844,19.642547720844906
845,19.49283364559651
846,19.48768715258804
847,18.93048192714575
848,16.612778039564912
849,16.41788898358776
850,16.475701657929797
851,15.815759218875725
852,15.54423303234378
853,16.596453938683098
854,16.09123784734823
855,15.06649621474423
856,15.652919439723867
857,16.438621625977756
858,17.04850276537071
859,16.946730231719908
860,17.192077376413927
861,17.077341801821987
862,17.229229836464132
863,18.023930691211575
864,17.642315440748103
865,17.830195424795004
866,17.890705012781783
867,18.054372499389792
868,17.799444202402228
869,15.583014086467273
870,15.734151567123211
871,15.261849811828032
872,15.128952009902342
873,14.450767255950536
874,14.469442499116214
875,12.579090740411992
876,12.329137749680253
877,12.436266228108472
878,12.937903398675555
879,13.046692468508692
880,12.852622080894571
881,14.456477048126516
882,14.707155036830976
883,14.598456403660244
884,14.608478047067264
885,15.218988148914935
886,14.660304689570115
887,14.817712963972607
888,15.487955530570918
889,15.467825747198493
890,14.865864281959485
891,15.058039690245906
892,15.091245678359378
893,14.603897389482023
894,15.525416305902585
895,15.232907052086308
896,15.117024809178513
897,15.072098094466968
898,15.04381108435393
899,13.952811949697708
900,14.376951528156567
901,15.051188712886997
902,14.48237452796981
903,14.024772728447532
904,13.376038938983225
905,13.311131899219731
906,13.360655378665243
907,12.934780902877275
908,12.776308708584683
909,12.216678116671398
910,12.52811940247829
911,13.505518830867903
912,13.075547308880875
913,13.110891184968043
914,12.144069888597508
915,11.599025828186527
916,11.848403288566644
917,12.519936701433721
918,12.201033012209205
919,12.29051992946757
920,12.150467893319462
921,12.310901676583752
922,11.672990689924024
923,10.005204129480294
924,9.893076245914202
925,10.123980445476267
926,9.931862187390795
927,9.873524979554693
928,9.951653121537474
929,10.390718609756068
930,9.988465824702564
931,9.771742530371942
932,10.994913976600063
933,11.825314137407016
934,11.706724594312856
935,11.480964599998057
936,11.45329524999048
937,10.751914357490744
938,11.130052674880053
939,11.055487542348509
940,10.955274490706568
941,9.90587481984273
942,9.602457167257406
943,8.73590066808334
944,7.866232752198599
945,7.606039398223863
946,8.324204545358004
947,6.61612852310034
948,7.345775031889423
949,8.223726174042811
950,8.320648538447738
951,8.897285879368134
952,8.88713371410752
953,7.85007310717436
954,8.353886620354988
955,8.829487190128017
956,8.125033256006287
957,6.963509795530354
958,7.403680665133283
959,7.180152329355249
960,6.804364589670109
961,6.822282618850473
962,7.592062532000687
963,8.640205167590764
964,7.283963517784886
965,6.608818055049781
966,6.9693829597733625
967,7.211997590188801
968,7.497319468865826
969,6.9338088545169985
970,5.803222089252702
971,5.958557853734758
972,6.470171934539692
973,6.4645609586924335
974,6.483946040682009
975,6.145252525114153
976,4.7088334609121985
977,5.866526169768771
978,5.761882266254759
979,6.97686317149413
980,6.650557940825297
981,7.74798620172914
982,6.504351437064626
983,6.751625418409146
984,7.337071391476191
985,6.340854952670427
986,5.977249427185272
987,5.8867136549204835
988,5.792454628112198
989,5.609199635547246
990,6.09410741001879
991,5.866820632418124
992,5.486078105826686
993,6.373559252762173
994,6.357837568601643
995,5.648361804497681
996,5.216664217272049
997,4.826363883883089
998,4.600627594236251
999,5.007418841166089
1000,4.892991893668652
1001,6.097332778077513
1002,6.831621207769212
1003,5.7651929960647275
1004,6.947488609275498
1005,7.47305352200891
1006,7.677088646398111
1007,8.455534692961342
1008,8.995985923631844
1009,8.738296652389677
1010,9.033327412511682
1011,9.29291619736019
1012,9.769146439178588
1013,9.084168180814057
1014,9.698480523600207
1015,7.6280167127421805
1016,7.5142199567830525
1017,7.471476733995486
1018,8.068802594508352
1019,8.098834191620451
1020,7.920311365103827
1021,9.098906460795696
1022,9.978232508006691
1023,9.984019134319876
1024,9.5865637274666
1025,9.867376654116743
1026,9.528110606327989
1027,8.903761292706246
1028,8.703524945123231
1029,8.081033886662127
1030,8.292353006810394
1031,9.325578074222364
1032,9.348422723141624
1033,9.241405432159212
1034,9.367395026385195
1035,9.116949432924626
1036,9.540303416301455
1037,8.393995539851339
1038,7.964487454723113
1039,8.806088124680933
1040,8.690698113169649
1041,8.639177331690394
1042,8.409006665237762
1043,8.139866087990931
1044,9.196386307753656
1045,9.793066319471988
1046,9.650435399912727
1047,9.440374478194213
1048,10.856794601569275
1049,10.931785525669468
1050,11.154168139031185
1051,11.22660418682877
1052,11.635633192773543
1053,11.713699052699322
1054,11.58508133918652
1055,11.557111839903644
1056,11.399688670142671
1057,10.809124900738842
1058,10.457647029859807
1059,10.714548213779862
1060,10.55462483978362
1061,10.553455221743002
1062,10.873940448639296
1063,11.704244570422585
1064,11.806131623139816
1065,12.646363005723572
1066,13.784422655683425
1067,13.151157124283298
1068,13.503080322667627
1069,13.278188646894339
1070,13.149006811140929
1071,13.058125975740808
1072,13.024737578277822
1073,13.233756915618988
1074,13.262823645288723
1075,13.54554767528986
1076,13.570110786534517
1077,13.630593343307428
1078,12.901785300902047
1079,12.260872159484059
1080,12.0995651312642
1081,12.037686448813822
1082,12.253871865221488
1083,12.363103358828397
1084,12.238847586089019
1085,12.33645035358808
1086,11.669163271385475
1087,11.43413837031031
1088,11.004634259130587
1089,10.484759387504283
1090,10.337446798972483
1091,10.267199543876515
1092,9.437169029761726
1093,9.960451873473408
1094,10.035489473559611
1095,10.316500438721189
1096,5.320799944628507
1097,3.2086346159736934
1098,4.082338044175682
1099,3.369742844255885
1100,2.5284513818630616
1101,2.8931736388466023
1102,2.6330661007029743
1103,2.1101343388850724
1104,1.9915718371340319
1105,1.3503039487980706
1106,1.1948545989712622
1107,-1.2141145633493777
1108,-1.239871870713194
1109,-1.3479429665070986
1110,-0.3579003501784861
1111,0.2617019932459108
1112,1.521840436058941
1113,0.8035703759792234
1114,2.722027792971171
1115,2.4401933268631604
1116,2.7359646469511167
1117,3.028271474889155
1118,3.2055469556551586
1119,3.8631905978392833
1120,3.513056863793862
1121,3.8429097994541195
1122,2.472072944282644
1123,2.5670437039128524
1124,2.6252070324161325
1125,2.8357475623367767
1126,2.940127419714922
1127,3.1408321960307406
1128,3.2250871644356582
1129,3.0737368667234533
1130,2.660760825042252
1131,2.988684803783892
1132,2.9944794262132257
1133,3.1037649370893483
1134,2.884723535380762
1135,2.9120620651725604
1136,2.8128625393509132
1137,2.6193785128143077
1138,2.2897486482689855
1139,2.3234214671193243
1140,2.133797555650019
1141,2.5246603062585304
1142,2.7640092923204573
1143,2.596556175193876
1144,2.6198527221158896
1145,2.3687531046366006
1146,2.093928554827751
1147,1.6563646544752064
1148,0.9159163147846261
1149,0.6799937800878286
1150,-1.6953870863531395
1151,-1.585214979131766
1152,-1.7508288436542396
1153,-0.297677685211295
1154,-1.1983617955788284
1155,-2.0422946692310706
1156,-1.1026503352722372
1157,-1.3055027794799723
1158,-1.3960001268346178
1159,0.1336489128280105
1160,2.8832694068035014
1161,3.6379891001282916
1162,3.4473450374548964
1163,2.777323474062654
1164,1.8487524664993815
1165,2.6299323058593504
1166,3.038326806537972
1167,3.014783622978867
1168,3.2989418476709664
1169,3.2615899406625237
1170,2.514157097587111
1171,2.5581012078560006
1172,2.719583065453013
1173,2.3100736547738476
1174,2.7179919004519215
1175,3.4892841348418635
1176,3.944693834262103
1177,3.996899694035827
1178,3.5093126009652975
1179,3.6561642525509086
1180,2.8512586046961275
1181,2.718124179933512
1182,3.1975694969299084
1183,2.4100411646015285
1184,1.684992046064604
1185,1.3163990874344167
1186,2.5506476706235404
1187,2.7534935873041677
1188,1.290498049471256
1189,1.8125895323413133
1190,1.3760343582819967
1191,1.3892921793739799
1192,1.7481278482087914
1193,1.7878921067248532
1194,1.0798299302819947
1195,0.659693212591006
1196,0.7870851237188337
1197,1.091196456332466
1198,1.3899459522896507
1199,1.3952632093820805
1200,2.302138357436956
1201,2.4407257212248235
1202,2.363337854854297
1203,1.9971917632298997
1204,2.2614961221808727
1205,2.190264656346841
1206,2.446166667977856
1207,2.1831133884342435
1208,1.7649927072389993
1209,1.872085292323078
1210,1.6282809877269822
1211,1.6788674669413473
1212,2.2962230574709253
1213,2.830343605656216
1214,3.6485752042465958
1215,2.1842554456560803
1216,1.9466827376562135
1217,5.630073661448276
1218,5.997897545029174
1219,5.520407669529326
1220,4.909671572246221
1221,3.6004102365370105
1222,3.368409689324814
1223,3.0753775491567215
1224,3.1398043271023246
1225,4.817797870483198
1226,4.993598356539941
1227,5.20585461316363
1228,5.449174137383128
1229,6.432506784665182
1230,5.924501005239291
1231,5.84098005678666
1232,5.5339159214379485
1233,5.63212034916265
1234,3.7016785545649133
1235,4.648425917343224
1236,5.013442098468013
1237,4.896357343535818
1238,4.631349064674106
1239,4.611444676301413
1240,4.803813029544202
1241,5.766815712627138
1242,5.633563942755937
1243,6.402576566687412
1244,7.050222966098452
1245,7.140373443905923
1246,7.955922336988563
1247,8.129488808651786
1248,7.842224263143516
1249,7.819180383608693
1250,7.709767165399595
1251,7.458079035604714
1252,7.47537925243289
