,Portfolio Value
0,11829.022775846743
1,11846.436802210963
2,12004.482055767536
3,12232.665390452092
4,12095.030061654426
5,11769.36373283547
6,11707.700243258414
7,11549.629420327588
8,11517.090337738842
9,11714.841832887018
10,11758.088160955138
11,12097.274325784052
12,12171.080521637701
13,12321.838070461861
14,12150.645116767413
15,12071.344302596994
16,11737.68973633264
17,11733.143728177507
18,11614.722499406531
19,11603.981143793202
20,11593.477639327284
21,11616.338937130862
22,11632.370951930954
23,11381.11326334992
24,11546.974736746255
25,11774.627761137304
26,11530.155433975291
27,11073.981531010733
28,11431.219588715512
29,11272.839545221846
30,11202.481024650337
31,11201.775553759064
32,11300.408122449908
33,11146.19744285287
34,11224.091859299999
35,10996.539848401668
36,11117.471022621367
37,11023.912390715579
38,11070.059354852263
39,11149.673021994666
40,11221.19204308572
41,11535.1370144035
42,11480.78639101335
43,11389.507488592111
44,11311.41309162042
45,11024.882755195977
46,10976.379322784198
47,11031.441778744382
48,11076.036796420965
49,10954.571874315317
50,11375.291606092107
51,11545.249827107793
52,11484.124973863645
53,11692.120190462789
54,11536.157526812365
55,11251.185235694575
56,11139.510975670919
57,11236.648938179276
58,11398.630369403292
59,11312.805325896123
60,11441.873807276586
61,11315.191106922002
62,11081.181453322568
63,11099.937624599866
64,11556.309771575266
65,11849.253124024699
66,11661.686183613714
67,11688.533998319384
68,11613.262455633736
69,11465.211912322513
70,11253.85271482474
71,11300.480733619579
72,11474.321352092735
73,11521.782971266488
74,11584.362318442214
75,11541.124101299834
76,11775.858640547338
77,11959.035989705006
78,11885.940587742096
79,11876.263766499906
80,10906.414477186652
81,11019.021450713406
82,11080.989538630323
83,10620.272365022107
84,10378.157637494707
85,10554.220914052605
86,10554.810980994383
87,10433.652875991515
88,10380.099739247735
89,10340.934576737036
90,10394.365547272417
91,10531.652249235467
92,10440.236776019578
93,10521.381462033052
94,10641.123232242122
95,10886.86565676354
96,11073.480701944773
97,10891.086751254199
98,10958.06354672824
99,10897.492310950496
100,10762.894993750064
101,10950.221663041391
102,11041.968269098146
103,11072.84157886487
104,11085.712961117844
105,11151.816006464678
106,11012.61073915345
107,10978.55106908816
108,11086.50603638816
109,11191.447293789803
110,11224.698436983339
111,11112.055983673452
112,11082.207933481885
113,11315.74042701194
114,11371.943474536216
115,11383.7873292324
116,11328.055070052793
117,11441.239927644037
118,11347.994108549456
119,11204.452654276982
120,10979.036973814824
121,10839.565433950778
122,10761.979816634737
123,10753.635559221373
124,10664.309256769893
125,10264.4239690602
126,10182.966574790118
127,10034.430575275434
128,10203.0997134585
129,10233.91892853091
130,10519.96662953161
131,10416.62887623074
132,10165.760679399891
133,10354.4152259145
134,10771.23006995013
135,10813.702519240207
136,10952.680160721868
137,11116.79062817555
138,11211.878128161447
139,11135.757673923677
140,10690.601413826967
141,9207.015694888372
142,9307.145580665574
143,9531.073725735438
144,9445.136691506834
145,9268.083971037042
146,9322.102768273933
147,9435.88960572446
148,9512.115386186593
149,9582.941147074578
150,9636.811797196324
151,9198.024403473552
152,8846.041001664256
153,8860.649113490255
154,9016.426919911572
155,9166.76263730627
156,9093.32248970427
157,8926.18344852887
158,8649.657666283507
159,8412.396033153456
160,7782.332862103161
161,7571.153497725481
162,7853.335904758912
163,8355.142178823542
164,8356.341951059076
165,8127.397504034192
166,7917.644952029589
167,8151.773020213474
168,8202.081369589698
169,8042.25685385919
170,8156.008121684949
171,8260.24449358213
172,8083.04710822137
173,7942.347418192879
174,7789.952752313046
175,7798.515332024925
176,8252.039709358873
177,8091.011301137271
178,7860.376971675756
179,7764.641484774791
180,7509.953053773569
181,7337.789401419388
182,7323.91751097409
183,7421.648944965695
184,7350.246978768988
185,7547.9769376965205
186,7615.5324771064015
187,7602.11992100849
188,8183.766110935516
189,8242.664459401125
190,8256.006202056886
191,7998.572366544761
192,7815.456045866591
193,7977.382495784497
194,7973.030287729405
195,8096.510024517868
196,8007.853805087633
197,8281.831434024562
198,8318.413787026542
199,8496.458385582097
200,8420.162045346375
201,8226.437556988618
202,8373.81527432747
203,8578.690689033407
204,9013.868514395246
205,9389.580307360271
206,9336.50700792022
207,9150.09940906733
208,10123.686182378884
209,10520.396347442384
210,10379.62963289403
211,10657.076669065562
212,10702.9776218972
213,10767.947731862883
214,10449.619980132087
215,10588.051670649318
216,10711.800930254825
217,10643.217639636128
218,10408.356969036176
219,10651.311994643358
220,10558.5393818326
221,10968.094860834013
222,11139.05132972668
223,11080.864572564418
224,11140.058403497806
225,11029.629371827581
226,10850.827865137882
227,11051.704952194512
228,11655.233748669372
229,11462.982483503982
230,11349.975536246242
231,11168.171942964436
232,11207.708186696542
233,11218.368910130202
234,11029.51029650451
235,10799.641843966096
236,10771.066157766127
237,10459.268743661249
238,10451.038769067462
239,10708.46333157619
240,10724.91683449821
241,10602.666888880407
242,10360.16688829293
243,10637.296024006024
244,10630.82277638141
245,10613.644689689234
246,10482.897376815046
247,10425.281751976494
248,10524.738299363642
249,10383.273567107713
250,10224.722989581867
251,9959.924096777671
252,10117.388388089583
253,10018.325975513171
254,9445.115038637723
255,9274.139419944546
256,9238.553598420604
257,9364.643711506913
258,9006.278763052349
259,9297.271732997442
260,8862.936932588162
261,8965.79854915292
262,8865.600198284494
263,9088.563398668535
264,9182.152772375786
265,9010.12370123309
266,8990.994262798356
267,8530.212630097723
268,8464.325562262056
269,8779.397472828385
270,8674.789154412065
271,8332.787166737071
272,8236.58608616282
273,8253.160338641532
274,7911.915869686318
275,7882.396965102902
276,7660.455088948637
277,7830.635675273211
278,7698.474736011793
279,8205.187828363882
280,8445.968930895171
281,8756.87769240059
282,8634.549061689282
283,8801.72585667637
284,9026.785568999518
285,8630.355163448437
286,8706.971062418146
287,8484.399758029283
288,9286.562982926218
289,9271.629215186933
290,9623.686156923199
291,9463.303841811927
292,9486.580966586811
293,9550.24248968232
294,9486.494417150096
295,9267.446574526733
296,9462.902015737316
297,9440.941403710296
298,9797.760074422627
299,9741.08517984001
300,9656.774729053363
301,9801.2509418355
302,9819.86196002352
303,10043.08899846875
304,10004.57888180557
305,10071.312015642827
306,9845.176039709626
307,9889.655584971573
308,9905.412893535871
309,10152.138759444471
310,10168.468417733062
311,10213.492827806045
312,10180.182241819437
313,10108.819701060276
314,9837.036950677893
315,9983.752046658794
316,9770.953316791956
317,9854.411330392795
318,9918.248906961038
319,10040.677129234924
320,10387.242541948792
321,10474.771888524772
322,10357.347742124388
323,10334.213084004214
324,10442.996510234343
325,10400.551304620725
326,10353.474133252113
327,10251.323488773181
328,10118.679558363428
329,10129.35833105787
330,10107.93710433535
331,10013.298096663433
332,10426.286276058658
333,9653.72754427764
334,9412.174687150413
335,9550.210215473602
336,9445.59178730359
337,9376.049735780141
338,9161.868259360628
339,8993.92847743525
340,8827.541511950138
341,8735.629543910756
342,8694.684799660094
343,9083.722489958936
344,9237.970797023987
345,9158.512315030963
346,9097.023661776357
347,9183.031233161653
348,9168.412437540197
349,9474.793888870776
350,9519.846643116753
351,9575.54353575914
352,9958.86071238792
353,9642.893444831992
354,9522.834818035011
355,9505.587484579715
356,9412.196123926295
357,9458.943929615858
358,9289.35974782701
359,9181.768304990332
360,9189.680721678957
361,8952.00862423487
362,8917.725846708523
363,8768.352452186089
364,8776.863990866615
365,8985.12210793587
366,8849.712984061554
367,9052.189303238645
368,8872.006644911582
369,8850.92618673008
370,8948.568303841927
371,8649.031782829901
372,8518.295076594773
373,8700.988711726155
374,8943.83659434951
375,8991.073046719473
376,9005.08581646968
377,8824.306698302615
378,8798.767091668564
379,8886.595007105605
380,8697.348481969462
381,9064.11908204451
382,8957.480734431389
383,8914.302204326628
384,8940.268120170847
385,8843.6200276238
386,8934.99851964414
387,8750.974554216757
388,8713.912302728726
389,8722.290849238425
390,8689.672837613067
391,8664.84662981161
392,8838.496227985177
393,8912.656490630614
394,8929.86976157014
395,8630.091631017143
396,8780.35914552214
397,8670.213557039897
398,8743.720815579869
399,8763.913842897342
400,9014.107820091234
401,8964.824795207063
402,8932.618534517229
403,8946.259017801478
404,9049.624952880282
405,9044.628170151478
406,9291.766797708502
407,9306.76407846342
408,9270.524075656078
409,9408.249244137549
410,9510.402334811079
411,9324.366465295017
412,9311.012132532329
413,9210.714568858206
414,9275.783982729907
415,9309.29631003357
416,9313.095283051323
417,9399.87385267259
418,9167.972336768726
419,9445.520531380056
420,9514.172919480297
421,10078.326179647325
422,10094.429156502552
423,10019.758788088231
424,9754.449319092364
425,9852.226777675516
426,9732.630727066513
427,9742.319020357747
428,9956.898604462001
429,9875.2900881336
430,9865.392121181128
431,9937.19391859719
432,10423.572095003097
433,10408.156826349667
434,10216.052970343499
435,10070.320680052195
436,10160.112928805007
437,10015.79495148067
438,9733.519704698734
439,9727.481907519552
440,9801.715636792791
441,9832.032502424217
442,9833.46107070087
443,9696.715127460526
444,9607.852152095304
445,9679.341611141184
446,9455.875816454345
447,9378.147141017867
448,9327.701597382691
449,9365.782319292013
450,9339.184931597372
451,9368.250852326737
452,9392.258977184674
453,9341.649139012907
454,9402.473688987106
455,9609.749763253718
456,9413.058112857416
457,9195.640942736563
458,9300.230045468294
459,9515.015102102345
460,9396.698118390928
461,9232.793002407023
462,8981.761541212023
463,8972.439847844176
464,8926.520933262998
465,9132.159033593742
466,9090.60952964277
467,8973.920318930008
468,8712.447612253183
469,8680.725633910735
470,8612.30438877126
471,8739.489716052058
472,8859.712354331852
473,8857.043152282098
474,8769.228562345828
475,8837.596389381935
476,8795.488525097122
477,8759.23952505066
478,8788.6387282969
479,8907.116986803163
480,9019.043704997095
481,8902.92456205429
482,8704.242736459973
483,8626.183077375477
484,8756.019211666418
485,8797.288247154322
486,8998.840559410155
487,8923.24375768397
488,9074.928466699315
489,8954.761825831876
490,9110.334185658574
491,9021.581683904024
492,8821.29691494952
493,8768.943199632531
494,8709.237482176428
495,8788.301292068132
496,8723.08349530963
497,8670.459329773543
498,8714.644651459626
499,8771.384302143466
500,8797.24236933171
501,8844.963002332497
502,8740.766655114627
503,8940.789720377341
504,9129.786924952567
505,9409.68067611749
506,9352.633580853804
507,9395.684368112163
508,9558.68197302585
509,9510.593616298695
510,9430.896106860977
511,9388.666204976387
512,9410.973901655932
513,9387.406742921083
514,9365.225448486088
515,9237.136151783021
516,9363.970641042568
517,9366.82195397575
518,9392.73621990318
519,9316.547976748092
520,9270.708136678031
521,9306.220025614892
522,9332.191521334613
523,9268.541706166416
524,9253.191050485304
525,9343.182527143643
526,9468.850822112316
527,9496.196837939651
528,9698.749808905715
529,9705.012201251695
530,9824.117668211096
531,9849.63553093331
532,9782.645834062238
533,9820.177605123967
534,9893.275136747598
535,9897.046095301397
536,9927.34015851288
537,9944.71758726992
538,9874.108767067899
539,9403.660894397697
540,9297.736481245598
541,9357.596684224545
542,9419.020573812664
543,9373.783375080866
544,9343.879870308583
545,9319.280182645423
546,9336.36909003892
547,9342.396639424416
548,9315.58406635066
549,9287.760138166515
550,9311.82306115361
551,9294.090872921146
552,9257.503302175819
553,9493.231018219372
554,9499.597384010955
555,9474.495151348612
556,9227.784308618802
557,9139.459805960192
558,9140.02873337099
559,9076.767103237642
560,9099.773416340968
561,9141.622097100571
562,9187.204803314595
563,9271.696287226678
564,9280.239492503393
565,9404.864766079174
566,9411.460987538429
567,9295.332498851403
568,9310.153912205873
569,9260.635586059985
570,9346.017187202915
571,9282.981274689822
572,9310.467378665366
573,9272.600023297076
574,9308.879997432878
575,9367.208660648475
576,9545.6576171057
577,9586.238741408311
578,9555.22848109583
579,9664.507548132151
580,10028.258022714328
581,10008.790232637484
582,10048.977450962437
583,9680.42094889234
584,9671.770222836838
585,9610.488110543176
586,9561.971537286801
587,9509.042457585712
588,9577.777539838888
589,9555.708096033102
590,9819.663003021435
591,9844.35197431114
592,10004.37592190109
593,10026.264246134371
594,9987.40487697205
595,10226.564425899101
596,9995.77168245088
597,9812.095673027312
598,10124.588626372937
599,10283.377318626097
600,10294.078300659829
601,10237.612422713326
602,10302.11511663671
603,10244.144348568574
604,10218.42499582962
605,10013.4684759035
606,10072.957061001654
607,10090.31786320323
608,10075.594876253987
609,9997.783321279174
610,10093.77442256323
611,9990.879397503348
612,9746.842806083996
613,9695.707525421078
614,9670.387488489467
615,9627.792407494862
616,9535.109493464151
617,9402.155578042979
618,9548.634335942348
619,9593.238619606747
620,9693.59228860448
621,9666.786180704144
622,9612.535117629866
623,9631.779274517308
624,9483.102640098703
625,9576.428690014265
626,9654.376607812794
627,9684.062691985067
628,9734.79741765281
629,9931.47268233879
630,9826.757756315776
631,9803.154965487498
632,9883.208100656
633,9956.587726574222
634,10074.901131284241
635,10095.927828473503
636,10180.645700186687
637,10174.662103438803
638,10232.57141262768
639,10315.395048595878
640,10317.328819845558
641,10428.96728846148
642,10688.82037198836
643,10608.191610494561
644,10828.987628110606
645,10820.709375788592
646,11755.281192508519
647,12062.416427112907
648,12025.307425839135
649,11851.533692483266
650,12127.698662390309
651,12058.417389319213
652,12119.193027789566
653,12221.236263777533
654,12265.427608450764
655,11881.730127990802
656,11899.077483034087
657,11912.577300435029
658,11985.481991175537
659,12023.826434114184
660,11760.825199036235
661,11738.813181764233
662,11825.145256285252
663,12013.213337457233
664,11949.780068568129
665,11954.845109838412
666,12005.124827141697
667,11724.442377600964
668,11757.9586635856
669,11906.7142000125
670,12123.431530900736
671,12364.453670041788
672,12004.937968616567
673,12072.183217803977
674,12360.5146892301
675,12177.338371312435
676,12402.159729830815
677,12607.490227837448
678,12544.57302027733
679,12600.003071632209
680,12510.91957763246
681,12702.798223617921
682,12633.816577525819
683,12636.14312350798
684,12674.86500520012
685,12755.429309997564
686,12463.640787998003
687,12530.099668986973
688,12695.71877643753
689,12758.213389832023
690,13060.897856618223
691,13106.433913538714
692,13050.867016922473
693,12897.679747427374
694,12958.456611029063
695,13068.96573960828
696,13295.217649291786
697,13803.326430068824
698,13700.928405208078
699,13647.82213274421
700,13787.109821095684
701,14292.012637092459
702,14171.877202277145
703,14108.140885323963
704,13895.221343014207
705,13913.57095086869
706,14037.102158292426
707,13937.310216020403
708,13851.534854565176
709,13745.053012904193
710,12715.264345561407
711,12564.706976324584
712,12919.475655331758
713,12988.441824883634
714,12827.12722162805
715,12801.025732703629
716,12951.344167983434
717,12897.499765686041
718,12782.008610749423
719,12719.920249354249
720,12595.89915981779
721,12581.656681870376
722,12459.220676260937
723,12407.472417456684
724,12686.167210545607
725,12684.879819024694
726,12675.055478100656
727,12948.717098493922
728,13216.440184156116
729,13085.44771609285
730,12939.287330767183
731,12529.387896842612
732,12695.683930617282
733,12526.621667564594
734,12259.824180222284
735,12367.79057724018
736,12329.135447233595
737,12439.307999224973
738,12533.276398233715
739,12477.353688996001
740,12442.339388341297
741,12447.35402145358
742,12373.870109420686
743,12439.405573400069
744,12809.003971067272
745,12543.78231173524
746,12433.218801792176
747,12737.732598886338
748,12720.393370299642
749,12660.363900202641
750,12637.5505341928
751,12514.32227083205
752,12489.10799281649
753,12860.105988763675
754,13002.715729840407
755,13034.871291160529
756,13006.308265321904
757,13277.539620279833
758,13468.822578587144
759,13198.568237536432
760,13267.375683875882
761,13408.500513584815
762,13632.367631822095
763,13523.422892805627
764,13495.774083790562
765,13544.11044349789
766,13480.51068487977
767,13646.35004208693
768,13655.411491570845
769,13470.187942037
770,13788.353272057679
771,13459.687878645671
772,12975.18455944795
773,13122.371085378016
774,12813.390558873307
775,12444.669466683401
776,12024.817977269753
777,12177.743702906066
778,11915.803547830843
779,11398.803803021616
780,11545.10775541103
781,11880.593286883006
782,12068.814875402477
783,12586.723210532504
784,13210.994707734591
785,13037.325465713826
786,13067.295061874393
787,13144.293419482166
788,13250.808096971083
789,13339.473140012149
790,13610.632985756049
791,13322.90437114795
792,13397.380743438709
793,13244.00601664625
794,13274.01216047825
795,13497.777032706092
796,13689.336558688654
797,13617.1698334941
798,13628.233892848186
799,13948.301187050352
800,14101.827363242748
801,13743.76734175004
802,13845.437848660638
803,14025.131462269297
804,13992.56285051749
805,13520.543953689505
806,13593.476151358476
807,13406.936887965614
808,12702.832486310652
809,12392.89387281121
810,12697.785121966648
811,12430.005304855138
812,12041.322458903001
813,12066.568284770552
814,11911.147361081137
815,11885.413604886451
816,12091.841559217759
817,12154.1739202657
818,11874.518795488282
819,12112.887601651166
820,12430.776902951575
821,12335.579355470281
822,12405.741111149326
823,12274.950033303112
824,12360.288027922095
825,12638.882786844551
826,12739.103476682772
827,12707.611628824903
828,12488.27845154345
829,12430.507284741581
830,12476.26971667163
831,12476.269716671628
832,12826.780197029191
833,13481.183983544333
834,13430.437614262915
835,13490.446985266022
836,13374.200040662108
837,13482.273780869136
838,13463.262877884928
839,13564.594225910307
840,14000.025236445737
841,13929.595779088051
842,14281.812696959563
843,14355.061655304944
844,14440.783445668081
845,14388.510767818823
846,14945.966755795129
847,14729.337180602435
848,13439.648121366547
849,12850.591484421264
850,12848.820556998444
851,12845.146405514432
852,12824.670771260988
853,13011.56299246071
854,12917.809796747013
855,12878.916459045355
856,12940.580003159257
857,13234.051018656632
858,13853.459643802858
859,13806.728995272493
860,13984.492317848908
861,13995.053554133367
862,13964.703053618909
863,14258.597222866909
864,14139.522274251325
865,14247.448762493097
866,14277.682486253496
867,14344.380784763707
868,14187.180424815919
869,13819.56243853204
870,13917.591509260605
871,13739.731645591988
872,13688.341133732709
873,13270.611774207722
874,13288.60481371309
875,12887.943722643302
876,12837.954124683329
877,12882.936764400418
878,13037.886991304893
879,13067.243594874157
880,12977.906083045857
881,13375.669199169117
882,13804.391480598746
883,13765.76411503024
884,13767.713881696656
885,14205.572548495635
886,13994.263173410045
887,14002.10302851579
888,14152.59171238252
889,14123.616021125541
890,13792.112752369045
891,13688.26117073201
892,13706.731292948669
893,13524.679489759284
894,13831.535952854487
895,13705.711798877697
896,13455.59925819769
897,13285.103561295644
898,13109.342221869012
899,12160.630863818937
900,12275.638815869774
901,12529.994477302625
902,12402.766390041506
903,12109.069638137265
904,11893.064577458805
905,11782.883863839841
906,11773.186091435924
907,11622.70557705727
908,11589.483364336988
909,11427.797778091619
910,11619.540170000519
911,11888.840849079526
912,11911.207585532184
913,11886.847695877505
914,11866.873106224362
915,11675.182706054944
916,11923.883646348791
917,12134.354069930143
918,11984.05992938626
919,12007.518843989088
920,11927.96479185046
921,12036.653760649107
922,11858.020851548083
923,11549.857630025555
924,11494.191479648216
925,11548.114711045462
926,11430.78453242413
927,11548.135845443083
928,11678.221604864193
929,11868.35564483571
930,11742.740070517444
931,11586.820572009849
932,12063.111150627115
933,12282.733285011393
934,12208.462478336174
935,12084.493184513753
936,12080.417438053188
937,12161.054330445284
938,12267.258585485995
939,12197.065399100331
940,12133.305986253945
941,11732.765803786277
942,11614.737507467795
943,11297.746090824488
944,11069.209548955017
945,10980.731048115242
946,10829.243624098337
947,10478.569045778755
948,10651.887198342156
949,10958.709095932401
950,10740.870576914123
951,10915.569076546486
952,10800.652747493239
953,10337.918740770143
954,10349.619407714703
955,10564.667498842246
956,10409.09461880863
957,9956.47559850876
958,10248.73033266816
959,10148.015473551728
960,9816.007676815341
961,9889.612202481056
962,10222.33028526906
963,10835.599542083077
964,10499.386755075027
965,10285.863910352226
966,10386.64661524244
967,10529.093729932756
968,10196.971116478395
969,9958.108617026777
970,9777.741475943858
971,9910.056449137584
972,10002.28600754349
973,10171.003040132488
974,10113.531286474352
975,9918.404964630581
976,9626.711042504343
977,9966.187957115342
978,9894.593428519363
979,10067.588244290397
980,9952.317460399856
981,10218.759997406645
982,9949.131777338494
983,10217.302232110138
984,10384.727730226536
985,9936.79053601645
986,9836.078217090762
987,9781.551278680276
988,9762.478669629345
989,9679.853226618956
990,9828.19939653909
991,9833.128578337124
992,9712.597985625673
993,9320.288270285566
994,9228.239595261057
995,8959.384350442582
996,8844.653605854335
997,8690.259670566571
998,8672.864618502259
999,8912.624327093292
1000,8925.479858952642
1001,8849.133460480425
1002,9033.107786742412
1003,8622.823597415514
1004,8965.165020946473
1005,9058.956481063076
1006,9102.138594876873
1007,9287.907519889843
1008,9381.303756961457
1009,9257.289042718026
1010,9133.84695041183
1011,9381.378702974145
1012,9477.705909617325
1013,9382.179841514708
1014,9555.392269055188
1015,8972.75402471455
1016,9107.35171934769
1017,9077.823985396375
1018,9278.023316267336
1019,9296.85303393229
1020,9180.389551133085
1021,9395.154739082584
1022,9526.4091552115
1023,9469.277001983757
1024,9601.40030445702
1025,9716.931015669044
1026,9587.06493273189
1027,9455.027720170749
1028,9376.027574701962
1029,9281.126802098914
1030,9395.202241695359
1031,9586.7691250809
1032,9590.599768123844
1033,9388.157708366796
1034,9504.724535096835
1035,9434.687006913007
1036,9550.161847720126
1037,9297.11554049613
1038,9172.901248910157
1039,9038.840587896028
1040,9044.670761719592
1041,9062.406610100474
1042,9010.439042819042
1043,8951.297847284537
1044,9301.250910852927
1045,9431.821580480664
1046,9217.617532589833
1047,9099.566397400738
1048,9271.176654264646
1049,9278.203795097983
1050,9339.046672545484
1051,9321.024356048498
1052,9468.848807288488
1053,9507.284035506233
1054,9469.733766250944
1055,9444.394095265845
1056,9503.411443749475
1057,9257.502298387724
1058,9263.845781532204
1059,9287.834872098194
1060,9127.06152410208
1061,9118.634046782012
1062,9166.68422194119
1063,9452.256127351457
1064,9483.041230097162
1065,9675.669626364712
1066,9885.213249004995
1067,9999.773250062988
1068,10166.678803847944
1069,9972.378347611293
1070,9771.966964813513
1071,9489.586280131565
1072,9580.976628254883
1073,9367.99999006017
1074,9445.773036598333
1075,9457.48102314561
1076,9476.063149798649
1077,9396.829599367371
1078,9576.244766828566
1079,9364.769067214593
1080,9287.634451561591
1081,9197.723767152296
1082,9188.281737637732
1083,9208.485061097299
1084,9164.752471932215
1085,9207.512224958004
1086,9229.610312639748
1087,9097.309742668427
1088,8972.291423647746
1089,8838.218229633225
1090,8786.418058878375
1091,8693.859136636518
1092,8419.018981287007
1093,8475.815595957207
1094,8482.88521421423
1095,8547.153528629795
1096,7287.045164030147
1097,6746.628213271795
1098,6899.294088365955
1099,6798.899326659207
1100,6526.232336200353
1101,6578.214407595076
1102,6555.5397455061675
1103,6489.553613642396
1104,6431.628294901038
1105,6363.592411215746
1106,6246.580839837015
1107,6347.607723962628
1108,6246.679587930939
1109,6232.454016208215
1110,6312.628711300396
1111,6405.339382044364
1112,6563.492964619343
1113,6433.7851681558495
1114,6507.426241614421
1115,6450.629449144743
1116,6513.09286144535
1117,6658.7003436007535
1118,6701.883176701283
1119,6732.925649274947
1120,6659.170919086296
1121,6655.910469758275
1122,6483.319417682616
1123,6611.761603226707
1124,6622.499640936123
1125,6693.877683715933
1126,6729.917046788047
1127,6803.800778271369
1128,6763.987826144539
1129,6641.268058729111
1130,6476.853910622762
1131,6562.064761927139
1132,6547.802590909501
1133,6570.25839808521
1134,6572.668604452841
1135,6609.1387356011755
1136,6534.460601482934
1137,6498.14779729898
1138,6411.529116304388
1139,6426.702622186686
1140,6391.992176771767
1141,6583.359484137636
1142,6650.749412279778
1143,6550.64487174937
1144,6538.798918200215
1145,6494.94167837482
1146,6453.721271808836
1147,6392.184627268298
1148,6259.945460804351
1149,6183.718914508282
1150,5787.957826703578
1151,5773.7551362168
1152,5746.253812733787
1153,5800.342850885049
1154,5663.753906623543
1155,5539.2492474974
1156,5660.042283702236
1157,5519.67000611527
1158,5492.844922726432
1159,5615.983992169911
1160,6023.893036778447
1161,6260.309770488455
1162,6218.77848357008
1163,6087.5830834765
1164,5889.739281594909
1165,5995.063474962748
1166,6001.668784782902
1167,5988.634638249099
1168,6055.081090140886
1169,6045.567692378392
1170,5941.446838417083
1171,5943.552461226261
1172,6032.820151038039
1173,5949.343932093519
1174,6074.433586854706
1175,6353.658885389008
1176,6434.701092314432
1177,6420.928199679826
1178,6367.887028966991
1179,6396.737945722224
1180,6277.108522532342
1181,6239.765248820897
1182,6215.322892420081
1183,6078.917569269073
1184,5927.965960168526
1185,5676.537252491479
1186,5950.438869996561
1187,6071.835809665969
1188,5862.976220082259
1189,5941.808704856347
1190,5890.6643774811455
1191,5912.360915648029
1192,5999.683890916807
1193,6005.431180971394
1194,5845.031283917311
1195,5730.809812390957
1196,5757.069660883872
1197,5974.6238968098405
1198,6022.011880923021
1199,6061.952895618478
1200,6166.942100138417
1201,6223.063952486518
1202,6192.243180159538
1203,5982.790844202043
1204,6017.256885206651
1205,5977.6412886033395
1206,6007.926141216649
1207,5965.934430322351
1208,5971.992137014051
1209,6031.88331219831
1210,5927.17154199893
1211,5930.279435006383
1212,5875.389972670202
1213,6030.81153738605
1214,6312.9252809876725
1215,6213.936903038078
1216,6176.458482289828
1217,6963.707566312689
1218,7108.971568311699
1219,6903.207031931788
1220,6949.153237712211
1221,6759.223981307607
1222,6751.631722831054
1223,6685.217214474174
1224,6664.021067104223
1225,6634.993661033492
1226,6593.620506638361
1227,6645.653572693955
1228,6769.439819453475
1229,6896.662165536537
1230,6798.129602611067
1231,6844.132594346789
1232,6824.518797604621
1233,6776.616067528052
1234,6625.081272495145
1235,6608.068022318737
1236,6744.61360389749
1237,6696.231574533964
1238,6649.784602356514
1239,6634.842714785757
1240,6725.705237685907
1241,6946.376220296826
1242,6868.380651558672
1243,7098.37274223721
1244,7136.222454711181
1245,7296.613728583544
1246,7375.877310206749
1247,7349.594223945655
1248,7417.809714155714
1249,7401.520376342776
1250,7352.30331158378
1251,7285.731393861445
1252,7278.865459651708
