,Profitloss
0,-1.424810201277149
1,-1.2796933149086476
2,0.03735046472945758
3,1.9388782537674398
4,0.7919171804535496
5,-1.9219688930377399
6,-2.435831306179881
7,-3.7530881639367686
8,-4.024247185509644
9,-2.376318059274851
10,-2.0159319920405205
11,0.8106193815337726
12,1.4256710136475004
13,2.681983920515507
14,1.2553759730617786
15,0.5945358549749535
16,-2.1859188638946647
17,-2.2238022651874467
18,-3.210645838278914
19,-3.300157135056647
20,-3.3876863389392997
21,-3.197175523909479
22,-3.06357540057538
23,-5.157389472083995
24,-3.7752105271145364
25,-1.8781019905224627
26,-3.9153713835392456
27,-7.716820574910555
28,-4.739836760704064
29,-6.059670456484612
30,-6.645991461247192
31,-6.65187038534113
32,-5.829932312917441
33,-7.115021309559411
34,-6.46590117250001
35,-8.362167929986096
36,-7.354408144821944
37,-8.134063410703508
38,-7.749505376231147
39,-7.086058150044449
40,-6.490066307618991
41,-3.87385821330416
42,-4.326780074888759
43,-5.087437595065736
44,-5.738224236496503
45,-8.125977040033527
46,-8.530172310131679
47,-8.071318510463488
48,-7.699693363158621
49,-8.71190104737235
50,-5.205903282565771
51,-3.7895847741017286
52,-4.298958551136289
53,-2.5656650794767644
54,-3.8653539432302875
55,-6.240123035878542
56,-7.170741869409014
57,-6.361258848506035
58,-5.011413588305902
59,-5.726622284198979
60,-4.651051606028444
61,-5.706740775649976
62,-7.6568212223119385
63,-7.500519795001114
64,-3.6974185702061124
65,-1.2562239664608454
66,-2.8192818032190536
67,-2.5955500140051324
68,-3.222812869718872
69,-4.456567397312394
70,-6.2178940431271705
71,-5.829327219836844
72,-4.380655399227207
73,-3.985141906112599
74,-3.46364734631488
75,-3.823965822501385
76,-1.8678446621055222
77,-0.3413667524582831
78,-0.9504951021491959
79,-1.03113527916745
80,-9.113212690111228
81,-8.174821244054954
82,-7.658420511413977
83,-11.497730291482444
84,-13.515353020877441
85,-12.048159049561624
86,-12.043241825046803
87,-13.052892700070718
88,-13.499168839602216
89,-13.825545193858035
90,-13.380287106063193
91,-12.236231256371111
92,-12.99802686650352
93,-12.321821149724565
94,-11.323973064648985
95,-9.276119526970493
96,-7.720994150460225
97,-9.240943739548346
98,-8.682803777264658
99,-9.187564075412535
100,-10.309208385416134
101,-8.748152807988408
102,-7.983597757515448
103,-7.7263201761260785
104,-7.619058657351296
105,-7.0681999461276845
106,-8.228243840387917
107,-8.512074424265336
108,-7.612449696765333
109,-6.73793921841831
110,-6.460846358472172
111,-7.399533469387897
112,-7.648267220984295
113,-5.702163108233826
114,-5.23380437886487
115,-5.135105589729994
116,-5.5995410828933885
117,-4.656333936299683
118,-5.433382428754541
119,-6.629561214358482
120,-8.508025218209802
121,-9.67028805041018
122,-10.316834861377188
123,-10.386370339821893
124,-11.130756193584224
125,-14.46313359116499
126,-15.141945210082353
127,-16.379745206038056
128,-14.974169054512497
129,-14.717342262242417
130,-12.333611420569923
131,-13.194759364743835
132,-15.28532767166757
133,-13.713206450712502
134,-10.239749417082244
135,-9.885812339664945
136,-8.72766532731777
137,-7.360078098537093
138,-6.5676822653212845
139,-7.20201938396936
140,-10.911654884775269
141,-23.27486920926356
142,-22.44045349445355
143,-20.57438561887135
144,-21.290527570776383
145,-22.765966908024648
146,-22.315810264383895
147,-21.367586618962832
148,-20.73237178177839
149,-20.142157107711846
150,-19.693235023363965
151,-23.3497966377204
152,-26.28299165279786
153,-26.161257387581205
154,-24.863109000736905
155,-23.61031135578108
156,-24.222312585797756
157,-25.61513792892609
158,-27.91951944763744
159,-29.8966997237212
160,-35.14722614914033
161,-36.90705418562099
162,-34.55553412700907
163,-30.373815176470487
164,-30.363817074507704
165,-32.271687466381735
166,-34.01962539975343
167,-32.06855816488772
168,-31.64932192008585
169,-32.98119288450675
170,-32.03326565262542
171,-31.16462922014892
172,-32.64127409815525
173,-33.813771515059344
174,-35.083727064057946
175,-35.01237223312563
176,-31.233002422009392
177,-32.57490582385607
178,-34.496858569368705
179,-35.2946542935434
180,-37.41705788522026
181,-38.85175498817177
182,-38.96735407521592
183,-38.152925458619215
184,-38.74794184359177
185,-37.100192185862326
186,-36.537229357446655
187,-36.64900065826259
188,-31.801949075537372
189,-31.31112950499062
190,-31.199948316192618
191,-33.34523027879366
192,-34.8711996177784
193,-33.52181253512919
194,-33.558080935588286
195,-32.529083129017764
196,-33.26788495760306
197,-30.984738049795325
198,-30.67988510811215
199,-29.196180120149194
200,-29.83198295544688
201,-31.44635369176152
202,-30.21820604727109
203,-28.51091092472161
204,-24.88442904670628
205,-21.753497438664404
206,-22.19577493399817
207,-23.74917159110558
208,-15.635948480175966
209,-12.330030437980133
210,-13.503086392549758
211,-11.191027757786987
212,-10.808519817523333
213,-10.267102234475978
214,-12.91983349889927
215,-11.766236077922354
216,-10.734992247876452
217,-11.306519669698933
218,-13.263691924698529
219,-11.239066711305345
220,-12.012171818061667
221,-8.599209493049887
222,-7.174572252277656
223,-7.659461895296515
224,-7.166179970851616
225,-8.086421901436825
226,-9.576434457184313
227,-7.902458731712403
228,-2.873052094421902
229,-4.475145970800154
230,-5.416870531281315
231,-6.931900475296359
232,-6.602431777528817
233,-6.513592415581648
234,-8.08741419579575
235,-10.002984633615874
236,-10.241115351948949
237,-12.839427136156257
238,-12.908010257771153
239,-10.76280557019842
240,-10.62569304584825
241,-11.644442592663273
242,-13.665275930892252
243,-11.35586646661647
244,-11.40981019682158
245,-11.552960919256384
246,-12.642521859874611
247,-13.12265206686255
248,-12.29384750530298
249,-13.47272027410239
250,-14.793975086817767
251,-17.000632526852744
252,-15.68843009925348
253,-16.513950204056904
254,-21.29070801135231
255,-22.715504833795453
256,-23.012053346494977
257,-21.961302404109063
258,-24.94767697456376
259,-22.522735558354647
260,-26.14219222843198
261,-25.285012090392335
262,-26.119998347629213
263,-24.261971677762205
264,-23.482060230201785
265,-24.915635823057592
266,-25.075047810013697
267,-28.91489474918564
268,-29.463953647816197
269,-26.838354393096797
270,-27.710090379899455
271,-30.560106943857747
272,-31.36178261530983
273,-31.223663844653903
274,-34.06736775261402
275,-34.31335862414249
276,-36.162874258761356
277,-34.74470270605657
278,-35.8460438665684
279,-31.623434763634318
280,-29.616925575873577
281,-27.02601922999508
282,-28.045424485922656
283,-26.652284527696914
284,-24.776786925004025
285,-28.08037363792969
286,-27.44190781318212
287,-29.2966686830893
288,-22.611975142281516
289,-22.73642320677556
290,-19.80261535897334
291,-21.139134651567282
292,-20.94515861177657
293,-20.414645919314
294,-20.945879857082538
295,-22.771278545610553
296,-21.142483202189034
297,-21.325488302414197
298,-18.351999379811435
299,-18.824290167999912
300,-19.526877257888643
301,-18.322908818037497
302,-18.167816999804
303,-16.30759167942709
304,-16.628509318286923
305,-16.072399869643107
306,-17.95686633575312
307,-17.586203458570225
308,-17.45489255386774
309,-15.39884367129607
310,-15.262763185557816
311,-14.887559768282955
312,-15.165147984838024
313,-15.759835824497703
314,-18.02469207768422
315,-16.802066277843387
316,-18.575389026733703
317,-17.87990558006004
318,-17.34792577532468
319,-16.327690589708965
320,-13.439645483760065
321,-12.710234262293563
322,-13.688768815630104
323,-13.881557633298225
324,-12.975029081380473
325,-13.328739128160628
326,-13.721048889565724
327,-14.57230426022349
328,-15.677670346971428
329,-15.588680574517744
330,-15.767190797205421
331,-16.555849194471396
332,-13.114281032844522
333,-19.552270464352993
334,-21.565210940413227
335,-20.414914871053313
336,-21.286735105803412
337,-21.86625220183216
338,-23.65109783866143
339,-25.050596021372908
340,-26.43715406708219
341,-27.20308713407703
342,-27.544293336165882
343,-24.302312583675533
344,-23.016910024800108
345,-23.679064041408648
346,-24.191469485197025
347,-23.474739723652892
348,-23.596563020498362
349,-21.043384259410203
350,-20.667944640693726
351,-20.20380386867384
352,-17.009494063434005
353,-19.642554626400067
354,-20.643043183041577
355,-20.78677096183571
356,-21.565032300614206
357,-21.175467253201184
358,-22.588668768108256
359,-23.485264125080572
360,-23.41932731934203
361,-25.399928131376083
362,-25.68561794409564
363,-26.930396231782595
364,-26.859466742778203
365,-25.123982433867752
366,-26.25239179948705
367,-24.565089139677955
368,-26.066611292403486
369,-26.242281777249342
370,-25.42859746798395
371,-27.924735143084156
372,-29.01420769504356
373,-27.49176073561538
374,-25.468028380420748
375,-25.074391277337714
376,-24.957618196085996
377,-26.464110847478207
378,-26.67694090276197
379,-25.94504160745329
380,-27.522095983587814
381,-24.46567431629575
382,-25.35432721307176
383,-25.714148297278093
384,-25.497765665242934
385,-26.303166436468338
386,-25.541679002965502
387,-27.0752120481937
388,-27.38406414392728
389,-27.314242923013122
390,-27.586059686557775
391,-27.792944751569927
392,-26.345864766790193
393,-25.72786257807822
394,-25.584418653582162
395,-28.082569741523812
396,-26.83034045398217
397,-27.748220358000864
398,-27.13565987016776
399,-26.967384642522152
400,-24.882434832573054
401,-25.293126706607804
402,-25.56151221235643
403,-25.447841518321013
404,-24.58645872599765
405,-24.62809858207101
406,-22.568610019095814
407,-22.44363267947149
408,-22.745632702866015
409,-21.59792296552042
410,-20.746647209907675
411,-22.296946122541517
412,-22.408232228897262
413,-23.244045259514955
414,-22.70180014391744
415,-22.42253074972026
416,-22.390872641238968
417,-21.66771789439508
418,-23.60023052692729
419,-21.287328905166202
420,-20.715225670997516
421,-16.01394850293896
422,-15.879757029145392
423,-16.50201009926474
424,-18.712922340896966
425,-17.898110186037364
426,-18.89474394111239
427,-18.814008163685447
428,-17.02584496281665
429,-17.705915932219995
430,-17.788398990157262
431,-17.190050678356748
432,-13.136899208307518
433,-13.26535978041945
434,-14.86622524713751
435,-16.080660999565044
436,-15.332392259958272
437,-16.53504207099442
438,-18.88733579417722
439,-18.937650770670402
440,-18.31903636006007
441,-18.06639581313152
442,-18.05449107749274
443,-19.194040604495623
444,-19.934565399205805
445,-19.3388199071568
446,-21.20103486288045
447,-21.848773824851108
448,-22.269153355144244
449,-21.951814005899895
450,-22.173458903355236
451,-21.931242897277194
452,-21.731175190127715
453,-22.152923841559115
454,-21.646052591774122
455,-19.918751972885683
456,-21.557849059521537
457,-23.369658810528637
458,-22.49808295443089
459,-20.708207482480457
460,-21.694182346742263
461,-23.060058313274812
462,-25.15198715656648
463,-25.229667934631863
464,-25.61232555614168
465,-23.89867472005215
466,-24.244920586310247
467,-25.21733067558327
468,-27.396269897890136
469,-27.66061971741054
470,-28.230796760239507
471,-27.17091903289952
472,-26.16906371390123
473,-26.19130706431585
474,-26.923095313784764
475,-26.35336342181721
476,-26.704262290857315
477,-27.0063372912445
478,-26.761343930859162
479,-25.774025109973643
480,-24.84130245835754
481,-25.808961982880916
482,-27.46464386283356
483,-28.115141021871025
484,-27.033173236113186
485,-26.689264607047324
486,-25.009662004915377
487,-25.639635352633594
488,-24.375596110839037
489,-25.37698478473437
490,-24.080548452845218
491,-24.82015263413314
492,-26.489192375420668
493,-26.925473336395576
494,-27.4230209818631
495,-26.76415589943223
496,-27.30763753908643
497,-27.746172251887145
498,-27.377961237836445
499,-26.90513081547111
500,-26.689646922235745
501,-26.29197498056253
502,-27.16027787404478
503,-25.49341899685549
504,-23.918442292061947
505,-21.585994365687576
506,-22.0613868262183
507,-21.702630265731983
508,-20.344316891451253
509,-20.745053197510877
510,-21.409199109491862
511,-21.761114958530104
512,-21.57521748620056
513,-21.771610475657642
514,-21.95645459594927
515,-23.023865401808163
516,-21.966911324645267
517,-21.943150383535414
518,-21.727198167473503
519,-22.362100193765897
520,-22.744098861016404
521,-22.44816645320924
522,-22.231737322211565
523,-22.762152448613204
524,-22.890074579289134
525,-22.140145607136308
526,-21.0929098157307
527,-20.8650263505029
528,-19.177084925785703
529,-19.12489832290254
530,-18.132352764907534
531,-17.919703908889083
532,-18.477951382814684
533,-18.165186623966946
534,-17.556040527103356
535,-17.524615872488358
536,-17.27216534572601
537,-17.127353439417327
538,-17.715760274434178
539,-21.636159213352524
540,-22.518862656286686
541,-22.020027631462124
542,-21.508161884894463
543,-21.885138540992788
544,-22.134334414095136
545,-22.339331811288144
546,-22.196924249675675
547,-22.146694671463194
548,-22.37013278041117
549,-22.60199884861237
550,-22.401474490386587
551,-22.549242725657116
552,-22.85413914853485
553,-20.889741514838565
554,-20.83668846657538
555,-21.045873738761568
556,-23.101797428176653
557,-23.837834950331725
558,-23.833093888575085
559,-24.36027413968632
560,-24.168554863825264
561,-23.819815857495243
562,-23.439959972378375
563,-22.735864273111016
564,-22.66467089580506
565,-21.626126949340218
566,-21.57115843717976
567,-22.53889584290497
568,-22.41538406495106
569,-22.82803678283346
570,-22.116523439975712
571,-22.64182271091815
572,-22.412771844455282
573,-22.728333139191026
574,-22.42600002139269
575,-21.939927827929374
576,-20.452853190785824
577,-20.11467715493074
578,-20.373095990868084
579,-19.462437098898743
580,-16.431183144047267
581,-16.59341472802096
582,-16.258521241979697
583,-19.329825425897162
584,-19.40191480969302
585,-19.91259907880687
586,-20.316903855943323
587,-20.757979520119065
588,-20.185187168009268
589,-20.36909919972415
590,-18.169474974821377
591,-17.963733547407166
592,-16.630200650824257
593,-16.44779794888024
594,-16.771626025232912
595,-14.778629784174157
596,-16.70190264624266
597,-18.23253605810573
598,-15.628428113558856
599,-14.305189011449194
600,-14.2160141611681
601,-14.68656314405562
602,-14.149040694694081
603,-14.632130428595215
604,-14.846458368086502
605,-16.554429367470824
606,-16.058691158319547
607,-15.914017806639746
608,-16.036709364550116
609,-16.68513898934022
610,-15.885213145306409
611,-16.7426716874721
612,-18.77630994930003
613,-19.202437288157682
614,-19.413437595921113
615,-19.76839660420948
616,-20.540754221132072
617,-21.648703516308508
618,-20.428047200480435
619,-20.05634483661044
620,-19.220064261629343
621,-19.44344849413213
622,-19.895540686417778
623,-19.735172712355762
624,-20.97414466584414
625,-20.19642758321446
626,-19.54686160156005
627,-19.2994775667911
628,-18.876688186226588
629,-17.237727647176747
630,-18.110352030701872
631,-18.307041954270854
632,-17.639932494533326
633,-17.028435611881488
634,-16.04249057263132
635,-15.867268096054143
636,-15.161285831777604
637,-15.211149138009983
638,-14.728571561435999
639,-14.038374595034353
640,-14.022259834620353
641,-13.091939262821006
642,-10.926496900096993
643,-11.598403245878652
644,-9.75843643241161
645,-9.827421868428399
646,-2.039323395762338
647,0.5201368926075478
648,0.21089521532613453
649,-1.237219229306119
650,1.0641555199192299
651,0.48681157766010674
652,0.9932752315797266
653,1.8436355314794373
654,2.2118967370897025
655,-0.9855822667433123
656,-0.8410209747159447
657,-0.7285224963747616
658,-0.12098340687052289
659,0.19855361761820234
660,-1.993123341364711
661,-2.176556818631392
662,-1.4571228642895728
663,0.11011114547694323
664,-0.4184994285989285
665,-0.3762907513465641
666,0.042706892847466094
667,-2.296313519991966
668,-2.0170111367866728
669,-0.7773816665624933
670,1.0285960908394731
671,3.037113917014911
672,0.041149738471379926
673,0.6015268150331377
674,3.004289076917499
675,1.4778197609369492
676,3.35133108192347
677,5.062418565312066
678,4.538108502311089
679,5.000025596935065
680,4.257663146937163
681,5.856651863482676
682,5.281804812715163
683,5.301192695899837
684,5.623875043334325
685,6.295244249979692
686,3.863673233316689
687,4.41749724155811
688,5.797656470312762
689,6.318444915266852
690,8.84081547181852
691,9.220282612822617
692,8.75722514102062
693,7.480664561894779
694,7.987138425242191
695,8.908047830068998
696,10.79348041076489
697,15.027720250573529
698,14.174403376733991
699,13.731851106201741
700,14.892581842464025
701,19.10010530910382
702,18.098976685642864
703,17.567840711033035
704,15.79351119178507
705,15.946424590572427
706,16.97585131910355
707,16.14425180017003
708,15.429457121376466
709,14.542108440868272
710,5.960536213011736
711,4.705891469371526
712,7.66229712776465
713,8.23701520736362
714,6.89272684690041
715,6.675214439196897
716,7.927868066528609
717,7.479164714050346
718,6.51673842291185
719,5.999335411285411
720,4.9658263318149265
721,4.847139015586466
722,3.8268389688411286
723,3.3956034788056977
724,5.71806008788005
725,5.707331825205797
726,5.62546231750547
727,7.905975820782674
728,10.137001534634305
729,9.0453976341071
730,7.8273944230598635
731,4.411565807021778
732,5.797366088477363
733,4.388513896371604
734,2.165201501852354
735,3.064921477001503
736,2.7427953936132843
737,3.6608999935414444
738,4.44396998528096
739,3.97794740830002
740,3.686161569510804
741,3.7279501787798486
742,3.115584245172376
743,3.661713111667231
744,6.741699758893938
745,4.5315192644603375
746,3.610156681601473
747,6.147771657386136
748,6.003278085830344
749,5.503032501688687
750,5.312921118273328
751,4.28601892360041
752,4.075899940137417
753,7.167549906363946
754,8.355964415336725
755,8.623927426337751
756,8.385902211015871
757,10.646163502331941
758,12.240188154892873
759,9.988068646136927
760,10.561464032299007
761,11.737504279873455
762,13.603063598517462
763,12.695190773380238
764,12.464784031588017
765,12.867587029149075
766,12.337589040664753
767,13.719583684057746
768,13.79509576309037
769,12.251566183641671
770,14.902943933813994
771,12.164065655380597
772,8.126537995399573
773,9.35309237815014
774,6.778254657277549
775,3.705578889028338
776,0.20681647724793972
777,1.4811975242172037
778,-0.7016371014096467
779,-5.009968308153201
780,-3.7907687049080763
781,-0.9950559426416206
782,0.5734572950206518
783,4.889360087770855
784,10.091622564454926
785,8.644378880948555
786,8.894125515619944
787,9.53577849568472
788,10.423400808092364
789,11.162276166767903
790,13.421941547967077
791,11.024203092899576
792,11.644839528655915
793,10.366716805385412
794,10.616768003985433
795,12.481475272550767
796,14.07780465573878
797,13.476415279117493
798,13.568615773734871
799,16.2358432254196
800,17.5152280270229
801,14.531394514583651
802,15.378648738838653
803,16.876095518910805
804,16.604690420979075
805,12.67119961407921
806,13.278967927987306
807,11.724474066380107
808,5.856937385922101
809,3.274115606760075
810,5.814876016388726
811,3.583377540459476
812,0.3443538241916899
813,0.554735706421261
814,-0.7404386576571942
815,-0.9548866259462385
816,0.7653463268146643
817,1.284782668880835
818,-1.04567670426432
819,0.9407300137597163
820,3.5898075245964556
821,2.796494628919022
822,3.381175926244384
823,2.2912502775259247
824,3.0024002326841215
825,5.324023223704599
826,6.159195639023096
827,5.896763573540853
828,4.068987096195431
829,3.5875607061798487
830,3.9689143055969156
831,3.9689143055968934
832,6.88983497524327
833,12.343199862869447
834,11.920313452190957
835,12.420391543883525
836,11.451667005517564
837,12.352281507242813
838,12.193857315707746
839,13.038285215919231
840,16.66687697038114
841,16.07996482573375
842,19.01510580799637
843,19.625513794207873
844,20.339862047234014
845,19.904256398490183
846,24.549722964959408
847,22.744476505020295
848,11.997067678054552
849,7.08826237017719
850,7.073504641653705
851,7.0428867126202555
852,6.872256427174905
853,8.42969160383924
854,7.6484149728917705
855,7.324303825377965
856,7.83816669299382
857,10.283758488805272
858,15.445497031690492
859,15.056074960604104
860,16.53743598207422
861,16.625446284444713
862,16.372525446824238
863,18.821643523890906
864,17.829352285427703
865,18.728739687442484
866,18.980687385445805
867,19.536506539697562
868,18.226503540132665
869,15.16302032110033
870,15.979929243838376
871,14.497763713266565
872,14.069509447772566
873,10.58843145173103
874,10.738373447609085
875,7.399531022027506
876,6.982951039027729
877,7.357806370003472
878,8.6490582608741
879,8.893696623951296
880,8.149217358715477
881,11.463909993075983
882,15.036595671656228
883,14.714700958585336
884,14.730949014138805
885,18.379771237463615
886,16.61885977841704
887,16.684191904298263
888,17.938264269854344
889,17.696800176046178
890,14.9342729364087
891,14.068843089433415
892,14.22276077457223
893,12.705662414660711
894,15.262799607120714
895,14.214264990647486
896,12.129993818314077
897,10.709196344130367
898,9.244518515575106
899,1.3385905318244795
900,2.296990132248111
901,4.416620644188551
902,3.3563865836792273
903,0.9089136511438722
904,-0.8911285211766318
905,-1.8093011346679955
906,-1.8901159047006288
907,-3.1441201911894145
908,-3.4209719638584324
909,-4.768351849236508
910,-3.1704985833290067
911,-0.9263262576706177
912,-0.7399367872317986
913,-0.9429358676874666
914,-1.1093907814636483
915,-2.7068107828754684
916,-0.6343029470934014
917,1.119617249417848
918,-0.13283392178117248
919,0.06265703324239702
920,-0.6002934012461658
921,0.3054480054092368
922,-1.1831595704326459
923,-3.7511864164537
924,-4.215071002931536
925,-3.76571074128782
926,-4.743462229798922
927,-3.7655346213076424
928,-2.681486626131724
929,-1.097036293035747
930,-2.143832745687968
931,-3.4431618999179237
932,0.5259262552259614
933,2.3561107084282717
934,1.7371873194681253
935,0.7041098709479332
936,0.6701453171098937
937,1.3421194203773634
938,2.227154879049964
939,1.6422116591694236
940,1.1108832187828765
941,-2.2269516351143603
942,-3.2105207711017103
943,-5.85211590979593
944,-7.7565870920415225
945,-8.493907932372991
946,-9.756303132513855
947,-12.678591285177044
948,-11.234273347148704
949,-8.677424200563323
950,-10.492745192382301
951,-9.03692436211262
952,-9.994560437556343
953,-13.850677160248814
954,-13.753171602377478
955,-11.961104176314619
956,-13.257544843261426
957,-17.029370012427
958,-14.59391389443201
959,-15.433204387068933
960,-18.199936026538822
961,-17.586564979324535
962,-14.8139142894245
963,-9.70333714930769
964,-12.505110374374773
965,-14.28446741373145
966,-13.444611539646335
967,-12.257552250560366
968,-15.025240696013375
969,-17.015761524776853
970,-18.51882103380118
971,-17.4161962571868
972,-16.64761660380426
973,-15.241641332229271
974,-15.720572612713735
975,-17.346625294745156
976,-19.77740797913048
977,-16.94843369070548
978,-17.54505476233864
979,-16.10343129758003
980,-17.06402116333453
981,-14.843666688277956
982,-17.09056852217922
983,-14.855814732415517
984,-13.460602248112208
985,-17.193412199862923
986,-18.032681524243642
987,-18.487072677664372
988,-18.64601108642212
989,-19.334556444842033
990,-18.09833836217425
991,-18.05726184719063
992,-19.061683453119393
993,-22.33093108095362
994,-23.09800337282453
995,-25.338463746311813
996,-26.294553284547206
997,-27.58116941194524
998,-27.726128179147846
999,-25.728130607555897
1000,-25.621001175394653
1001,-26.257221162663125
1002,-24.72410177714657
1003,-28.143136688204052
1004,-25.290291492112726
1005,-24.50869599114103
1006,-24.148845042692724
1007,-22.600770667584648
1008,-21.82246869198786
1009,-22.855924644016447
1010,-23.88460874656809
1011,-21.821844141882117
1012,-21.019117419855625
1013,-21.815167987377436
1014,-20.37173109120677
1015,-25.22704979404542
1016,-24.105402338769256
1017,-24.351466788363542
1018,-22.683139031105537
1019,-22.526224717230914
1020,-23.49675374055763
1021,-21.707043840978468
1022,-20.613257039904166
1023,-21.08935831680202
1024,-19.9883307961915
1025,-19.025574869424634
1026,-20.107792227234256
1027,-21.20810233191043
1028,-21.866436877483654
1029,-22.657276649175717
1030,-21.706647985872007
1031,-20.110257290992493
1032,-20.078335265634628
1033,-21.765352430276696
1034,-20.793962207526373
1035,-21.377608275724935
1036,-20.415317935665612
1037,-22.524037162532252
1038,-23.559156259082027
1039,-24.676328434199768
1040,-24.627743652336743
1041,-24.47994491582939
1042,-24.913007976507984
1043,-25.405851272628855
1044,-22.489575742892278
1045,-21.401486829327798
1046,-23.18652056175139
1047,-24.170280021660517
1048,-22.740194547794623
1049,-22.681635040850146
1050,-22.174611062120963
1051,-22.32479703292919
1052,-21.092926605929264
1053,-20.772633037448063
1054,-21.085551947908808
1055,-21.29671587278462
1056,-20.80490463542104
1057,-22.85414751343563
1058,-22.8012851538983
1059,-22.601376065848388
1060,-23.941153965816
1061,-24.01138294348324
1062,-23.610964817156756
1063,-21.23119893873786
1064,-20.974656415856984
1065,-19.369419780294074
1066,-17.62322292495837
1067,-16.668556249475095
1068,-15.277676634600468
1069,-16.89684710323922
1070,-18.566941959887394
1071,-20.92011433223696
1072,-20.158528097875983
1073,-21.933333416165247
1074,-21.285224695013895
1075,-21.187658140453248
1076,-21.032807085011264
1077,-21.693086671938577
1078,-20.197960276428617
1079,-21.960257773211723
1080,-22.603046236986746
1081,-23.352301940397535
1082,-23.430985519685564
1083,-23.262624490855842
1084,-23.627062733898207
1085,-23.2707314586833
1086,-23.086580728002094
1087,-24.189085477763108
1088,-25.23090480293545
1089,-26.348181419723126
1090,-26.779849509346874
1091,-27.551173861362354
1092,-29.841508489274947
1093,-29.36820336702327
1094,-29.309289881548082
1095,-28.773720594751705
1096,-39.27462363308211
1097,-43.77809822273504
1098,-42.50588259695037
1099,-43.34250561117328
1100,-45.614730531663724
1101,-45.181546603374365
1102,-45.37050212078194
1103,-45.920386552980034
1104,-46.403097542491345
1105,-46.97006323986878
1106,-47.94515966802487
1107,-47.10326896697809
1108,-47.94433676724217
1109,-48.06288319826487
1110,-47.39476073916337
1111,-46.62217181629696
1112,-45.30422529483881
1113,-46.38512359870125
1114,-45.77144798654649
1115,-46.24475459046047
1116,-45.72422615462208
1117,-44.51083046999372
1118,-44.1509735274893
1119,-43.8922862560421
1120,-44.506909007614205
1121,-44.53407941868104
1122,-45.9723381859782
1123,-44.90198663977745
1124,-44.81250299219898
1125,-44.217685969033894
1126,-43.91735794343295
1127,-43.301660181071924
1128,-43.633434782128845
1129,-44.65609951059074
1130,-46.02621741147699
1131,-45.31612698394051
1132,-45.43497840908749
1133,-45.24784668262325
1134,-45.22776162955966
1135,-44.9238438699902
1136,-45.54616165430888
1137,-45.84876835584184
1138,-46.57059069746343
1139,-46.444144815110946
1140,-46.73339852690194
1141,-45.1386709655197
1142,-44.57708823100185
1143,-45.41129273542192
1144,-45.51000901499821
1145,-45.87548601354317
1146,-46.218989401593035
1147,-46.73179477276418
1148,-47.83378782663041
1149,-48.46900904576431
1150,-51.76701811080352
1151,-51.88537386486001
1152,-52.11455156055178
1153,-51.66380957595793
1154,-52.80205077813713
1155,-53.83958960418833
1156,-52.83298096914804
1157,-54.00274994903942
1158,-54.22629231061307
1159,-53.20013339858407
1160,-49.80089136017961
1161,-47.83075191259621
1162,-48.176845970249325
1163,-49.270140971029164
1164,-50.91883932004242
1165,-50.04113770864377
1166,-49.98609346014249
1167,-50.09471134792418
1168,-49.54099091549262
1169,-49.62026923018007
1170,-50.48794301319097
1171,-50.470396156447826
1172,-49.72649874134968
1173,-50.422133899220675
1174,-49.37972010954411
1175,-47.05284262175826
1176,-46.37749089737974
1177,-46.49226500266811
1178,-46.93427475860841
1179,-46.6938504523148
1180,-47.69076231223048
1181,-48.00195625982586
1182,-48.20564256316599
1183,-49.34235358942439
1184,-50.60028366526228
1185,-52.69552289590433
1186,-50.41300941669533
1187,-49.4013682527836
1188,-51.14186483264784
1189,-50.48492745953044
1190,-50.911130187657115
1191,-50.7303257029331
1192,-50.00263424235993
1193,-49.95474015857172
1194,-51.29140596735574
1195,-52.2432515634087
1196,-52.02441949263441
1197,-50.21146752658466
1198,-49.81656765897483
1199,-49.48372586984602
1200,-48.60881583217985
1201,-48.14113372927902
1202,-48.397973498670524
1203,-50.14340963164964
1204,-49.856192623277906
1205,-50.186322594972175
1206,-49.9339488231946
1207,-50.28387974731374
1208,-50.23339885821625
1209,-49.73430573168075
1210,-50.60690381667558
1211,-50.58100470828014
1212,-51.038416894414986
1213,-49.743237188449584
1214,-47.39228932510273
1215,-48.21719247468269
1216,-48.529512647584774
1217,-41.96910361406092
1218,-40.75857026406917
1219,-42.47327473390177
1220,-42.09038968573158
1221,-43.67313348910328
1222,-43.736402309741216
1223,-44.28985654604855
1224,-44.46649110746481
1225,-44.70838615805424
1226,-45.053162444680325
1227,-44.61955356088371
1228,-43.58800150455438
1229,-42.52781528719552
1230,-43.348919978241106
1231,-42.96556171377676
1232,-43.12901001996149
1233,-43.52819943726624
1234,-44.790989395873794
1235,-44.93276648067719
1236,-43.79488663418758
1237,-44.19807021221697
1238,-44.58512831369571
1239,-44.70964404345202
1240,-43.95245635261744
1241,-42.113531497526445
1242,-42.7634945703444
1243,-40.84689381468991
1244,-40.53147954407349
1245,-39.19488559513713
1246,-38.53435574827709
1247,-38.75338146711954
1248,-38.18491904870238
1249,-38.320663530476864
1250,-38.730805736801834
1251,-39.28557171782129
1252,-39.34278783623577
