,Portfolio Value
0,11915.24333719366
1,11910.4890744181
2,11804.173176018354
3,11856.370574423105
4,11641.47829741381
5,11447.844256144483
6,11446.98642761947
7,11328.868495951823
8,11318.18127556911
9,11351.24819421199
10,11395.858706531759
11,11544.061255424416
12,11579.612985745738
13,11572.06937726025
14,11538.109836876494
15,11536.125762501651
16,11377.219412388062
17,11345.86378378826
18,11293.951568900178
19,11325.279260270527
20,11345.575395952768
21,11464.646860975607
22,11547.08510703502
23,11479.227034674464
24,11520.672066364743
25,11634.609636218129
26,11497.310367298047
27,11391.910948045748
28,11535.725861276087
29,11492.040427242593
30,11503.028651588404
31,11488.251423927706
32,11487.402185341592
33,11405.936628808766
34,11443.20573742023
35,11329.826282146565
36,11393.029572321453
37,11380.31688884955
38,11379.819334184784
39,11479.557806985205
40,11532.3224929817
41,11561.08712518921
42,11457.417114587934
43,11394.229637105267
44,11216.312097862723
45,11095.171394006073
46,11083.651344911566
47,11108.801686101117
48,11132.508897788524
49,11003.560729473975
50,11282.419529348603
51,11302.328536617997
52,11399.003410364357
53,11500.771919048597
54,11481.619457744095
55,11355.8829676463
56,11320.075521653944
57,11358.511384785259
58,11415.651764211409
59,11453.110147609124
60,11482.164933631275
61,11448.759276087914
62,11385.597109419188
63,11422.23014524332
64,11529.118222032168
65,11655.938756698228
66,11606.479189359561
67,11604.405609730878
68,11566.880044499825
69,11612.14159416173
70,11440.97209979162
71,11453.0975736419
72,11450.824205359062
73,11480.356807408667
74,11753.890778964342
75,11836.24743338882
76,11898.191557304901
77,11969.837140616346
78,11867.859369876693
79,11864.466726584913
80,11443.845700342974
81,11485.137961415261
82,11478.693114209977
83,11296.79474000759
84,11191.033252557409
85,11238.803664373736
86,11299.796053324624
87,11317.154396193411
88,11235.443529152644
89,11237.960760880818
90,11250.394525866575
91,11353.900429538526
92,11275.914937108017
93,11259.58901820246
94,11295.422826859929
95,11518.220376977893
96,11582.982261482575
97,11525.317537433028
98,11571.960956826711
99,11538.699941721541
100,11483.55129124805
101,11433.476202963384
102,11509.11194797239
103,11584.035669349316
104,11547.936815930881
105,11502.07140866902
106,11435.572944259955
107,11384.077955403485
108,11477.51019495769
109,11522.828465380397
110,11507.692896568304
111,11355.771361561763
112,11378.779854552837
113,11502.441403034736
114,11507.135766905916
115,11533.147538979047
116,11583.27399465645
117,11611.338301026255
118,11514.710951684503
119,11452.233067148076
120,11298.736385811182
121,11233.02182557543
122,11166.342422310754
123,11251.210895177846
124,11179.237094735363
125,10974.84777786682
126,10916.16082324951
127,10821.902741812342
128,11020.16313881572
129,11112.784975951898
130,11294.639548167655
131,11233.01724203695
132,11055.493986869704
133,11199.554903446053
134,11296.884877871407
135,11273.722852913157
136,11337.348873265357
137,11412.627223225087
138,11423.439644026124
139,11408.858442964576
140,11210.036837722319
141,10641.52543824063
142,10690.753921618074
143,10787.918954024728
144,10824.276956262045
145,10769.64584789189
146,10780.00606857728
147,10762.529305544678
148,10750.369236087037
149,10746.36550111542
150,10841.804498742444
151,10709.582773034583
152,10556.57230220129
153,10644.758771692928
154,10653.366733106384
155,10692.702798281016
156,10622.760763891394
157,10468.985072170894
158,10312.081654796006
159,10166.285454105848
160,9723.905382242088
161,9568.086474062115
162,9783.604676985004
163,10119.236176636476
164,10112.998261144552
165,10075.821235780615
166,9834.275386007494
167,9915.537811010177
168,9987.773661642415
169,9910.038394245577
170,9977.707652012334
171,10053.034557043517
172,9904.622125149477
173,9860.435941712221
174,9731.768476173404
175,9752.516527890728
176,9936.339129020824
177,9882.9757311243
178,9743.227928890608
179,9647.79323949735
180,9467.469372148482
181,9432.708833612633
182,9338.544411707882
183,9464.738234192962
184,9395.254440765344
185,9556.890984703155
186,9759.325954591775
187,9641.898141906006
188,9926.137266696736
189,9970.149916112598
190,10008.677015907086
191,9956.56070135368
192,9851.034272401794
193,9969.28306802567
194,10031.117661390714
195,10014.477475948805
196,9878.7980200872
197,9972.059547099321
198,9984.728556947117
199,10035.274020065524
200,9996.986113091672
201,9786.507097580015
202,9682.772970241738
203,9753.328394796172
204,9962.858487321882
205,10197.135902091577
206,10306.759126423745
207,10100.455070649181
208,10410.835757939893
209,10508.199657141051
210,10452.51904635837
211,10484.143523816821
212,10488.832819699957
213,10474.046456923268
214,10383.806649219168
215,10383.617187989315
216,10422.103840960808
217,10390.266338385212
218,10190.190793583211
219,10309.848050627668
220,10288.115274767257
221,10519.386228812258
222,10832.514899202328
223,10780.692986044225
224,10948.491716232438
225,10877.741288263273
226,10761.316931771533
227,10920.578874585473
228,11189.28423296988
229,11155.003824083218
230,11237.293895601893
231,11259.231908086775
232,11223.679741191769
233,11191.55263296303
234,11064.911573638818
235,11117.258411669522
236,11064.90524350742
237,10976.983606885015
238,10850.318773893036
239,10926.582364867787
240,10949.948760704901
241,10889.84518660594
242,10752.379309674672
243,10865.03760470327
244,10945.284075957376
245,11062.197559797272
246,11035.9407767366
247,11006.670234455512
248,11069.32714344786
249,10944.375005822887
250,10865.75382801664
251,10723.368289636805
252,10736.328380636605
253,10628.768308586416
254,10376.986094239639
255,10180.879972933846
256,10266.19807856031
257,10304.509050944987
258,10073.38203285865
259,10187.309471170087
260,9755.617079747808
261,9835.86700578805
262,9584.944447775193
263,9736.352074111472
264,9832.143335840843
265,9784.160928964568
266,9814.821965848261
267,9503.371299241839
268,9498.218348914012
269,9631.924132774224
270,9633.026311550864
271,9383.846984890786
272,9289.148053551924
273,9501.486670547081
274,9443.138674787868
275,9356.798581436866
276,9257.26862473134
277,9401.940796326006
278,9273.718681619677
279,9576.116570464079
280,9724.311149126035
281,9735.982946864884
282,9812.860095302656
283,9846.762877558365
284,10067.459666258594
285,9861.962544505235
286,9803.525774945265
287,9797.050819049635
288,10212.4392355808
289,10239.466096485394
290,10479.461298788192
291,10464.862199040055
292,10557.972284779597
293,10589.715902590846
294,10584.3620623811
295,10474.792163476284
296,10630.68590843288
297,10617.397103175466
298,10839.455937605819
299,10784.562429681228
300,10757.157464685679
301,10835.509116368277
302,10837.381522939388
303,10930.967668560399
304,10924.644059972057
305,10962.24636804233
306,10891.185864141458
307,10847.990516860727
308,10854.865114200293
309,11031.122585744735
310,11149.213923559875
311,11137.629886155697
312,11076.30388292656
313,11042.450719208266
314,10835.063490334276
315,10876.873245924753
316,10777.510773660244
317,10926.304723042278
318,11028.947113538681
319,11107.040888936037
320,11359.593378178084
321,11365.952864928746
322,11346.671031164911
323,11289.03650394727
324,11433.088389573535
325,11419.706872856146
326,11398.122502118025
327,11352.102074288025
328,11334.170770389253
329,11337.993369761805
330,11257.165421028893
331,11260.082798958192
332,11344.425793558183
333,11162.985698403667
334,10999.59581604739
335,11038.867801632765
336,10962.01955741876
337,10866.806267636339
338,10790.863511324987
339,10734.936817923914
340,10657.213794534295
341,10575.379853393002
342,10678.777692783886
343,10809.856264497339
344,10887.486292213438
345,10842.171065662851
346,10720.451483512432
347,10798.200820750191
348,10782.591640586925
349,10917.652235142055
350,10968.594859850455
351,11034.588820604265
352,11275.096645512005
353,11225.138242417466
354,11082.178885948892
355,11105.055268165757
356,11089.858453644814
357,11131.978413352326
358,11077.136452677818
359,11039.567005056068
360,10995.947138549638
361,10738.36593960655
362,10750.535093878862
363,10666.159284748912
364,10660.448782635276
365,10541.958319118141
366,10541.72982740337
367,10722.50609634661
368,10739.384781413042
369,10869.164331916047
370,10974.192018500024
371,10644.506523459997
372,10466.098121895768
373,10659.145169399646
374,10913.113472478912
375,11060.577117656227
376,11120.631201609922
377,10900.8353213449
378,10833.09816997902
379,10835.161042657926
380,10706.474211613491
381,10905.576004412009
382,10857.137744145266
383,10822.256073426435
384,10757.743696818812
385,10773.950309115664
386,10760.973452685435
387,10652.360557382215
388,10606.799427076514
389,10510.388578257209
390,10459.742747849068
391,10476.143307166658
392,10477.330773612626
393,10518.76557102795
394,10617.374640468224
395,10508.254595711453
396,10576.282775516705
397,10503.219885549957
398,10541.382456145771
399,10609.316097202764
400,10728.676349183379
401,10705.485659835878
402,10776.363826864741
403,10832.42833723118
404,10847.71711152624
405,10738.773859569705
406,10798.421071931938
407,10789.201920980664
408,10712.03976855372
409,10785.277748262406
410,10778.325576267773
411,10672.744024460555
412,10688.432555906229
413,10624.060776625282
414,10634.525662673972
415,10668.523579362667
416,10645.69583659767
417,10654.093785931158
418,10498.008072643554
419,10598.10818845699
420,10669.365150554835
421,10982.38863208488
422,11035.570759921053
423,11061.218010426655
424,10999.644121004105
425,10937.773083999124
426,10815.134892750331
427,10808.025675195984
428,10910.315335712254
429,10830.865347274112
430,10846.816686821252
431,10820.358653935644
432,11155.761551682523
433,11272.517393869652
434,11164.711176811987
435,11060.29971624506
436,11006.167336186876
437,10973.439633337588
438,10847.618239278954
439,10895.018135965642
440,10915.928792972378
441,10978.781802425598
442,10978.535152386408
443,10873.817441779209
444,10819.541436341511
445,10813.357070422673
446,10684.635342838712
447,10662.3361971648
448,10596.292693471762
449,10559.489263496556
450,10483.523717897195
451,10546.203249616432
452,10523.19918220753
453,10528.061607707952
454,10497.434527698711
455,10597.537003124715
456,10523.130121722472
457,10291.351319296018
458,10236.40623114628
459,10277.509413003865
460,10264.739525128849
461,10181.995671681325
462,10011.264581176683
463,10007.912949902562
464,9969.621454361597
465,10163.969379403832
466,10032.335289770945
467,9944.827217262655
468,9805.091834487686
469,9730.66783094561
470,9665.18783256477
471,9710.108391855043
472,9806.120541941327
473,9909.156841986609
474,9881.630919396935
475,9995.308228898179
476,10052.9740657256
477,10074.860765668813
478,10064.83056338778
479,10052.909963790744
480,10123.843441049832
481,10043.68635965592
482,9947.671408156031
483,9876.827196654187
484,9968.075343775756
485,9984.576705988355
486,10100.535070264163
487,10073.0240198595
488,10143.22429237987
489,10077.935905559958
490,10194.803172494416
491,10126.083879797348
492,10018.910352704412
493,9931.970895448603
494,9941.29539207203
495,9976.024246656465
496,9981.602353917786
497,9950.27019151358
498,10023.527055747949
499,10051.295513764535
500,10030.863526547511
501,10057.588418414261
502,9989.484755522462
503,10176.669137964738
504,10341.079029006865
505,10474.069101065508
506,10438.606725175632
507,10515.01746247438
508,10631.804827559801
509,10615.624612420293
510,10633.864493140572
511,10678.102166051744
512,10667.328412006264
513,10618.989421198494
514,10626.056243691324
515,10679.807436381714
516,10705.375731687085
517,10696.678288355897
518,10697.12164909333
519,10722.048361358524
520,10665.65918439653
521,10710.268385041749
522,10765.181716878225
523,10724.735948728016
524,10739.924950097433
525,10789.435578138615
526,10760.142624470214
527,10806.417954055356
528,11084.120121568409
529,11153.027258185644
530,11136.63357322304
531,11218.745817400584
532,11262.427015188723
533,11250.289080278668
534,11298.405131209616
535,11256.239788992556
536,11329.375942483452
537,11327.82761901258
538,11275.528576926301
539,11045.720459023465
540,11004.811107631627
541,11047.712274413137
542,11077.255327082677
543,11033.080072947243
544,11064.930152250223
545,11053.306323221383
546,11021.342037638462
547,11022.000735036345
548,11041.560502888182
549,11048.315764514018
550,11039.122018077522
551,11063.772238753147
552,11095.66880786423
553,11261.215836120009
554,11286.784821194873
555,11275.12239698882
556,11099.565288693799
557,11085.987387264076
558,11072.902436484248
559,11053.300809769968
560,11036.70831162532
561,11063.943234393988
562,11100.999111471981
563,11092.767048145928
564,11101.831980059209
565,11111.710682879704
566,11082.869901158316
567,11050.467473443568
568,10937.725422826885
569,10882.288192122724
570,10903.949587471592
571,10860.454529182964
572,10843.052710225682
573,10875.869704244486
574,10908.466796286448
575,10911.389877037489
576,11037.287343566422
577,11053.712542365194
578,11016.932251234015
579,11133.788089669964
580,11219.371699943571
581,11183.706285582572
582,11123.867062588739
583,11052.57741685663
584,11046.354081299256
585,11092.804903736202
586,11127.97004835592
587,10942.102199419804
588,10989.374434708818
589,10997.556023531866
590,11082.892381941885
591,11034.201375292318
592,11153.69291080182
593,11252.31984979387
594,11200.034010524987
595,11396.416427778304
596,11312.478461079447
597,11237.885815392267
598,11264.49764363244
599,11468.433336411712
600,11499.332388090701
601,11476.868264614088
602,11500.179320570218
603,11602.55513312278
604,11600.984397420416
605,11462.85243033348
606,11481.334640500661
607,11488.450179676292
608,11480.431811001356
609,11444.934965033399
610,11510.157088404261
611,11376.00518620174
612,11270.608339143871
613,11253.202609660624
614,11326.438664369725
615,11383.265630854035
616,11361.123519548597
617,11257.750981040013
618,11318.72297721049
619,11344.571443629078
620,11343.415937156227
621,11417.956952134682
622,11423.952911968689
623,11465.5766133016
624,11408.607688209597
625,11363.173465346845
626,11416.89077244214
627,11535.461666626008
628,11586.298808241696
629,11661.135810541266
630,11601.760902299433
631,11576.031784876304
632,11649.0120803979
633,11691.04754489557
634,11759.43173612596
635,11821.565276294805
636,11893.254374574593
637,11918.7954808741
638,11924.422627823093
639,12024.260294296104
640,11884.749372908653
641,12093.92295161745
642,12122.607546866508
643,12082.469033485577
644,12269.821442564204
645,12268.82388363762
646,12604.667928404588
647,12679.185948275592
648,12670.017131162087
649,12757.123156483416
650,12795.169136876948
651,12763.351535908409
652,12815.370226016294
653,12789.893997362942
654,12822.843480332467
655,12709.412794718519
656,12615.044561599738
657,12643.376836845495
658,12666.870555799418
659,12666.404883171777
660,12546.263658621938
661,12485.223073523917
662,12492.617296713124
663,12612.004907818917
664,12559.372378283306
665,12667.78502562934
666,12829.77289916144
667,12728.97517323788
668,12730.854355370097
669,12752.043991867467
670,12879.994273991786
671,13079.458137848407
672,12998.696686972327
673,12999.155590858005
674,13084.076939657305
675,13244.372280240335
676,13388.548147159472
677,13487.707643505964
678,13441.14010919427
679,13616.512121640437
680,13707.586338655346
681,13767.82927763717
682,13661.065998452272
683,13644.520354149316
684,13577.528083488836
685,13605.835293213227
686,13456.272068606846
687,13437.715655030515
688,13440.94414323378
689,13451.690562204356
690,13584.322905195188
691,13602.638991235726
692,13657.860645754128
693,13538.899631884668
694,13551.479852218727
695,13498.673973725876
696,13579.77526799833
697,13813.361771937623
698,13780.07454081408
699,13717.695609107886
700,13653.426025158613
701,13880.686960525461
702,13846.101509402366
703,13857.047379378664
704,13789.098263220616
705,13801.83936127192
706,14023.268670017416
707,13967.64073358109
708,13770.63178669843
709,13779.686665013578
710,13391.117694563076
711,13302.322528721572
712,13535.769771339605
713,13564.874673791768
714,13507.557360486477
715,13498.17022387066
716,13561.568760023876
717,13536.24707127312
718,13464.729685335118
719,13417.904630106847
720,13408.816154188087
721,13280.342819661133
722,13220.603919729636
723,13068.112422604872
724,13327.962808928012
725,13343.05477701297
726,13443.63883565304
727,13519.74369809171
728,13671.106276032908
729,13604.513249901016
730,13514.688209365377
731,13400.105152004493
732,13545.710821330347
733,13517.880823499565
734,13452.40707328867
735,13522.37058200015
736,13379.74795650538
737,13559.408419213782
738,13650.482092838498
739,13565.278619960885
740,13592.646715504485
741,13561.879395079095
742,13483.644922439618
743,13449.21628473558
744,13735.90042579372
745,13642.746618305027
746,13609.28915165484
747,13728.675852085915
748,13770.990450421035
749,13769.477486216929
750,13700.218235893826
751,13719.145440516551
752,13726.35194516376
753,13881.453087149828
754,13985.371251571936
755,14112.350479269768
756,14123.853612303032
757,14204.474827497335
758,14286.937256546586
759,14201.694105976963
760,14296.881099004351
761,14442.603427923383
762,14419.182813240688
763,14390.4604711514
764,14375.565466675027
765,14379.18649697058
766,14419.277596284874
767,14705.111163501362
768,14649.065018685564
769,14614.493595968019
770,14807.657045114578
771,14661.850693027987
772,14448.817919516936
773,14537.12311908277
774,14399.470796843683
775,14110.260816973196
776,13852.561240182646
777,13927.177456623802
778,13900.722821588599
779,13591.729896693858
780,13524.916337808292
781,13803.028571830519
782,13904.009781953893
783,14107.315634886341
784,14339.954615812128
785,14329.967223070924
786,14290.117431448327
787,14332.943716770525
788,14259.625474493128
789,14423.11549483062
790,14461.933194571095
791,14355.695228915994
792,14279.444339266758
793,14125.4425041669
794,14085.261836680456
795,14250.584758841633
796,14341.946061507773
797,14312.301356611828
798,14383.360469744788
799,14513.99608907761
800,14728.378847003025
801,14479.184179278705
802,14715.705492577803
803,14859.078989987287
804,14757.312697944904
805,14522.25461089794
806,14470.381344480393
807,14568.596456474126
808,14252.647086759118
809,14121.692419111409
810,14413.786944552827
811,14165.958635862215
812,14027.384725965165
813,14156.927492159964
814,14100.817422619
815,13987.82417445711
816,14018.037013137517
817,14034.281116283039
818,13911.323815512762
819,14075.358667109589
820,13986.103257652388
821,13908.72904950153
822,13868.048380106291
823,13902.538177430859
824,13956.392988007985
825,14104.79631497861
826,14121.977993238568
827,14109.59553505985
828,14007.75716951562
829,13944.029474344257
830,14018.034953412021
831,14018.034953412021
832,14181.15432811556
833,14342.845488110535
834,14356.741970622405
835,14336.11829983131
836,14279.562980837356
837,14245.053977035006
838,14266.541630026406
839,14294.419095868023
840,14502.493677358601
841,14613.996790724637
842,14766.15577722816
843,14862.316262637156
844,14842.490575131067
845,14739.197590848225
846,14839.07894792558
847,14754.335218877157
848,14294.654561012378
849,14144.091190457211
850,14306.01486261944
851,14226.267427962326
852,14121.839206763165
853,14310.057374952798
854,14239.795336776753
855,14162.727803822258
856,14257.611016957864
857,14393.0864891148
858,14698.755256554436
859,14682.7051255324
860,14593.012384860514
861,14544.792838314012
862,14651.564351424811
863,14713.88802461161
864,14629.513245145314
865,14654.022403235509
866,14684.48381164955
867,14545.411777940686
868,14616.902134920918
869,14195.110368397653
870,14248.684480871434
871,14167.901746676362
872,14219.144058177719
873,14071.936666752597
874,14073.752547163353
875,13840.856663453469
876,13746.324665518197
877,13845.503118831992
878,13918.501956184402
879,14008.621774818555
880,14059.796015912507
881,14338.050192440593
882,14506.3312010646
883,14468.495948133519
884,14480.640118341933
885,14630.48890172202
886,14559.896678266796
887,14667.13261957901
888,14775.842981881578
889,14778.1435805795
890,14665.35929364174
891,14695.884172744803
892,14696.339329349312
893,14646.022025664071
894,14791.013093647707
895,14725.155599408912
896,14629.29391008605
897,14604.968366188468
898,14568.30795014291
899,14269.495624847452
900,14293.699706595246
901,14307.973936995864
902,14269.297807285966
903,14205.43894570956
904,14153.714756942418
905,14137.506380269868
906,14044.831405512345
907,13779.069971884126
908,13834.214209824982
909,13626.736551753289
910,13750.802345105993
911,13922.359286787501
912,13859.950839016135
913,13885.247216588232
914,13791.189996892077
915,13654.708804033464
916,13784.746429273115
917,13859.494898033388
918,13692.979784677615
919,13751.785259358207
920,13713.768426198032
921,13748.136077307701
922,13711.414396226312
923,13436.535175342127
924,13421.41849225567
925,13489.647133422586
926,13445.885728035579
927,13465.690726066523
928,13504.706327360504
929,13638.33415932298
930,13534.764431978121
931,13531.7875198119
932,13819.88157824823
933,13958.377117765398
934,13963.120324981724
935,13841.39698496683
936,13821.9760262989
937,13725.254841485581
938,13796.516176998586
939,13762.048698110884
940,13703.72862403679
941,13631.935883095071
942,13602.932025370459
943,13407.372666587664
944,13239.478802613201
945,13103.369465107324
946,13276.513593709918
947,13023.638715157711
948,13132.775955975638
949,13324.668605301082
950,13297.734947183711
951,13523.793413833697
952,13519.22037702284
953,13278.785174785444
954,13351.526796563545
955,13386.719422507416
956,13182.018849467077
957,13022.772597273311
958,12991.88742558242
959,12916.291665305353
960,12856.621851541442
961,12859.94203408056
962,12963.064393035065
963,13551.071650862406
964,13363.122691106428
965,13210.549385686723
966,13348.684105227843
967,13415.684004544353
968,13310.363764457394
969,13195.200789495331
970,12881.073490177445
971,12830.88082873731
972,12899.97042641675
973,12890.386188462915
974,13055.058127282802
975,12971.413571539679
976,12757.748488926512
977,13027.180966435364
978,12945.521311948592
979,13223.995116008513
980,13145.223178411095
981,13278.52086078989
982,13037.740516553338
983,13101.702399301592
984,13242.861086754518
985,12937.21517760531
986,12878.807694488125
987,12872.323012863615
988,12858.567412813156
989,12954.592116567084
990,13106.516504175735
991,13072.899065120251
992,12988.249607269054
993,12887.535973789343
994,12978.033585695064
995,12842.43004062456
996,12753.008762223184
997,12648.593455807144
998,12611.51399206528
999,12747.225771869964
1000,12565.43322672086
1001,12873.532210356705
1002,12967.10303060615
1003,12575.675699576866
1004,12944.655341517508
1005,13039.684710879852
1006,13076.408359066096
1007,13303.359966793072
1008,13422.135320284153
1009,13305.398601423803
1010,13546.307123484721
1011,13587.316376984872
1012,13662.924265309295
1013,13521.312577409359
1014,13644.008785347853
1015,13325.10389737695
1016,13153.301092468253
1017,13134.82443993701
1018,13189.318491345894
1019,13145.095568742614
1020,13099.907139677192
1021,13276.619998728152
1022,13252.581653878533
1023,13246.48472803417
1024,13265.91259611863
1025,13328.154509186254
1026,13224.94242637385
1027,13077.013378087908
1028,13080.512842380293
1029,13042.630894849553
1030,13077.404932537956
1031,13220.897604599835
1032,13147.05185295401
1033,13087.626745296428
1034,13115.368555534555
1035,13009.010134106486
1036,13247.156418419214
1037,13010.361753236528
1038,12869.640446277752
1039,12849.90213575878
1040,12818.892869653735
1041,12798.213947323045
1042,12634.235253317265
1043,12600.23863975902
1044,12888.548415052133
1045,13019.194656851269
1046,12966.476549384377
1047,12864.085867172502
1048,12964.254444361446
1049,12999.28911309161
1050,13025.467823505121
1051,13102.381041862005
1052,13249.031842636616
1053,13287.81041306067
1054,13158.485985284538
1055,13212.03134492128
1056,13220.567199580077
1057,13094.384376389176
1058,13066.923217310245
1059,13139.314720288236
1060,13095.658702458059
1061,13100.799470738435
1062,13177.343220211578
1063,13385.196798889396
1064,13412.373962997655
1065,13491.868148111038
1066,13621.572878900857
1067,13621.460483267718
1068,13722.204464896586
1069,13554.438220601623
1070,13462.956010234862
1071,13358.000553151807
1072,13361.84449009523
1073,13384.52928878907
1074,13385.923297272615
1075,13454.14101265125
1076,13397.183632103459
1077,13417.21325804544
1078,13298.182608385952
1079,13170.17596951463
1080,13092.331785805007
1081,13057.26861502602
1082,13130.016326427387
1083,13146.0825010079
1084,13114.503901093962
1085,13140.843105100626
1086,13042.03400670549
1087,12956.31976985987
1088,12889.418747176544
1089,12788.077695245021
1090,12698.799121770237
1091,12810.550783247803
1092,12598.573048409877
1093,12721.589193277316
1094,12756.37110526583
1095,12807.552186421482
1096,12127.108325537954
1097,11763.70790825121
1098,11825.103565384543
1099,11805.050750372086
1100,11589.861737741918
1101,11623.810524431128
1102,11534.033494460431
1103,11456.568195021471
1104,11427.461655432668
1105,11452.280493977105
1106,11419.61416953493
1107,11286.203909675769
1108,11305.667445277491
1109,11275.993729742937
1110,11426.384365621154
1111,11438.568458327196
1112,11309.996426668777
1113,11180.90000005849
1114,11659.419785424252
1115,11515.030820409158
1116,11547.949373777274
1117,11694.118286780096
1118,11736.733072042663
1119,11811.513614930082
1120,11752.246538476847
1121,11814.612329908832
1122,11682.511545339099
1123,11806.496114938353
1124,11788.231162717571
1125,11835.163941095312
1126,11865.646955313812
1127,11920.730367592192
1128,11975.38156446495
1129,11958.841320212603
1130,11910.587293767541
1131,11972.070070478861
1132,11992.280659879432
1133,12044.294750825356
1134,12012.384291561539
1135,12032.058805776935
1136,12008.74039395803
1137,11966.368694760115
1138,11925.166609483185
1139,11801.688720034992
1140,11637.32247021273
1141,11648.425924073368
1142,11705.43802514099
1143,11635.618191882757
1144,11645.520349682809
1145,11594.671987905756
1146,11525.87932459755
1147,11437.365141877763
1148,11295.889634668229
1149,11230.312201840821
1150,10996.24491383334
1151,11076.299824646365
1152,11056.849058004758
1153,11263.977372854162
1154,11060.080472488859
1155,10931.73148512556
1156,10975.173899428806
1157,10845.918781388164
1158,10835.83135694253
1159,10925.75613976159
1160,11372.082669722018
1161,11502.499000790487
1162,11519.498650775804
1163,11446.660811994316
1164,11247.758979500175
1165,11340.37520728145
1166,11401.852638177788
1167,11398.692068496108
1168,11440.127764795157
1169,11482.233811769886
1170,11374.73445910075
1171,11410.230798916551
1172,11528.260801421948
1173,11441.825699394238
1174,11463.440884014266
1175,11682.103995849608
1176,11841.400021070162
1177,11854.462012329732
1178,11808.583226069293
1179,11905.403514064801
1180,11699.016081384769
1181,11627.806951498393
1182,11750.35483068856
1183,11719.735234844364
1184,11505.961271083022
1185,11309.241302493207
1186,11491.304801391801
1187,11593.963151252326
1188,11447.024278724622
1189,11506.118252349534
1190,11386.289664582886
1191,11282.30619272992
1192,11323.4936647033
1193,11299.932688790283
1194,11218.214090426316
1195,11026.494607575196
1196,11112.403295011407
1197,11333.923475827563
1198,11445.036192565149
1199,11458.075510850173
1200,11601.476050712634
1201,11628.946579937003
1202,11643.509908420325
1203,11486.976268067849
1204,11518.663448323608
1205,11508.979009717921
1206,11585.819230141764
1207,11098.142243259008
1208,11004.698470505118
1209,11103.35976029325
1210,11017.098260229555
1211,11034.517607380354
1212,11072.849206506009
1213,11210.330871550117
1214,11508.766708419298
1215,11194.479781389877
1216,11169.587111417117
1217,11863.075267530858
1218,11932.93361399234
1219,11702.583289952297
1220,11674.074937304973
1221,11602.367855111197
1222,11525.599799351216
1223,11407.389826382407
1224,11452.103273680079
1225,11504.104929821438
1226,11571.959339365161
1227,11669.640542608928
1228,11746.01826394569
1229,11847.168104401188
1230,11708.482701648145
1231,11657.4743793108
1232,11818.594721589216
1233,11873.955666817412
1234,11681.651849036065
1235,11802.725767609241
1236,11962.427805145391
1237,11948.05057615696
1238,11831.665308176296
1239,11829.96371149257
1240,11930.29212188868
1241,12063.916998749002
1242,11995.345722589289
1243,12245.054083049168
1244,12315.94322734061
1245,12400.231718339934
1246,12498.437395309811
1247,12515.766876267993
1248,12462.652186175326
1249,12485.097895174236
1250,12478.828789371846
1251,12403.570123614601
1252,12422.104431165018
