,Profitloss
0,-0.7063055233861637
1,-0.7459243798491721
2,-1.6318901998470525
3,-1.1969118798074607
4,-2.987680854884911
5,-4.60129786546265
6,-4.608446436504421
7,-5.592762533734808
8,-5.681822703590756
9,-5.406265048233417
10,-5.034510778902012
11,-3.7994895381298632
12,-3.5032251187855135
13,-3.5660885228312456
14,-3.849084692695881
15,-3.8656186458195685
16,-5.189838230099486
17,-5.451135135097839
18,-5.883736925831851
19,-5.622672831078946
20,-5.453538367060262
21,-4.461276158536609
22,-3.7742907747081667
23,-4.339774711046129
24,-3.9943994469604727
25,-3.044919698182258
26,-4.189080272516277
27,-5.06740876628543
28,-3.8689511560326073
29,-4.232996439645054
30,-4.141427903429973
31,-4.264571467269118
32,-4.271648455486732
33,-4.950528093260287
34,-4.639952188164742
35,-5.584780982111958
36,-5.058086897321223
37,-5.164025926253757
38,-5.168172215126798
39,-4.337018275123283
40,-3.8973125584858326
41,-3.657607290089926
42,-4.521524045100556
43,-5.048086357456105
44,-6.530732517810645
45,-7.540238383282727
46,-7.636238792403615
47,-7.426652615824025
48,-7.229092518428959
49,-8.303660587716877
50,-5.979837255428311
51,-5.813928861516693
52,-5.008304913630357
53,-4.160234007928365
54,-4.3198378521325465
55,-5.367641936280842
56,-5.666037319550465
57,-5.34573846012284
58,-4.869568631571597
59,-4.557415436590628
60,-4.315292219739375
61,-4.5936726992673815
62,-5.120024088173436
63,-4.814748789639001
64,-3.924014816398602
65,-2.8671770275147668
66,-3.279340088670324
67,-3.2966199189093492
68,-3.6093329625014547
69,-3.2321533819855808
70,-4.6585658350698385
71,-4.557520219650835
72,-4.576464955341153
73,-4.3303599382611075
74,-2.0509101752971493
75,-1.3646047217598323
76,-0.8484036891258206
77,-0.2513571615304522
78,-1.1011719176942325
79,-1.1294439451257299
80,-4.634619163808551
81,-4.290516988206161
82,-4.344224048250201
83,-5.860043833270079
84,-6.741389562021594
85,-6.3433027968855304
86,-5.835032888961466
87,-5.690380031721576
88,-6.371303923727966
89,-6.350326992659849
90,-6.246712284445211
91,-5.38416308717895
92,-6.034042190766531
93,-6.170091514979504
94,-5.871476442833923
95,-4.014830191850893
96,-3.4751478209785414
97,-3.955687188058099
98,-3.5669920264440713
99,-3.844167152320488
100,-4.3037392395995795
101,-4.721031641971796
102,-4.09073376689676
103,-3.466369422089033
104,-3.767193200575991
105,-4.149404927758161
106,-4.703558797833707
107,-5.132683704970953
108,-4.35408170868592
109,-3.976429455163366
110,-4.102559195264133
111,-5.368571986985304
112,-5.176834545393028
113,-4.146321641377204
114,-4.1072019424507005
115,-3.8904371751746103
116,-3.4727167111962443
117,-3.2388474914478715
118,-4.044075402629144
119,-4.564724440432699
120,-5.843863451573483
121,-6.391484786871415
122,-6.947146480743715
123,-6.23990920685128
124,-6.839690877205307
125,-8.542935184443168
126,-9.031993139587424
127,-9.817477151563814
128,-8.165307176535663
129,-7.393458533734187
130,-5.8780037652695345
131,-6.3915229830254106
132,-7.870883442752463
133,-6.670375804616224
134,-5.859292684404938
135,-6.052309559057023
136,-5.522092722788696
137,-4.894773139790942
138,-4.804669633115632
139,-4.92617964196187
140,-6.583026352314015
141,-11.320621347994752
142,-10.910383986516049
143,-10.100675383127268
144,-9.79769203114962
145,-10.252951267567578
146,-10.16661609518933
147,-10.312255787127677
148,-10.413589699274695
149,-10.44695415737149
150,-9.651629177146305
151,-10.753476891378478
152,-12.028564148322584
153,-11.293676902558936
154,-11.221943890780128
155,-10.894143347658202
156,-11.476993634238386
157,-12.758457731909223
158,-14.065986210033287
159,-15.280954549117931
160,-18.96745514798259
161,-20.265946049482373
162,-18.46996102512497
163,-15.673031861362707
164,-15.725014490462064
165,-16.034823035161537
166,-18.047705116604217
167,-17.370518241581856
168,-16.768552819646544
169,-17.41634671462019
170,-16.85243623323055
171,-16.224712024637366
172,-17.461482290421028
173,-17.829700485731493
174,-18.901929365221637
175,-18.729028934243928
176,-17.19717392482647
177,-17.641868907297507
178,-18.80643392591159
179,-19.60172300418874
180,-21.10442189876265
181,-21.394093053228058
182,-22.178796569100978
183,-21.127181381725315
184,-21.70621299362213
185,-20.35924179414037
186,-18.672283711735204
187,-19.65084881744995
188,-17.28218944419386
189,-16.91541736572836
190,-16.594358200774284
191,-17.02866082205268
192,-17.908047729985054
193,-16.922641099786084
194,-16.40735282174405
195,-16.54602103375996
196,-17.67668316594
197,-16.89950377417232
198,-16.793928692107364
199,-16.372716499453965
200,-16.69178239090273
201,-18.44577418683321
202,-19.310225247985514
203,-18.722263376698567
204,-16.976179272317648
205,-15.023867482570196
206,-14.110340613135453
207,-15.829541077923492
208,-13.243035350500898
209,-12.431669523824574
210,-12.895674613680253
211,-12.632137301526491
212,-12.593059835833687
213,-12.716279525639429
214,-13.468277923173599
215,-13.469856766755706
216,-13.149134658659934
217,-13.414447180123235
218,-15.081743386806568
219,-14.084599578102763
220,-14.265706043606198
221,-12.33844809323118
222,-9.729042506647268
223,-10.160891782964788
224,-8.76256903139635
225,-9.352155931139395
226,-10.322358901903893
227,-8.995176045121056
228,-6.755964725251006
229,-7.041634799306518
230,-6.355884203317553
231,-6.173067432610213
232,-6.469335490068595
233,-6.737061391974752
234,-7.792403553009852
235,-7.35617990275399
236,-7.792456304104823
237,-8.52513660929155
238,-9.580676884224705
239,-8.945146959435114
240,-8.750426994125826
241,-9.25129011161716
242,-10.396839086044396
243,-9.458019960806086
244,-8.789299367021874
245,-7.8150203350227265
246,-8.033826860528336
247,-8.277748046204058
248,-7.755607137934506
249,-8.796874951475942
250,-9.452051433194663
251,-10.638597586359966
252,-10.530596828028294
253,-11.426930761779875
254,-13.525115881336347
255,-15.159333558884613
256,-14.448349345330747
257,-14.129091242125103
258,-16.05514972617792
259,-15.105754406915938
260,-18.703191002101605
261,-18.03444161843292
262,-20.125462935206727
263,-18.863732715737736
264,-18.065472201326305
265,-18.465325591961935
266,-18.20981695126449
267,-20.80523917298468
268,-20.848180425716567
269,-19.733965560214806
270,-19.72478073707613
271,-21.801275125910113
272,-22.5904328870673
273,-20.820944412107657
274,-21.3071777101011
275,-22.026678488026118
276,-22.856094793905502
277,-21.650493363949952
278,-22.719010986502685
279,-20.199028579466006
280,-18.96407375728304
281,-18.866808776125964
282,-18.22616587247786
283,-17.94364268701363
284,-16.104502781178386
285,-17.816978795789705
286,-18.303951875456125
287,-18.35790984125304
288,-14.896339703493332
289,-14.67111586262172
290,-12.671155843431736
291,-12.792815007999536
292,-12.016897626836698
293,-11.75236747840962
294,-11.79698281349083
295,-12.710065304364292
296,-11.410950763059324
297,-11.52169080687111
298,-9.671200519951507
299,-10.128646419323106
300,-10.357021127619348
301,-9.704090696931022
302,-9.688487308838434
303,-8.908602761996676
304,-8.961299500232855
305,-8.647946932980588
306,-9.24011779882118
307,-9.600079026160602
308,-9.542790714997562
309,-8.073978452127207
310,-7.089883970334377
311,-7.186417615369189
312,-7.697467642278665
313,-7.9795773399311205
314,-9.70780424721437
315,-9.359389617293722
316,-10.187410219497972
317,-8.947460641314354
318,-8.092107387177661
319,-7.441325925533027
320,-5.336721848515968
321,-5.2837261255937795
322,-5.444408073625739
323,-5.924695800439405
324,-4.7242634202205425
325,-4.835776059532115
326,-5.015645815683123
327,-5.399149380933133
328,-5.548576913422886
329,-5.516721918651624
330,-6.19028815809256
331,-6.165976675348395
332,-5.463118387015142
333,-6.975119179969447
334,-8.336701532938417
335,-8.009434986393627
336,-8.649837021510331
337,-9.44328110303051
338,-10.076137405625108
339,-10.542193183967385
340,-11.189885045547543
341,-11.871834555058314
342,-11.010185893467616
343,-9.917864462522175
344,-9.270947564888022
345,-9.648574452809576
346,-10.662904304063069
347,-10.014993160415075
348,-10.14506966177563
349,-9.019564707149542
350,-8.595042834579548
351,-8.045093161631122
352,-6.040861287399957
353,-6.457181313187776
354,-7.648509283759242
355,-7.457872765285356
356,-7.584512886293215
357,-7.233513222063948
358,-7.690529561018189
359,-8.003608291199438
360,-8.36710717875302
361,-10.51361716994541
362,-10.41220755100949
363,-11.115339293759064
364,-11.162926811372698
365,-12.150347340682154
366,-12.152251438305262
367,-10.645782530444926
368,-10.505126821557987
369,-9.423630567366281
370,-8.548399845833131
371,-11.295778971166692
372,-12.782515650868598
373,-11.173790255002947
374,-9.057387729342404
375,-7.8285240195314465
376,-7.3280733199173165
377,-9.15970565545916
378,-9.72418191684149
379,-9.706991311183943
380,-10.779381569887569
381,-9.120199963233254
382,-9.523852132122778
383,-9.814532721446378
384,-10.352135859843237
385,-10.217080757369468
386,-10.325221227621373
387,-11.230328688481539
388,-11.61000477436238
389,-12.413428514523261
390,-12.835477101257764
391,-12.698805773611188
392,-12.688910219894778
393,-12.34362024143375
394,-11.521877996098128
395,-12.431211702404566
396,-11.86431020402745
397,-12.473167620417025
398,-12.15514619878524
399,-11.589032523310305
400,-10.59436375680517
401,-10.787619501367685
402,-10.196968109460492
403,-9.729763856406837
404,-9.602357403947991
405,-10.510217836919121
406,-10.013157733900513
407,-10.0899839918278
408,-10.73300192871901
409,-10.122685431146616
410,-10.180620197768564
411,-11.06046646282871
412,-10.929728700781427
413,-11.466160194789321
414,-11.378952811050237
415,-11.09563683864444
416,-11.285868028352752
417,-11.215885117240354
418,-12.516599394637051
419,-11.682431762858414
420,-11.088623745376369
421,-8.480094732625998
422,-8.036910333991232
423,-7.823183246444543
424,-8.336298991632463
425,-8.85189096667397
426,-9.873875893747242
427,-9.933119373366795
428,-9.080705535731216
429,-9.742788772715738
430,-9.609860943156235
431,-9.830344550536296
432,-7.03532040264564
433,-6.062355051086232
434,-6.960740193233439
435,-7.830835697957839
436,-8.281938865109362
437,-8.55466972218677
438,-9.603181339342049
439,-9.20818220028632
440,-9.03392672523019
441,-8.510151646453357
442,-8.512207063446597
443,-9.384854651839925
444,-9.837154697154071
445,-9.888691079811062
446,-10.961372143010738
447,-11.147198356960008
448,-11.697560887735325
449,-12.004256137528701
450,-12.637302350856706
451,-12.114972919863066
452,-12.306673481603914
453,-12.2661532691004
454,-12.521378935844075
455,-11.68719164062738
456,-12.30724898564607
457,-14.238739005866519
458,-14.696614740447666
459,-14.354088224967787
460,-14.460503957259597
461,-15.150036069322292
462,-16.572795156860977
463,-16.600725417478646
464,-16.919821213653364
465,-15.300255171634735
466,-16.397205918575462
467,-17.12643985614455
468,-18.290901379269275
469,-18.91110140878659
470,-19.45676806196025
471,-19.082430067874647
472,-18.2823288171556
473,-17.423692983444926
474,-17.653075671692207
475,-16.70576475918184
476,-16.225216118953323
477,-16.042826952759892
478,-16.126411971768494
479,-16.2257503017438
480,-15.634637991251399
481,-16.302613669534004
482,-17.1027382653664
483,-17.693106694548444
484,-16.93270546853537
485,-16.79519411676371
486,-15.82887441446531
487,-16.058133167837497
488,-15.47313089683442
489,-16.017200787000352
490,-15.043306895879871
491,-15.615967668355434
492,-16.509080394129903
493,-17.233575871261642
494,-17.155871732733086
495,-16.86646461119612
496,-16.81998038401845
497,-17.081081737386828
498,-16.470607868767097
499,-16.239204051962208
500,-16.409470612104073
501,-16.186763179881158
502,-16.754293703979485
503,-15.194423850293848
504,-13.824341424942787
505,-12.716090824454096
506,-13.011610623536395
507,-12.37485447938017
508,-11.401626437001655
509,-11.536461563164224
510,-11.3844625571619
511,-11.015815282902143
512,-11.105596566614473
513,-11.508421490012555
514,-11.449531302572302
515,-11.001604696819046
516,-10.788535569274293
517,-10.861014263700852
518,-10.857319590888926
519,-10.649596988678967
520,-11.119506796695578
521,-10.747763457985426
522,-10.290152359348125
523,-10.627200427266537
524,-10.500625415854724
525,-10.088036848844872
526,-10.332144796081543
527,-9.946517049538706
528,-7.632332320263258
529,-7.058106181786295
530,-7.194720223141338
531,-6.510451521661798
532,-6.1464415400939725
533,-6.247590997677765
534,-5.846623906586535
535,-6.198001758395366
536,-5.588533812637908
537,-5.601436508228497
538,-6.037261858947495
539,-7.95232950813779
540,-8.293240769736443
541,-7.935731046557192
542,-7.689538940977691
543,-8.057666058772972
544,-7.792248731248142
545,-7.8891139731551485
546,-8.155483019679489
547,-8.149993874697126
548,-7.986995809265151
549,-7.93070196238318
550,-8.007316516020657
551,-7.80189801039044
552,-7.536093267798094
553,-6.156534698999927
554,-5.943459823376063
555,-6.040646691759832
556,-7.50362259421834
557,-7.616771772799358
558,-7.725813029297934
559,-7.8891599185836
560,-8.027430736455665
561,-7.800473046716771
562,-7.491674071066823
563,-7.560274598783934
564,-7.484733499506591
565,-7.402410976002461
566,-7.6427508236807
567,-7.9127710546369245
568,-8.852288143109288
569,-9.314265065643967
570,-9.133753437736736
571,-9.496212256808633
572,-9.64122741478598
573,-9.367752464629287
574,-9.096110030946269
575,-9.071751024687591
576,-8.022605470279808
577,-7.885728813623382
578,-8.192231239716541
579,-7.218432586083634
580,-6.50523583380358
581,-6.8024476201452355
582,-7.3011078117605095
583,-7.895188192861424
584,-7.9470493225062055
585,-7.559959135531658
586,-7.266916263700662
587,-8.81581500483497
588,-8.42187971075985
589,-8.353699803901115
590,-7.6425634838176215
591,-8.048321872564024
592,-7.0525590766515105
593,-6.230667918384414
594,-6.6663832456251075
595,-5.029863101847464
596,-5.729346157671278
597,-6.3509515383977755
598,-6.129186303063006
599,-4.429722196569063
600,-4.172230099244157
601,-4.35943112821594
602,-4.165172328581512
603,-3.3120405573101697
604,-3.3251300214965362
605,-4.476229747221005
606,-4.322211329161152
607,-4.262915169364234
608,-4.3297349083220364
609,-4.625541958055013
610,-4.082024263297823
611,-5.19995678165216
612,-6.078263840467734
613,-6.223311586161461
614,-5.613011130252287
615,-5.1394530762163715
616,-5.323970670428357
617,-6.185408491333222
618,-5.6773085232459275
619,-5.461904636424353
620,-5.4715338570314405
621,-4.85035873221098
622,-4.800392400260933
623,-4.453528222486658
624,-4.928269264920027
625,-5.306887788776294
626,-4.859243562982163
627,-3.8711527781166044
628,-3.4475099313192037
629,-2.823868245489458
630,-3.318659147504721
631,-3.5330684593641304
632,-2.924899330017494
633,-2.5746037925369225
634,-2.0047355322836635
635,-1.4869560308766294
636,-0.8895468785450555
637,-0.6767043260491712
638,-0.629811434807559
639,0.202169119134199
640,-0.9604218924278984
641,0.7826912634787409
642,1.0217295572209073
643,0.6872419457131462
644,2.248512021368354
645,2.2401990303134944
646,5.038899403371566
647,5.659882902296598
648,5.583476093017392
649,6.309359637361811
650,6.6264094739745705
651,6.361262799236744
652,6.794751883469119
653,6.582449978024507
654,6.857029002770565
655,5.911773289320998
656,5.125371346664487
657,5.361473640379133
658,5.557254631661812
659,5.553374026431479
660,4.552197155182824
661,4.043525612699317
662,4.105144139276029
663,5.100040898490965
664,4.661436485694215
665,5.564875213577847
666,6.914774159678672
667,6.074793110315668
668,6.090452961417481
669,6.2670332655622385
670,7.333285616598206
671,8.99548448207006
672,8.322472391436065
673,8.326296590483384
674,9.033974497144204
675,10.369769002002794
676,11.571234559662269
677,12.39756369588303
678,12.009500909952253
679,13.470934347003638
680,14.229886155461212
681,14.73191064697643
682,13.842216653768924
683,13.704336284577634
684,13.146067362406978
685,13.381960776776891
686,12.135600571723714
687,11.980963791920951
688,12.007867860281497
689,12.097421351702975
690,13.202690876626555
691,13.355324926964386
692,13.8155053812844
693,12.824163599038908
694,12.928998768489386
695,12.488949781048975
696,13.164793899986083
697,15.111348099480203
698,14.833954506783996
699,14.314130075899056
700,13.778550209655105
701,15.672391337712188
702,15.384179245019713
703,15.475394828155542
704,14.909152193505125
705,15.015328010599326
706,16.860572250145147
707,16.39700611317576
708,14.755264889153574
709,14.830722208446478
710,11.592647454692306
711,10.852687739346422
712,12.798081427830033
713,13.040622281598058
714,12.56297800405397
715,12.484751865588839
716,13.013073000198961
717,12.802058927275993
718,12.206080711125988
719,11.815871917557065
720,11.740134618234066
721,10.669523497176115
722,10.171699331080308
723,8.900936855040609
724,11.066356741066773
725,11.192123141774758
726,12.030323630442009
727,12.664530817430908
728,13.925885633607571
729,13.370943749175135
730,12.622401744711475
731,11.667542933370779
732,12.880923511086229
733,12.649006862496371
734,12.103392277405579
735,12.686421516667924
736,11.49789963754484
737,12.995070160114853
738,13.754017440320808
739,13.043988499674054
740,13.272055962537376
741,13.015661625659124
742,12.363707686996817
743,12.076802372796491
744,14.465836881614337
745,13.689555152541889
746,13.410742930457008
747,14.405632100715948
748,14.758253753508633
749,14.74564571847441
750,14.168485299115208
751,14.326212004304594
752,14.386266209698007
753,15.678775726248562
754,16.544760429766136
755,17.6029206605814
756,17.69878010252526
757,18.370623562477782
758,19.057810471221547
759,18.34745088314136
760,19.14067582503627
761,20.3550285660282
762,20.159856777005736
763,19.92050392626168
764,19.796378888958554
765,19.826554141421493
766,20.16064663570729
767,22.542593029178025
768,22.075541822379698
769,21.78744663306682
770,23.39714204262149
771,22.18208910856656
772,20.40681599597447
773,21.142692659023087
774,19.99558997369737
775,17.585506808109976
776,15.43801033485539
777,16.059812138531694
778,15.83935684657165
779,13.264415805782148
780,12.707636148402424
781,15.025238098587646
782,15.86674818294911
783,17.56096362405284
784,19.499621798434408
785,19.416393525591037
786,19.084311928736053
787,19.44119763975438
788,18.830212287442727
789,20.192629123588503
790,20.51610995475912
791,19.630793574299954
792,18.995369493889648
793,17.7120208680575
794,17.37718197233713
795,18.75487299034695
796,19.516217179231443
797,19.269177971765238
798,19.861337247873244
799,20.949967408980076
800,22.736490391691877
801,20.659868160655883
802,22.630879104815026
803,23.825658249894065
804,22.977605816207536
805,21.018788424149506
806,20.586511204003276
807,21.404970470617712
808,18.772059056325972
809,17.680770159261726
810,20.1148912046069
811,18.049655298851786
812,16.894872716376376
813,17.974395767999706
814,17.506811855158343
815,16.56520145380924
816,16.816975109479305
817,16.952342635691984
818,15.927698462606354
819,17.294655559246586
820,16.55086048043657
821,15.906075412512743
822,15.567069834219094
823,15.854484811923818
824,16.303274900066533
825,17.539969291488422
826,17.68314994365474
827,17.579962792165425
828,16.731309745963507
829,16.20024561953548
830,16.816957945100185
831,16.816957945100185
832,18.176286067629665
833,19.523712400921124
834,19.639516421853376
835,19.467652498594255
836,18.996358173644623
837,18.708783141958385
838,18.88784691688672
839,19.12015913223353
840,20.854113977988355
841,21.783306589371975
842,23.05129814356799
843,23.852635521976296
844,23.68742145942555
845,22.82664659040188
846,23.658991232713156
847,22.952793490642964
848,19.122121341769805
849,17.86742658714342
850,19.216790521828674
851,18.552228566352724
852,17.68199338969303
853,19.25047812460665
854,18.66496113980627
855,18.022731698518825
856,18.81342514131554
857,19.942387409289996
858,22.48962713795364
859,22.35587604610334
860,21.608436540504282
861,21.206606985950096
862,22.096369595206756
863,22.61573353843007
864,21.91261037621095
865,22.11685336029592
866,22.37069843041293
867,21.211764816172373
868,21.807517791007648
869,18.29258640331377
870,18.739037340595278
871,18.065847888969678
872,18.492867151480997
873,17.266138889604974
874,17.281271226361273
875,15.340472195445564
876,14.552705545984978
877,15.37919265693326
878,15.987516301536676
879,16.738514790154625
880,17.164966799270886
881,19.483751603671596
882,20.886093342205015
883,20.570799567779318
884,20.67200098618278
885,21.920740847683497
886,21.332472318889973
887,22.226105163158415
888,23.132024849013156
889,23.151196504829173
890,22.211327447014504
891,22.46570143954003
892,22.469494411244263
893,22.050183547200586
894,23.258442447064233
895,22.709629995074266
896,21.910782584050416
897,21.708069718237244
898,21.4025662511909
899,18.912463540395443
900,19.11416422162704
901,19.233116141632213
902,18.91081506071639
903,18.378657880912996
904,17.94762297452015
905,17.812553168915567
906,17.040261712602867
907,14.82558309903439
908,15.285118415208188
909,13.556137931277412
910,14.590019542549948
911,16.01966072322918
912,15.49959032513446
913,15.710393471568596
914,14.926583307433972
915,13.789240033612193
916,14.872886910609285
917,15.495790816944899
918,14.108164872313456
919,14.598210494651731
920,14.281403551650262
921,14.567800644230843
922,14.261786635219265
923,11.97112646118439
924,11.845154102130584
925,12.413726111854896
926,12.049047733629825
927,12.214089383887682
928,12.539219394670864
929,13.652784661024842
930,12.789703599817681
931,12.76489599843249
932,15.165679818735246
933,16.31980931471164
934,16.35933604151436
935,15.344974874723594
936,15.183133552490835
937,14.37712367904651
938,14.970968141654883
939,14.683739150924048
940,14.197738533639924
941,13.599465692458935
942,13.357766878087162
943,11.728105554897205
944,10.328990021776674
945,9.194745542561034
946,10.637613280915993
947,8.530322626314257
948,9.439799633130308
949,11.038905044175685
950,10.814457893197593
951,12.698278448614131
952,12.66016980852367
953,10.656543123212025
954,11.262723304696198
955,11.555995187561807
956,9.850157078892297
957,8.523104977277596
958,8.265728546520169
959,7.63576387754461
960,7.138515429512027
961,7.1661836173379845
962,8.02553660862555
963,12.925597090520057
964,11.359355759220225
965,10.087911547389371
966,11.239034210232024
967,11.797366704536284
968,10.919698037144943
969,9.960006579127768
970,7.342279084812042
971,6.924006906144253
972,7.499753553472921
973,7.419884903857632
974,8.792151060690024
975,8.095113096163997
976,6.3145707410542595
977,8.559841386961375
978,7.879344266238264
979,10.199959300070937
980,9.543526486759134
981,10.654340506582404
982,8.647837637944477
983,9.180853327513262
984,10.357175722954315
985,7.810126480044266
986,7.323397454067715
987,7.269358440530116
988,7.154728440109626
989,7.9549343047256915
990,9.22097086813114
991,8.940825542668751
992,8.235413393908786
993,7.396133114911185
994,8.1502798807922
995,7.020250338537992
996,6.275073018526522
997,5.404945465059541
998,5.095949933877342
999,6.226881432249698
1000,4.71194355600717
1001,7.279435086305885
1002,8.059191921717911
1003,4.797297496473885
1004,7.872127845979238
1005,8.664039257332101
1006,8.970069658884139
1007,10.861333056608924
1008,11.8511276690346
1009,10.878321678531687
1010,12.885892695706014
1011,13.227636474873927
1012,13.857702210910784
1013,12.677604811744647
1014,13.7000732112321
1015,11.042532478141244
1016,9.610842437235444
1017,9.456870332808421
1018,9.910987427882457
1019,9.542463072855112
1020,9.165892830643262
1021,10.638499989401273
1022,10.438180448987765
1023,10.387372733618072
1024,10.549271634321912
1025,11.06795424321878
1026,10.20785355311542
1027,8.97511148406589
1028,9.00427368650243
1029,8.688590790412952
1030,8.978374437816306
1031,10.174146704998632
1032,9.558765441283423
1033,9.063556210803569
1034,9.294737962787947
1035,8.408417784220724
1036,10.392970153493453
1037,8.419681276971058
1038,7.24700371898126
1039,7.082517797989829
1040,6.824107247114464
1041,6.651782894358704
1042,5.285293777643885
1043,5.001988664658508
1044,7.404570125434451
1045,8.4932888070939
1046,8.053971244869818
1047,7.200715559770843
1048,8.035453703012042
1049,8.327409275763431
1050,8.545565195876016
1051,9.18650868218338
1052,10.40859868863846
1053,10.731753442172254
1054,9.65404987737115
1055,10.100261207677331
1056,10.171393329833966
1057,9.11986980324313
1058,8.891026810918712
1059,9.494289335735306
1060,9.130489187150491
1061,9.1733289228203
1062,9.81119350176316
1063,11.543306657411634
1064,11.769783024980462
1065,12.432234567591994
1066,13.513107324173813
1067,13.512170693897652
1068,14.351703874138222
1069,12.953651838346868
1070,12.191300085290525
1071,11.316671276265055
1072,11.348704084126915
1073,11.53774407324224
1074,11.549360810605114
1075,12.11784177209374
1076,11.643196934195487
1077,11.810110483711988
1078,10.818188403216267
1079,9.751466412621923
1080,9.102764881708381
1081,8.810571791883493
1082,9.416802720228223
1083,9.55068750839918
1084,9.287532509116359
1085,9.50702587583856
1086,8.68361672254574
1087,7.969331415498915
1088,7.411822893137865
1089,6.5673141270418345
1090,5.823326014751973
1091,6.754589860398363
1092,4.988108736748975
1093,6.0132432773109645
1094,6.303092543881905
1095,6.729601553512343
1096,1.0592360461496142
1097,-1.9691007645732506
1098,-1.457470288462137
1099,-1.6245770802326254
1100,-3.417818852150689
1101,-3.134912296407266
1102,-3.8830542128297396
1103,-4.528598374821069
1104,-4.771152871394435
1105,-4.5643292168574545
1106,-4.836548587208911
1107,-5.948300752701929
1108,-5.786104622687571
1109,-6.033385585475526
1110,-4.7801302864903805
1111,-4.678596180606698
1112,-5.75002977776019
1113,-6.825833332845921
1114,-2.838168454797896
1115,-4.041409829923682
1116,-3.767088551856057
1117,-2.5490142768325286
1118,-2.1938910663111377
1119,-1.570719875582649
1120,-2.064612179359604
1121,-1.5448972507597358
1122,-2.6457371221741743
1123,-1.612532375513731
1124,-1.7647403106869075
1125,-1.3736338242057333
1126,-1.1196087057182336
1127,-0.6605802700650698
1128,-0.20515362945875415
1129,-0.34298899822831075
1130,-0.7451058852704917
1131,-0.23274941267615867
1132,-0.06432783433806266
1133,0.36912292354462917
1134,0.10320242967949422
1135,0.26715671480779246
1136,0.07283661631691807
1137,-0.28026087699905
1138,-0.6236115876401271
1139,-1.652593999708396
1140,-3.0223127482272516
1141,-2.929783966055266
1142,-2.4546831238250855
1143,-3.036515067643697
1144,-2.9539970859765896
1145,-3.3777334341187015
1146,-3.951005628353743
1147,-4.688623817685311
1148,-5.867586377764766
1149,-6.414064984659829
1150,-8.364625718055507
1151,-7.697501461280288
1152,-7.859591183293679
1153,-6.133521892881976
1154,-7.83266272925951
1155,-8.902237623953669
1156,-8.540217504759951
1157,-9.617343488431974
1158,-9.701405358812254
1159,-8.952032168653412
1160,-5.232644418983179
1161,-4.145841660079275
1162,-4.0041779102016335
1163,-4.611159900047368
1164,-6.268675170831872
1165,-5.4968732726545895
1166,-4.984561348518435
1167,-5.0108994291991005
1168,-4.665601960040355
1169,-4.314718235250958
1170,-5.210546174160424
1171,-4.914743342362071
1172,-3.9311599881504344
1173,-4.651452505048015
1174,-4.471325966547779
1175,-2.6491333679199314
1176,-1.3216664910819853
1177,-1.212816563918906
1178,-1.5951397827558944
1179,-0.7883040494599869
1180,-2.5081993217935916
1181,-3.101608737513395
1182,-2.0803764109286638
1183,-2.3355397096303077
1184,-4.11698940764148
1185,-5.756322479223275
1186,-4.2391266550683255
1187,-3.3836404062306147
1188,-4.6081310106281475
1189,-4.115681230420554
1190,-5.114252795142615
1191,-5.980781727250662
1192,-5.637552794139178
1193,-5.8338942600809744
1194,-6.514882579780701
1195,-8.112544936873366
1196,-7.396639208238276
1197,-5.550637701436967
1198,-4.6246983952904275
1199,-4.516037409581896
1200,-3.32103291072805
1201,-3.092111833858313
1202,-2.970750763163965
1203,-4.2751977661012575
1204,-4.011137930636599
1205,-4.091841585683986
1206,-3.451506415485306
1207,-7.515481306174932
1208,-8.294179412457348
1209,-7.472001997556255
1210,-8.190847831420367
1211,-8.045686605163716
1212,-7.726256612449922
1213,-6.580576070415689
1214,-4.093610763172517
1215,-6.712668488417695
1216,-6.920107404857356
1217,-1.1410394372428523
1218,-0.5588865500638307
1219,-2.4784725837308508
1220,-2.716042189125223
1221,-3.313601207406691
1222,-3.953335005406533
1223,-4.938418113479948
1224,-4.5658060526660105
1225,-4.13245891815468
1226,-3.5670055052903216
1227,-2.752995478258935
1228,-2.116514467119246
1229,-1.2735991299900995
1230,-2.4293108195987956
1231,-2.8543801724100093
1232,-1.5117106534232039
1233,-1.050369443188237
1234,-2.6529012580327915
1235,-1.6439519365896604
1236,-0.3131016237884032
1237,-0.432911865358665
1238,-1.4027890985308655
1239,-1.4169690708952465
1240,-0.5808989842609913
1241,0.5326416562416947
1242,-0.038785645089256526
1243,2.0421173587430674
1244,2.6328602278384183
1245,3.3352643194994425
1246,4.153644960915082
1247,4.298057302233271
1248,3.8554348847943842
1249,4.042482459785313
1250,3.9902399114320586
1251,3.3630843634550045
1252,3.5175369263751533
