,cash
0,0.17883649839504723
1,0.04857729844895439
2,0.024149695435065687
3,0.10486935085011903
4,0.15549752350693358
5,0.26478106316919636
6,0.4770491191247303
7,0.2999992936469809
8,0.19003155385949114
9,0.029212606583817222
10,0.35616456253548096
11,0.08910093628262203
12,0.18387581168692288
13,0.4813145411848393
14,0.05580461892002784
15,0.16246178421448046
16,0.08071372528014172
17,0.29353562313520815
18,0.14217147975605612
19,0.08408399450757197
20,0.306042332244419
21,0.5396577534461683
22,0.25796652482500787
23,0.6734023600082661
24,0.4713815126943122
25,0.2640519829473753
26,0.4837258701499581
27,0.38359538121058656
28,0.07467039088613678
29,0.39534893716593
30,0.17626566662923526
31,0.10784711865623725
32,0.2701484261111449
33,0.2463213827789041
34,0.10538944470273227
35,0.05308352616927438
36,0.2868840599126201
37,0.1904017634165889
38,0.3795645915068431
39,0.06806155053268269
40,0.08609956636927141
41,0.1375397321986405
42,0.4219382142983819
43,0.35588366104544183
44,0.06927859662785829
45,0.20845645333867888
46,0.2853878028500444
47,0.04578785335752614
48,0.2900502158797822
49,0.15181471492860033
50,0.08959954405147642
51,0.2531548686422856
52,0.1811346677556411
53,0.08937442313218649
54,0.26462846488434877
55,0.05932887739008923
56,0.7430485601477004
57,0.16846091429366158
58,0.2855879550284425
59,0.07863760383953385
60,0.09170418657217111
61,0.2501651998254056
62,0.3201805423954184
63,0.12616241941998257
64,0.3773243384606541
65,0.20184125884437903
66,0.0981236419108615
67,0.2288631317173459
68,0.20828357444897316
69,0.05184708609196662
70,0.14536328474539556
71,0.011806077972450897
72,0.17556322978672134
73,0.12620050499767632
74,0.08570671703198088
75,0.4871189109888213
76,0.2522989557656708
77,0.2623739064909037
78,0.35889155904052594
79,0.10130797533456348
80,0.006539908280702979
81,0.4202248966485021
82,0.02980352132953283
83,0.23821034617574696
84,0.09162119479586345
85,0.22594590114747062
86,0.5010169176843752
87,0.23104636860671335
88,0.12163176233274628
89,0.3016870854187425
90,0.13845691087507087
91,0.26938474935285395
92,0.3358150623850866
93,0.13429468009214168
94,0.15398564358657443
95,0.1406589035467339
96,0.1815886750934337
97,0.5903726238753286
98,0.3511850954121714
99,0.322884668715326
100,0.3671833398394085
101,0.11550799860530495
102,0.024020584823304922
103,0.13270200178418864
104,0.085894813377408
105,0.16530616359729816
106,0.2253569506897993
107,0.2804634682010957
108,0.1361606001915578
109,0.15424724247196953
110,0.2502147967689537
111,0.44052572287589054
112,0.2634458800335145
113,0.11393867476410889
114,0.30087584105579207
115,0.5330845907597032
116,0.13424279446038936
117,0.08647539867834615
118,0.1145626535721327
119,0.10186158127168961
120,0.04311590065963307
121,0.2611444386798795
122,0.09243111841481699
123,0.24666148848405142
124,0.3901851030819953
125,0.17318237779267556
126,0.1986446340502953
127,0.08743816641871965
128,0.158155847558744
129,0.7471483075564695
130,0.3154443332816687
131,0.20401848359119812
132,0.39424948844573626
133,0.07085287053898767
134,0.23493123415525996
135,0.08799941693080982
136,0.19395589051649725
137,0.38579296016664316
138,0.1717471046781781
139,0.16370726019627407
140,0.09713846479696388
141,0.28350049295675794
142,0.2381600447329784
143,0.24047444339625929
144,0.25235710203963896
145,0.4701398344348454
146,0.37415947476348027
147,0.13240645021966074
148,0.22498349753284125
149,0.23652774342413924
150,0.16816467835934948
151,0.14908049035249318
152,0.207857205830041
153,0.2311388331068762
154,0.08127156825919972
155,0.03543965620980849
156,0.03383080420762972
157,0.22325117405318323
158,0.28733443516077556
159,0.15713655214290406
160,0.10306875022542675
161,0.2953647547147731
162,0.434535563427521
163,0.5576392053383841
164,0.0769633867775178
165,0.5786009231909505
166,0.3755229884981041
167,0.4335825229435094
168,0.13009316960557218
169,0.706834605758053
170,0.5166884386168819
171,0.20821876713248347
172,0.15352604533492617
173,0.08476334853989417
174,0.4311516212603753
175,0.08494441619207202
176,0.08693517696032582
177,0.07553731055251738
178,0.276555932616364
179,0.11948974136286032
180,0.27534647836993875
181,0.17824960352738026
182,0.48097555455631313
183,0.3727682737004159
184,0.4585452400373097
185,0.23491590629799888
186,0.23981004569287936
187,0.40723882465362626
188,0.03672065009106111
189,0.6298249670730893
190,0.17336526676622846
191,0.2672022379949649
192,0.3250337237940224
193,0.2897510912144049
194,0.146012568376665
195,0.14876820894909654
196,0.23206487017062347
197,0.4445600839407825
198,0.37483738308704895
199,0.5668188225197119
200,0.07627187071395067
201,0.14953167992595512
202,0.08645793600291553
203,0.25716347905170506
204,0.2795609009930565
205,0.08868308553893013
206,0.22326617779651553
207,0.23565711764306976
208,0.06535321667135836
209,0.5749142662105838
210,0.09446046402090291
211,0.38458338021743105
212,0.38602756992246257
213,0.06470902995541773
214,0.10849462992963342
215,0.22315744475716065
216,0.4733596773527062
217,0.6439088942748757
218,0.3575703583903798
219,0.09962367043937952
220,0.21533788724617867
221,0.0692401873855144
222,0.29061960404087345
223,0.2877361992634907
224,0.7573229351006061
225,0.2584867008553812
226,0.08503814799267533
227,0.2616976416628249
228,0.035230787143059585
229,0.09922065997831578
230,0.171591340353979
231,0.4478953231273744
232,0.15671022880005644
233,0.11450226788806364
234,0.42598243794442425
235,0.1829136530464813
236,0.17104179408982353
237,0.0526787440886875
238,0.23827836049022627
239,0.2113479860557602
240,0.19756506637956953
241,0.17558465519162905
242,0.11171476065273458
243,0.13559977493785488
244,0.16565812635310334
245,0.09478882767561064
246,0.08455649347093358
247,0.30653323886565326
248,0.39537086108485237
249,0.12982009389371738
250,0.07989542972960324
251,0.13984298249464847
252,0.25278613032802677
253,0.14277442923756617
254,0.14525457789902516
255,0.31904360007409993
256,0.33871778013163584
257,0.5590241603983479
258,0.0749731114801817
259,0.058176375534300044
260,0.11206584312561603
261,0.23389596920984534
262,0.42405017798452754
263,0.2654665356240931
264,0.1228649686583018
265,0.13895859412476774
266,0.1376909445200544
267,0.3090403762429554
268,0.5235594903812784
269,0.4235242089818858
270,0.4363902197729097
271,0.1144051497484717
272,0.17460342378160576
273,0.12225391087852294
274,0.41864579256255313
275,0.36663262060586865
276,0.4970983574259921
277,0.1628574644855103
278,0.05193980822804909
279,0.614817865431067
280,0.16690039101123075
281,0.2974237603567569
282,0.11397865265150944
283,0.30852240642423595
284,0.3003513057119463
285,0.0423711114956526
286,0.019139990885804554
287,0.13935448430261302
288,0.1356124646024478
289,0.3399843169326241
290,0.08603867420266414
291,0.14020301867225557
292,0.04613389020379821
293,0.1634391312248406
294,0.16106564091278808
295,0.14436312378150706
296,0.30847573210370943
297,0.41201252932820975
298,0.3346772856584911
299,0.15788359017306086
300,0.3621412841802321
301,0.12921450326805362
302,0.09734278034601478
303,0.2392986941336492
304,0.022440140365755385
305,0.47001914737347916
306,0.22102012806685603
307,0.37013391529099443
308,0.4176658306914335
309,0.29235863784799365
310,0.4501763168125024
311,0.14963131235583652
312,0.14790319046993436
313,0.1377805810949751
314,0.007536195822055056
315,0.4257829733124174
316,0.274511899923965
317,0.18618280670582352
318,0.03257230089740667
319,0.2041249300417863
320,0.1210475452147303
321,0.025873531816075268
322,0.34674082334976547
323,0.28464378027825854
324,0.1122007836355481
325,0.21428375589849216
326,0.18012480057227545
327,0.13334228670100248
328,0.3075497883002584
329,0.15086574724937135
330,0.20737017222419551
331,0.3285136591514423
332,0.3428734774701716
333,0.29727287055076973
334,0.3789180606821194
335,0.25411631249908545
336,0.18952620840567563
337,0.11365984772414156
338,0.4064570631732883
339,0.3806780702792858
340,0.13909743565607605
341,0.1352791843173551
342,0.09929618245027803
343,0.14763729564931538
344,0.2077657540010463
345,0.4178608283724963
346,0.31125030929353675
347,0.48262301364737953
348,0.09985143931955616
349,0.23366966984006918
350,0.5209536071371198
351,0.31308971224054694
352,0.1950603642006562
353,0.2574454403471
354,0.08560137561455117
355,0.1464161672592698
356,0.019381024494745477
357,0.061951689375485994
358,0.12038210779631492
359,0.10019195411444885
360,0.08410336267947682
361,0.30052452555069054
362,0.5997931025911731
363,0.20851110810049553
364,0.36472235746452814
365,0.3614542606328239
366,0.5454270458202521
367,0.14401997312916698
368,0.042384714485987914
369,0.38675088069503377
370,0.26627580944559437
371,0.0827841924294474
372,0.017590141134003857
373,0.5496574753358681
374,0.03695604678858369
375,0.24387099618415464
376,0.2284696375592561
377,0.6276493828075326
378,0.32660541263619225
379,0.05604995550212903
380,0.04460367510659364
381,0.1957809451079537
382,0.3919818657477274
383,0.4088227388582461
384,0.3429480868096283
385,0.4499983878485187
386,0.580743329645627
387,0.3584301736662285
388,0.0803848621079966
389,0.31992555358245844
390,0.1798488218713446
391,0.2955650421533127
392,0.06931737080326764
393,0.22303060492829388
394,0.06667435542301296
395,0.6556703503673776
396,0.1415144417725005
397,0.32326850917376077
398,0.11584766404377862
399,0.10878212578513104
400,0.42358109040306036
401,0.07014823005630048
402,0.07440763586511145
403,0.1400066860090404
404,0.08456486665236002
405,0.21008240212286206
406,0.08771772682372432
407,0.2098611401596865
408,0.4036717069419098
409,0.3891782391571981
410,0.24701956842958495
411,0.10597160614431277
412,0.07948466168652658
413,0.22094078752191648
414,0.3728063907369876
415,0.170342412749114
416,0.15056672227512302
417,0.3293743112671863
418,0.2707414613819904
419,0.48670046751201346
420,0.024043019449278107
421,0.043981139062065154
422,0.13704430558186628
423,0.16264301445386745
424,0.25786742753869984
425,0.21466768484611864
426,0.15343538788913955
427,0.4016979485380386
428,0.09632165812622376
429,0.28470614659553084
430,0.3929338703881931
431,0.4848970052526328
432,0.012889390985851425
433,0.26146173701803616
434,0.28153730333374
435,0.6941572137489865
436,0.13806710195417327
437,0.28077707321911927
438,0.03822599813710469
439,0.36632025938408175
440,0.46596271042571646
441,0.5683766206442036
442,0.5468415187023091
443,0.41863759710524245
444,0.4889538613061717
445,0.22351956069314494
446,0.2587625967614405
447,0.05989431392248149
448,0.7559080771976006
449,0.18004565596114985
450,0.06394864297811914
451,0.07121646556907343
452,0.11403144427862069
453,0.10075897895774942
454,0.2458290695028197
455,0.40314369180286663
456,0.46398001014864493
457,0.14993156223006532
458,0.43449548600503685
459,0.3684256567431634
460,0.4245031159934374
461,0.2751079276673617
462,0.33029317576942374
463,0.17826455909213393
464,0.28729265278941435
465,0.26312801102094824
466,0.21823646967458574
467,0.09556051152804483
468,0.29888978454451637
469,0.2619203738512571
470,0.259734941516679
471,0.06318958482310094
472,0.13293209670371983
473,0.21538466662262074
474,0.41424014543533544
475,0.12496013389441454
476,0.2242235355859112
477,0.48660507024102956
478,0.25032678633261435
479,0.3485175108605248
480,0.15138617632152407
481,0.17817513149115927
482,0.10729600691349785
483,0.2004118401256856
484,0.346952532301751
485,0.23202653854144847
486,0.08068066063857351
487,0.42817929775575225
488,0.17709148343500983
489,0.39278849899665247
490,0.20059570679913338
491,0.18633103859645117
492,0.16747790778727617
493,0.2865143300094163
494,0.41621578929537806
495,0.2739451741036415
496,0.22661070709227557
497,0.11725480475948838
498,0.42890393928863146
499,0.35696278721379243
500,0.5094889061496655
501,0.5042367713942372
502,0.17353214040026138
503,0.09970456141066465
504,0.09953110770992481
505,0.2985542690755012
506,0.4151230036987046
507,0.17149335944762673
508,0.1560937334593822
509,0.49121313208184947
510,0.06315399235699101
511,0.026309717181077035
512,0.27940675894716627
513,0.17712675946900536
514,0.29398036571344854
515,0.06580992401007163
516,0.32982549848873133
517,0.2652774801119026
518,0.12679510291778467
519,0.34184753960123665
520,0.2924215123514962
521,0.18606034989447015
522,0.22554566771452203
523,0.23664321272174837
524,0.3103644807929935
525,0.07582574631765056
526,0.08964391648679662
527,0.26230562320646184
528,0.042209433754884194
529,0.2915517451689276
530,0.235903317311886
531,0.19191546475308208
532,0.2767614366834061
533,0.0748787682235705
534,0.14553574775564246
535,0.12327138548684428
536,0.5374141762411148
537,0.035336876891924676
538,0.1985715050042728
539,0.2697403352054741
540,0.23670981586268555
541,0.16643031982291628
542,0.11921741158594967
543,0.537942274113456
544,0.40567035439373533
545,0.26014524167207964
546,0.17319629820656227
547,0.21080971635491264
548,0.05026136953740121
549,0.36700104227050695
550,0.638749591826544
551,0.15203673003666152
552,0.11285809052100473
553,0.3115160847461072
554,0.04765359704975999
555,0.06623387086721377
556,0.19463701298022618
557,0.11665872014787917
558,0.49174472333297303
559,0.25786525118615816
560,0.17885257980186006
561,0.14603162725893942
562,0.16025337127678904
563,0.07344331184758292
564,0.09794925418995921
565,0.030351273970063687
566,0.1782570046959078
567,0.28169282234962795
568,0.46455730488459446
569,0.031895464938069246
570,0.2273060585332907
571,0.6538196339097039
572,0.20834553851427046
573,0.1773419002320898
574,0.12949699565386757
575,0.30299051786146897
576,0.2738983115653836
577,0.1410356800969161
578,0.3550739914803301
579,0.28483748740198533
580,0.027843819449953674
581,0.13261912314220856
582,0.5972237104989729
583,0.24125073257158747
584,0.24083048369492474
585,0.3072461181067652
586,0.31829018353820393
587,0.4900663253988943
588,0.022844919763839167
589,0.5522828086893833
590,0.1926578344314361
591,0.11896540597047169
592,0.07052494777347824
593,0.21767017098435773
594,0.060809661599087704
595,0.06724664316792042
596,0.24969136603936815
597,0.15721866980701854
598,0.19229885572203367
599,0.2738949378064553
600,0.2626499507289427
601,0.13317422159639364
602,0.2489309767254319
603,0.08612872572530307
604,0.2774540742306633
605,0.462462505182763
606,0.5848425102384337
607,0.22561065865246696
608,0.41437555442515156
609,0.17242681798295523
610,0.5594868484755692
611,0.10589718537028299
612,0.17722568710730022
613,0.2046214985234802
614,0.05215025639107861
615,0.14720432244239864
616,0.44910073355390023
617,0.3244947198219622
618,0.3335944267882658
619,0.5179682448060685
620,0.23598067859169744
621,0.07076006837213104
622,0.1707812387724681
623,0.3031936373738517
624,0.13322197970121044
625,0.048295956627620415
626,0.14205107599014352
627,0.4609053433492432
628,0.21463998749754876
629,0.2231650025824855
630,0.41526914269942683
631,0.10703268836555357
632,0.12888073271289532
633,0.09518714131843206
634,0.1492284075330441
635,0.25808859501049625
636,0.5128087296580567
637,0.4435885328523257
638,0.39220506789964726
639,0.31762003297694746
640,0.28975359682022783
641,0.2406431181523139
642,0.10858128104904842
643,0.2744913043009447
644,0.2671401764180482
645,0.27205059290966216
646,0.02050557618313666
647,0.5166980505307297
648,0.1296728843049281
649,0.08204065971687312
650,0.23646432071277768
651,0.18148988998973287
652,0.31308897313407225
653,0.12813841531127598
654,0.46193757136435787
655,0.05150655766100027
656,0.5386532284713531
657,0.29558937020950793
658,0.4075818418373991
659,0.3494553107599763
660,0.3420968576251905
661,0.1724634825844949
662,0.1970013796053425
663,0.15109930501351373
664,0.30295295476544515
665,0.3062729306073432
666,0.5070017003957449
667,0.5259735285519713
668,0.21226245818707817
669,0.4292926980714034
670,0.20931700990203092
671,0.08944728055496398
672,0.17282321198598988
673,0.41368047563197424
674,0.32815159698891205
675,0.31040084781224336
676,0.29205920362045235
677,0.3210218794248756
678,0.3250904487283789
679,0.25953984072326003
680,0.06103758404251039
681,0.3727860442998057
682,0.18982566882503948
683,0.21918710456641105
684,0.06890903378610139
685,0.47126027711664203
686,0.12388651068344188
687,0.19585290954985263
688,0.08476592262121356
689,0.3828638083194696
690,0.14099210365551804
691,0.07296624979016433
692,0.307290753009826
693,0.34674929748682704
694,0.0670213945883096
695,0.17945367466712073
696,0.5416510578564359
697,0.09849642485610378
698,0.307072853753455
699,0.44690802183961337
700,0.11971323614476591
701,0.07595457770488671
702,0.057590786419065336
703,0.2855966042290678
704,0.26836654668014304
705,0.2744710568224489
706,0.08551699226020774
707,0.19379881123052992
708,0.2064209151399633
709,0.19510134281652097
710,0.04901878890764245
711,0.14536822702988644
712,0.11224950554221991
713,0.5183006909155707
714,0.2388579308571914
715,0.10338402410486895
716,0.27033031024093934
717,0.34704058249999065
718,0.15437762816983475
719,0.05454639289640514
720,0.32616472586562867
721,0.16392941175586695
722,0.317877040498883
723,0.7942564235527314
724,0.04657153665079991
725,0.44879198004164117
726,0.3758121733428681
727,0.05833542213069534
728,0.1578902780665054
729,0.29383821840465074
730,0.2070177943215618
731,0.22446817998553809
732,0.1702478418508159
733,0.20286172077010556
734,0.07716433846655497
735,0.23563662502947977
736,0.3180165207876154
737,0.0882330189347898
738,0.0676374125062256
739,0.4063223758829318
740,0.25228312953238613
741,0.27811297108887134
742,0.3785132644337918
743,0.1954888770139368
744,0.3308020040155758
745,0.12134310673066193
746,0.2486528489805959
747,0.05839195322279155
748,0.07534513988866444
749,0.1559469958724513
750,0.07446678494257816
751,0.5371378504965263
752,0.11612078315892613
753,0.584169144880676
754,0.44344553745120546
755,0.24707168827542503
756,0.3133727377077079
757,0.09116445664500092
758,0.08412489952369163
759,0.03174168214806575
760,0.19074894730997055
761,0.18102616237024546
762,0.1503827366031659
763,0.35611530981772455
764,0.46475396049099077
765,0.6710410660623395
766,0.10705184421440314
767,0.0934118990869338
768,0.39502703970718755
769,0.20590266232739463
770,0.025777893845390153
771,0.5832887647943478
772,0.0637595346061423
773,0.5694007160944997
774,0.06517412085921394
775,0.07476606393729177
776,0.2160208050293369
777,0.17270323775343904
778,0.042355117762161616
779,0.14578950967039828
780,0.23391003359683354
781,0.13418010110130252
782,0.5826798646791589
783,0.4348812307786896
784,0.17488997440140294
785,0.3474430559390071
786,0.23062928646440478
787,0.20230576887669993
788,0.2801738364818086
789,0.3025994194131514
790,0.48008960122003985
791,0.07496776993886821
792,0.06900204551044473
793,0.15517576789127624
794,0.4435287442953581
795,0.10635426813417322
796,0.2644232251834503
797,0.1407591379422344
798,0.06786020673124736
799,0.2603980544703882
800,0.18826703445847612
801,0.424232764336391
802,0.19176958408054837
803,0.3556893639996598
804,0.023073565516232384
805,0.3769919393423434
806,0.0900676481172358
807,0.29453828502065216
808,0.30737168017128064
809,0.33980684280097123
810,0.1282736676038384
811,0.27664321311660156
812,0.31233139150841427
813,0.6000341779245761
814,0.0876642638362721
815,0.19029894021279317
816,0.6500262775343256
817,0.061392235033746474
818,0.04844523378730935
819,0.525658022476062
820,0.5647033486285198
821,0.27537785966146616
822,0.3134027056492524
823,0.09206641777602025
824,0.18496507820952932
825,0.46861491704242575
826,0.48632302837372793
827,0.48924486028016884
828,0.22396212485033107
829,0.21757679563648347
830,0.15187608344760162
831,0.24134670329865893
832,0.44820784768782385
833,0.20543026894663105
834,0.3500842986667572
835,0.4106260716048761
836,0.06688068689078085
837,0.07506888673906655
838,0.18376967321097643
839,0.3548353604125886
840,0.11391344054271359
841,0.6809355436288675
842,0.3780426593455441
843,0.12005686264460391
844,0.13239827405950313
845,0.24142041406228226
846,0.42395778372547016
847,0.25334420307812405
848,0.18694058788723145
849,0.18762098322440754
850,0.14265818141660003
851,0.3250608965833916
852,0.1628113722839831
853,0.25683761394115523
854,0.07782214496958531
855,0.09865396185089309
856,0.47360148808666136
857,0.1748341013251653
858,0.06647279695991203
859,0.28474887183396286
860,0.1714764429668443
861,0.05367201732454022
862,0.3681544366796819
863,0.09853923406159365
864,0.367506815176527
865,0.6719980534184676
866,0.4409074171687335
867,0.20298075410337815
868,0.2609947218297748
869,0.040304716288651454
870,0.39010903129277635
871,0.06601884075649313
872,0.27612264930998165
873,0.24733975245941298
874,0.46476419519878215
875,0.49339965893471843
876,0.32331872506323095
877,0.034270302709923886
878,0.3307328596422086
879,0.11251328063247928
880,0.09960358392666979
881,0.24796181820398458
882,0.05497440861367965
883,0.3460239957370908
884,0.06743048539239073
885,0.044218335086567244
886,0.116728078065461
887,0.36527070579740284
888,0.16213127236924596
889,0.284874945331317
890,0.38594603370941793
891,0.2778444323834465
892,0.20325786800702172
893,0.06876356698386644
894,0.2793535921845198
895,0.31924624375261623
896,0.7066035210071617
897,0.25768086311013494
898,0.12526356832346988
899,0.22339402166122305
900,0.06414205855030067
901,0.3463529817192402
902,0.14430317236678525
903,0.057312806839302
904,0.42026061168707485
905,0.37522920771185025
906,0.23226870791581752
907,0.132984606728115
908,0.30815629811902484
909,0.7172434327927801
910,0.03172164643938252
911,0.23733867647634452
912,0.20010976866930244
913,0.14209188888120386
914,0.09543257706555519
915,0.41119006532183
916,0.3329982110989857
917,0.27355038419867866
918,0.2743596658902417
919,0.2732499207751482
920,0.1555818483577475
921,0.17332887361585284
922,0.27991633600856525
923,0.36882735883723483
924,0.30438966913490795
925,0.17462713938658364
926,0.1758541268324069
927,0.401545089838583
928,0.26914917484658524
929,0.20157267780018412
930,0.3173064147080627
931,0.23228696639135696
932,0.07206168175153636
933,0.33016893484845955
934,0.2799485531356374
935,0.2561037812454828
936,0.30190221882173324
937,0.2615787817919731
938,0.2849762942227805
939,0.47936415907582836
940,0.15951202436055137
941,0.2794048695662111
942,0.3631328207330817
943,0.2517917035389767
944,0.1355739609924704
945,0.2454399873812885
946,0.18713027625903875
947,0.12881014529134455
948,0.21374286089100103
949,0.3053702474804111
950,0.24308786494544962
951,0.6461238738741795
952,0.3317749158038697
953,0.35088164945831934
954,0.7059707604825781
955,0.4174550272324357
956,0.08518523706997529
957,0.11963696803684311
958,0.2707332511197523
959,0.2161428817374812
960,0.029432972589706258
961,0.6657538020525567
962,0.5002680285811132
963,0.1187416435275646
964,0.09157628556910792
965,0.03353455565726678
966,0.09143830745402039
967,0.062467942604861035
968,0.02680474983724031
969,0.29493718422069776
970,0.26417087657962585
971,0.2760643020733788
972,0.06419526962452585
973,0.3206834079617437
974,0.29539687934314285
975,0.39424088071304625
976,0.28646837327389957
977,0.22171553592321352
978,0.14746415273559593
979,0.24743927487539544
980,0.30213053464681383
981,0.5169335210703006
982,0.40725494502063214
983,0.03030792519393387
984,0.21621425993950485
985,0.36370165638412844
986,0.0771407157295956
987,0.1517234941467579
988,0.7106464739830987
989,0.2604671515342269
990,0.7336974514341826
991,0.16046909670598142
992,0.594092148832602
993,0.1776742452758706
994,0.26032367168035114
995,0.3980985168837223
996,0.2877193412307823
997,0.12070210518105755
998,0.5132996235629245
999,0.14038351224337098
1000,0.29753793768501013
1001,0.27543912432014894
1002,0.42974161762455876
1003,0.2753749277498801
1004,0.10221491985340647
1005,0.557168150491848
1006,0.20473487420464756
1007,0.17811566768968867
1008,0.2108915516136395
1009,0.08007557698691797
1010,0.2613674130068383
1011,0.24593303967896143
1012,0.20709148097838734
1013,0.41126364789987824
1014,0.39942318138055444
1015,0.4607118678298114
1016,0.15721845235542556
1017,0.11566233271968746
1018,0.3208305368024457
1019,0.2613046128788887
1020,0.3280533127363108
1021,0.09226388757811467
1022,0.16250081036750919
1023,0.35259697483177976
1024,0.31353924253683635
1025,0.4763936750730025
1026,0.26390931985971994
1027,0.49692533386636234
1028,0.2453333867733278
1029,0.060736100753233296
1030,0.3351254315289129
1031,0.31123172009432853
1032,0.0935879611129207
1033,0.28157065679639576
1034,0.04649791465739877
1035,0.032413920042657696
1036,0.3657857557655952
1037,0.25314578292806383
1038,0.2314865117782243
1039,0.7747343035421195
1040,0.6808846787022803
1041,0.3457981488619194
1042,0.13476118709490115
1043,0.5743531699016241
1044,0.2099454232826735
1045,0.31139678702975515
1046,0.36756049776794797
1047,0.10628106921595204
1048,0.10259482939724253
1049,0.04318268303183801
1050,0.3489207545016719
1051,0.39346339906755157
1052,0.2869884901902951
1053,0.2619662808831511
1054,0.26123736750638066
1055,0.04648673971158265
1056,0.19816496852403181
1057,0.3881770045622047
1058,0.20032591518176937
1059,0.06466428961983432
1060,0.15199860806509585
1061,0.2729030301067604
1062,0.4204534396087918
1063,0.10265776049924022
1064,0.027736953595293826
1065,0.2802332151103405
1066,0.26412360801708634
1067,0.4630759902826846
1068,0.8154515766998316
1069,0.3261351519444787
1070,0.40587361744538164
1071,0.31987533926440853
1072,0.26943936901257337
1073,0.46785218960817193
1074,0.52455494171215
1075,0.42904972173321754
1076,0.34330322265528057
1077,0.4229776241044869
1078,0.06353698895952604
1079,0.11437425837378278
1080,0.5361875311177362
1081,0.2608687003753299
1082,0.048494172081713395
1083,0.5029091330392482
1084,0.36130721962539275
1085,0.24919841260262335
1086,0.4652398539649265
1087,0.050062693385348175
1088,0.23133648827084913
1089,0.17049865438157766
1090,0.04752996680616013
1091,0.4610270926084505
1092,0.3245464477307241
1093,0.45295213386029515
1094,0.37157798982827317
1095,0.25091134842426654
1096,0.10189543440246229
1097,0.3099813229048253
1098,0.06594214140959126
1099,0.17143172891068598
1100,0.46216186702892087
1101,0.323044864997513
1102,0.356662064807547
1103,0.26990102026176555
1104,0.11535066629649669
1105,0.22044533091053145
1106,0.32949370781538057
1107,0.16961837486336276
1108,0.05425477770098589
1109,0.037608657385267814
1110,0.18474750899093464
1111,0.37725726292156087
1112,0.03739363974677819
1113,0.5349605723331647
1114,0.09737300145319039
1115,0.3280236700163184
1116,0.32132728344610173
1117,0.11012374123278962
1118,0.04101191149136008
1119,0.05008081339071759
1120,0.2622246854280226
1121,0.038127247395442085
1122,0.1744571935108418
1123,0.27821201072804536
1124,0.25873217080368294
1125,0.4158639843584952
1126,0.08401226318341966
1127,0.2039734534300341
1128,0.26893906472076684
1129,0.1527553293036935
1130,0.15521689553991577
1131,0.12238653557150037
1132,0.21488179763641554
1133,0.43284572662128135
1134,0.3159426917953225
1135,0.32283469860467545
1136,0.0863340907978542
1137,0.2634752958626703
1138,0.1867731748027652
1139,0.15818686589217612
1140,0.08941025411435918
1141,0.6218647995462028
1142,0.07676675018260745
1143,0.39639161869928585
1144,0.269407727324207
1145,0.19393882669153645
1146,0.3302413498138171
1147,0.2621448501820362
1148,0.1482898281158257
1149,0.13344222393739694
1150,0.7735582107212923
1151,0.11822898578198511
1152,0.031208731213874248
1153,0.08648520059069734
1154,0.050020242076268345
1155,0.15781799472767283
1156,0.0733385568938357
1157,0.12336464446710003
1158,0.15676262635222646
1159,0.1322334066609803
1160,0.17609582194529386
1161,0.33907206563825587
1162,0.11044550590545037
1163,0.21197517535088733
1164,0.25777088469857296
1165,0.0951496771415923
1166,0.4444411273111198
1167,0.540334375888096
1168,0.41616988587822557
1169,0.23004546482029534
1170,0.4003650088106027
1171,0.327232229097737
1172,0.5670600664481004
1173,0.14400981617349035
1174,0.10585229807231009
1175,0.07022040305663169
1176,0.23834272847846022
1177,0.36354354371020087
1178,0.13264584598425927
1179,0.21153223633215384
1180,0.38455821023741715
1181,0.6099103214102239
1182,0.15168283808968513
1183,0.5239976048724464
1184,0.13380602325189708
1185,0.04547022671273306
1186,0.18827715609425877
1187,0.11805170128728718
1188,0.4026071807652427
1189,0.1158156667920994
1190,0.08947586780734725
1191,0.27771395264528653
1192,0.12463416802530629
1193,0.17365385909412737
1194,0.5133035551894573
1195,0.6494991052596534
1196,0.232354717414487
1197,0.10049286137882786
1198,0.1836820071472324
1199,0.4524639420744765
1200,0.8681175310581353
1201,0.40495533367044045
1202,0.05265516906620498
1203,0.22754252452252013
1204,0.088759458436987
1205,0.1812659575727462
1206,0.28310840667269827
1207,0.32718172727529377
1208,0.05888459231841855
1209,0.36048772074974006
1210,0.1339690536326257
1211,0.20528128267558546
1212,0.545602656526228
1213,0.13621908782639436
1214,0.07321182448449239
1215,0.14705205264342536
1216,0.24617777477846892
1217,0.0901037267533973
1218,0.5908406973666112
1219,0.20023927931047997
1220,0.29187540521265515
1221,0.25079311902744156
1222,0.3263506903733014
1223,0.4461487629239631
1224,0.1672422580012373
1225,0.37510098077774146
1226,0.07032005010161795
1227,0.4197946676477344
1228,0.06829461019521495
1229,0.1326067682283987
1230,0.27430458009868375
1231,0.10057844711729363
1232,0.24213440110944665
1233,0.36854482227471824
1234,0.156495547347245
1235,0.32332754546191805
1236,0.09012988242773246
1237,0.23187984820656282
1238,0.2849749967163417
1239,0.1569967547672671
1240,0.46529932520538736
1241,0.35679609513699956
1242,0.3140738641751843
1243,0.11776900480581964
1244,0.17193116643299322
1245,0.3593838946733643
1246,0.04956131147747096
1247,0.7160950580217909
1248,0.0969190684660014
1249,0.3769717924072375
1250,0.1394304088320207
1251,0.5457395349768682
1252,0.2142836937267134
1253,0.3846385228450278
1254,0.10880311881796517
1255,0.3570632350186475
1256,0.18035607311233431
1257,0.37089743855463453
1258,0.06437953400780645
1259,0.4939463669182363
1260,0.46984691021682035
1261,0.08247011362495142
1262,0.18760579868437433
1263,0.0848669405530014
1264,0.14647434183258584
1265,0.22236349805817635
1266,0.24172273783314946
1267,0.21735299205664566
1268,0.2143435671657508
1269,0.20536255685852445
1270,0.30429853828664055
1271,0.4238908336983258
1272,0.14179277662540998
1273,0.14679740852572915
1274,0.20407023763144055
1275,0.29782969806485426
1276,0.3371841590404355
1277,0.14057492553594228
1278,0.26476090739842045
1279,0.19141899399781562
1280,0.33448744906680733
1281,0.2567235089746957
1282,0.2130605906614777
1283,0.06706031693188742
1284,0.1538720303496211
1285,0.2136701352901989
1286,0.14174772610764336
1287,0.27854193152363604
1288,0.1300682724550147
1289,0.41400551111705336
1290,0.14685779700037074
1291,0.35721951838270777
1292,0.09412930492474184
1293,0.11333872351292715
1294,0.08802921239896364
1295,0.29029126662959115
1296,0.24878798414712108
1297,0.043521984013463
1298,0.2413089595188922
1299,0.09567898703697109
1300,0.056899814496580894
1301,0.1251252147364924
1302,0.09077374573416713
1303,0.2941786254634872
1304,0.1080675665019608
1305,0.2939672406597975
1306,0.07666734880823825
1307,0.12112563451324052
1308,0.41789883214712237
1309,0.24474782587521202
1310,0.4093806894799097
1311,0.1491254946946668
1312,0.10199762617702265
1313,0.40507528594503445
1314,0.04149167935297802
1315,0.2033917243918114
1316,0.5220638736064486
1317,0.11551106973652649
1318,0.35153855073231455
1319,0.12990712496080256
1320,0.11290391958081591
1321,0.4762302817971301
1322,0.42248129935360323
1323,0.2811044555187742
1324,0.33347733435013266
1325,0.07733774460746913
1326,0.1360070779470541
1327,0.547421681071462
1328,0.2342913251414873
1329,0.08329984981872722
1330,0.04976643334155799
1331,0.07668044174214385
1332,0.175183109447914
1333,0.23669225593905055
1334,0.30175425332846245
1335,0.26632673564346515
1336,0.13580765861272528
1337,0.14687012456712453
1338,0.20075188188601872
1339,0.13970022472794327
1340,0.10489894912815427
1341,0.24839512784839712
1342,0.2841881248673715
1343,0.14542686234838043
1344,0.0300717938939317
1345,0.4699096587452299
1346,0.26158837446666794
1347,0.17713636255804938
1348,0.1045471746472088
1349,0.2057773414363847
1350,0.1543492278381201
1351,0.11678967706630362
1352,0.23972993221417413
1353,0.04715025339066255
1354,0.23215755857072914
1355,0.09305265196837378
1356,0.4371851567581335
1357,0.11307083804712773
1358,0.3607936496520157
1359,0.1686783351527995
1360,0.3733860269209461
1361,0.20848667687803937
1362,0.2542881429601449
1363,0.07271919872670986
1364,0.08361273648741609
1365,0.06785074780202403
1366,0.03854189028021954
1367,0.199210438002782
1368,0.22818347590448507
1369,0.3559755471829801
1370,0.37219199080673443
1371,0.1927468644679318
1372,0.5181532706830158
1373,0.5312556847017244
1374,0.15130620009232473
1375,0.366915020558527
1376,0.5928094891371369
1377,0.26562341308253734
1378,0.1584109584044376
1379,0.22500413221196525
1380,0.23685879229885456
1381,0.2239276093189266
1382,0.2005832992366247
1383,0.16240564054279846
1384,0.21691596703103305
1385,0.07463451094596975
1386,0.45638183896517553
1387,0.37357396765275386
1388,0.310237968967765
1389,0.07241551059943829
1390,0.17143024310575242
1391,0.2098201628961591
1392,0.5025294067935608
1393,0.6211490725896515
1394,0.17067260753020308
1395,0.08361767160569017
1396,0.1686369928912222
1397,0.29472007986971216
1398,0.3924063744941396
1399,0.18888098133300157
1400,0.07290877624274333
1401,0.3336345855872588
1402,0.22127927864903194
1403,0.15114111530686355
1404,0.16806856958794655
1405,0.323875812453108
1406,0.3246788121429963
1407,0.1268273320733863
1408,0.28996772684504496
1409,0.1293700709437857
1410,0.04932434084204183
1411,0.18008438165979146
1412,0.4249224254370386
1413,0.34984499930336865
1414,0.6512131756448621
1415,0.07209993437423129
1416,0.47716752504078874
1417,0.14695064622590376
1418,0.532156450204351
1419,0.19011736475779414
1420,0.1150640086958258
1421,0.1629501758083422
1422,0.4660374697943349
1423,0.30466234346053706
1424,0.38031094084901784
1425,0.13501545269596676
1426,0.413268351848188
1427,0.12059884383225682
1428,0.23403227894619463
1429,0.4422927715249113
1430,0.14649258629449116
1431,0.39701134980734354
1432,0.043450627607660386
1433,0.34826492209661825
1434,0.06270893650013937
1435,0.13426488672015016
1436,0.2620737495345312
1437,0.7527278279320552
1438,0.541382183070499
1439,0.5417256444242123
1440,0.3484852542491167
1441,0.1303073797293101
1442,0.3246364825539302
1443,0.06241811404970555
1444,0.3666121638138273
1445,0.49255346805670325
1446,0.22095001060504188
1447,0.10187519440216111
1448,0.13605086582573134
1449,0.0760447662165992
1450,0.42933538701188767
1451,0.3062571651486165
1452,0.27064546863345385
1453,0.06015715397063704
1454,0.14319588052446264
1455,0.34127300210013345
1456,0.1475427403674669
1457,0.039191895649484214
1458,0.08564387313981708
1459,0.3812284408445006
1460,0.055669110447938104
1461,0.5021505896972597
1462,0.11516301329607612
1463,0.31161821632385533
1464,0.33254399690699704
1465,0.32518158537245273
1466,0.42665118593980667
1467,0.2309976331732663
1468,0.31116029313656607
1469,0.28846681916042055
1470,0.4921993894731754
1471,0.5332890840854306
1472,0.5315187634553202
1473,0.12398590134563069
1474,0.08410121028058423
1475,0.29004873796110814
1476,0.20838134399046715
1477,0.09387653044293288
1478,0.12448959810535794
1479,0.3255020993995479
1480,0.0914584182727444
1481,0.09258982736830393
1482,0.24514587563094173
1483,0.1281182247726872
1484,0.31690081145261845
1485,0.3806738733424259
1486,0.05027216776939825
1487,0.3031981537104733
1488,0.1280931412507694
1489,0.5060674296793807
1490,0.49889692652972617
1491,0.5001797533114971
1492,0.06924017208869165
1493,0.1727145995045653
1494,0.3157380972773677
1495,0.10234611480058452
1496,0.16353774551128084
1497,0.09612598146265086
1498,0.29362035993359215
1499,0.8678802149073811
1500,0.03605477933070914
1501,0.3440595806689671
1502,0.0944132028929451
1503,0.27760506016152126
1504,0.11672710182229375
1505,0.4832780572153495
1506,0.2757386452918222
1507,0.3469965322154476
1508,0.3741477623443577
1509,0.4502048735639329
1510,0.4943254989824341
1511,0.5248383167538784
1512,0.10993982877362439
1513,0.04004294369458153
1514,0.5537145494779667
1515,0.11059528566686185
1516,0.05491690181479022
1517,0.6063923201021649
1518,0.4321581212733453
1519,0.14334700172630035
1520,0.24188818270800197
1521,0.5057003014918765
1522,0.1639625380321929
1523,0.09378835643697328
1524,0.1257254637518865
1525,0.37232660296594783
1526,0.16857981900245037
1527,0.3294830751354173
1528,0.40497793208061145
1529,0.16549070568963786
1530,0.38286826519050543
1531,0.09571189780307078
1532,0.18079267363160717
1533,0.11171326627377398
1534,0.3075254831902004
1535,0.366752560046721
1536,0.1414761749811937
1537,0.19271645770425008
1538,0.32798067377826867
1539,0.5512339818113304
1540,0.24666629620699448
1541,0.3490365081915298
1542,0.43948735570425945
1543,0.22481562991383858
1544,0.23020811747386402
1545,0.3174395115032898
1546,0.22931073344493189
1547,0.5534519905874488
1548,0.6174028058735835
1549,0.11560844328931902
1550,0.34746550880130794
1551,0.26951969842773355
1552,0.2192967588956124
1553,0.43701559172220766
1554,0.32277075844264064
1555,0.14332362259538167
1556,0.15036827810095554
1557,0.06959707508153722
1558,0.31988757666786805
1559,0.3104719715221655
1560,0.10509941371924733
1561,0.05460453526372902
1562,0.21208579403095534
1563,0.05957613633893298
1564,0.2271201438709028
1565,0.25424590680234466
1566,0.13849771798158247
1567,0.05634255392959452
1568,0.08130943249591216
1569,0.1415513827055436
1570,0.05856191903971902
1571,0.2808007231355022
1572,0.4237547602824519
1573,0.41256502721296795
1574,0.23585509537173582
1575,0.2865595716753769
1576,0.14249651075694508
1577,0.10700130378825569
1578,0.455068466395498
1579,0.2778359756135529
1580,0.6388460646064558
1581,0.49491835791187133
1582,0.0774588754785588
1583,0.4781687833451439
1584,0.5285551333090516
1585,0.4975181629012719
1586,0.44720116588241343
1587,0.2918968717616865
1588,0.32294719519068155
1589,0.17851836011542846
1590,0.3793306317698335
1591,0.30097470143480265
1592,0.2624960216932393
1593,0.2290768671313958
1594,0.15948592506673565
1595,0.48256205665010954
1596,0.28396831770610664
1597,0.3932375379060174
1598,0.08305824500553105
1599,0.49362344252750495
1600,0.4073457815638782
1601,0.46249032701517423
1602,0.2416362165738862
1603,0.2120501566221273
1604,0.09710397523034242
1605,0.44187088001556607
1606,0.08406036249924322
1607,0.07832667019902499
1608,0.1992388963183293
1609,0.09553618375183034
1610,0.2063736817976279
1611,0.6015358496347003
1612,0.3516631343763482
1613,0.1504709726050047
1614,0.3669322779741943
1615,0.4398791715921132
1616,0.35550559442783003
1617,0.06393932301015375
1618,0.34516415635491327
1619,0.2550596000181427
1620,0.08372094763521092
1621,0.3499093593218899
1622,0.23339370683048288
1623,0.05954908104808307
1624,0.4556590277798797
1625,0.08940306027237555
1626,0.1841607976695807
1627,0.12953507043612206
1628,0.16357795048902574
1629,0.050550201482735244
1630,0.5493073526066796
1631,0.11359996399216445
1632,0.6123781558996394
1633,0.20831626770289632
1634,0.4585768020516515
1635,0.15160444603644957
1636,0.14670675683496032
1637,0.34928241655129855
1638,0.16335800520412788
1639,0.10199068742892323
1640,0.2718354744957048
1641,0.12729819482438975
1642,0.49903095043709184
1643,0.2962079106411103
1644,0.5738783102495262
1645,0.8182314147091626
1646,0.11076115949605275
1647,0.22337794552527213
1648,0.42565010065423803
1649,0.24432222733756462
1650,0.10028210926852106
1651,0.16210415510879322
1652,0.14305872148089008
1653,0.22119526290457572
1654,0.12814978566481475
1655,0.4192603925215926
1656,0.3768440408394356
1657,0.1834455858384768
1658,0.3085354140640746
1659,0.13555188976555232
1660,0.11454448135423899
1661,0.36991526622747034
1662,0.7389506290784119
1663,0.19277200979135772
1664,0.15034335968888823
1665,0.25091308946644325
1666,0.2706401033754557
1667,0.13487265387490988
1668,0.07602281858006137
1669,0.24795781191533725
1670,0.04271956978615378
1671,0.18671399682662485
1672,0.2098264102991713
1673,0.23508499122553358
1674,0.10314691275783734
1675,0.2511587070903459
1676,0.3141689348459359
1677,0.40197989768874376
1678,0.11158803092507844
1679,0.10859263318417248
1680,0.11004152920438585
1681,0.3611697497532597
1682,0.3252402900196172
1683,0.1455128009490774
1684,0.45269789916632497
1685,0.07094967744705705
1686,0.196814103022532
1687,0.6758928301278873
1688,0.15027118632820124
1689,0.031399129769783055
1690,0.28275882866178903
1691,0.0993338501618743
1692,0.042875129883763026
1693,0.3946006050071492
1694,0.12705094843643258
1695,0.07299203395342735
1696,0.27451317693521987
1697,0.18906216482976115
1698,0.12951940211491692
1699,0.12287759784038516
1700,0.4747299234505792
1701,0.10126231478703707
1702,0.05594851607473801
1703,0.31550082847190347
1704,0.2635957572062604
1705,0.13525584775254637
1706,0.1981482416145339
1707,0.28364376802823243
1708,0.14690621200134338
1709,0.16761344418104618
1710,0.26020434750323423
1711,0.21256265566058669
1712,0.0939000484227335
1713,0.3774699964175729
1714,0.3813163816167089
1715,0.03543978045396029
1716,0.5232675024827367
1717,0.3359989872884311
1718,0.16441796148330928
1719,0.049104540329017295
1720,0.2962521219862399
1721,0.5220058264596724
1722,0.16848065217363067
1723,0.13209180736743634
1724,0.44158345168811086
1725,0.2544060285366591
1726,0.26926507874730937
1727,0.3859638663960413
1728,0.17560569156985806
1729,0.20890053643466913
1730,0.20025518480754687
1731,0.1616676990292019
1732,0.29124073053840105
1733,0.43732117682710037
1734,0.17525026337964242
1735,0.24004316892280642
1736,0.22435765805328844
1737,0.5986068797843128
1738,0.205691749874336
1739,0.15364046117073069
1740,0.5899742769068117
1741,0.045707795887719574
1742,0.5298518315460793
1743,0.08265018537032082
1744,0.2996187049363929
1745,0.20014440761077582
1746,0.22809054386763394
1747,0.05749939294360967
1748,0.20521836442464228
1749,0.24806384728366965
1750,0.5082006391985592
1751,0.19650665102662793
1752,0.39429667113628536
1753,0.16515182009341697
1754,0.12811960268678038
1755,0.09937713769721494
1756,0.17993859032931026
1757,0.1865678616520692
1758,0.12927000339906108
1759,0.07433539465946185
1760,0.1368961141732137
1761,0.3762311053696894
