,Portfolio Value
0,11997.770913922115
1,11953.117074698344
2,11883.812941543036
3,12267.992918139094
4,12630.027723010366
5,12812.845780754202
6,12644.99908171057
7,12864.525279783107
8,12826.028333975257
9,12791.116079139903
10,12772.222330701303
11,12785.720128610375
12,12686.89290478589
13,12662.102834038962
14,12563.185144741823
15,12607.49996796159
16,12784.76120879041
17,12636.22767009709
18,12765.215368053556
19,12676.279561884628
20,12493.116347428506
21,12511.785850578719
22,12474.151479018237
23,12603.019048277456
24,12608.78415668616
25,12608.738014611434
26,12670.371420321344
27,12668.413458950894
28,12620.65279244209
29,12587.193795281466
30,12567.55593587511
31,12441.27072772676
32,12457.910695050328
33,12351.151056146104
34,12464.938522944254
35,12657.384877626504
36,12631.861410710204
37,12453.762985112584
38,12306.161734790501
39,12207.439707754533
40,12390.403419680184
41,12385.73781928117
42,12204.857181389132
43,12147.013540327245
44,12153.045331180565
45,12239.869137115835
46,12273.190778692899
47,12164.292902959742
48,12060.260044991432
49,12167.580032457332
50,12401.873297805501
51,12341.82990944035
52,12312.630972958643
53,11777.649431985548
54,11534.392132697409
55,11392.504173720026
56,11301.308157766991
57,11280.058627292774
58,11045.652367147906
59,11388.349974505678
60,11506.2564405126
61,11476.46148197517
62,11302.47196092741
63,11198.572676813425
64,11180.01243030139
65,11243.757050961525
66,11409.26907440541
67,10757.829448333228
68,10643.295086486163
69,10339.428036908117
70,10244.884915477132
71,10417.717491988002
72,10470.769399555465
73,10570.745508744198
74,10584.590236510976
75,10565.178211465995
76,10601.836179875965
77,10572.675204916946
78,10602.724385716596
79,10979.326202449398
80,10983.868453715182
81,11034.75876242646
82,11096.13609578432
83,11095.859510100383
84,11013.080859611851
85,10878.34936660583
86,10912.533631216831
87,10984.813349216876
88,11217.673689543648
89,11201.604472872606
90,11302.737419843521
91,11017.188699025837
92,11078.022982725539
93,11141.055141019948
94,11022.545820096118
95,10966.00943377331
96,11013.274717229431
97,11003.60933154314
98,10994.95226999988
99,11013.621364030947
100,11039.980670186922
101,11176.872605605124
102,11112.3142215526
103,11165.065668215939
104,11295.13175059634
105,11405.265867629547
106,11401.111258613804
107,11399.121681687524
108,11364.690731841541
109,11272.173656500183
110,11189.599594578052
111,11210.237861749789
112,11294.387033361523
113,11319.007274115433
114,11415.018485711564
115,11400.824190214063
116,11390.548974706955
117,11368.799868881892
118,11388.037947318066
119,11396.571505884913
120,11344.617582837473
121,11304.795534922836
122,11347.235340449904
123,11368.295813644336
124,11385.28310255208
125,11429.683835896985
126,11400.238400423133
127,11189.073446815753
128,11235.821403308917
129,11224.185565852918
130,11214.034373135955
131,11187.933556443457
132,11152.76569695176
133,10963.193354427029
134,10785.214893605504
135,10902.05536134745
136,10876.105154994451
137,10901.248890235638
138,10989.92962927786
139,11025.547068155074
140,10950.680967177641
141,10921.818231376777
142,11127.442112696102
143,11082.638952491425
144,10921.028388456387
145,10925.626832541622
146,10967.157056283066
147,10937.256464127495
148,11019.437263487003
149,10912.014512053953
150,11014.370063790491
151,11041.814721230952
152,11016.495236681712
153,11030.442728487345
154,11114.736576263473
155,11075.720050745294
156,11152.866202739979
157,11232.942861649668
158,11245.88624659117
159,11180.52867303532
160,11202.478634760642
161,11254.426192735904
162,11264.223157032102
163,11249.466920643843
164,11184.691463805453
165,11194.567392950506
166,11201.843001137047
167,11165.447771331092
168,11414.895200623396
169,11454.274857818262
170,11438.08612401037
171,11296.932196770518
172,11310.141166050607
173,11204.188113338307
174,11157.869636024434
175,11117.30857687441
176,11227.255247640009
177,11184.505740882048
178,11244.620206179834
179,11280.551516981554
180,11166.768128952632
181,11146.465798731131
182,11259.989081819711
183,11155.157209837462
184,11191.273401200122
185,11292.370551801678
186,11224.886054979015
187,11187.135140991593
188,11043.200709879631
189,11095.87912863566
190,11056.729300322488
191,10936.659995860235
192,11138.750778934056
193,11102.611020668106
194,11075.732504080148
195,10944.953972250532
196,10930.271696083793
197,10877.724070108381
198,11112.856559817785
199,11156.161311818749
200,11427.936604717474
201,11676.052715464444
202,11688.462487731656
203,11718.068794962648
204,11724.693878007027
205,11958.963234417595
206,11995.618640999099
207,12041.500887868393
208,12758.921066007131
209,12848.2476888687
210,12956.33997499364
211,13080.511649995251
212,13076.935319508153
213,13137.293455348443
214,13206.547576273257
215,13254.616455998377
216,13224.998119904425
217,13224.599087441842
218,13294.81707075884
219,13230.275845833185
220,13239.341459299463
221,13303.605275618169
222,13429.826396187813
223,13387.091273614755
224,13400.893903344788
225,13418.493639864893
226,13289.56518488427
227,13368.086047705838
228,13573.76519366273
229,13547.76259841628
230,13632.137095387889
231,13615.384372389895
232,13592.722335994997
233,13615.128609135814
234,13625.278829579516
235,13761.697323972625
236,13502.333845268415
237,13459.850612475655
238,13226.320165797295
239,13191.131679750015
240,13122.54606772173
241,13477.209643063283
242,13674.050377598864
243,13672.73054875191
244,13678.396369994165
245,13638.317380121107
246,13657.752447527564
247,13660.569708175113
248,13667.194009800187
249,13672.818120739383
250,13544.04550966528
251,13573.972123735355
252,13464.569018300514
253,13536.758869456677
254,13931.911435868262
255,14003.095812268935
256,13859.138124894542
257,13833.062817697426
258,13901.737150580568
259,13763.490714134172
260,13739.521755950382
261,13841.958107092349
262,13953.54733199857
263,13951.087045339817
264,14056.676654654242
265,14158.611664861295
266,14344.571352613664
267,14269.765797226177
268,14169.754946861158
269,14211.78797102899
270,14337.606967162932
271,14391.017229030283
272,14812.443010066745
273,14772.53780845421
274,14735.241294291747
275,14727.115162453134
276,14683.894498239406
277,14748.93158406221
278,14673.810288659832
279,14670.924199808347
280,14636.701996579532
281,14708.124955318417
282,14728.436185241184
283,14703.765570717202
284,14827.159980859376
285,14912.479276037704
286,14769.098390774583
287,14797.9056082531
288,14853.437799772171
289,14797.005507877948
290,14942.153271242889
291,14877.257855105458
292,14863.621250672186
293,15221.724392473414
294,15046.446588365785
295,15061.58182295133
296,14913.758530972713
297,14899.826452832132
298,14971.030584159504
299,14947.175100372813
300,14996.947830510977
301,15034.721297829683
302,15097.03214003399
303,15149.154662121011
304,15235.742459445912
305,15167.962189542002
306,15179.391895001163
307,14996.36305887542
308,14933.710219022267
309,15201.949125004572
310,15283.356862521767
311,15119.280844523022
312,14969.237220966475
313,15030.419453350627
314,15054.333223978725
315,15017.428595975856
316,15060.968494303424
317,14936.657205769467
318,15037.813119518834
319,15062.998913366597
320,15074.422245804595
321,15102.033071542475
322,15161.366384796365
323,15007.725000848883
324,15186.65483255204
325,15473.255131330347
326,15420.817285255693
327,15433.187121374356
328,15440.861865445593
329,15136.28903894374
330,15071.384817119479
331,14955.420418098185
332,14691.990667918692
333,14822.311085690751
334,14852.611016522678
335,14683.12056566999
336,14894.11486790126
337,14931.266305092584
338,15015.478121753458
339,14955.657366901742
340,14992.436930330463
341,14910.19902650149
342,14956.835033320493
343,15118.450500840847
344,15184.124747734264
345,15168.827223363958
346,15164.479881738658
347,15131.903506364411
348,15084.845830063845
349,15048.466153826696
350,15136.77937574621
351,15073.404255565956
352,14946.31399526856
353,14926.031736470231
354,14813.853627259525
355,14918.495757106086
356,14696.14168005427
357,14530.981543757745
358,14419.106496288248
359,14397.502438640091
360,14516.189503389096
361,14531.492810581269
362,14503.339096075977
363,14350.657279890718
364,14391.81964564404
365,14467.2628278724
366,14576.71584895252
367,14548.321981988825
368,14557.60074098395
369,14526.79741039887
370,14350.889037571736
371,14260.686222767608
372,14292.817533168418
373,14175.264406944672
374,14413.9783573916
375,14481.111696516113
376,14543.398918816256
377,14582.463978689331
378,14804.978368645028
379,14708.974786462071
380,14683.916444399556
381,14919.628066274094
382,15087.885566386234
383,15230.444256313971
384,15175.133436125872
385,15232.267041333658
386,15236.53669739559
387,15181.719284451161
388,15054.62058915952
389,15140.036451121274
390,15050.527977415659
391,14854.988025223218
392,14685.644667732198
393,14734.012730810095
394,14715.343163511156
395,14700.99949883229
396,14722.47955042204
397,14731.135179866473
398,15083.227453765281
399,15258.451235053933
400,15171.333665761713
401,15020.189377583207
402,15232.706731527374
403,15224.27809319506
404,15349.43880990417
405,15293.302548243966
406,15334.416300521028
407,15644.557003762366
408,15605.469198905404
409,15552.374681736026
410,15404.91965656139
411,14964.839150421694
412,14270.480240705852
413,14305.609010635413
414,14798.521066258643
415,15059.026104374547
416,15310.892840741735
417,15253.934543587708
418,15124.581110627898
419,15486.482193203075
420,15470.247316526214
421,15367.45171595157
422,15701.147446089262
423,15529.940065017732
424,15845.25009159961
425,16073.01110818069
426,16056.139596736444
427,16201.567155414654
428,16268.201521807287
429,16231.609374658241
430,16012.829929732708
431,15905.423211804022
432,15842.625678258264
433,16058.81045489336
434,15941.558235754454
435,15861.364718192286
436,15403.094078137052
437,15623.161384353547
438,15926.896567237058
439,15954.434067210523
440,16270.629682958508
441,16337.514267116574
442,16253.312823770577
443,16172.417655341385
444,16315.40640586625
445,16508.29610118446
446,16529.503918181686
447,16217.804360248687
448,16250.31754484683
449,16441.40260475192
450,16261.823376390405
451,16410.086038982685
452,16522.993010752893
453,16515.451416783657
454,16747.289792903925
455,16623.526799423158
456,16695.419715715947
457,17065.593642345717
458,17251.656276377886
459,17274.58347048592
460,17290.954303613293
461,17455.420531486623
462,17414.528996688445
463,17242.772304573642
464,17184.33275727847
465,16623.314822394223
466,16777.70592026512
467,16937.05423946045
468,16729.491660486063
469,16665.72555861621
470,16780.107615861132
471,17038.77855033726
472,17322.745656517003
473,17652.862658292128
474,17744.982273802623
475,17661.958988182378
476,17680.43034541626
477,17601.995479118214
478,17763.37372147256
479,17861.060003123595
480,17648.5395481384
481,17573.949949186324
482,17615.563932324196
483,17776.08881904969
484,18000.938711356615
485,18014.975021147486
486,18243.889580478073
487,17731.897397667373
488,17965.369833077268
489,17738.51719213579
490,17994.31196054288
491,18003.752176498823
492,18289.622664587572
493,18085.13229321771
494,17909.540973376064
495,17970.74010833956
496,17949.951335141905
497,18014.139905718697
498,17950.745114950216
499,17952.88610083642
500,18035.23322636945
501,18003.94555474397
502,17897.980150355408
503,17524.348913649676
504,17569.98555839641
505,17419.09126918751
506,17034.364116814388
507,16822.92047739548
508,16972.9493365247
509,16977.443866421694
510,15797.49780628403
511,16161.355678788535
512,15761.736831359456
513,15725.327164296343
514,15722.522057392056
515,15850.242984034825
516,16311.271211495945
517,16099.796446427143
518,15847.17587187521
519,15754.470244226703
520,15848.216163434634
521,15989.445556338193
522,16089.004169870663
523,15844.68988613777
524,15773.878093046675
525,15656.559612808704
526,15671.976605681972
527,15833.152088439889
528,15941.286822175316
529,15949.667154927862
530,15736.461532691577
531,15947.047548811619
532,16068.01495877839
533,16442.74909790477
534,16190.912614344506
535,16235.37346249406
536,16317.307377255916
537,16199.800206361037
538,16567.30490434284
539,16608.75854665785
540,16265.503915399211
541,16293.722449402543
542,16264.129494334933
543,16298.700631151474
544,16420.879866770374
545,16317.221883064096
546,16249.656602420448
547,16051.216833872018
548,16197.561997124758
549,16207.259877919856
550,16199.597270222854
551,16246.025975805554
552,16230.195745314137
553,15984.69758162809
554,15950.520703793161
555,15853.164386886543
556,15840.17334946391
557,16067.67370159225
558,16024.930637185329
559,16112.566915542557
560,16129.91984090552
561,16156.7218685419
562,16365.00328015212
563,16516.227342921968
564,16634.639976966264
565,16729.2959535145
566,16706.90998033896
567,16636.159952807084
568,17258.33106393945
569,16753.450854737537
570,16702.70839001504
571,16601.010777410145
572,16814.81420568267
573,17035.023359514733
574,16954.40568608827
575,17063.059217009428
576,17075.593891350338
577,17086.25658660142
578,17187.712454205393
579,17069.242740626843
580,16902.91202663112
581,17000.082701684623
582,17036.698391277576
583,16892.771471965378
584,16810.75687819278
585,16644.49021859822
586,16886.79142324219
587,16821.719389007663
588,16559.11103544839
589,16483.900602821006
590,16376.968417993101
591,16678.136933885267
592,16785.20686596003
593,16418.321530474277
594,16383.907315990804
595,16461.641941690676
596,16706.163280808418
597,16518.214213549756
598,16406.12326707231
599,16409.436839521957
600,16454.75562735731
601,16478.74567152308
602,16544.481338645077
603,16782.08303322623
604,17042.534334890363
605,17115.751356609366
606,17102.931920273593
607,17423.19602006072
608,17413.327320618955
609,17295.09285251245
610,17326.41936017715
611,17132.327151413105
612,17207.538616614915
613,17173.16111983613
614,17166.133679848732
615,17148.5636858797
616,17162.405230687775
617,17096.28207662192
618,17203.498792346414
619,17027.06295983927
620,17101.839754530603
621,17101.77720603301
622,17211.286671792543
623,17167.853336176227
624,16824.432656991026
625,16660.28049373086
626,17050.02688043105
627,17244.73707291801
628,17298.197980697565
629,17231.654483006514
630,17170.40324499039
631,17263.20970762131
632,17757.219229165596
633,17976.440395690694
634,18039.1517404053
635,18016.917052567027
636,17988.099411407165
637,17984.644887129318
638,18004.205717444733
639,18084.07407670173
640,17955.695851670636
641,18095.590352855837
642,18070.060453364436
643,17913.389572991662
644,17950.609168888233
645,17926.397820683815
646,18054.161508313897
647,18058.813926797393
648,18337.04023178268
649,18362.112960015897
650,18259.39974583367
651,18287.01381680296
652,18220.617203653215
653,18337.58444181705
654,18234.181192497672
655,18172.72632760975
656,18115.30422964445
657,17981.713395211205
658,18035.677719715473
659,18000.735208196576
660,17841.23087388633
661,17739.97184163212
662,17714.914197867103
663,17736.64085134004
664,17764.973625078004
665,17728.387050603156
666,17768.068390841796
667,17622.59594250035
668,17714.34800392933
669,17725.253332509306
670,17577.086250123848
671,17593.64091134247
672,17099.426144754118
673,17222.044044251532
674,17257.842497559857
675,17075.147013150818
676,16920.70438311466
677,16682.792256332563
678,16902.63617482018
679,16702.605811893445
680,16737.095239634597
681,16838.439184618153
682,16983.420399075578
683,16943.896394406533
684,16997.613598512275
685,17128.136305028773
686,17234.731035433757
687,17186.507117529567
688,17070.576410094836
689,17035.07330105489
690,17060.172276340734
691,16867.442231803656
692,17200.560006538726
693,17188.244207381067
694,17102.773890281103
695,17241.788467506638
696,17200.70303004809
697,17269.99197928649
698,17241.319497259494
699,17059.92266613749
700,16890.37282772357
701,16837.50366228081
702,16678.76024801623
703,16591.29374998382
704,16734.16162011604
705,16698.362886522795
706,16775.39804831391
707,16674.719660847488
708,16876.195666888125
709,16769.62023779444
710,16768.984027797043
711,16755.628562477654
712,16697.612523141503
713,16629.57537051462
714,16679.963783627263
715,16516.681254863946
716,16197.272292725578
717,16068.391250160732
718,16412.99574139285
719,16662.047887271474
720,17167.110360838997
721,17165.88242438869
722,17358.114283578558
723,17384.928471628027
724,17237.003420562778
725,17276.017928452064
726,17472.33008174059
727,17344.359486836554
728,17582.96812214538
729,17606.1269289104
730,17542.636176589396
731,17574.208783877086
732,17476.92697691023
733,17473.24596411808
734,17293.686377731523
735,17390.90049073281
736,17541.991191440604
737,17574.199499600727
738,17524.956324350343
739,17633.044870827092
740,17893.488861745886
741,17989.647083823107
742,18026.77788666224
743,18012.275775161314
744,18029.346017566877
745,18156.637479658675
746,18151.121445485504
747,18420.770069723552
748,18469.289859157663
749,18380.319464770648
750,18297.38458556274
751,18334.606175972276
752,18321.567120073978
753,18259.867011839186
754,18304.35863428731
755,18144.81485972581
756,18219.35168055299
757,18251.488063551587
758,18573.465156325565
759,18687.85937478974
760,18762.435235062923
761,18832.452770742304
762,18610.354352741495
763,18747.171195203857
764,18747.760341389683
765,18753.655439305032
766,18809.616511821227
767,19008.210211674123
768,19020.527140775528
769,18939.76398788987
770,19020.89918864218
771,19080.296755628286
772,19051.322409945722
773,18973.727177675333
774,19049.51330128351
775,19376.46767387467
776,19454.93332562533
777,20019.5260176686
778,19977.368633686787
779,19857.83356754302
780,19827.637291594525
781,20359.00845137813
782,20471.14917298576
783,20498.049446900724
784,20482.73283439203
785,20671.563432026094
786,20715.315736504832
787,20681.91671665514
788,20694.271264992218
789,20807.91150136239
790,20748.834539935422
791,20740.98158374965
792,21098.885036395764
793,21336.57063452834
794,21295.49652111209
795,21366.222465844032
796,21373.81132789134
797,21122.864074148853
798,20716.493360191795
799,20660.781138070488
800,20757.49186017686
801,20862.10899562331
802,21394.801985762482
803,21344.596218351904
804,21394.112370208477
805,21515.495857549966
806,21489.4120503691
807,21511.725884677056
808,21511.855250136214
809,21170.800919745867
810,21262.833393481957
811,21156.81552529406
812,21156.358258296925
813,21164.12431992624
814,21183.163821766175
815,21230.739900962424
816,21198.467501367537
817,21031.947439746935
818,21141.20931973245
819,21226.979791336114
820,21195.73793163216
821,21303.48932245078
822,21579.235612398046
823,21556.6044138274
824,21479.813823904464
825,21480.710480114194
826,21421.101826107148
827,21094.05774932316
828,21118.357083636125
829,21050.29306109086
830,21023.924176175875
831,21076.471267140885
832,21178.183037105096
833,21220.409657670563
834,21414.412948065554
835,21478.253794627744
836,21487.08727512265
837,21501.805470218933
838,21542.654338441225
839,21569.520659827715
840,21848.617054937156
841,21756.255047432307
842,21208.0116514769
843,21433.99012027772
844,21283.616927967112
845,21185.852288241826
846,21142.98423087104
847,21287.72107584284
848,21264.95339849395
849,21295.85555287393
850,21701.12130780687
851,21853.14225582581
852,21956.94052443375
853,22018.157869227623
854,22161.446168681934
855,22326.973744091814
856,22256.81344192439
857,22246.508570980423
858,22407.807056510548
859,22423.588108487318
860,22570.981174501798
861,22424.58738374794
862,22314.50981163697
863,22322.400861449703
864,22343.377230281665
865,22301.038388355264
866,22168.19993668364
867,22356.77163678514
868,22494.949319183597
869,22435.107799322697
870,21767.28047305881
871,21478.173515686864
872,21656.6568519055
873,21988.410670909507
874,21859.87596302846
875,21741.375666536173
876,21939.199142313424
877,21398.982650791473
878,21525.92160909517
879,21304.71997111593
880,21389.857736915226
881,21299.511586632696
882,21234.441767543965
883,21133.30194260028
884,20943.83858431456
885,20559.704786578008
886,20686.323913798962
887,20768.370798949378
888,20926.07525736037
889,20906.92331304174
890,20782.002384060208
891,20687.04596241944
892,20655.701173055502
893,20942.139693746343
894,20905.122569379993
895,21057.879097082965
896,21104.83255765016
897,21141.969690095295
898,21021.764648701643
899,21090.235718772026
900,21408.91248061392
901,21411.055547817963
902,21508.20341060449
903,21212.70576932706
904,21124.35464203897
905,21239.50089602304
906,21290.373219182184
907,21188.52504885137
908,20436.376870105214
909,20462.044051135563
910,20650.76915996757
911,20597.212198081346
912,20688.094227223773
913,20538.30981144911
914,20374.855133566467
915,20357.267928159665
916,20570.631286359556
917,20612.06574211133
918,20506.890497383753
919,20391.44998952439
920,20511.973436862856
921,20642.509747141332
922,21145.548189743982
923,21322.033537661508
924,21455.826253091458
925,21268.653737405424
926,21271.868866290577
927,21195.952607903935
928,20980.04685049394
929,20782.41017970129
930,20674.65270380326
931,20825.400424539286
932,20680.458560514086
933,20669.047103331457
934,20546.664781824373
935,20575.226653771108
936,20588.488396607856
937,20505.310617187355
938,20230.794994562988
939,20247.15620246047
940,20360.269194064087
941,20452.026565112275
942,20588.39959498944
943,20848.50229289968
944,20929.360344056233
945,20689.589034123976
946,20709.331944745834
947,20720.53100987663
948,19994.865545103563
949,19842.7159821143
950,20054.41246194943
951,20058.56119781881
952,20069.738445671297
953,20280.336724658697
954,20272.157670765704
955,20231.288864605172
956,20143.827044793812
957,20118.287367463
958,20320.25877465533
959,20406.36872502099
960,20452.322622500466
961,20451.756438820164
962,20484.04170031168
963,20502.053855903425
964,20235.97338960041
965,20311.513872077187
966,19941.199825299605
967,20094.137304168933
968,20072.373785241078
969,19994.963008836123
970,20264.28961995363
971,20340.718680838407
972,20126.346838691003
973,20321.54865782412
974,20480.353864170105
975,20462.55350939293
976,20389.56233466507
977,20576.24182524767
978,20558.190718940714
979,20551.899616795225
980,20618.720053092886
981,20574.159276627735
982,20524.035846964518
983,20609.39197894863
984,20523.703500207757
985,20767.631966482484
986,21474.806313274843
987,21474.74909878305
988,21579.07718246797
989,21450.55500320501
990,21435.3681692218
991,21489.157299811442
992,21616.382739102195
993,21699.81757029037
994,21584.353140296604
995,21806.635306010234
996,21617.684000572848
997,21822.296243729357
998,21664.67243150618
999,21720.135454809482
1000,21643.889595191464
1001,21667.408133046712
1002,21652.875070356873
1003,21602.646359883103
1004,21619.386615299576
1005,21611.296634849776
1006,21562.29996752183
1007,22135.141620827515
1008,22267.59719997488
1009,21934.39290394936
1010,21836.398278495624
1011,21926.411121897952
1012,21639.449010191463
1013,21595.01471352502
1014,21757.93293487248
1015,21897.327468238644
1016,21778.136401115946
1017,21840.788471652704
1018,21851.444779872767
1019,21963.646715638715
1020,22122.735630530562
1021,22046.32064964776
1022,22148.516305820707
1023,22347.824476477606
1024,22487.082700078165
1025,22352.046021581453
1026,22311.95901223936
1027,22081.75411921163
1028,21964.815936933355
1029,21529.36512417265
1030,21034.626262939975
1031,21318.07694541962
1032,21100.012032698876
1033,20707.999994929825
1034,20902.972216383663
1035,21024.39982579237
1036,21218.33236430131
1037,21456.125933071264
1038,21661.660844188333
1039,21670.73254276711
1040,21564.274332276167
1041,21393.001125228257
1042,21488.382978087593
1043,21655.921853887194
1044,21883.29368641678
1045,21679.677320173036
1046,21651.1716433566
1047,21407.568919907673
1048,21982.7926753122
1049,22338.187600746398
1050,22341.906164539356
1051,22130.82129104615
1052,22090.14074711756
1053,22349.646110804824
1054,22414.376750835585
1055,22270.087724864683
1056,21984.327985533004
1057,21930.932838698824
1058,22050.34954272211
1059,21519.086578709135
1060,21784.419755762836
1061,21701.62491964033
1062,21441.19582336554
1063,21149.63411942842
1064,21912.233208210844
1065,21587.88558944212
1066,21616.901042285674
1067,21792.105714252106
1068,21665.736326928123
1069,21708.880741304612
1070,21945.064492498183
1071,21947.990859723028
1072,21072.891524475308
1073,21228.478805837254
1074,21273.409070398484
1075,21235.201081919724
1076,21663.799529928336
1077,21680.031863604054
1078,22246.067749582293
1079,22384.092876212057
1080,22355.714512516977
1081,22178.331586105025
1082,22014.30401528189
1083,22000.520304759164
1084,21512.723967135757
1085,21648.81267317706
1086,21701.240137283086
1087,21835.108985550494
1088,21788.321525943094
1089,21638.18647680391
1090,21494.74478927904
1091,21548.480712007888
1092,21654.52941771446
1093,21590.077004820552
1094,21666.351651780322
1095,21823.348026520973
1096,21810.748141224838
1097,21881.6378505331
1098,21917.76840218075
1099,21893.665303180504
1100,22045.019292037032
1101,22082.797574711778
1102,22061.623140591815
1103,21899.145501716317
1104,21833.98526840164
1105,21777.711098980886
1106,21829.330193332153
1107,21949.29477079586
1108,21746.808127062064
1109,22021.399673970514
1110,22031.20268860671
1111,21956.628586116054
1112,22049.043554396958
1113,22018.45228369018
1114,22020.24540958272
1115,22314.20770261046
1116,22453.311868000703
1117,22485.536219698457
1118,22680.923242743236
1119,22625.25049054552
1120,23079.90053341965
1121,23283.319542127574
1122,23145.383329376633
1123,23300.119188577795
1124,23387.917164896866
1125,23504.840252427945
1126,23671.916561523823
1127,23690.378098006593
1128,23411.83410764963
1129,23387.526172449172
1130,23280.71333350731
1131,23382.337530603436
1132,23371.172250382624
1133,23313.12838193544
1134,23497.13438494336
1135,23573.315445250973
1136,23758.013862016516
1137,23745.825566278738
1138,23697.07126592539
1139,23978.72315253447
1140,24112.688691856732
1141,24045.37078398821
1142,24061.45132703498
1143,24070.857682289385
1144,24157.333845770005
1145,24229.767268721575
1146,24237.68935638183
1147,24220.387577071077
1148,24424.111192062024
1149,24515.18309196647
1150,24458.37007005563
1151,24406.24301993151
1152,24229.80760267484
1153,24030.622567245067
1154,24280.813308482037
1155,24173.64216598333
1156,23851.934343578654
1157,24055.688900563546
1158,24156.196030877436
1159,23805.05499072228
1160,23881.030530931304
1161,23916.280143352295
1162,24223.369875192417
1163,24212.922153963555
1164,24385.18484317456
1165,24647.292564089326
1166,24733.503987515996
1167,24795.17827653024
1168,24799.73689501743
1169,24787.99276193357
1170,24909.76494925824
1171,24844.871704963498
1172,24959.802289864674
1173,24974.65189022883
1174,25026.432000813773
1175,25178.248629168265
1176,25282.10040205061
1177,25351.36754633806
1178,25226.886389797502
1179,25111.527944142355
1180,25142.482973837785
1181,25161.297449713835
1182,25014.70019354707
1183,25081.93312023681
1184,24622.23292213375
1185,24266.54929694412
1186,24480.347393320215
1187,24407.43753011193
1188,24487.907574472923
1189,24352.17591291415
1190,24242.570470229493
1191,24206.067926070224
1192,24385.373390656438
1193,24491.911492981504
1194,24511.37692560012
1195,24497.883243891454
1196,24665.46546394594
1197,24516.332033145292
1198,24321.434493353037
1199,23787.326287826738
1200,23825.75754234729
1201,23949.259799268842
1202,23619.935219245726
1203,23623.82556179627
1204,24048.738107337467
1205,23840.697787079374
1206,24103.958376759452
1207,24156.248623435913
1208,24102.72118448698
1209,24187.728394937767
1210,24043.570448751725
1211,24009.97005043418
1212,23750.018877374176
1213,24278.425609968242
1214,23759.335402033175
1215,23831.61627171927
1216,24074.535644814412
1217,24712.08724710172
1218,24911.651672142798
1219,24823.118683272703
1220,25161.132508111175
1221,25267.560808349754
1222,25508.482301799228
1223,25417.356132930327
1224,25206.442237784755
1225,24938.403901930425
1226,24976.675587872218
1227,24972.70266199627
1228,24802.398506683505
1229,24964.197719575408
1230,24716.70289216325
1231,23818.41867421513
1232,23779.87793022378
1233,23885.835181091614
1234,24107.207952432705
1235,24213.947807257326
1236,24700.774781395416
1237,24649.93293489766
1238,24653.518647087036
1239,25205.944404636364
1240,24834.08211323291
1241,25047.359427629595
1242,24627.625942080685
1243,24661.8997724028
1244,24884.83269720346
1245,25035.67162849173
1246,24901.055388808778
1247,24385.47550113865
1248,23878.37149411907
1249,23883.93976320577
1250,23685.96538956757
1251,23472.012703896733
1252,22785.814209273958
1253,22556.06670524647
1254,23487.13629874543
1255,23644.37069217725
1256,23709.342691440135
1257,23861.939246899005
1258,23961.94065476028
1259,23907.92326790086
1260,24524.366357693114
1261,24880.772251237628
1262,25033.667153093273
1263,24990.217827145898
1264,25212.474297160268
1265,25172.34729456815
1266,25028.335466753484
1267,25682.033706175884
1268,25550.0827488562
1269,25733.348116550973
1270,25790.76179548519
1271,25640.248682910656
1272,25476.721343994443
1273,25505.497164303953
1274,25671.50266593849
1275,25826.16245328307
1276,25758.66455834283
1277,25909.846669352162
1278,26143.322260414396
1279,26084.778332704394
1280,26084.470144846942
1281,26054.594770065807
1282,26054.453422877585
1283,25735.74609156399
1284,25833.953015940802
1285,25880.85510370945
1286,26217.5508187762
1287,26270.16786899272
1288,26662.0286615441
1289,26849.530879403537
1290,26978.36022495939
1291,26898.836355264244
1292,26690.90275837973
1293,26877.803656737706
1294,27007.525780750737
1295,27033.868172073595
1296,27120.19937553984
1297,27094.738787004833
1298,27403.98450484835
1299,26997.58156847604
1300,27124.750543556274
1301,26967.582878750967
1302,26695.705766227595
1303,27572.521181110144
1304,27821.57059653089
1305,28073.710707755374
1306,28411.48551195385
1307,28171.00319565448
1308,28172.594072377833
1309,28400.87116916957
1310,28426.991159678815
1311,28453.84583013795
1312,28722.27996927114
1313,28522.867718854
1314,28541.023208807408
1315,28748.20433727192
1316,28718.41535497374
1317,28689.73745433615
1318,28753.574039645886
1319,28858.037870033113
1320,28761.095415408177
1321,28634.16865338581
1322,28660.86821949006
1323,28850.869571999217
1324,28892.986471062435
1325,28604.257325005634
1326,28696.213508600627
1327,28382.7394829904
1328,28361.375194537668
1329,28529.975111595908
1330,28406.73011844319
1331,28285.02364314273
1332,28219.304638122347
1333,28082.38997197267
1334,28320.817330601152
1335,28110.486289042317
1336,27971.99969580274
1337,27823.813964235276
1338,27828.946745669244
1339,27986.913261521477
1340,27622.967536211345
1341,27800.82698017906
1342,28004.110884166577
1343,28274.65391560538
1344,27805.8993127313
1345,27846.804480645802
1346,27923.526719364967
1347,28233.968079606904
1348,27235.256627115705
1349,27327.925340857575
1350,27437.994733816267
1351,27804.75544363217
1352,27793.686110346436
1353,27783.365839029157
1354,27976.143175438916
1355,27967.692820555058
1356,28173.971904077327
1357,28356.495449068956
1358,28304.91706826266
1359,27536.190829658673
1360,27656.5429390932
1361,27488.546064957587
1362,27630.295410656134
1363,28130.050291429543
1364,28345.283565898422
1365,28453.454115282533
1366,28948.439761457288
1367,28938.138975362952
1368,28776.706080932778
1369,28805.703508867475
1370,28956.98532296405
1371,29038.55863369847
1372,29295.895054608085
1373,29439.975021498412
1374,29549.70890924929
1375,29862.29112541098
1376,29835.78214385824
1377,29851.004882132023
1378,29866.48465770847
1379,29551.312083284694
1380,29475.68538732777
1381,29431.180557167645
1382,29424.1749175891
1383,29472.218223842145
1384,29843.50648682117
1385,29697.172639701865
1386,29426.580887043783
1387,29526.388755648724
1388,29620.70220670256
1389,30098.697854276503
1390,30072.170812824264
1391,30297.60939210796
1392,30203.02367883392
1393,30246.448147633113
1394,30406.168582698883
1395,30253.542773642865
1396,30414.87437148294
1397,30124.759946427457
1398,30218.110079553102
1399,30125.80898256627
1400,30317.686235467223
1401,30259.475910732323
1402,30938.64590136829
1403,30698.671187295615
1404,30608.54025924822
1405,30434.609815706943
1406,29865.427163471977
1407,30295.156856485155
1408,30606.462658408327
1409,30661.925893335763
1410,30608.23614173554
1411,30430.838073524686
1412,30601.903353198293
1413,30069.160155974198
1414,30182.797584889562
1415,30538.658968843414
1416,30720.412456849925
1417,30509.010324646668
1418,30761.89737823856
1419,30999.433935664096
1420,30121.371447254976
1421,30503.97248401404
1422,30846.20519317283
1423,31040.408292952125
1424,31202.571641336574
1425,31034.513412393673
1426,30791.944073557297
1427,30590.87257594462
1428,30712.85882330994
1429,30876.026419835336
1430,30473.57677506401
1431,30329.733511139242
1432,29926.274973377404
1433,29680.17261146265
1434,29855.37322276279
1435,30170.378397411623
1436,30381.981414623304
1437,30394.323553960847
1438,30192.854026130237
1439,30356.01177439242
1440,29701.950414231105
1441,29707.763180351518
1442,29656.01155337382
1443,29422.39905318411
1444,29264.076768732808
1445,29452.84256056216
1446,29188.05050309251
1447,29226.851665261325
1448,29628.472305129264
1449,29807.48922459407
1450,29889.590834343777
1451,29783.109360402235
1452,30128.212964033653
1453,30238.489730814403
1454,30310.539993939932
1455,30422.360016900137
1456,30588.078429303096
1457,30597.514045757405
1458,30854.500839827837
1459,30904.174976327828
1460,30855.080564576147
1461,30800.751891201475
1462,30588.95240639119
1463,30554.600851361167
1464,30533.49882558388
1465,30807.109651743853
1466,30692.803181886684
1467,30983.712417778184
1468,30870.63377040129
1469,30791.235996729432
1470,30892.665769881245
1471,30996.704895415885
1472,31100.490098566454
1473,31237.396143102542
1474,31035.531696695583
1475,30909.320747845442
1476,31063.726197518274
1477,31306.117301513095
1478,31312.897718665325
1479,31378.436587962166
1480,31534.093538995032
1481,31495.746414042915
1482,31406.92414648422
1483,31316.010845919052
1484,31258.106396815376
1485,31416.191713431126
1486,31542.429925915138
1487,31515.104375637125
1488,31438.130463387464
1489,31332.21675172568
1490,31249.518430447817
1491,31305.225911822483
1492,30982.27114666307
1493,31138.16926342224
1494,31162.23489615284
1495,31235.747805118037
1496,31132.69790863988
1497,31026.217322572113
1498,30668.57152482431
1499,30698.35228893003
1500,30771.385845326193
1501,30553.555810511134
1502,30623.09152821251
1503,30587.867138000955
1504,30505.983758585524
1505,30666.050733160548
1506,30381.898053943798
1507,30283.42762516621
1508,30297.99092451338
1509,30206.881904240938
1510,30049.44175069181
1511,29480.42911767913
1512,29410.535172249274
1513,29364.451013832033
1514,29422.588493538595
1515,29870.92528747466
1516,29655.24115609984
1517,29757.85308135846
1518,29803.32903899355
1519,29842.33652638978
1520,29953.813386681046
1521,30006.433524887838
1522,30216.313500539894
1523,30125.692783051847
1524,30071.380898397125
1525,29917.385592878454
1526,29785.215656684406
1527,29879.121026124674
1528,29760.519608722407
1529,29642.19752365825
1530,29554.362155158575
1531,29276.815076027615
1532,29535.827730945843
1533,30019.56052569621
1534,30117.365261999013
1535,30276.23005173475
1536,30319.051668991804
1537,30149.450225615816
1538,30356.92776908838
1539,30555.643965634394
1540,30581.715440934684
1541,30810.411559627766
1542,30923.16809114135
1543,31014.838223192466
1544,30716.37608396901
1545,30179.441816811242
1546,29554.208937635565
1547,29629.44789696987
1548,29231.84517604312
1549,28459.423203255086
1550,30246.23300800215
1551,29826.899517848695
1552,31139.464904953507
1553,30857.143362366092
1554,30525.09668854434
1555,29573.05004866336
1556,30210.82015825389
1557,29147.401289266138
1558,27983.55860170944
1559,29566.214598886298
1560,28338.37818756613
1561,29964.72971662312
1562,29469.902181690624
1563,29281.072236785498
1564,28544.626567768562
1565,28045.81994531003
1566,28462.06281744927
1567,28474.84129305767
1568,29575.29972918031
1569,28858.161922934218
1570,29685.504448053398
1571,29449.991013224768
1572,29556.84438753226
1573,29979.116281983836
1574,29901.19131856763
1575,31222.59832541753
1576,31224.64604678605
1577,31486.315979461717
1578,31182.341626864465
1579,31275.634599886947
1580,31787.097313106053
1581,31614.284212946455
1582,32793.97122008837
1583,32716.14824703675
1584,32603.10079798613
1585,32135.800011333067
1586,32570.41311578245
1587,32405.903877547204
1588,32774.16289347701
1589,32626.226167769015
1590,31915.674666048086
1591,31844.615743180053
1592,31986.02591414126
1593,31896.986138807035
1594,32381.339055542685
1595,32507.067916354892
1596,32447.983769405673
1597,32265.55504069889
1598,32296.51047748026
1599,32673.907079865057
1600,32252.804027216815
1601,32129.084567286893
1602,31795.918524113677
1603,31993.310758111045
1604,32283.822973592352
1605,32368.70779428219
1606,32710.452762701963
1607,32625.909426689897
1608,32675.81236704381
1609,32826.65101172094
1610,32801.42825534531
1611,33016.78603998439
1612,33041.465086363336
1613,33015.77972845569
1614,32888.4935861384
1615,32712.641363644743
1616,32822.99834635311
1617,32862.15755400256
1618,32747.09229264833
1619,32557.66823096879
1620,32701.6348835846
1621,32235.47649713453
1622,32256.560060512158
1623,32291.341839656805
1624,32561.918830538372
1625,32547.206253689175
1626,32581.965263452643
1627,33234.359721179455
1628,33605.22834240074
1629,33660.51687060717
1630,33449.192445329194
1631,33826.058463315065
1632,33614.35582266655
1633,34044.4523328187
1634,34200.21275799383
1635,34251.366127726484
1636,34592.744066645995
1637,34969.7347604887
1638,35383.2114141395
1639,35367.33223621773
1640,35972.2478689479
1641,35902.849381893895
1642,35635.87134661725
1643,36055.17969526564
1644,36157.70673728774
1645,36097.50541195058
1646,36262.73981610774
1647,36957.34223127227
1648,36933.398418615514
1649,36845.06198007219
1650,36419.9713351288
1651,36164.04319077538
1652,36438.359909516184
1653,36304.90558526952
1654,36064.39290002854
1655,36216.59735821997
1656,36147.69598462341
1657,36615.65488534901
1658,37268.845579076056
1659,36900.381748033025
1660,37059.20171308421
1661,36916.85406325963
1662,36845.2407237285
1663,36213.53948081502
1664,36615.42018911471
1665,36663.39952114716
1666,36644.17598722619
1667,37094.850271163436
1668,37168.34854639422
1669,37096.267863018686
1670,37027.66747308946
1671,37093.40484466536
1672,37057.3485520614
1673,37119.79401215921
1674,36923.61710177721
1675,37089.61521076659
1676,37224.96667228501
1677,37349.93163511893
1678,37449.976952900026
1679,38235.19399655349
1680,37145.71566175965
1681,36993.674018159945
1682,36537.874115080245
1683,37227.67663331407
1684,36707.20732933707
1685,36622.2623771934
1686,37112.57857479806
1687,37021.797535583435
1688,36878.38791095509
1689,36537.90745584375
1690,36190.12426232961
1691,36308.97040184256
1692,36833.881211160944
1693,36790.61815180515
1694,36945.114194458576
1695,36583.055411732246
1696,37187.23660619316
1697,37293.43070291126
1698,37695.476442283994
1699,38330.691424667995
1700,37993.08096396739
1701,38770.4672697401
1702,38442.92581185581
1703,38910.88913298684
1704,39250.0807461489
1705,39964.32596038468
1706,40575.099366945986
1707,40761.82841317744
1708,40241.86268759732
1709,39562.68668921778
1710,39750.75834928373
1711,39204.10253132378
1712,39680.80009896987
1713,39637.944781729035
1714,39698.365382468
1715,39514.29359520248
1716,39378.91595742639
1717,39233.71396794757
1718,38602.23780689252
1719,38599.31265531138
1720,38413.887445684326
1721,38400.333553050004
1722,38928.50573738971
1723,39858.41275337622
1724,39745.49682187673
1725,39622.03491805556
1726,38240.2826659493
1727,38364.409010562624
1728,38565.75556931064
1729,38706.15443679924
1730,38955.17830720519
1731,39202.04463677101
1732,39153.25869797718
1733,39164.79573834179
1734,39163.96069061841
1735,39010.177234434545
1736,38972.996788330674
1737,39044.51069960952
1738,39224.570055098695
1739,39492.0574265258
1740,39676.264568615356
1741,39492.22850945321
1742,39267.701493691646
1743,38807.54435502325
1744,38778.69666275456
1745,38767.5755500022
1746,38856.11403903746
1747,38315.04898964763
1748,38398.71060124654
1749,38412.07325163749
1750,39018.470301140784
1751,38809.90668211583
1752,38680.93928582203
1753,39092.707468131004
1754,38889.18131375218
1755,38581.814329777466
1756,38433.419825680714
1757,38417.15247906982
1758,38441.725077413575
1759,38722.060781538035
1760,38835.944897389396
1761,38975.78443758466
