,Profitloss
0,-0.0585545967842771
1,-0.09985909879265398
2,-0.12119465892532766
3,-0.13685930153831682
4,-0.1450447437026936
5,-0.14020031346264616
6,-0.13652863536538495
7,-0.12896147129940472
8,-0.10788889404995672
9,-0.08279701998660238
10,0.10085521042384471
11,0.01674173193084716
12,0.001779530436674115
13,-0.034379686199614845
14,0.057973776740372074
15,-0.09924608639944044
16,0.0015956744967793313
17,-0.07081863881459594
18,-0.09847879911903945
19,-0.24193107656272916
20,-0.1589127799364598
21,-0.08525327449047104
22,-0.1040065539329893
23,-0.1604670531465513
24,-0.11918693108470269
25,-0.20633868738577643
26,-0.3215625181974602
27,-0.49102441249399
28,-0.5798466561662607
29,-0.4089918744351939
30,-0.24317229075201396
31,0.014085011598785613
32,0.004354262361894179
33,0.1412344511826591
34,0.1953346054047289
35,0.20515525236093346
36,0.28675137419922336
37,0.31799884582857096
38,0.290198118762075
39,0.2583400831009719
40,0.32596055231743915
41,0.3272626708513249
42,0.44903263454381115
43,0.26384723993109205
44,0.192599068835686
45,0.2691871428015302
46,0.32758783543975767
47,0.4196880421003746
48,0.5212310159924183
49,0.5788282992108096
50,0.588104048391136
51,0.5323296679316414
52,0.5370561610841929
53,0.6839898641817888
54,0.6382651708980669
55,0.49644680070695113
56,0.5021341424851888
57,0.5314966356914086
58,0.5514058265151167
59,0.5662528381166432
60,0.528806939888038
61,0.4158414194214366
62,0.8665229222549087
63,1.0231821172463462
64,0.9875590684269575
65,0.9268121665678253
66,0.9775944555433957
67,1.2381997189447658
68,1.086824697526012
69,1.0904976156723256
70,0.9998302082908639
71,0.6638735537973117
72,0.5792314175457003
73,0.7982373345410521
74,0.979489629619601
75,1.037471837944648
76,0.9164600352560948
77,0.7166770052775551
78,0.7532222588140902
79,0.8535393773434041
80,0.8383047235057006
81,0.4868759383498844
82,0.48388561389076656
83,0.5104630868900673
84,0.5495627755208732
85,0.4090591871518612
86,0.5048169802572389
87,0.46928712611207235
88,0.5014215705614999
89,0.37676638943973106
90,0.3267427228665687
91,0.2287196184745266
92,0.13336526694416317
93,0.3236002612550193
94,0.5881038658736459
95,0.5675328257618961
96,0.5897820725831115
97,0.5925544808283334
98,0.6625862224253654
99,0.6177088401251307
100,0.505544471162156
101,0.44459640524168176
102,0.4747219456667784
103,0.5158467961598134
104,0.5002942429969126
105,0.6541471179644098
106,0.7806426872564165
107,0.704294225944091
108,0.6630126607124032
109,0.6462453972879256
110,0.6348256027042254
111,0.7635206028999919
112,0.7574318646583977
113,1.1525667687933838
114,1.3413960337053998
115,1.5171237850182262
116,1.5324532456209239
117,1.5265242014768532
118,1.4698602115745363
119,1.4851405008103225
120,1.4819142885086345
121,1.3708188696917478
122,1.413978112141412
123,1.2501721333962657
124,1.259680751635206
125,1.5707160779270257
126,1.485901516087429
127,1.5122921001761602
128,1.3105444458753723
129,1.2653681051046028
130,1.3314874116757691
131,1.3598849521858858
132,1.5693912918353314
133,1.720559266036159
134,1.8515758890301992
135,1.9441199862052505
136,2.1245728974764733
137,2.0360982451673504
138,2.0940149917482387
139,1.9267678070633343
140,1.8886017619042628
141,1.9865265000409194
142,2.0194482245748935
143,1.9631838661973156
144,1.8533926550935442
145,1.8933114268437246
146,2.007852203309546
147,2.1189059530599463
148,2.3748458003966633
149,2.3973643406752565
150,2.4839558197534917
151,2.48915523280826
152,2.4597062653837876
153,2.629165394952304
154,2.6306750594377037
155,2.530089258042234
156,2.517647723886385
157,2.6192968028324826
158,2.9469631032702726
159,3.0950369637394726
160,3.133219592312031
161,3.1042198480020877
162,3.005030344582682
163,2.9999341572991556
164,2.918460449798954
165,3.03844517771803
166,3.081854211767765
167,2.995045176266098
168,2.921874859541207
169,2.994842353189253
170,3.1602568629516714
171,3.1737211037401014
172,3.0751235990734704
173,3.075609517875888
174,3.263428536703028
175,3.2541327099488315
176,3.320584238264268
177,3.262113383018672
178,3.274561391061792
179,3.3494358156749504
180,3.381971113646376
181,3.3211802787249445
182,3.405282119979791
183,3.367177784946751
184,3.372141743777668
185,3.290566785265314
186,3.2606790241161088
187,3.362821507408298
188,3.349111778731917
189,3.50587433881846
190,3.4126418002042636
191,3.3097296651428243
192,3.2370295319898545
193,3.277143870876431
194,3.2315655846204328
195,3.265124013362275
196,3.334272703206387
197,3.47382728996779
198,3.392230727140011
199,3.439767401482996
200,3.439658001389301
201,3.399416454865123
202,3.4092646577802865
203,3.3818562872635294
204,3.19612574375181
205,3.271166780436885
206,3.2531163255021145
207,3.2132855523944848
208,3.1699524696622294
209,3.1880326749313737
210,3.1019382058011358
211,3.701262103561209
212,3.8376198212969115
213,3.973153306827859
214,4.0184706177607055
215,3.8369967540360372
216,4.0703508289057
217,4.111418892792318
218,4.143131766074726
219,4.176655711159549
220,4.193538485999615
221,4.159578822057974
222,4.126888016633612
223,3.613100320120788
224,3.546253920784137
225,3.5773338941274657
226,3.5750909761847582
227,3.602602937165278
228,3.5917513405906876
229,3.6308341494281304
230,3.569995301207074
231,3.4466648449952952
232,3.3693817861778275
233,3.417922964841247
234,3.3237433081217294
235,3.235429739994511
236,3.3645332547209916
237,3.4038586106543978
238,3.2756444171363475
239,3.233767104494678
240,3.185541846547757
241,2.992552865206566
242,2.9993794970966103
243,2.865036863911463
244,2.8974677401827575
245,3.3332233196603944
246,3.440986088039377
247,3.406600505369206
248,3.1223239550051796
249,2.838236940693495
250,2.9761289499087074
251,2.871835431488967
252,2.5954130508427875
253,3.294732498555075
254,3.2932650623346937
255,3.28530114440031
256,3.3081383529619313
257,3.196786866566992
258,3.310634260674128
259,3.418519436100609
260,3.53731465082634
261,3.3891619638219073
262,3.1237459231092224
263,3.0832288465114877
264,2.9563199368878523
265,2.8065365244669183
266,2.5796222869826524
267,2.2543456490214497
268,2.232618888845672
269,2.862088657899853
270,2.851665823318039
271,3.1823186211968224
272,3.1364477090075615
273,3.009231631988385
274,3.332709744445639
275,3.347758470468176
276,3.804273420543991
277,4.076927644201067
278,3.5145069215584135
279,3.3164510106601375
280,3.455710087403663
281,3.5121915490947453
282,3.561749989203822
283,3.460165621881206
284,3.4297645345829464
285,3.3805961393004402
286,3.5056737291990103
287,3.583715090775841
288,3.8419181844934647
289,3.9464008949783524
290,3.7788165121781736
291,3.750492727632504
292,3.9674704649272474
293,4.004069057749637
294,3.847944810688264
295,3.7786375156201535
296,3.8260607504399857
297,3.72647689741028
298,3.7650604767559104
299,3.722209976078017
300,3.630366501119342
301,3.4563011222691786
302,3.798263101667665
303,3.92157566093434
304,4.035626746055776
305,4.024292168866017
306,4.1901499678901555
307,4.3475740600041
308,4.2673329064573995
309,4.158181673681738
310,4.1685846250509195
311,4.082650020009404
312,4.173436833843902
313,4.338706158813377
314,4.27405054033847
315,4.590884814652685
316,4.451527645346021
317,4.400926568952412
318,4.311027476410945
319,4.313081785484751
320,4.313100861063801
321,4.167808444347054
322,4.2471311174271165
323,4.309094422689164
324,4.298246308089393
325,4.338619952163758
326,4.33907311608166
327,4.377733905017456
328,4.4660273348132495
329,4.469631917684813
330,4.386573303594621
331,4.522847412997821
332,4.486585517331232
333,4.485676670063676
334,4.029963276776405
335,3.968132037969685
336,3.999214500249737
337,3.6303364119588233
338,3.299784030059927
339,3.265071500970551
340,3.2862174241631514
341,3.008377396976125
342,3.2044883504213084
343,2.6099070841351546
344,2.5148395265559342
345,2.5606889055517
346,2.6486806446946343
347,2.875702392694568
348,2.791909435523987
349,2.7282739274746337
350,2.4125849236888097
351,2.280968556599272
352,2.345355498373758
353,2.3053968532580127
354,2.176707948632939
355,2.1424959009009203
356,2.4444997981698524
357,2.3402533019544425
358,2.1898615562713886
359,1.9212953274297728
360,2.0151713251336245
361,1.9374827355419955
362,2.0656192686350883
363,2.704616782313951
364,2.987910200043453
365,2.965078420845857
366,3.0183755730862183
367,3.0834042558520736
368,2.9942755785896225
369,3.049446258469146
370,3.096110520495987
371,3.139243143902326
372,3.0832631319748227
373,3.3887511119410574
374,3.406142769316167
375,3.3440377979456093
376,3.3908053294165352
377,3.423292803018718
378,3.2974521124622624
379,3.182415304763353
380,3.2068077599715306
381,3.338922976215608
382,3.2873632279516007
383,3.124703282934549
384,3.2133800691303893
385,3.1488198204601803
386,3.146207890547603
387,3.203102530474422
388,3.268936597148775
389,3.1097295956575177
390,2.9733586006736257
391,2.901452370937463
392,3.0570096267862112
393,3.135034777816381
394,3.104665845473642
395,3.526066054546151
396,3.5047498724393833
397,3.39087742384514
398,3.622202397749086
399,3.5240095193487475
400,3.5079671768133647
401,3.4867489477854674
402,3.775451571769639
403,3.9112678850432347
404,3.879279519505441
405,3.90006093083779
406,4.000403995325685
407,3.961989278148126
408,3.832276896925735
409,3.920187566943878
410,3.855866429739807
411,3.8702261570402907
412,3.2306633698796494
413,3.173690449542188
414,3.2140280328718296
415,3.00057842224124
416,3.068891383870187
417,2.7840629792704963
418,2.6870750502245855
419,2.84052732434934
420,2.757517203842963
421,2.7213465869634135
422,2.8574788450741906
423,2.6949277985941933
424,2.3195026846731803
425,2.5011083372577847
426,2.704974632367807
427,2.677393929930383
428,2.694504063819214
429,2.538358577750577
430,2.625313680032315
431,2.6594272824381093
432,2.8393448705152924
433,2.7667956107422453
434,2.7757665418567834
435,2.848025672802401
436,2.96637588930726
437,2.8762077905894357
438,2.905967950595012
439,2.742299044215235
440,2.7797149018273126
441,2.7273014872667867
442,2.6571513689551685
443,2.5947740754878046
444,2.242426011067411
445,2.2042958787390265
446,2.1724154440267984
447,2.1408231659635346
448,1.9573237730965198
449,1.8452968755049648
450,1.9899996539336273
451,1.9445037712571223
452,2.0226008371580395
453,2.086170493192685
454,1.8921210614955442
455,1.71884308550041
456,1.8361479101722367
457,2.238818692219735
458,2.33915262018487
459,2.448646405112753
460,2.3249965085598845
461,2.3354583463302214
462,2.342339663721371
463,2.402000979938368
464,2.4684490577024487
465,2.441280836444659
466,2.3897541197433148
467,2.3738479429651127
468,2.4863398558014227
469,2.5575883885408546
470,2.526462131510554
471,2.621900207315786
472,2.5845151325778692
473,2.5671494375877124
474,2.5974800852417657
475,2.744709191373529
476,2.906379557484251
477,2.933458701493019
478,3.0285098697626633
479,3.104138036368864
480,3.0991828740547955
481,3.1416316346299045
482,3.1943543081657033
483,3.177122251428055
484,3.185102551721153
485,3.3792980410210616
486,3.5778919763399752
487,3.6032192229398685
488,3.5157625018511274
489,3.5154517272738994
490,3.4126901925308095
491,3.299473426919186
492,3.298565932261188
493,3.2342511453934186
494,3.3389499604367767
495,3.379601812113764
496,3.2328420369420963
497,3.178689801525292
498,3.2733390350379254
499,3.225655411979589
500,3.182519467999456
501,3.0940216816488286
502,3.115400239234245
503,3.0979584092961865
504,3.4710507978916283
505,3.5152233090475438
506,3.6186340894062363
507,3.453068532428305
508,3.5219437240439078
509,3.4249484560223253
510,3.427736438912432
511,3.508167100577819
512,3.520702635252193
513,3.452817385696405
514,3.363277176685675
515,3.384952788316009
516,3.4244273945822856
517,3.4647460179255685
518,3.3912757541031846
519,3.537231554090048
520,3.5028312431614417
521,3.3508847893790383
522,3.3443786778159623
523,3.3494754696089757
524,3.367705563240664
525,3.336991150928381
526,3.2477832340781942
527,3.226408000353498
528,3.250797185540266
529,3.171408812454679
530,3.0277649862785694
531,3.003848008848875
532,2.998459483017668
533,2.9294578897795187
534,2.992299896503048
535,2.9444813483130883
536,3.0364456382879546
537,2.932299565027785
538,2.9290610298999376
539,2.975569133875333
540,2.8673696937407733
541,2.8234138826711552
542,2.7311998351808198
543,2.668805218535608
544,2.650008227786893
545,2.5225381774310884
546,2.4547933651940967
547,2.4877368419044643
548,2.8653982577224735
549,2.814101035762606
550,3.2632763621400107
551,3.261531740770418
552,3.159468552200795
553,3.3615758081663394
554,3.270080517724283
555,3.2199230554403213
556,3.1358576101803592
557,3.053826997871245
558,3.140645783338214
559,3.1309679720758377
560,3.195834284808363
561,3.1380365374452213
562,3.018689184744061
563,3.1011574753753157
564,3.020802957670332
565,2.862110542292151
566,2.742800884261287
567,2.7462091713919667
568,2.7382805793322307
569,2.771416279562655
570,2.836757225118469
571,2.8551482365628544
572,2.9690836526910847
573,2.9876189051598834
574,2.97322058819236
575,2.891637290536142
576,2.8805979156497408
577,2.7945815631748916
578,2.796232981957014
579,2.7902181114278335
580,2.8162718623056415
581,2.9451509858733127
582,3.000980647576146
583,2.8504417555751616
584,2.802661873250112
585,2.702043270718546
586,2.865715995910989
587,3.006214140465735
588,3.023316864652581
589,2.8364475683117174
590,2.8370251317024975
591,3.0982803432137773
592,3.0191740507176545
593,3.0444954868219076
594,3.0894587862121847
595,3.0421030890463108
596,3.01955467820636
597,3.0428605877812265
598,3.0267604927578518
599,2.967847353499664
600,2.963876113688757
601,2.964642073673174
602,2.9162944851385264
603,2.9709933025057866
604,2.9863601462710276
605,3.152554055568646
606,3.1829022764555903
607,3.179560471890297
608,3.1915223829847905
609,3.221994012858964
610,3.223300457543199
611,3.2250050178909584
612,3.293213614806012
613,3.341366454468586
614,3.5072117620037035
615,3.5182484595502217
616,3.6173258151044996
617,3.609422529002071
618,3.582687559617148
619,3.6053673471542647
620,3.634313782863008
621,3.5159336741065195
622,3.4778389045201363
623,3.6031279839653596
624,3.588902478442235
625,3.643820204651793
626,3.6339026918976503
627,3.7071006033940757
628,3.6995005115032287
629,3.6288784768689686
630,3.765914062720732
631,3.853961308544962
632,3.8262587826942918
633,3.8784255846442406
634,3.888837119025368
635,3.9619636279206505
636,4.037353550948497
637,3.9757555915316045
638,4.005647979471938
639,3.8707380948680425
640,3.882188479899251
641,3.8580147305955492
642,3.927335919416808
643,4.008416433638473
644,4.0166430541718645
645,4.126160908587129
646,4.048964424602408
647,4.009292235718731
648,4.0166589783452
649,3.9803873940416956
650,3.8904663291496
651,4.0405416921131865
652,4.0539529615073455
653,4.093533478483757
654,4.016357646261981
655,4.020693126528552
656,4.099120907561571
657,4.170161734160183
658,4.061576608531392
659,4.176466834242598
660,4.238700674365803
661,4.1904212823408615
662,4.248677999292894
663,4.333909009055192
664,4.313162819118399
665,4.240429254025768
666,4.473782289564099
667,4.541840773414885
668,4.611827511254818
669,4.677823026488226
670,4.899619225896812
671,4.864509637151415
672,4.866019635391905
673,4.892056333850725
674,4.899490629878844
675,4.994869984439743
676,5.172028254543726
677,5.218585315691104
678,5.294515596621152
679,5.20005779934678
680,5.29104090093937
681,5.235559261830081
682,5.4743374172918635
683,5.449317841630252
684,5.373892053615159
685,5.346768801283552
686,5.3770948106687255
687,5.32293578804115
688,5.2980048934443635
689,5.365513090735696
690,5.488667742349729
691,5.486764423338886
692,5.436317712779348
693,5.548341171666582
694,5.554633146741672
695,5.3751867562720435
696,5.38782427568163
697,5.421887085513988
698,5.451895823261599
699,5.350997403379276
700,5.208135415457282
701,5.433904670893019
702,5.637497821504223
703,5.996156663794561
704,6.0820677773230525
705,6.07525871559067
706,6.080926899592787
707,5.832188890780743
708,5.9240670107667315
709,5.881665443631845
710,5.780522085662754
711,5.759744441885362
712,5.850201816681744
713,5.754862976601682
714,5.809432131207903
715,5.899410939925187
716,5.8708674800869165
717,5.931573736690021
718,6.013103434613587
719,6.041435031946607
720,5.982133095918396
721,6.0002600531883665
722,6.108875658600366
723,6.195508105020786
724,6.173930708607833
725,6.236641293232448
726,6.231872051793252
727,6.402356176112378
728,6.316488959176159
729,6.344835029568108
730,6.194076770527146
731,6.049614458726915
732,6.218885928909135
733,6.135053226663945
734,6.15868478045658
735,6.207240185414209
736,6.228456117074477
737,6.269734307255659
738,6.06952292077787
739,6.081750817910825
740,6.148474926196101
741,6.129048174841123
742,6.085229383220914
743,5.953198199282905
744,5.877741023058181
745,5.883628736457114
746,6.043754170295923
747,5.9896363225900195
748,6.144303063912071
749,6.1780059181917535
750,6.047311205625894
751,6.052876812903807
752,6.077192759207994
753,6.220874664776743
754,6.33273651810442
755,6.242533539130224
756,6.297710903299314
757,6.066644141256883
758,6.145252749942842
759,6.06983350202519
760,6.0718296900602375
761,6.244719039347513
762,6.33913180440373
763,6.327706855371429
764,6.326172514068751
765,6.257278878506112
766,6.241143594162035
767,6.11476991564075
768,6.027572142979887
769,6.025789382369151
770,5.85973490772318
771,5.832707256578429
772,5.700602836704194
773,5.7950163135200405
774,6.000061519441746
775,5.960810923091797
776,5.9045709741714525
777,6.021944021362824
778,6.058093384907104
779,6.051636140735361
780,6.095777799977853
781,6.01283768563754
782,5.871721310328737
783,5.819887646106348
784,5.864275678407682
785,5.835983777212084
786,5.888023776486562
787,5.700926120844119
788,5.631771180786371
789,5.633742976745393
790,5.577396558414738
791,5.318708247116377
792,5.254845727582991
793,5.212726537954082
794,5.186013874921147
795,5.138407986077609
796,5.059941800133583
797,5.066554326844708
798,5.246323662338304
799,5.282474134167803
800,5.306201492558271
801,5.348067342699592
802,5.301180112079162
803,5.311756585224758
804,5.266467485234427
805,5.029689547554184
806,5.064566243392599
807,5.270990312015167
808,5.259897576142292
809,5.202754723820657
810,5.230375766893758
811,5.263348026965575
812,5.113212625048491
813,5.025841715783064
814,4.953428397461335
815,4.984840236240595
816,5.120701223179314
817,5.145208666304701
818,5.136243994847356
819,5.190850195068264
820,5.320185529096633
821,5.42538320504431
822,5.41616416439763
823,5.427492592765781
824,5.813009553203896
825,5.765054985703033
826,5.798652564808915
827,5.831641761729833
828,5.928284380296778
829,5.8538931602163835
830,5.87051617326626
831,5.84690887293422
832,5.905526327556432
833,5.84186950515595
834,5.790008401706315
835,5.728499410207455
836,5.84576837535673
837,5.976573405669172
838,5.969686646768579
839,6.048517440661816
840,5.996995590971355
841,5.9733578880856175
842,5.994892501401483
843,6.024476387327415
844,6.067360507005892
845,6.063272060227209
846,6.103529076306002
847,6.0514459806570775
848,6.051734936441422
849,6.0954438147844625
850,6.301369170322357
851,6.400561955586892
852,6.519515206865489
853,6.618693106775098
854,6.668398732234815
855,6.567116862502265
856,6.5126664091086806
857,6.326840233211617
858,6.0110095937149
859,5.668204233705931
860,5.7470576554683905
861,5.752986761214207
862,5.4172554730611555
863,5.434001653722809
864,5.628889605234844
865,5.571176769772435
866,5.675335399521653
867,5.724782083132873
868,5.742557773130708
869,5.684475947128509
870,5.579740754741325
871,5.513670572714768
872,5.675733339278266
873,5.702341071427064
874,5.579776293463601
875,5.480322085676881
876,5.418716839950921
877,5.4773232274173855
878,5.513309759114637
879,5.517265495073009
880,5.591539917891208
881,5.697243608869629
882,5.713953733544708
883,5.834057661163183
884,5.5371940185248825
885,5.68627673839861
886,5.768398526308727
887,5.769207724301584
888,5.698488491590004
889,5.616083041429443
890,5.710347911366265
891,5.473680002726766
892,5.164525930326813
893,5.318860997911967
894,5.194289493251936
895,5.218385375248502
896,5.364155609853194
897,5.205146406960748
898,5.190797645268774
899,5.226896204215992
900,5.167710169706385
901,5.064331334028349
902,5.099910966923216
903,5.161429939604312
904,5.051440241654159
905,5.032634751914689
906,5.01691160607407
907,4.99388699156873
908,5.029229120620449
909,5.013655780537407
910,4.951476862007387
911,4.933913540352064
912,4.925024350738494
913,4.787102517283159
914,4.824188399713214
915,4.915215303353837
916,4.814781878919994
917,4.77088127197427
918,4.692294388706908
919,4.613552732574866
920,4.563136511156207
921,4.574679161662187
922,4.651077618244326
923,4.568309164519779
924,4.637473483095023
925,4.673927810570477
926,4.866805085185222
927,4.88259105921649
928,4.58147701055569
929,4.571531198411138
930,4.576050992294922
931,4.516927031947193
932,4.494811640996899
933,4.5180153838571435
934,4.520116248657113
935,4.483706999598214
936,4.538795982678456
937,4.53515279876473
938,4.517394157241417
939,4.573406036428707
940,4.7877287337847685
941,4.89485414134454
942,4.931066911377102
943,4.998634936542001
944,4.859833464397756
945,4.8738219567854735
946,4.885847153287348
947,4.847418592408248
948,4.8058980016084885
949,4.909119539651208
950,4.874895388543576
951,4.910055668203306
952,4.893519081767406
953,5.08037751621051
954,4.903651780871243
955,4.93852963015482
956,4.803505900997007
957,4.79715524117823
958,4.826866741828906
959,4.889962207265142
960,4.957451148831082
961,5.014486417431652
962,5.17566035701309
963,5.339831190604416
964,5.560863694509766
965,5.556281053864476
966,5.421494781744696
967,5.416868200135627
968,5.4644333474349605
969,5.46867402078679
970,5.461599530162031
971,5.490556911969002
972,5.493279829392894
973,5.498463039792423
974,5.481862932550796
975,5.473264941506684
976,5.471860165048725
977,5.508560690704156
978,5.499516044520125
979,5.445555426168447
980,5.429420022602782
981,5.522652017507612
982,5.560729487429317
983,5.781625738250917
984,5.733756156849634
985,5.665915206493044
986,5.732864342917421
987,5.602002037116649
988,5.578656086693434
989,5.50261891234054
990,5.395809685649233
991,5.2686650444688565
992,5.1180594987638495
993,5.0833278039066565
994,5.138850234816972
995,5.069369119721712
996,5.104009913924634
997,5.1010174219002336
998,4.988286304401823
999,4.971188245796299
1000,5.144999592946853
1001,5.125194808865707
1002,5.3365719519645305
1003,5.318723190084507
1004,5.349427803296591
1005,5.2358346289952395
1006,5.043426696972553
1007,5.009126331620806
1008,4.983995275248376
1009,4.981844571025706
1010,4.991777770211847
1011,4.972244599850084
1012,5.1267568296346155
1013,5.023649301552413
1014,4.842915591948671
1015,4.89108038867605
1016,4.962805092487077
1017,5.032286316957935
1018,4.940717849626108
1019,4.935876931771288
1020,4.889555510596977
1021,5.042494345712734
1022,5.086880941638627
1023,4.9239135708941895
1024,4.895585784866241
1025,4.961003949982423
1026,4.7641806249722585
1027,4.713127458903976
1028,4.7542611478616825
1029,4.992823260267465
1030,4.788637647553018
1031,4.691865194483191
1032,4.8654867560437465
1033,4.812866273150318
1034,5.062208106977195
1035,5.071791499981559
1036,5.0273985451043
1037,4.961655790577613
1038,4.996070393210217
1039,4.885825466018479
1040,4.617495917698089
1041,4.424620423078696
1042,4.38098939169802
1043,4.376145475171556
1044,4.491067894347234
1045,4.476774133238526
1046,4.781320742770312
1047,4.635459006411602
1048,4.6550305537310654
1049,4.83554548294014
1050,4.9715355283024065
1051,4.89982438227945
1052,4.782038858324977
1053,4.682454717973594
1054,4.437645070506435
1055,4.442837236931374
1056,4.469828382612295
1057,4.5095395146442785
1058,4.378914461568151
1059,4.217091574561449
1060,4.370437189797416
1061,4.299708654428613
1062,4.492725530004238
1063,4.513363427759121
1064,4.682620172570062
1065,4.589847817605408
1066,4.771691513969856
1067,4.95383909993059
1068,4.824271480823938
1069,4.887095505445571
1070,4.809265603701607
1071,4.796826677987687
1072,4.820456156870012
1073,4.9050167451277105
1074,4.90841759909042
1075,4.87703649567055
1076,4.817550263344805
1077,4.770585856189369
1078,4.631102537769305
1079,4.561040930940297
1080,4.701432263939331
1081,4.638701954759328
1082,4.968678004392202
1083,4.884426623040916
1084,5.713355308815338
1085,5.710835880165188
1086,5.606712182681828
1087,6.166136303037284
1088,6.253784275261709
1089,6.315652429588869
1090,6.4024496710349155
1091,6.498325276062444
1092,6.433620808791596
1093,6.450812046306087
1094,6.4493527269609885
1095,6.46243541291438
1096,6.5472676270191155
1097,6.62930054849955
1098,6.410060624045433
1099,6.192211528143754
1100,6.2575193491180015
1101,6.366919954168515
1102,6.312325522253048
1103,6.3011954276907645
1104,6.526423419628413
1105,6.582442458184068
1106,6.600119704023433
1107,6.537824867453135
1108,6.526132202192003
1109,6.374865606046698
1110,6.287904662794541
1111,6.314166084616701
1112,6.330224574584253
1113,6.516173883763732
1114,6.538636782235474
1115,6.437232161935591
1116,6.451128346751545
1117,6.50564305662471
1118,6.488868566705386
1119,6.512321298789048
1120,6.676534389292188
1121,6.660081966888187
1122,6.758095138389808
1123,6.715401304611879
1124,6.7994560647559155
1125,6.940421183779044
1126,6.892722106492921
1127,6.938822042360582
1128,6.815482239396964
1129,6.667139697486668
1130,6.567596642159668
1131,6.612060740905212
1132,6.662866781665278
1133,6.663562626433039
1134,6.6505052332378245
1135,6.758706630421707
1136,6.74485383731096
1137,6.711568302471238
1138,6.688698429051243
1139,6.6705550134420255
1140,6.60619356737997
1141,6.644221230537695
1142,6.6967436318380535
1143,6.689922691560257
1144,6.754678700132133
1145,6.844382785612857
1146,6.991122248460391
1147,6.901849063525578
1148,6.8978032723070015
1149,6.883985695288097
1150,6.839166955498466
1151,6.748686407158977
1152,6.701018033193518
1153,6.817551941188649
1154,6.7086315702021615
1155,6.653264853745933
1156,6.6900001694287115
1157,6.637408127811528
1158,6.495266727986615
1159,6.406069444216755
1160,6.436966634172303
1161,6.0662673488542485
1162,5.972588845822013
1163,6.024599985777024
1164,5.986869023506558
1165,6.274205411992062
1166,6.350762928462572
1167,6.319067086226693
1168,6.272080140479286
1169,6.264604778153293
1170,6.2873639689466465
1171,5.893691413426327
1172,5.94344727403211
1173,5.904413102340533
1174,5.990545216241183
1175,5.856870999985109
1176,6.198969938274002
1177,6.2339781940434325
1178,6.260384374521144
1179,6.1019863387411055
1180,5.863163958803375
1181,5.852889661248528
1182,5.892028351845746
1183,5.679978740468328
1184,5.648312916693188
1185,5.5973408025445925
1186,5.544739908790475
1187,5.561511604987679
1188,5.527110541962954
1189,5.554635476252789
1190,5.672053817333844
1191,5.626773380701611
1192,5.621220988311837
1193,5.796053646725818
1194,5.7880088877931835
1195,5.824013178678378
1196,5.767574581332191
1197,6.1749173151846914
1198,6.121449072633589
1199,6.206146086995412
1200,6.224701336860816
1201,6.362892449137814
1202,6.474800129332325
1203,6.467029658169365
1204,6.417119640795899
1205,6.3949810484634995
1206,6.429884216624138
1207,6.484284650334726
1208,6.509931583791495
1209,6.562524022185934
1210,6.578127528594568
1211,6.6180570925073345
1212,6.518864163582294
1213,6.485166550617327
1214,6.5210544727037245
1215,6.502782511088467
1216,6.419301773617225
1217,6.424404823799268
1218,6.46960673220236
1219,6.461830809405655
1220,6.4581740962511125
1221,6.493672426559005
1222,6.222892276650405
1223,6.100063231344466
1224,6.238317925347925
1225,6.283814839697355
1226,6.191045022600372
1227,6.220920849339984
1228,6.159701256436989
1229,6.110842764885227
1230,5.8799164727957764
1231,5.861168717333576
1232,5.804158229641487
1233,5.6236939711839184
1234,5.680942243979259
1235,5.692879990656463
1236,6.045257985961494
1237,5.9134506607333215
1238,5.827142473024494
1239,5.967625673862065
1240,5.84294607368494
1241,5.851033208191048
1242,5.932087357976279
1243,6.0198960941942214
1244,5.974053138830704
1245,5.9369646259782805
1246,5.8661631753405
1247,5.637493077705913
1248,5.689419972346643
1249,5.675399419712424
1250,5.8264412343112415
1251,5.864580853958823
1252,5.964793880520114
1253,5.773454469579664
1254,5.831117502360028
1255,5.953261600653725
1256,5.962859812127386
1257,5.647088028019365
1258,5.647100561286877
1259,5.680965783639658
1260,5.701143887999471
1261,5.667891777049672
1262,5.7133935795058655
1263,5.6429281449552615
1264,5.519574567206553
1265,5.602443481209463
1266,5.705559944335614
1267,5.61702776926396
1268,5.548412600845132
1269,5.494040019989566
1270,5.4420730749650925
1271,5.037124609572219
1272,5.034305466313627
1273,4.847295020530784
1274,4.7632327640511285
1275,4.821727432236811
1276,4.842696664247059
1277,4.854935757094858
1278,4.736961858577571
1279,4.841209523386025
1280,5.056601842373043
1281,5.15274444821241
1282,5.191254538809709
1283,5.267439007767893
1284,5.254640914122732
1285,5.271470417446689
1286,5.227854408137844
1287,5.372831412086798
1288,5.3923552280574105
1289,5.531114906852541
1290,5.420449888109435
1291,5.4164440628164945
1292,5.452063257732198
1293,5.435120699963303
1294,5.4470749606593705
1295,5.47031892869152
1296,5.539001219523554
1297,5.772295893182511
1298,5.719948979723655
1299,5.5104418585459
1300,5.5709471970972535
1301,5.710425742693337
1302,5.691280261893938
1303,5.66720302963335
1304,5.713684232015481
1305,5.624587649442159
1306,5.689372578073537
1307,5.629556964166915
1308,5.788777921019617
1309,5.875823730783614
1310,5.956271882282538
1311,6.0267999839082265
1312,6.225994358224485
1313,6.157409665651636
1314,6.182367496495433
1315,6.313994442875126
1316,6.292943848993104
1317,6.276133484362267
1318,6.318711273201827
1319,6.348847645783273
1320,6.448838799021872
1321,6.264281993762433
1322,6.285374549217848
1323,6.3894249800604985
1324,6.381409178739728
1325,6.423250320054841
1326,6.489076606525468
1327,6.497030585839725
1328,6.521595634056343
1329,6.555559040585712
1330,6.623153941775106
1331,6.611357254953276
1332,6.650966167250583
1333,6.64570820922934
1334,6.59778735126948
1335,6.638648260371949
1336,6.643632275947398
1337,6.726741046030527
1338,6.681445850327172
1339,6.698688165261801
1340,6.663949997232876
1341,6.749823883992745
1342,6.7304749417397725
1343,6.766242222482921
1344,6.722872240085942
1345,6.7724392717799065
1346,6.729185879068167
1347,6.744770928619936
1348,6.78535485438041
1349,6.620184883817859
1350,6.656829574580092
1351,6.623618161194655
1352,6.419017346969569
1353,6.313800150862203
1354,6.414012263522917
1355,6.382045179022278
1356,6.303000423143468
1357,6.268866563715658
1358,6.383285588440524
1359,6.545734569113648
1360,6.66677033118086
1361,6.825333025958891
1362,6.6578092003863665
1363,6.673430319949514
1364,6.824577728339132
1365,6.991985191683625
1366,6.922623310940357
1367,6.901574870402616
1368,6.918411249425294
1369,7.072488443828395
1370,7.019153205057971
1371,7.043570509029995
1372,7.156257566992186
1373,7.295967980667006
1374,7.534717077622055
1375,7.117277572187408
1376,7.245507064695023
1377,7.819807254391931
1378,7.723310597052224
1379,8.233930450778647
1380,8.193762102557688
1381,8.00326312884958
1382,7.587319686445881
1383,7.551974702741937
1384,7.281469999606038
1385,6.640356139881454
1386,6.748998233469372
1387,6.088064411026073
1388,6.763986100349206
1389,6.570089966768733
1390,6.799296268965249
1391,6.395421610007279
1392,6.675090082944335
1393,6.99960426337487
1394,6.958430806662763
1395,7.391977557641005
1396,7.25254802463835
1397,7.327842807540441
1398,7.533473809040658
1399,7.538093809603796
1400,7.396266157730436
1401,7.3965774774811255
1402,7.55295786730783
1403,7.568454376763301
1404,7.618742272307144
1405,7.846006036621711
1406,7.86872030918444
1407,8.002885228982382
1408,7.807928295365163
1409,8.267928536222314
1410,8.481799862660043
1411,8.4044941769573
1412,7.989482720752372
1413,8.133668965987507
1414,8.224901919082939
1415,8.219418017287271
1416,8.43038321036187
1417,8.412688677154566
1418,8.43622978041787
1419,8.081393022866123
1420,7.875430749956203
1421,7.955962551508211
1422,8.342973313770162
1423,8.084753539871814
1424,8.183970613405345
1425,8.309122623957155
1426,8.320874301947502
1427,8.11041226066278
1428,8.255222790856775
1429,8.20017113733953
1430,8.279534674024646
1431,8.240285934029279
1432,8.166481172630814
1433,8.553957543929736
1434,8.365363097963296
1435,8.446416389227917
1436,8.523221158429184
1437,8.659043128067644
1438,9.171364667092806
1439,9.500682445412401
1440,9.632070428046458
1441,9.789795333930584
1442,9.901732437830457
1443,9.941053658666089
1444,10.244263051664326
1445,10.489691613257124
1446,10.34439947875252
1447,10.4013523919948
1448,9.765147097888915
1449,9.96787518631761
1450,10.189989061801686
1451,10.194829325520182
1452,10.303339787232325
1453,10.199372106736115
1454,10.596414599130055
1455,10.488231979797646
1456,10.52988168224247
1457,10.271741746774744
1458,10.437791357404503
1459,10.262788110523546
1460,10.278740950168675
1461,10.332926842001445
1462,10.307181266140407
1463,10.32968957784728
1464,10.391678208017808
1465,10.353240564893241
1466,10.494721106210726
1467,10.50612209327979
1468,10.457609374040056
1469,10.276958616536568
1470,10.262130915095558
1471,10.479943927035574
1472,10.471638233617231
1473,10.53862262048646
1474,10.681719724236395
1475,10.74895473802695
1476,10.723923726673856
1477,10.695855591686154
1478,10.554245765947702
1479,10.756667323386694
1480,10.731294037701677
1481,10.765790260442888
1482,10.785479816784305
1483,10.88202213277838
1484,10.952836437597192
1485,10.82727875066729
1486,10.847402389934867
1487,10.710282324839394
1488,10.665077585634887
1489,10.76411560522521
1490,10.751364542146868
1491,10.795914040030642
1492,10.792456811809647
1493,10.780478353916934
1494,10.829531391750823
1495,10.869668873759085
1496,10.970067038072173
1497,10.850435949099646
1498,10.732621161899969
1499,10.745760056337538
1500,11.078556545607189
1501,11.136940239797767
1502,11.148932368369223
1503,11.08920498908963
1504,11.214441038081112
1505,10.993101405797724
1506,11.123919864425847
1507,10.697063922147244
1508,10.7684360644819
1509,10.616479900136389
1510,10.913829112970275
1511,10.652161153988725
1512,10.599126824887328
1513,10.818188170161424
1514,10.985637186359497
1515,10.83821008583914
1516,10.742257377886876
1517,10.649429408257106
1518,10.628203217403986
1519,10.755269784312604
1520,10.686226102499074
1521,10.536708318964315
1522,10.715705248152974
1523,10.749392982290495
1524,10.766700585411249
1525,10.76382686858597
1526,10.849542424846014
1527,10.763896163911735
1528,11.295895057974082
1529,11.13637049232683
1530,11.240592103983783
1531,11.325278891836167
1532,11.363757755853987
1533,11.461839440262423
1534,11.388977939573142
1535,11.350251073946716
1536,11.23114979085027
1537,11.284946541245965
1538,11.426696802463976
1539,11.44794410997676
1540,11.391325995967838
1541,11.423998153944126
1542,11.464906348377845
1543,11.42346659917106
1544,11.402980366044634
1545,11.153154486719096
1546,11.206675706287882
1547,11.227953733070727
1548,11.177786583219017
1549,11.421336050201724
1550,11.82908779938292
1551,12.013981783447502
1552,11.864380643049245
1553,12.411676423078944
1554,12.26232287469764
1555,12.344266305063844
1556,12.281439880334366
1557,12.398438882201667
1558,12.211764772376066
1559,12.065714349617851
1560,11.805303679553658
1561,11.766879878484925
1562,11.984376876849012
1563,12.0418694228007
1564,12.00384332831954
1565,12.057264312279825
1566,12.082992704006612
1567,12.029768734899182
1568,12.04835318080284
1569,12.050870658814517
1570,11.961970017290158
1571,11.877653540129597
1572,11.862150265631112
1573,11.83360017994568
1574,11.747042389456652
1575,11.668112160269928
1576,11.67949063073892
1577,11.831161131376433
1578,11.91345831029511
1579,11.916686749435378
1580,12.07638228018546
1581,12.09976339937664
1582,12.031288927540395
1583,12.038269497740473
1584,12.015209355836998
1585,11.926362812432313
1586,11.763381858815913
1587,11.954401775681522
1588,12.039717485236
