,Portfolio Value
0,11919.191289548602
1,11917.622996263755
2,11756.2814959186
3,11772.917527045833
4,11756.311502460238
5,11550.004532896664
6,11542.594138602788
7,11503.6063396552
8,11488.538312471093
9,11502.922972693399
10,11505.063283150595
11,11589.461925589285
12,11620.60124040274
13,11611.280436290466
14,11623.643358891644
15,11620.336999906895
16,11524.288068264434
17,11498.816169526524
18,11485.04066549899
19,11518.335037870698
20,11522.90782567128
21,11639.11497446503
22,11684.327392643714
23,11654.34476445389
24,11742.352707358506
25,11780.037313455867
26,11735.102440148372
27,11577.534604638577
28,11608.854508830042
29,11604.84909597316
30,11578.657513446537
31,11574.383326423576
32,11589.082954109173
33,11559.077359457775
34,11566.90318805459
35,11461.929443632442
36,11485.842419802766
37,11499.317432196525
38,11476.72354483786
39,11549.75535381557
40,11593.742988687538
41,11658.699871759472
42,11623.796678994282
43,11596.146067030077
44,11547.472374946727
45,11465.234563645463
46,11464.727509950144
47,11479.973538297305
48,11487.976147861753
49,11453.243644087093
50,11690.898076022888
51,11737.91591017253
52,11807.651470002542
53,11837.283725560585
54,11807.784785472173
55,11799.049019093225
56,11797.345097178695
57,11808.268932657162
58,11878.742895956966
59,11873.313852671163
60,11844.067321996776
61,11817.517152476492
62,11804.472499212272
63,11824.643394944469
64,11890.272900010717
65,11908.14038963644
66,11895.509100347683
67,11888.933363514605
68,11882.958823955549
69,11846.45333502774
70,11738.025766407558
71,11741.619407303013
72,11736.993156687471
73,11749.324315625017
74,12125.879477473965
75,12270.194150305904
76,12286.954360483312
77,12321.61759676861
78,12212.079374644596
79,12210.310831126162
80,12104.02621112674
81,12113.442628643188
82,12126.71927968974
83,12089.087725499836
84,12006.196810177895
85,12020.906855226876
86,12021.460252063971
87,12026.612721467496
88,11959.669968149514
89,11958.07453524966
90,11983.339840336514
91,12015.818352655235
92,11967.14510407373
93,11939.311258430267
94,12001.245922878967
95,12081.946393600832
96,12136.938708075337
97,12133.15593139629
98,12147.974255666606
99,12131.466327507509
100,12128.749596552669
101,12197.574780270088
102,12273.761032698045
103,12302.988529301441
104,12289.160350518121
105,12191.86987399865
106,12179.459487948536
107,12169.122579611023
108,12255.219545095806
109,12256.414253992582
110,12268.976188735416
111,12225.721307522454
112,12222.42890495438
113,12330.312721772865
114,12349.260959185995
115,12367.614262714618
116,12368.76088837405
117,12390.869333852614
118,12350.066071254598
119,12312.983661724751
120,12272.887777798378
121,12251.14928334039
122,12196.76549562315
123,12300.366355907337
124,12257.183700122956
125,12083.006933226427
126,12052.410794817575
127,12038.259209416112
128,12074.21885858794
129,12093.92631859648
130,12136.534433548944
131,12113.194939450384
132,12000.859343391676
133,12133.680448915911
134,12420.71518816282
135,12415.11739981796
136,12443.37415170882
137,12472.328514689721
138,12494.582290312988
139,12485.976582367339
140,12404.625185641262
141,12361.146715485313
142,12391.98465428918
143,12597.07385228833
144,12626.99561424929
145,12567.157058483148
146,12577.201268988405
147,12523.287124458317
148,12465.361735323218
149,12511.85026804122
150,12516.340456687729
151,12429.631332137305
152,12321.57001451013
153,12330.960799013708
154,12331.235485372155
155,12348.675157168069
156,12296.288922483658
157,12212.30136109031
158,12119.917426779402
159,11946.923746341778
160,11674.425345329131
161,11605.12741304326
162,11624.773295456513
163,11653.375992481613
164,11635.876122740028
165,11581.64461510651
166,11369.30140947887
167,11362.170942407693
168,11397.06442032537
169,11346.394337411768
170,11379.114296284763
171,11390.724087042165
172,11233.153035953557
173,11232.246250173615
174,11153.607138764386
175,11158.961901050028
176,11283.98290717917
177,11284.192620202444
178,11267.099497189702
179,11234.463749792087
180,11224.752550443462
181,11205.877303915415
182,11166.610101347898
183,11222.226883511665
184,11202.598939250738
185,11270.224565742607
186,11434.356144074278
187,11370.48095293379
188,11644.089421056002
189,11686.87235077203
190,11712.833795388322
191,11638.111052429518
192,11611.791881409636
193,11733.446653967634
194,11747.481430911335
195,11774.021030124202
196,11730.134463375362
197,11791.026694514498
198,11794.989782839599
199,11793.796988986014
200,11769.267462610864
201,11621.108719525424
202,11631.591288035403
203,11645.2890412835
204,11748.265592521093
205,11789.146107675408
206,11791.014797332016
207,11606.14247489101
208,12026.644188691364
209,12035.573504763704
210,11995.62583079821
211,12003.401487612518
212,12013.699726619794
213,12034.00865378061
214,11965.9981857965
215,11956.590579645603
216,11987.154438918209
217,11975.16433807927
218,11876.511273917586
219,11962.280945420165
220,11960.688079853022
221,12101.290209133265
222,12148.784649046762
223,12118.6836970183
224,12150.106989168718
225,12117.337770351241
226,12030.50942466683
227,12056.277870951644
228,12201.852708882598
229,12200.235143534253
230,12252.438939834885
231,12174.355710471515
232,12182.481481244662
233,12183.259906854739
234,12073.176815959738
235,12051.873032267256
236,11973.004603750313
237,11903.843072248588
238,11866.741235700278
239,11897.449962082215
240,11926.432517978832
241,11902.474175211888
242,11813.716019448595
243,11857.426170599994
244,11862.383804965288
245,11885.193772106128
246,11853.777525636702
247,11829.332379803405
248,11878.5542539493
249,11750.228696749575
250,11689.293613461612
251,11621.484126081385
252,11612.454194108028
253,11554.441434134404
254,11416.451697544962
255,11301.969094766728
256,11356.119579447522
257,11356.10731414422
258,11317.706892937791
259,11455.638342236402
260,11168.214849340151
261,11225.735459262314
262,11044.300914466376
263,11055.09638037523
264,11130.929681768599
265,11090.566202837043
266,11094.576905537673
267,10959.255848336674
268,10960.265133877252
269,10969.180212371924
270,10965.78417009385
271,10715.082603318691
272,10627.43140472946
273,10691.375368421192
274,10692.04419813295
275,10659.127548769357
276,10546.954968734313
277,10622.13541393351
278,10569.944232087271
279,10602.869178966186
280,10748.04319644501
281,10752.615601231759
282,10825.168911302791
283,10827.106498186933
284,10871.645016702847
285,10783.979475778426
286,10654.444724563764
287,10651.775346113298
288,10846.541859223327
289,10861.747926543234
290,10957.165789060662
291,10931.580568352902
292,10938.761362078221
293,10947.319240834338
294,10943.146250168815
295,10830.030459592239
296,10883.582455251319
297,10872.491771441892
298,10937.674318900643
299,10904.654174268784
300,10877.826207391183
301,10900.135150674174
302,10898.20541674316
303,10910.598713040303
304,10903.524651244828
305,10931.04813282102
306,10864.12104028679
307,10854.682952682482
308,10858.867487567692
309,10917.187808410983
310,10967.508864674814
311,10954.524743191247
312,10938.509841286208
313,10928.010957235723
314,10797.810528389939
315,10806.52534893704
316,10763.637982234388
317,10788.08280740003
318,10843.601901348959
319,10878.087226568925
320,10970.041430651545
321,10978.79166124605
322,10956.719292596994
323,10948.855309369768
324,11064.354612687286
325,11048.639339240062
326,11036.814331920832
327,11009.18292028579
328,11009.80622496159
329,11012.011877365383
330,10905.542578603385
331,10899.54784000495
332,10936.399623646816
333,10645.711957510583
334,10629.014931762576
335,10627.625899184313
336,10607.035396274621
337,10553.422695212837
338,10389.018809853342
339,10387.745704873361
340,10338.210611665043
341,10300.256211453103
342,10393.877765067495
343,10403.24445199462
344,10486.183363108192
345,10464.715120455481
346,10439.50364850911
347,10467.47372254309
348,10463.798439139022
349,10563.622041202045
350,10592.691041002909
351,10665.81197462631
352,10815.962749047272
353,10725.412642894018
354,10673.42183246946
355,10681.876169394256
356,10662.346993428044
357,10681.439645401068
358,10665.992230821195
359,10647.577814429718
360,10619.155680954069
361,10468.855306486066
362,10481.961665552908
363,10380.562173036591
364,10381.970695426406
365,10412.649147517192
366,10444.450477229426
367,10478.854895764402
368,10463.584729051541
369,10463.619380019234
370,10506.10176692742
371,10097.414068080314
372,10040.550713665247
373,10079.669656560374
374,10146.087503496077
375,10313.525412626459
376,10325.073516688883
377,10269.6238266203
378,10238.697232153396
379,10276.058967181627
380,10178.044415986287
381,10332.74752189843
382,10325.283843353369
383,10313.050425365382
384,10317.89942463224
385,10304.611885498558
386,10298.482576781471
387,10257.004985543475
388,10241.646548389559
389,10171.3466984956
390,10156.289263266897
391,10165.580664188908
392,10188.952838940275
393,10214.141677733962
394,10244.573014650443
395,10215.648339639762
396,10221.20332822688
397,10125.646145990167
398,10154.82790772845
399,10211.832063597038
400,10260.238277757046
401,10255.716065251376
402,10286.955052749858
403,10315.81437881907
404,10337.897713962324
405,10312.781854107092
406,10326.450878408661
407,10323.063947764163
408,10291.67391516843
409,10302.234622346481
410,10314.502642212428
411,10290.628229315595
412,10289.250569129163
413,10285.561742264434
414,10280.03050123434
415,10297.136856783405
416,10298.258119805902
417,10312.648371212272
418,10203.012759078863
419,10247.905669778253
420,10296.189407618584
421,10400.289852069694
422,10410.233909742406
423,10405.87105457017
424,10317.581200138504
425,10360.745805644483
426,10248.174640264655
427,10247.804257479878
428,10307.658531311743
429,10261.182225698509
430,10271.470853007992
431,10267.646455914659
432,10346.310646430049
433,10369.198326797334
434,10309.623152673412
435,10278.16075189938
436,10264.91343880987
437,10258.003848699824
438,10153.005520976101
439,10168.913181709933
440,10188.943943714097
441,10222.64867369783
442,10222.463569609123
443,10195.883637074248
444,10189.238516863415
445,10181.76298733573
446,10140.51897608648
447,10121.400082681133
448,10108.185223918072
449,10089.31682644943
450,10032.624303491939
451,10052.057733908387
452,10053.430890573754
453,10065.786947942795
454,10074.965005280812
455,10111.056428583506
456,10099.10721846862
457,9801.014220116336
458,9807.368176745767
459,9924.408470612096
460,9924.146029910095
461,9913.119691168642
462,9842.065751162037
463,9841.344786714257
464,9812.168692550564
465,9851.910930507956
466,9829.53799997543
467,9772.19134266954
468,9742.522822979246
469,9717.77827902397
470,9703.969980434187
471,9705.308405524305
472,9713.030004895278
473,9790.402852952435
474,9767.632202149582
475,9823.382596127773
476,9893.26845709418
477,9893.707383301009
478,9893.642242548656
479,9971.214775898212
480,10007.013402976281
481,9974.745738561502
482,9940.021737659768
483,9933.140321296889
484,9970.52517751499
485,9985.79221952079
486,10020.96488652365
487,9995.623190117509
488,10051.497846054568
489,10027.185948987186
490,10145.562290566671
491,10090.01838231249
492,10056.863342889566
493,10029.426829306854
494,10033.826556212556
495,10045.025472864461
496,10046.45454415542
497,10019.389003577111
498,10029.854318374488
499,10038.336113849538
500,10000.407116289287
501,10010.162590377668
502,9995.737738452628
503,10052.839553496135
504,10131.0463053971
505,10205.355685730554
506,10188.691773642156
507,10275.148055433063
508,10321.983639786587
509,10321.418809562669
510,10335.98593958934
511,10329.288251973572
512,10323.373006700182
513,10304.60979778193
514,10300.965807487266
515,10289.836556046535
516,10284.102257672712
517,10280.513539203312
518,10279.230188640651
519,10294.00741710992
520,10247.858920851482
521,10274.34350894121
522,10318.948382902696
523,10311.512887911222
524,10312.59336821009
525,10335.081257394913
526,10372.624536893913
527,10449.754144275399
528,10612.893636587141
529,10673.874054565502
530,10711.519522643064
531,10735.172747550441
532,10749.478870181032
533,10747.878774459796
534,10753.012171222641
535,10750.399265054279
536,10799.447315545636
537,10792.346013000086
538,10767.88357659656
539,10742.630326469201
540,10728.047631170784
541,10753.699466471659
542,10769.980271497496
543,10756.013868155751
544,10765.7406275538
545,10753.873687785512
546,10737.640218993112
547,10737.341896708274
548,10741.088347878456
549,10742.223953122246
550,10742.1208956423
551,10743.333395771217
552,10744.41978510609
553,10793.592727811472
554,10809.338608208767
555,10799.736145785564
556,10764.8071113287
557,10743.561298323493
558,10743.29426687179
559,10728.31723681492
560,10723.182442202342
561,10735.38010034542
562,10754.721537228648
563,10762.799785034189
564,10767.127508833586
565,10764.857194598933
566,10731.636850966419
567,10732.852598072874
568,10679.008346564064
569,10663.523630598324
570,10668.579227463648
571,10646.602617574283
572,10653.830255260342
573,10672.773496687128
574,10693.478739067956
575,10708.118170048769
576,10738.195711963435
577,10747.793851669172
578,10734.066548702842
579,10788.909615843682
580,10828.913167202205
581,10817.238153897302
582,10823.184176610946
583,10627.210416424285
584,10624.66633761845
585,10676.428101576288
586,10718.62087832832
587,10697.8492062981
588,10731.95514246805
589,10736.740059172915
590,10757.61884310264
591,10757.712660864396
592,10833.407835826196
593,10951.160754873663
594,10931.728157413716
595,10991.727760271195
596,10943.189211516245
597,10917.695924157948
598,11115.44377601007
599,11162.828804798037
600,11171.506288067261
601,11170.482448383413
602,11178.953803000382
603,11191.382778674044
604,11185.947856646115
605,11136.791814920904
606,11146.98753310008
607,11148.7626228859
608,11146.897539519741
609,11125.565124406692
610,11175.643681937398
611,11061.382998310859
612,10973.369904859097
613,10952.598560782159
614,11003.941172647128
615,11063.987639811663
616,11059.63848855023
617,10971.72153324662
618,11003.45629905519
619,11012.098051138284
620,11033.663660156399
621,11039.376836151114
622,11049.374231286027
623,11071.870919237148
624,11050.72938496793
625,11115.542907459945
626,11149.464534279936
627,11194.202458601454
628,11206.687533479217
629,11291.36592193838
630,11270.092158528665
631,11262.465417139947
632,11291.302241884585
633,11294.34943582419
634,11317.539899971473
635,11410.902998038591
636,11425.274672357204
637,11446.028889199759
638,11453.376548709773
639,11473.749554212121
640,11399.006834137916
641,11429.504247006267
642,11469.556542405484
643,11429.06250463079
644,11549.70328553561
645,11549.31613829194
646,11651.22817694049
647,11684.919608986871
648,11682.604111963508
649,11683.920353795464
650,11681.118302529288
651,11674.780711194478
652,11681.324805290204
653,11641.673606361699
654,11655.375671339054
655,11601.060003203313
656,11562.993030232328
657,11566.67286274299
658,11582.540591983452
659,11582.642531991347
660,11494.50224753292
661,11434.269829286442
662,11423.496318992937
663,11531.807553083192
664,11502.217535129472
665,11522.530163822992
666,11572.984515152253
667,11519.01540952691
668,11512.776172057082
669,11473.535389375404
670,11529.134525523643
671,11576.987165211325
672,11532.015237092282
673,11527.359251546215
674,11594.394049712373
675,11698.527042041218
676,11775.968703712057
677,11845.0172983482
678,11812.077799580013
679,11873.611947491057
680,11952.900835434933
681,11968.80272420897
682,11941.418844563528
683,11939.918010386064
684,11943.121473889938
685,11957.871462773259
686,11956.726171324699
687,11946.726525275159
688,11965.451098726682
689,11957.844579426834
690,11965.51576924942
691,11968.312647670782
692,11966.528670259691
693,11919.171219689857
694,11920.658930569945
695,11856.850155259039
696,11879.41188057684
697,12032.172505570228
698,12015.20790193059
699,12003.292015110143
700,12003.147004584715
701,12061.644181697162
702,12051.876892541206
703,12055.890720074074
704,12035.200999380431
705,12044.820945648595
706,12081.681963792333
707,12067.33150456086
708,11862.22012420546
709,11838.215033042196
710,11697.850973637702
711,11638.989969422752
712,11711.156770917105
713,11723.320739779729
714,11711.139401005072
715,11709.045666561467
716,11736.59224181115
717,11728.30818138584
718,11717.413553543842
719,11675.405991970048
720,11668.674594678914
721,11581.039052888036
722,11524.523022586218
723,11465.384812994214
724,11520.927578185665
725,11522.326166285373
726,11597.027260800314
727,11618.446308642866
728,11647.54705353757
729,11643.200368242487
730,11608.338182445981
731,11461.032147951773
732,11512.66485074371
733,11503.703589338284
734,11465.424501200498
735,11496.976701323661
736,11473.127199023045
737,11488.062835069592
738,11620.109974683357
739,11605.024790458414
740,11609.694023417138
741,11601.194694996098
742,11573.82908716788
743,11580.287869778538
744,11632.640994041556
745,11616.288351409557
746,11613.915324548654
747,11647.238792917262
748,11673.762806406243
749,11673.924895124905
750,11652.027857437206
751,11667.584017756782
752,11668.676747873611
753,11686.796751945223
754,11720.39629156928
755,11757.923378958465
756,11757.29603197537
757,11766.301845318869
758,11787.120323555415
759,11723.827558948902
760,11767.329479763373
761,11881.874014505653
762,11985.354916963144
763,11950.776316788
764,11947.353017259022
765,11953.15832138252
766,11991.345378932834
767,12110.651004136893
768,12078.484357568763
769,12085.605662605276
770,12148.663178385705
771,12079.188847608635
772,11986.896077153193
773,11993.448269437791
774,11938.212387983935
775,11910.011796874429
776,11818.708962011135
777,11846.485599131625
778,11884.551758787988
779,11711.54560886301
780,11535.971661536205
781,11596.777514425237
782,11608.11133896586
783,11761.599708191217
784,11772.712087234444
785,11789.620097156816
786,11786.395323292432
787,11804.627937990777
788,11792.677259053475
789,11859.484575579032
790,11846.807025976737
791,11804.822099593348
792,11730.179449229794
793,11720.37917667474
794,11690.2448658826
795,11730.810976318802
796,11737.233027388427
797,11735.456865483891
798,11764.952320650405
799,11793.02667879185
800,11839.900084451701
801,11737.16859713205
802,11794.562705312937
803,11863.925786671685
804,11856.17714666418
805,11679.383932838275
806,11666.302629698977
807,11690.703744107832
808,11591.306667001176
809,11482.481915293922
810,11613.014682209356
811,11587.234631255198
812,11550.181948449266
813,11590.218211923097
814,11533.80710655523
815,11494.863290710602
816,11532.242832427259
817,11532.187557614056
818,11497.990088142009
819,11564.291599678198
820,11610.86837154129
821,11594.205473391448
822,11543.981436454504
823,11539.786277079193
824,11560.145540272115
825,11587.281058292823
826,11598.573144818958
827,11593.22151848909
828,11507.20378259273
829,11494.405909799994
830,11510.293775957898
831,11510.293775957898
832,11636.56274175591
833,11716.481802967675
834,11722.46260489753
835,11713.766345082398
836,11687.333494855498
837,11631.920430332299
838,11620.513726857947
839,11633.10680613061
840,11762.841572013918
841,11779.398788425995
842,11846.789774817527
843,11897.002192018246
844,11938.219144738512
845,11862.106684907327
846,11925.358821727714
847,11882.90923235996
848,11787.766572676715
849,11780.80102476328
850,11911.236492043507
851,11910.860302829391
852,11856.600990964263
853,11881.974060435075
854,11832.875563246478
855,11770.590241120204
856,11790.547829937665
857,11834.804568449612
858,11956.023324832857
859,11941.41524582909
860,11891.402448789211
861,11896.577993678296
862,11965.929609966182
863,11993.110592264602
864,11943.168070602915
865,11964.71031479479
866,11975.720471575853
867,11955.460272877403
868,11942.06145678049
869,11793.895645847455
870,11823.466067713305
871,11802.811665273945
872,11787.052685024784
873,11744.70140410121
874,11745.400436844
875,11672.988297808375
876,11619.114534922834
877,11662.818723745617
878,11678.412370111153
879,11691.946702043557
880,11707.407012787913
881,11884.57031065442
882,12128.874775115773
883,12122.49126328853
884,12125.508550764602
885,12278.65216591844
886,12245.823388673687
887,12344.272235829307
888,12383.708216167537
889,12383.515450727784
890,12314.384822239197
891,12361.05523194343
892,12361.47359335493
893,12320.692511118863
894,12356.56603307076
895,12326.089626277431
896,12322.872810512532
897,12241.55496638583
898,12245.687604039702
899,11825.969661115661
900,11821.50771244493
901,11868.270152737168
902,11861.288066367219
903,11830.196163487559
904,11809.422372209705
905,11805.79949525379
906,11803.867930702976
907,11776.521770528729
908,11821.92428951404
909,11768.651811274469
910,11785.898720968473
911,11888.380605050303
912,11819.877385327984
913,11851.936550795319
914,11843.29166874687
915,11819.450800767368
916,11850.90383373521
917,11893.759983969372
918,11882.98566161047
919,11888.668870755402
920,11861.504918964769
921,11889.536598570896
922,11844.488987770914
923,11790.687127075777
924,11788.631454588021
925,11823.545547314558
926,11828.53302840299
927,11847.390256697567
928,11857.424669767066
929,11968.32703326625
930,11919.542047086194
931,11898.69823797153
932,11935.518622410338
933,11971.739778814132
934,12015.891887034424
935,12001.9297289095
936,11991.344670377664
937,11986.38888999219
938,12035.592451563709
939,12034.561368904187
940,12008.143443463701
941,11951.667503646306
942,11955.081370089554
943,11894.224156187644
944,11755.051921142425
945,11688.43499375704
946,11703.785187122805
947,11655.44518316499
948,11655.032253977006
949,11716.612154063085
950,11722.016255374132
951,11793.366643087387
952,11743.763807528889
953,11656.421694506465
954,11697.736678554242
955,11703.031522169238
956,11672.122333948446
957,11647.604472023471
958,11673.996325871574
959,11646.49088058883
960,11652.084538908712
961,11659.067623623814
962,11683.026471502122
963,11959.068841316539
964,11900.198845802557
965,11798.150452838094
966,11917.837409258525
967,11944.090009582495
968,11897.741257772632
969,11822.61510298388
970,11760.59154397999
971,11775.7584038079
972,11795.178164384784
973,11795.328623748605
974,11860.403042246433
975,11831.711009174805
976,11732.753120249585
977,11765.769185138313
978,11753.089663189237
979,11808.742937716417
980,11799.127661093704
981,11903.939659332014
982,11778.265094395838
983,11805.253362228941
984,11818.678103527953
985,11776.30008719034
986,11745.14534974876
987,11745.580414904734
988,11738.69660940095
989,11685.776030935838
990,11739.945442586417
991,11713.568003547567
992,11701.359525161879
993,11579.591478406144
994,11575.695110136583
995,11510.945326132529
996,11490.412851885203
997,11473.501394590603
998,11430.238151656717
999,11521.111962604107
1000,11372.69023659729
1001,11401.571224620244
1002,11484.011327925507
1003,11436.261743099938
1004,11694.011440493055
1005,11715.354187360628
1006,11740.769927566333
1007,11831.392567210327
1008,11864.925449649354
1009,11819.90051357549
1010,11852.675822103018
1011,11879.192663928745
1012,11914.699043679064
1013,11881.337380766689
1014,11950.949727849911
1015,11923.71982369794
1016,11886.068221483705
1017,11873.850223277324
1018,11864.142910033079
1019,11862.919214758185
1020,11847.142705533655
1021,11956.160682956515
1022,12009.592186460088
1023,12000.18995546365
1024,12001.238595375658
1025,11993.29888518324
1026,11945.839643579719
1027,11915.672327929578
1028,11889.95650777281
1029,11873.67715716771
1030,11904.259993655207
1031,11923.528213868378
1032,11923.323067522553
1033,11903.356954553276
1034,11914.856401136849
1035,11887.738738430467
1036,11957.937894214228
1037,11852.022571311805
1038,11839.430747132208
1039,11852.59741811222
1040,11845.89706727638
1041,11844.752592647774
1042,11817.240623753976
1043,11804.811341010896
1044,11867.853951760255
1045,11905.553561876217
1046,11844.48458313606
1047,11767.03877963117
1048,11789.389529180045
1049,11792.591069648342
1050,11817.926349767276
1051,11862.01987643179
1052,12013.526873430177
1053,12043.544588762523
1054,11866.88518316852
1055,11867.643913611879
1056,11823.639588227432
1057,11731.908080093684
1058,11724.817022625055
1059,11744.509104662138
1060,11735.64954630625
1061,11734.65959373186
1062,11779.592170656793
1063,11802.470797625796
1064,11813.836707969653
1065,11876.674981684813
1066,11890.92254344299
1067,11872.689425939712
1068,11920.150093474113
1069,11844.365056452856
1070,11798.776628380698
1071,11779.799067746817
1072,11781.50555275602
1073,11659.811142005196
1074,11654.099148015312
1075,11711.242660053405
1076,11697.469708368264
1077,11736.06315121956
1078,11824.778713472193
1079,11781.54758099881
1080,11763.030803030822
1081,11756.15575552472
1082,11750.994587759731
1083,11766.24545295121
1084,11746.87270626195
1085,11756.696568283149
1086,11593.781216604157
1087,11557.469149492816
1088,11515.418953286538
1089,11457.097787403545
1090,11436.651252225263
1091,11447.038878538142
1092,11327.677149566958
1093,11388.534355500386
1094,11415.172845146735
1095,11437.168473854123
1096,11244.52226056538
1097,11151.594176407983
1098,11185.635423318425
1099,11238.092064993585
1100,11070.392699185557
1101,11092.287290900413
1102,11083.714864056361
1103,11064.403719279393
1104,11058.156094306403
1105,11092.451501642277
1106,11065.16743959093
1107,11074.789536302094
1108,11091.91820633747
1109,11084.023280400608
1110,11159.207049950932
1111,11191.352002325364
1112,11230.781114038546
1113,11119.67946281339
1114,11159.623879419929
1115,11135.614124507532
1116,11085.683614042939
1117,11182.125310824176
1118,11202.716692865717
1119,11253.573606198497
1120,11244.541436526886
1121,11267.246704048099
1122,11245.036507598896
1123,11277.806450410333
1124,11260.948887357496
1125,11285.98510318325
1126,11300.858304526091
1127,11339.873037057452
1128,11367.914864423607
1129,11355.545659662339
1130,11268.246818623124
1131,11296.677743430171
1132,11310.077738318501
1133,11347.593685137233
1134,11345.081870752485
1135,11348.805754789071
1136,11340.264301489107
1137,11320.37994834041
1138,11258.48975584704
1139,11211.25328325255
1140,11159.635045018682
1141,11184.741116853176
1142,11236.77259679389
1143,11154.909018764845
1144,11154.795870428765
1145,11143.376842189664
1146,11100.752220357603
1147,11033.75710581908
1148,10932.44795115527
1149,10908.33003676575
1150,10719.117224083811
1151,10718.905058821629
1152,10714.58499801741
1153,10753.609807902267
1154,10608.165920620384
1155,10545.927251871315
1156,10528.673029777368
1157,10440.413212812118
1158,10436.567882412024
1159,10534.690614548654
1160,10934.475878614028
1161,11065.756024917468
1162,11070.735615993151
1163,10942.236138091914
1164,10858.011694726425
1165,10935.371893526446
1166,10937.903152523548
1167,10936.541422770257
1168,10950.420809316456
1169,10957.122209494682
1170,10909.697925789156
1171,10917.31046652973
1172,10994.142691363955
1173,10982.391592660366
1174,11018.093326750766
1175,11183.178225986818
1176,11236.051828665437
1177,11244.597015409025
1178,11230.45836021811
1179,11274.368449884867
1180,11033.03195721668
1181,10989.13729810244
1182,10993.848051703897
1183,10980.707111611226
1184,10875.523411673881
1185,10683.89923844292
1186,10872.81332675209
1187,10894.34102300595
1188,10795.34893198275
1189,10784.756558537172
1190,10747.84765387908
1191,10742.301084144201
1192,10755.43965326555
1193,10740.457866907469
1194,10688.192045110714
1195,10541.599743173685
1196,10563.96813632856
1197,10701.548481953321
1198,10776.946588278046
1199,10796.656259662013
1200,10850.872111845327
1201,10910.123291319569
1202,10923.070862340535
1203,10923.22755613885
1204,10952.034287300936
1205,10935.153813717809
1206,10959.85018344843
1207,10866.454956519892
1208,10840.49918871515
1209,10871.03885242102
1210,10808.237881738238
1211,10839.903587271137
1212,10854.58657899933
1213,10983.236325862235
1214,11224.847160288284
1215,11042.217949814238
1216,11032.942253984464
1217,11484.334063290922
1218,11487.823403480461
1219,11443.51670377228
1220,11385.436247415351
1221,11392.384095797399
1222,11355.375464364608
1223,11322.132712566734
1224,11375.822289055803
1225,11489.958684115598
1226,11519.994505940273
1227,11569.432465745578
1228,11580.94580858614
1229,11608.326411982294
1230,11523.693990161106
1231,11523.871219797815
1232,11509.333920058254
1233,11547.235672049783
1234,11363.65142974863
1235,11363.016418692674
1236,11483.205933568428
1237,11476.002180330257
1238,11433.57918931049
1239,11431.432695893465
1240,11454.548817832414
1241,11551.558749848311
1242,11512.75608180436
1243,11571.530885925706
1244,11604.623075891752
1245,11659.997744194476
1246,11685.146967724364
1247,11719.793541703499
1248,11721.211892697847
1249,11716.727090314622
1250,11715.672492697344
1251,11683.3010223633
1252,11676.128727541076
