,Profitloss
0,-0.673405920428316
1,-0.6864750311353696
2,-2.0309875340116634
3,-1.8923539412847301
4,-2.0307374794980237
5,-3.7499622258611254
6,-3.811715511643432
7,-4.136613836206671
8,-4.26218072940755
9,-4.142308560888342
10,-4.124472640411703
11,-3.421150620089297
12,-3.1616563299771583
13,-3.2393296975794517
14,-3.136305342569634
15,-3.1638583341092152
16,-3.9642660977963873
17,-4.176531920612292
18,-4.2913277875084255
19,-4.013874684410846
20,-3.975768119405998
21,-3.007375212791419
22,-2.6306050613023824
23,-2.8804602962175796
24,-2.1470607720124435
25,-1.8330223878677776
26,-2.207479665430234
27,-3.5205449613451956
28,-3.259545759749649
29,-3.292924200223657
30,-3.5111873879455247
31,-3.546805613136861
32,-3.4243087157568852
33,-3.6743553378518756
34,-3.609140099545083
35,-4.483921303062988
36,-4.284646501643619
37,-4.172354731695627
38,-4.3606371263511745
39,-3.7520387182035875
40,-3.385475094270518
41,-2.8441677353377326
42,-3.1350276750476525
43,-3.365449441416024
44,-3.7710635421106087
45,-4.4563786362878055
46,-4.460604083748798
47,-4.333553847522465
48,-4.266865434485389
49,-4.556302965940883
50,-2.575849366475935
51,-2.1840340818955806
52,-1.6029044166454898
53,-1.3559689536617903
54,-1.601793454398559
55,-1.6745915075564555
56,-1.6887908568442023
57,-1.5977588945236487
58,-1.0104758670252845
59,-1.0557178944069823
60,-1.2994389833602016
61,-1.520690396029234
62,-1.6293958398977293
63,-1.4613050421294238
64,-0.9143924999106878
65,-0.7654967530296597
66,-0.8707574971026477
67,-0.925555304044956
68,-0.9753431337037655
69,-1.2795555414355064
70,-2.1831186132703517
71,-2.153171605808224
72,-2.191723694271075
73,-2.088964036458185
74,1.0489956456163796
75,2.2516179192158647
76,2.3912863373609428
77,2.680146639738412
78,1.767328122038303
79,1.7525902593846787
80,0.8668850927228355
81,0.9453552386932351
82,1.055993997414495
83,0.7423977124986214
84,0.05164008481579607
85,0.17422379355729323
86,0.17883543386643108
87,0.2217726788958041
88,-0.3360835987540556
89,-0.34937887291950354
90,-0.13883466386238608
91,0.1318196054602927
92,-0.27379079938558704
93,-0.5057395130811049
94,0.010382690658050642
95,0.6828866133402611
96,1.1411559006277994
97,1.1096327616357593
98,1.2331187972217217
99,1.0955527292292322
100,1.0729133046055717
101,1.646456502250726
102,2.281341939150372
103,2.524904410845341
104,2.409669587651009
105,1.5989156166554164
106,1.4954957329044616
107,1.409354830091858
108,2.1268295424650585
109,2.1367854499381833
110,2.241468239461808
111,1.8810108960204408
112,1.8535742079531792
113,2.752606014773873
114,2.9105079932166156
115,3.063452189288496
116,3.0730074031170895
117,3.257244448771779
118,2.917217260454974
119,2.6081971810395954
120,2.2740648149864873
121,2.0929106945032583
122,1.639712463526255
123,2.503052965894481
124,2.1431975010246296
125,0.6917244435535652
126,0.4367566234797948
127,0.3188267451342597
128,0.6184904882328368
129,0.7827193216373374
130,1.1377869462412038
131,0.9432911620865347
132,0.007161194930627168
133,1.1140037409659298
134,3.5059599013568254
135,3.459311665149678
136,3.6947845975735083
137,3.9360709557476836
138,4.121519085941561
139,4.049804853061167
140,3.3718765470105216
141,3.009555962377597
142,3.266538785743167
143,4.9756154357360804
144,5.2249634520774135
145,4.726308820692893
146,4.810010574903378
147,4.360726037152629
148,3.878014461026824
149,4.2654189003435095
150,4.302837139064408
151,3.580261101144222
152,2.6797501209177454
153,2.758006658447565
154,2.760295711434635
155,2.9056263097338997
156,2.469074354030476
157,1.7691780090859144
158,0.9993118898283582
159,-0.4423021138185157
160,-2.713122122257239
161,-3.2906048913061703
162,-3.1268892045290597
163,-2.888533395986559
164,-3.0343656438331035
165,-3.4862948741124167
166,-5.255821587676079
167,-5.315242146602561
168,-5.02446316395525
169,-5.44671385490193
170,-5.174047530960313
171,-5.077299274648627
172,-6.390391367053693
173,-6.39794791521987
174,-7.053273843630114
175,-7.008650824583096
176,-5.966809106840254
177,-5.965061498312963
178,-6.107504190085821
179,-6.379468751732609
180,-6.460395412971154
181,-6.617689134038207
182,-6.94491582210085
183,-6.48144263740279
184,-6.645008839577182
185,-6.0814619521449504
186,-4.713698799381016
187,-5.245992058885074
188,-2.9659214911999854
189,-2.6093970768997554
190,-2.3930517050973155
191,-3.01574122975401
192,-3.235067654919699
193,-2.2212778836030456
194,-2.1043214090722073
195,-1.8831580822983196
196,-2.2488794718719896
197,-1.741444212379184
198,-1.7084184763366816
199,-1.7183584251165507
200,-1.9227711449094742
201,-3.1574273372881323
202,-3.070072599704976
203,-2.955924655970832
204,-2.0977867289908914
205,-1.7571157693715977
206,-1.7415433555665327
207,-3.2821460425749183
208,0.2220349057613591
209,0.29644587303088166
210,-0.03645141001491492
211,0.028345730104328837
212,0.11416438849829458
213,0.2834054481717363
214,-0.2833484516958418
215,-0.3617451696199758
216,-0.10704634234826038
217,-0.20696384933941436
218,-1.029072717353452
219,-0.31432545483195407
220,-0.3275993345581485
221,0.8440850761105345
222,1.239872075389692
223,0.9890308084858246
224,1.250891576405988
225,0.9778147529270198
226,0.2542452055569244
227,0.4689822579303726
228,1.6821059073549804
229,1.6686261961187832
230,2.103657831957384
231,1.4529642539292897
232,1.5206790103721834
233,1.5271658904561614
234,0.6098067996644918
235,0.4322752688938003
236,-0.2249616354140671
237,-0.8013077312617689
238,-1.1104897024976856
239,-0.8545836493148773
240,-0.6130623501763965
241,-0.8127152065676047
242,-1.5523665045950374
243,-1.1881152450000432
244,-1.1468016252892732
245,-0.9567185657822663
246,-1.2185206196941523
247,-1.422230168304961
248,-1.0120478837558289
249,-2.0814275270868765
250,-2.5892198878199046
251,-3.1542989493217988
252,-3.2295483824331006
253,-3.7129880488799727
254,-4.862902520458645
255,-5.816924210277275
256,-5.365670171270642
257,-5.365772382131507
258,-5.685775892185074
259,-4.536347148029984
260,-6.931542922165413
261,-6.452204506147385
262,-7.964159046113539
263,-7.874196830206426
264,-7.242252651928338
265,-7.5786149763579775
266,-7.545192453852723
267,-8.672867930527717
268,-8.66445721768957
269,-8.590164896900632
270,-8.618465249217921
271,-10.707644972344244
272,-11.438071627254509
273,-10.905205263156736
274,-10.899631682225419
275,-11.173937093588693
276,-12.108708593880724
277,-11.482204883887414
278,-11.91713139927274
279,-11.642756841948454
280,-10.432973362958242
281,-10.394869989735344
282,-9.790259072476736
283,-9.77411251510889
284,-9.40295819414294
285,-10.133504368513124
286,-11.212960628635305
287,-11.23520544905585
288,-9.612151173138939
289,-9.485433945473055
290,-8.690285091161154
291,-8.903495263725825
292,-8.84365531601482
293,-8.772339659713847
294,-8.807114581926545
295,-9.749746170064677
296,-9.303479539572345
297,-9.395901904650906
298,-8.85271400916131
299,-9.127881881093469
300,-9.351448271740148
301,-9.165540411048557
302,-9.181621527140338
303,-9.078344057997478
304,-9.137294572959764
305,-8.90793222649149
306,-9.465657997610089
307,-9.544308727645978
308,-9.509437603602567
309,-9.023434929908468
310,-8.60409279437655
311,-8.712293806739613
312,-8.845751322614937
313,-8.933242023035637
314,-10.018245596750507
315,-9.94562209219133
316,-10.30301681471344
317,-10.09930993833309
318,-9.636650822092008
319,-9.349273111925626
320,-8.582988077903797
321,-8.510069489616246
322,-8.694005895025047
323,-8.759539088585267
324,-7.79704489427262
325,-7.928005506332814
326,-8.026547233993064
327,-8.256808997618414
328,-8.25161479198675
329,-8.233234355288477
330,-9.120478511638463
331,-9.170434666625415
332,-8.863336469609873
333,-11.285733687411813
334,-11.424875568645199
335,-11.436450840130718
336,-11.60803836437816
337,-12.054810873226351
338,-13.424843251222152
339,-13.435452459388653
340,-13.848244902791308
341,-14.164531571224149
342,-13.384351957770878
343,-13.306296233378168
344,-12.615138640765068
345,-12.794040662870987
346,-13.004136262424081
347,-12.771052312140906
348,-12.801679673841482
349,-11.969816323316296
350,-11.727574658309091
351,-11.118233544780754
352,-9.866977091272734
353,-10.62156130921652
354,-11.054818062754501
355,-10.984365255047868
356,-11.147108388099635
357,-10.988002954991105
358,-11.116731409823377
359,-11.270184879752343
360,-11.507035992049431
361,-12.759539112616114
362,-12.650319453725768
363,-13.49531522469507
364,-13.48357753811329
365,-13.227923770690076
366,-12.96291268975478
367,-12.676209201963317
368,-12.803460591237158
369,-12.803171833173044
370,-12.449151942271497
371,-15.854882765997381
372,-16.328744052789613
373,-16.002752861996882
374,-15.449270804199355
375,-14.053954894779508
376,-13.957720694259312
377,-14.419801444830838
378,-14.677523065388364
379,-14.366175273486437
380,-15.182963200114274
381,-13.893770650846427
382,-13.95596797205526
383,-14.057913121955156
384,-14.017504794731328
385,-14.12823428751202
386,-14.179311860154408
387,-14.52495845380437
388,-14.652945430087005
389,-15.238777512536672
390,-15.364256139442523
391,-15.286827798425762
392,-15.092059675497705
393,-14.88215268555032
394,-14.628558211246311
395,-14.869597169668658
396,-14.823305598109327
397,-15.619615450081936
398,-15.376434102262914
399,-14.901399470024689
400,-14.498014352024624
401,-14.535699456238538
402,-14.275374560417852
403,-14.034880176507746
404,-13.850852383647306
405,-14.06015121577423
406,-13.946242679927822
407,-13.974467101965304
408,-14.236050706929749
409,-14.148044813779325
410,-14.045811314896428
411,-14.244764755703375
412,-14.256245257256984
413,-14.286985481129722
414,-14.333079156380501
415,-14.19052619347162
416,-14.181182334950826
417,-14.061263573231065
418,-14.974893674342804
419,-14.600786085181227
420,-14.198421603178469
421,-13.330917899419214
422,-13.24805075214661
423,-13.284407878581916
424,-14.020156665512474
425,-13.66045161962931
426,-14.59854466446121
427,-14.601631187667685
428,-14.102845572402146
429,-14.490148119179091
430,-14.404409558266739
431,-14.436279534044505
432,-13.780744613082929
433,-13.590013943355551
434,-14.086473727721572
435,-14.348660400838497
436,-14.459054676584415
437,-14.516634594168131
438,-15.39162065853249
439,-15.259056819083893
440,-15.092133802382524
441,-14.811261052518088
442,-14.81280358659064
443,-15.034303024381268
444,-15.089679026138203
445,-15.151975105535588
446,-15.495675199279335
447,-15.654999310990558
448,-15.765123134016068
449,-15.92235977958808
450,-16.394797470900514
451,-16.232852217430114
452,-16.22140924521871
453,-16.118442100476706
454,-16.041958289326562
455,-15.741196428470783
456,-15.840773179428169
457,-18.324881499030532
458,-18.27193186045194
459,-17.29659607823254
460,-17.298783084082547
461,-17.390669240261314
462,-17.982785406983027
463,-17.988793444047857
464,-18.23192756207863
465,-17.90074224576703
466,-18.087183333538082
467,-18.5650721444205
468,-18.812309808506278
469,-19.018514341466908
470,-19.133583496381778
471,-19.122429953964126
472,-19.05808329253935
473,-18.413309558729708
474,-18.603064982086813
475,-18.138478365601895
476,-17.55609619088183
477,-17.552438472491595
478,-17.55298131209453
479,-16.906543534181573
480,-16.60822164186432
481,-16.877118845320815
482,-17.16648551950193
483,-17.223830655859263
484,-16.912290187375078
485,-16.785064837326747
486,-16.49195927896958
487,-16.703140082354096
488,-16.237517949545264
489,-16.440117091773455
490,-15.453647578611074
491,-15.916513480729256
492,-16.19280547592028
493,-16.421443089109545
494,-16.384778698228697
495,-16.291454392796155
496,-16.279545465371502
497,-16.505091636857404
498,-16.417880680212605
499,-16.347199051253845
500,-16.663274030922604
501,-16.581978413519437
502,-16.70218551289476
503,-16.22633705419888
504,-15.574614121690832
505,-14.955369285578712
506,-15.094235219648699
507,-14.37376620472448
508,-13.983469668445103
509,-13.988176586977763
510,-13.866783836755502
511,-13.922597900220236
512,-13.971891610831822
513,-14.128251685150584
514,-14.15861827093945
515,-14.251362032945536
516,-14.299147852727401
517,-14.329053839972406
518,-14.33974842799457
519,-14.216604857417325
520,-14.601175659570986
521,-14.38047075882325
522,-14.00876347581087
523,-14.070725934073147
524,-14.061721931582582
525,-13.874322855042386
526,-13.561462192550733
527,-12.918715464371678
528,-11.55921969510716
529,-11.051049545287484
530,-10.737337311307794
531,-10.540227103746325
532,-10.421009415158068
533,-10.434343546168368
534,-10.391565239811328
535,-10.41333945788101
536,-10.004605703786362
537,-10.06378322499929
538,-10.26763686169534
539,-10.478080612756656
540,-10.599603073576802
541,-10.385837779402852
542,-10.250164404187533
543,-10.36655109870207
544,-10.285494770385007
545,-10.384385935120733
546,-10.519664841724063
547,-10.522150860764379
548,-10.490930434346202
549,-10.48146705731462
550,-10.482325869647502
551,-10.472221701906525
552,-10.463168457449246
553,-10.053393934904397
554,-9.92217826492694
555,-10.002198785120298
556,-10.293274072260827
557,-10.470322513970887
558,-10.472547776068419
559,-10.597356359875665
560,-10.64014631498048
561,-10.538499163788174
562,-10.377320523094602
563,-10.310001791381762
564,-10.27393742638678
565,-10.292856711675558
566,-10.56969290861317
567,-10.559561682726049
568,-11.008263778632799
569,-11.137303078347305
570,-11.095173104469602
571,-11.278311520214313
572,-11.218081206163822
573,-11.060220860940595
574,-10.887677174433708
575,-10.765681916260261
576,-10.515035733638033
577,-10.435051236090231
578,-10.549445427476323
579,-10.092419867969316
580,-9.759056939981626
581,-9.85634871752248
582,-9.806798528242112
583,-11.43991319646429
584,-11.461113853179583
585,-11.029765820197602
586,-10.678159347264005
587,-10.851256614182493
588,-10.56704047943291
589,-10.527166173559044
590,-10.353176307477996
591,-10.352394492796702
592,-9.72160136811503
593,-8.740327042719475
594,-8.902265354885696
595,-8.402268664406709
596,-8.80675657069796
597,-9.0192006320171
598,-7.371301866582747
599,-6.97642662668303
600,-6.904114266106154
601,-6.912646263471556
602,-6.842051641663483
603,-6.7384768443829675
604,-6.783767861282374
605,-7.193401542325805
606,-7.108437224165998
607,-7.093644809284161
608,-7.109187170668818
609,-7.286957296610897
610,-6.869635983855016
611,-7.821808347409509
612,-8.555250792840862
613,-8.728345326815345
614,-8.300490227940605
615,-7.80010300156947
616,-7.836345928748079
617,-8.568987222944834
618,-8.304530841206759
619,-8.232516240514299
620,-8.052802832030014
621,-8.005193032074054
622,-7.921881405949782
623,-7.734409006357101
624,-7.9105884586005875
625,-7.370475771167129
626,-7.087795547667197
627,-6.714979511654551
628,-6.61093722100653
629,-5.905283983846832
630,-6.0825653455944595
631,-6.14612152383377
632,-5.905814650961794
633,-5.880421368131749
634,-5.687167500237733
635,-4.909141683011741
636,-4.7893777303566365
637,-4.616425923335344
638,-4.555195427418557
639,-4.385420381565652
640,-5.00827638218404
641,-4.75413127494777
642,-4.42036214662097
643,-4.757812461410083
644,-3.7524726205365844
645,-3.755698847567157
646,-2.9064318588292393
647,-2.6256699251094084
648,-2.6449657336374277
649,-2.633997051704473
650,-2.6573474789226004
651,-2.710160740046008
652,-2.6556266225816416
653,-2.9860532803191786
654,-2.8718694055078875
655,-3.324499973305728
656,-3.6417247480639348
657,-3.6110594771417537
658,-3.478828400137901
659,-3.4779789000721095
660,-4.212481270558999
661,-4.714418089279649
662,-4.804197341725525
663,-3.9016037243067347
664,-4.148187207254406
665,-3.978915301475061
666,-3.5584623737312193
667,-4.0082049206090815
668,-4.060198566190987
669,-4.387205088538304
670,-3.9238789539696395
671,-3.525106956572288
672,-3.899873024230982
673,-3.938672903781537
674,-3.380049585730227
675,-2.5122746496565207
676,-1.866927469066193
677,-1.2915225137649977
678,-1.5660183368332303
679,-1.0532337709078576
680,-0.3924930380422187
681,-0.2599772982585846
682,-0.4881762953039326
683,-0.5006832467828071
684,-0.47398771758384584
685,-0.35107114355618085
686,-0.36061523896083747
687,-0.4439456227070093
688,-0.2879075106109852
689,-0.35129517144305566
690,-0.28736858958816613
691,-0.26406126941015406
692,-0.2789277478359109
693,-0.6735731692511959
694,-0.6611755785837836
695,-1.192915372841341
696,-1.0049009951930032
697,0.2681042130852296
698,0.12673251608823488
699,0.02743345925118046
700,0.026225038205951456
701,0.5137015141430057
702,0.4323074378433933
703,0.46575600061729006
704,0.29334166150358776
705,0.3735078804049552
706,0.6806830316027801
707,0.5610958713405001
708,-1.1481656316211675
709,-1.3482080579817035
710,-2.5179085530191547
711,-3.008416921477075
712,-2.4070269090241236
713,-2.3056605018355936
714,-2.407171658291074
715,-2.424619445321108
716,-2.1950646515737526
717,-2.264098488451327
718,-2.3548870538013134
719,-2.7049500669162674
720,-2.7610450443423806
721,-3.491341225933031
722,-3.9623081451148567
723,-4.455126558381551
724,-3.9922701817861284
725,-3.980615280955224
726,-3.358106159997376
727,-3.1796140946427798
728,-2.9371078871869183
729,-2.9733302646459348
730,-3.2638484796168266
731,-4.491398767068555
732,-4.061126243802427
733,-4.135803422180972
734,-4.454795823329183
735,-4.191860822302818
736,-4.390606674807951
737,-4.266143041086734
738,-3.1657502109720292
739,-3.29146007951322
740,-3.2525498048571855
741,-3.3233775416991795
742,-3.5514242736010004
743,-3.4976010851788475
744,-3.061325049653696
745,-3.1975970715870217
746,-3.2173722954278783
747,-2.9396767256894885
748,-2.7186432799479743
749,-2.717292540625793
750,-2.8997678546899497
751,-2.7701331853601463
752,-2.7610271010532372
753,-2.610027067123144
754,-2.330030903589342
755,-2.017305175346129
756,-2.0225330668719232
757,-1.9474846223427655
758,-1.7739973037048773
759,-2.301437008759144
760,-1.9389210019718828
761,-0.9843832124528995
762,-0.12204235864046176
763,-0.4101973600999953
764,-0.4387248561748214
765,-0.39034732181233434
766,-0.0721218422263803
767,0.9220917011407703
768,0.6540363130730142
769,0.7133805217106381
770,1.2388598198808776
771,0.659907063405285
772,-0.10919935705672179
773,-0.054597754685070665
774,-0.5148967668005433
775,-0.7499016927130953
776,-1.5107586499072068
777,-1.279286673903124
778,-0.9620686767667697
779,-2.4037865928082436
780,-3.866902820531626
781,-3.360187379789692
782,-3.26573884195116
783,-1.9866690984065238
784,-1.8940659397129633
785,-1.7531658570265285
786,-1.7800389725630694
787,-1.6281005167435247
788,-1.7276895078877086
789,-1.170961870174736
790,-1.2766081168605226
791,-1.6264825033887709
792,-2.248504589751721
793,-2.3301735277104996
794,-2.581292784311673
795,-2.2432418640099816
796,-2.189724771763102
797,-2.204526120967576
798,-1.9587306612466215
799,-1.724777676734579
800,-1.3341659629024893
801,-2.190261690566253
802,-1.7119774557255218
803,-1.1339517777359531
804,-1.1985237777984992
805,-2.671800559681048
806,-2.7808114191751887
807,-2.577468799101401
808,-3.405777774990204
809,-4.312650705883991
810,-3.2248776482553643
811,-3.4397114062066803
812,-3.748483762922783
813,-3.4148482339741992
814,-3.884940778706414
815,-4.209472577411654
816,-3.8979763964395064
817,-3.898437019882872
818,-4.183415932149925
819,-3.6309033360150234
820,-3.242763570489249
821,-3.38162105507126
822,-3.8001546962124655
823,-3.835114357673397
824,-3.6654538310657125
825,-3.4393245142264717
826,-3.345223793175345
827,-3.3898206792575825
828,-4.106635145060588
829,-4.213284085000046
830,-4.080885200350847
831,-4.080885200350847
832,-3.028643818700749
833,-2.362651641936042
834,-2.3128116258539166
835,-2.385280457646677
836,-2.6055542095375084
837,-3.0673297472308403
838,-3.1623856095171043
839,-3.0574432822449094
840,-1.9763202332173435
841,-1.8383434297833734
842,-1.2767518765206098
843,-0.8583150665146144
844,-0.5148404605124002
845,-1.1491109591056148
846,-0.6220098189357204
847,-0.975756397000338
848,-1.7686118943607054
849,-1.826658126972669
850,-0.7396958996374492
851,-0.7428308097550795
852,-1.1949917419644684
853,-0.9835494963743696
854,-1.3927036396126802
855,-1.9117479906649693
856,-1.745434750519459
857,-1.3766285962532376
858,-0.36647229305952767
859,-0.4882062847575863
860,-0.9049795934232385
861,-0.8618500526808681
862,-0.28391991694848295
863,-0.05741173112832065
864,-0.47359941164237807
865,-0.2940807100434206
866,-0.2023294035345624
867,-0.3711643926883168
868,-0.48282119349591923
869,-1.7175362846045372
870,-1.471116102389125
871,-1.6432361227171288
872,-1.774560958126803
873,-2.127488299156588
874,-2.1216630263000025
875,-2.7250975182635417
876,-3.1740455423097225
877,-2.8098439687865295
878,-2.6798969157403874
879,-2.567110816303697
880,-2.438274893434056
881,-0.961914077879833
882,1.0739564592981088
883,1.0207605274044074
884,1.0459045897050157
885,2.322101382653674
886,2.048528238947389
887,2.8689352985775463
888,3.197568468062806
889,3.1959620893982077
890,2.6198735186599764
891,3.008793599528592
892,3.0122799446244075
893,2.672437592657184
894,2.971383608922995
895,2.7174135523119203
896,2.6906067542711076
897,2.0129580532152413
898,2.04739670033085
899,-1.4502528240361579
900,-1.4874357296255747
901,-1.097748727190262
902,-1.1559327802731834
903,-1.4150319709370085
904,-1.5881468982524627
905,-1.6183375395517507
906,-1.6344339108085304
907,-1.8623185789272578
908,-1.4839642540496745
909,-1.9279015727127646
910,-1.7841773252627258
911,-0.9301616245808164
912,-1.5010217889334654
913,-1.2338620767056718
914,-1.3059027604427564
915,-1.504576660271928
916,-1.24246805220658
917,-0.8853334669219004
918,-0.9751194865794233
919,-0.9277594103716535
920,-1.1541256752935936
921,-0.9205283452425328
922,-1.2959251019090567
923,-1.7442739410351904
924,-1.7614045450998206
925,-1.4704537723786881
926,-1.4288914299750877
927,-1.2717478608536115
928,-1.1881277519411149
929,-0.2639413894479081
930,-0.6704829409483914
931,-0.8441813502372497
932,-0.537344813247187
933,-0.23550184321556866
934,0.13243239195352974
935,0.016081074245821725
936,-0.07212774685280143
937,-0.1134259167317575
938,0.2966037630309115
939,0.28801140753489385
940,0.06786202886417403
941,-0.4027708029474497
942,-0.37432191592038366
943,-0.8814653651029736
944,-2.041233990479785
945,-2.5963750520246576
946,-2.468456773976624
947,-2.87129014029176
948,-2.874731216858284
949,-2.361565382807629
950,-2.316531205215566
951,-1.7219446409384442
952,-2.135301603925932
953,-2.863152545779457
954,-2.5188610120479904
955,-2.474737315256348
956,-2.732313883762949
957,-2.9366293998044024
958,-2.7166972844035464
959,-2.9459093284264215
960,-2.8992955090940686
961,-2.841103136468215
962,-2.641446070815645
963,-0.3410929890288461
964,-0.8316762849786885
965,-1.6820795596825477
966,-0.6846882561789558
967,-0.46591658681254255
968,-0.8521561852280701
969,-1.47820747513433
970,-1.9950704668334152
971,-1.8686799682674948
972,-1.7068486301268004
973,-1.7055948020949674
974,-1.1633079812797265
975,-1.4024082568766194
976,-2.227057331253457
977,-1.9519234571807265
978,-2.0575861400896844
979,-1.5938088523631877
980,-1.6739361575524692
981,-0.8005028388998858
982,-1.8477908800346832
983,-1.6228886480921578
984,-1.511015803933724
985,-1.8641659400804977
986,-2.1237887520936694
987,-2.1201632091272127
988,-2.1775282549920894
989,-2.618533075534679
990,-2.1671213117798627
991,-2.386933303770278
992,-2.4886706236510125
993,-3.5034043466154685
994,-3.535874082195145
995,-4.075455615562262
996,-4.24655956762331
997,-4.387488378411641
998,-4.748015402860695
999,-3.9907336449657715
1000,-5.22758136168926
1001,-4.986906461497965
1002,-4.299905600620768
1003,-4.69781880750052
1004,-2.549904662557867
1005,-2.3720484386614338
1006,-2.1602506036139
1007,-1.405061939913943
1008,-1.1256212529220488
1009,-1.500829053537578
1010,-1.2277014824748522
1011,-1.0067278005937874
1012,-0.7108413026744698
1013,-0.9888551602775908
1014,-0.4087522679174116
1015,-0.6356681358504979
1016,-0.9494314876357879
1017,-1.0512481393556317
1018,-1.1321424163910132
1019,-1.1423398770151194
1020,-1.2738107872195426
1021,-0.3653276420290341
1022,0.07993488716739883
1023,0.001582962197077542
1024,0.010321628130482985
1025,-0.055842623473001396
1026,-0.45133630350234766
1027,-0.7027306005868428
1028,-0.9170291018932519
1029,-1.052690356935737
1030,-0.7978333862066145
1031,-0.6372648844301887
1032,-0.6389744373120565
1033,-0.8053587120560368
1034,-0.7095299905262586
1035,-0.9355105130794406
1036,-0.3505175482147682
1037,-1.2331452390682895
1038,-1.3380771072315945
1039,-1.2283548490648277
1040,-1.2841911060301636
1041,-1.2937283946018896
1042,-1.5229948020501927
1043,-1.626572158242534
1044,-1.1012170686645395
1045,-0.7870536510315218
1046,-1.2959618071994972
1047,-1.9413435030735893
1048,-1.7550872568329545
1049,-1.728407752930483
1050,-1.5172804186060262
1051,-1.1498343630684138
1052,0.11272394525148055
1053,0.36287157302101747
1054,-1.1092901402623312
1055,-1.102967386567677
1056,-1.4696700981047361
1057,-2.2340993325526304
1058,-2.2931914781245455
1059,-2.12909079448218
1060,-2.2029204474479203
1061,-2.2111700522345012
1062,-1.83673191119339
1063,-1.646076686451703
1064,-1.5513607669195628
1065,-1.0277084859598884
1066,-0.9089788046417469
1067,-1.0609214505023945
1068,-0.6654158877157257
1069,-1.2969578628928669
1070,-1.6768614301608475
1071,-1.835007768776531
1072,-1.8207870603665022
1073,-2.8349071499567002
1074,-2.8825070998724
1075,-2.4063111662216197
1076,-2.521085763597797
1077,-2.199473739836999
1078,-1.4601773877317203
1079,-1.820436825009919
1080,-1.9747433080764765
1081,-2.0320353706273386
1082,-2.0750451020022376
1083,-1.947954558739906
1084,-2.1093941144837536
1085,-2.0275285976404267
1086,-3.385156528298694
1087,-3.687757087559873
1088,-4.038175389278842
1089,-4.524185104970457
1090,-4.694572898122806
1091,-4.608009345515485
1092,-5.602690420275347
1093,-5.095547037496784
1094,-4.873559623777202
1095,-4.69026271788231
1096,-6.295647828621831
1097,-7.07004852993347
1098,-6.786371472346464
1099,-6.3492327917201274
1100,-7.746727506787021
1101,-7.564272575829889
1102,-7.635709466196994
1103,-7.796635672671726
1104,-7.848699214113308
1105,-7.56290415298102
1106,-7.790271336742249
1107,-7.710087197482551
1108,-7.56734828052108
1109,-7.633139329994931
1110,-7.006607917075569
1111,-6.7387333139553025
1112,-6.410157383012116
1113,-7.336004476555081
1114,-7.003134338167261
1115,-7.203215629103898
1116,-7.6193032163088485
1117,-6.815622409798527
1118,-6.6440275594523595
1119,-6.2202199483458624
1120,-6.29548802894262
1121,-6.1062774662658414
1122,-6.291362436675874
1123,-6.018279579913887
1124,-6.158759272020875
1125,-5.9501241401395895
1126,-5.82618079561591
1127,-5.501058024521233
1128,-5.267376129803281
1129,-5.370452836147177
1130,-6.097943178140641
1131,-5.861018804748575
1132,-5.749352180679157
1133,-5.436719290523051
1134,-5.45765107706263
1135,-5.426618710091069
1136,-5.497797487590772
1137,-5.663500430496593
1138,-6.179252034607996
1139,-6.572889306228746
1140,-7.00304129151098
1141,-6.793824026223527
1142,-6.3602283600509235
1143,-7.042424843626294
1144,-7.043367746426965
1145,-7.1385263150861356
1146,-7.493731497019973
1147,-8.052024118174328
1148,-8.896267073706078
1149,-9.097249693618748
1150,-10.674023132634902
1151,-10.675791176486428
1152,-10.711791683188254
1153,-10.38658493414778
1154,-11.598617328163463
1155,-12.117272901072374
1156,-12.261058085188592
1157,-12.99655655989902
1158,-13.028600979899796
1159,-12.210911545427884
1160,-8.879367678216433
1161,-7.785366459021104
1162,-7.74386986672374
1163,-8.814698849234048
1164,-9.516569210613124
1165,-8.871900887279615
1166,-8.850807062303767
1167,-8.862154810247858
1168,-8.746493255696198
1169,-8.690648254210975
1170,-9.085850618423697
1171,-9.022412778918909
1172,-8.382144238633703
1173,-8.480070061163614
1174,-8.18255561041028
1175,-6.8068481167765205
1176,-6.366234761121358
1177,-6.295024871591459
1178,-6.41284699818242
1179,-6.046929584292771
1180,-8.058067023194326
1181,-8.423855849146333
1182,-8.384599569134188
1183,-8.49410740323978
1184,-9.370638236050988
1185,-10.967506346308998
1186,-9.393222277065917
1187,-9.213824808283743
1188,-10.038758900143751
1189,-10.127028678856897
1190,-10.434602884341004
1191,-10.48082429879833
1192,-10.371336222787086
1193,-10.496184442437762
1194,-10.931732957410711
1195,-12.153335473552628
1196,-11.966932197262004
1197,-10.820429317055657
1198,-10.19211176434962
1199,-10.027864502816552
1200,-9.576065734622274
1201,-9.082305905670262
1202,-8.974409480495538
1203,-8.97310369884291
1204,-8.73304760582554
1205,-8.873718219018267
1206,-8.66791513792975
1207,-9.446208695667568
1208,-9.662506760707078
1209,-9.40800956315817
1210,-9.931350985514687
1211,-9.66747010607385
1212,-9.545111841672249
1213,-8.473030617814704
1214,-6.459606997597634
1215,-7.981517084881351
1216,-8.058814550129467
1217,-4.297216139242311
1218,-4.268138304329494
1219,-4.63736080189766
1220,-5.12136460487207
1221,-5.06346586835501
1222,-5.371871130294936
1223,-5.648894061943888
1224,-5.201480924534973
1225,-4.250344299036679
1226,-4.000045783831063
1227,-3.5880627854535163
1228,-3.4921182617821622
1229,-3.263946566814213
1230,-3.969216748657456
1231,-3.9677398350182136
1232,-4.088883999514548
1233,-3.7730360662518114
1234,-5.302904752094751
1235,-5.308196510894381
1236,-4.306617220263098
1237,-4.36664849724786
1238,-4.720173422412577
1239,-4.738060867554461
1240,-4.545426518063211
1241,-3.7370104179307417
1242,-4.060365984963665
1243,-3.570575950619115
1244,-3.2948077009020693
1245,-2.8333521317127075
1246,-2.623775268963635
1247,-2.3350538191375114
1248,-2.323234227517934
1249,-2.3606075807114824
1250,-2.369395894188797
1251,-2.639158146972509
1252,-2.698927270491036
