,Portfolio Value
0,11985.862375987619
1,11986.067269700981
2,11965.032863304827
3,12003.950000677067
4,11994.528916702999
5,11942.15586550347
6,11943.327677459187
7,11911.84375452903
8,11913.461018419624
9,11919.094673856827
10,11925.16378410836
11,11958.742186438674
12,11965.389534317472
13,11958.491635926874
14,11967.248919274609
15,11963.753175199154
16,11933.705972764956
17,11926.428110946383
18,11917.108539487586
19,11924.063221020508
20,11928.9988923745
21,11952.47953170467
22,11966.872240635754
23,11956.48504653382
24,11982.004200891783
25,12028.712665325953
26,11989.646671550745
27,11964.805883490448
28,12016.45445071703
29,12011.881617932051
30,12014.741389576244
31,12012.370171057728
32,12004.258973783622
33,11985.299379113405
34,11995.460213591667
35,11963.93771561095
36,11971.927521621665
37,11948.31345837147
38,11954.964236887205
39,11968.785308235072
40,11977.213452091413
41,11988.797812230885
42,11971.113036876646
43,11942.530191969388
44,11909.08216829703
45,11885.035836515426
46,11888.7490949674
47,11892.130583785924
48,11901.191518119307
49,11872.03137897849
50,11927.028546161779
51,11930.474279286424
52,11924.955952870812
53,11978.415553672348
54,11989.700252872972
55,11957.829680868983
56,11950.221446619405
57,11952.634976975758
58,11972.582961020915
59,11984.743736399909
60,11995.014905343487
61,11986.994475015685
62,11952.498599055645
63,11955.662836583819
64,12001.951599011303
65,12035.147488138558
66,12027.254769297779
67,12028.096534200764
68,12018.309836445462
69,12062.187475333836
70,12013.223992553576
71,12017.986996062098
72,12028.519637608668
73,12036.002885899272
74,12061.460422879944
75,12065.3903677392
76,12092.750222502376
77,12115.238097293834
78,12078.0004278725
79,12077.598623659125
80,11967.745584794913
81,11972.429989606202
82,11978.872398692902
83,11965.572452132048
84,11959.189018012321
85,11960.698258685396
86,11974.7386217596
87,11972.951595785786
88,11954.171502270163
89,11963.60995981716
90,11966.264806684321
91,11981.808836446204
92,11968.90034319722
93,11960.322483722159
94,11969.469836306158
95,12102.044143081903
96,12118.495311304943
97,12108.993326531463
98,12119.657023534743
99,12110.69304120478
100,12097.049131643485
101,12074.612489902805
102,12090.588060466294
103,12109.43908626174
104,12104.677351021433
105,12088.170532857945
106,12083.391210583894
107,12080.251592284114
108,12093.661787818088
109,12103.76265908327
110,12110.250314902854
111,12065.249661906404
112,12078.200498728684
113,12111.576562859269
114,12100.982705171988
115,12103.927609086892
116,12121.091834593894
117,12127.796101657548
118,12078.613252669953
119,12054.809850359521
120,11994.426335834594
121,11969.883141211414
122,11956.857317056772
123,11956.515102723191
124,11946.776871226573
125,11905.82261019457
126,11879.151422427136
127,11800.651328083968
128,11849.679744489542
129,11860.476425943978
130,11876.86246040222
131,11855.151380987132
132,11806.187961714644
133,11832.686377603051
134,11842.425179439808
135,11838.66125420058
136,11847.647784496981
137,11856.317389387168
138,11858.361265861644
139,11845.710383528149
140,11815.870326527172
141,11669.487162325857
142,11679.519627079919
143,11706.972622606021
144,11700.359973971423
145,11686.172959389301
146,11687.874795630316
147,11698.187873537066
148,11694.146649793975
149,11701.226376892955
150,11726.27762734172
151,11665.226971164524
152,11646.561032414225
153,11651.904734030375
154,11669.365369745145
155,11671.29276384853
156,11663.514420197716
157,11598.921951972707
158,11549.79386980837
159,11482.253598413841
160,11434.274387527315
161,11370.089182564776
162,11406.661399583892
163,11504.622806243704
164,11502.493164248368
165,11515.53866459119
166,11453.656336471953
167,11497.286308966979
168,11524.309260400747
169,11497.162795404185
170,11525.825695479494
171,11540.085481053004
172,11472.970054886708
173,11476.400284346873
174,11425.218333512505
175,11429.106525031888
176,11496.000897249487
177,11486.031456566805
178,11449.757128642641
179,11413.436394524777
180,11370.450167090283
181,11356.913811273977
182,11327.975010738748
183,11357.870342202015
184,11344.249724606589
185,11405.953227023994
186,11433.882262491798
187,11430.738754899294
188,11518.039260133872
189,11527.82510177555
190,11542.320030453464
191,11535.834901055121
192,11513.577374902843
193,11542.791186906916
194,11557.147047457987
195,11556.60445195099
196,11496.40424184539
197,11574.731403280954
198,11590.629572465457
199,11612.718274058436
200,11608.906689612313
201,11580.467099004893
202,11537.920373395036
203,11555.546730122684
204,11682.259334843186
205,11728.239123273745
206,11749.754287101769
207,11715.977795556415
208,11737.643166431693
209,11747.445662541504
210,11733.595457855747
211,11768.690697265787
212,11770.921253005556
213,11765.627815019812
214,11714.603927588885
215,11698.930437965979
216,11719.295619338502
217,11711.925510745563
218,11653.122455705885
219,11668.678230170313
220,11666.687080557602
221,11748.756220115674
222,11815.580233800545
223,11810.494421020516
224,11837.319026491361
225,11810.222988210046
226,11798.908819472506
227,11824.488343321447
228,11887.012016075501
229,11881.875643525911
230,11881.374109307999
231,11872.617821307884
232,11837.39720045388
233,11820.734184870134
234,11803.339277364272
235,11806.91094072372
236,11793.043528027243
237,11768.865723471008
238,11752.134088166993
239,11772.134774252818
240,11775.412769278513
241,11768.485779307946
242,11704.879606686414
243,11732.37250342862
244,11744.635531519423
245,11761.71357248292
246,11747.12435068394
247,11732.100493268252
248,11748.008719136045
249,11726.356849562013
250,11699.348655886748
251,11683.66634155518
252,11708.80787172218
253,11674.942731974765
254,11600.717563043097
255,11583.862334826548
256,11627.054834860504
257,11636.314772763591
258,11570.349319065088
259,11648.870410281948
260,11540.079671047206
261,11549.901314245122
262,11515.323179954423
263,11531.78816785685
264,11563.842688530487
265,11528.019197059322
266,11527.701356019199
267,11476.984451816877
268,11476.909986405544
269,11548.13536372353
270,11544.55957020538
271,11468.551885356079
272,11445.706127090827
273,11540.898726487309
274,11529.37873748792
275,11510.610533469326
276,11468.143259510973
277,11512.955572512707
278,11490.28548960212
279,11519.985519465896
280,11544.86220359103
281,11555.572656053586
282,11632.199584514083
283,11622.822691144696
284,11683.31968563808
285,11595.73573236844
286,11599.71560507315
287,11610.20866199343
288,11771.792956506
289,11772.086943444865
290,11850.591132197264
291,11859.844688049801
292,11871.645453590421
293,11874.16758587863
294,11873.750407769958
295,11834.22961892714
296,11843.94296508711
297,11840.901749386525
298,11868.939775266417
299,11866.1857459247
300,11857.692225767976
301,11876.439996486064
302,11876.618509118518
303,11886.169096100195
304,11885.687871054446
305,11897.874578678118
306,11874.457782273534
307,11867.528942831208
308,11871.604659877394
309,11950.349275589348
310,11990.084192790602
311,11989.091121108899
312,11977.998700588116
313,11969.991153075054
314,11919.861780839556
315,11920.65737080679
316,11903.1750796621
317,11922.145325368883
318,11947.081761126467
319,11972.950747713832
320,12071.921184867246
321,12072.384457112355
322,12051.244177741664
323,12044.897013670716
324,12078.034610152075
325,12076.004124285377
326,12066.715965057363
327,12057.721334698042
328,12081.978008918737
329,12083.477986381338
330,12078.273050588794
331,12082.549588482862
332,12130.850877858571
333,12087.493159380145
334,12062.334879929707
335,12061.12099144669
336,12050.548073516835
337,12037.26749193958
338,12011.634579702888
339,12017.457241178261
340,12005.907731524389
341,11969.6835513786
342,12010.54094255034
343,12048.632025706704
344,12067.890916234539
345,12047.60509502717
346,12030.487971740182
347,12052.401622798652
348,12048.21480595331
349,12071.909987842499
350,12073.517751910204
351,12084.554435513262
352,12125.847464385044
353,12033.287999381348
354,12008.632074234418
355,12021.982522275659
356,12011.977092867965
357,12021.246180378628
358,12023.947590226497
359,12015.110860689572
360,12008.534807578457
361,11970.239688683587
362,11966.140166455467
363,11945.40220974015
364,11943.31564083742
365,11910.41438008157
366,11907.027052462716
367,11933.826058433162
368,11934.403579594322
369,11974.125096037655
370,12000.127877346438
371,11920.50364962185
372,11880.346628971525
373,11922.133441577309
374,11980.601123414808
375,12009.057777625087
376,12022.704305040737
377,11999.7615014256
378,11989.34532777558
379,11999.20617334188
380,11960.646948728148
381,11982.669542094574
382,11980.277179506491
383,11969.325971966107
384,11955.620401118602
385,11958.358939803284
386,11957.720843674251
387,11940.47811875287
388,11937.750758411328
389,11923.4282977652
390,11912.015156965967
391,11918.714254520177
392,11920.548811727447
393,11942.03870361563
394,11944.284644656907
395,11891.559739025055
396,11890.447626104125
397,11870.764333641553
398,11877.602855777364
399,11879.81648292723
400,11930.562523665247
401,11915.35559567624
402,11961.265489487274
403,12011.763346217169
404,12019.337740296447
405,12010.901908800377
406,12103.151131702347
407,12098.364393568778
408,12093.943533028736
409,12136.293627293497
410,12119.69951361665
411,12100.409592029699
412,12099.06075880602
413,12075.158566148548
414,12077.396800529817
415,12086.408449227583
416,12085.368916876276
417,12093.971131241897
418,12053.620815468861
419,12053.062477335588
420,12068.782942960617
421,12107.798174464018
422,12120.837994646536
423,12117.06809516189
424,12110.783518573966
425,12143.417786849452
426,12128.298141163797
427,12122.211720317628
428,12186.595957368294
429,12175.637617308528
430,12174.749660177613
431,12168.426887274285
432,12332.72060611811
433,12331.49104395633
434,12309.512987435022
435,12253.116468616148
436,12251.131237162059
437,12254.970686739749
438,12186.308229656735
439,12188.389572531052
440,12192.139354818002
441,12200.419610769566
442,12200.246750171093
443,12176.625040254945
444,12154.433234814966
445,12176.58654860552
446,12135.376265494267
447,12124.454056430308
448,12115.338119958547
449,12117.7268876669
450,12094.628331660975
451,12097.573964498542
452,12090.587664329605
453,12096.174430179555
454,12102.404934820532
455,12154.350480509245
456,12150.351630635585
457,12042.13790629837
458,12008.609777527598
459,12030.550868518423
460,12009.110225052616
461,11990.894146522947
462,11934.337196295744
463,11933.89817786438
464,11918.053405951689
465,11956.96790646848
466,11928.607032635104
467,11893.396468479667
468,11840.068035677094
469,11817.534013573033
470,11805.349304006158
471,11815.762686346063
472,11846.118042572883
473,11870.312285956596
474,11866.424224570514
475,11880.219281777929
476,11890.17096606107
477,11905.391494691521
478,11900.18717316889
479,11901.297757185233
480,11907.35475320222
481,11859.296824947194
482,11847.927519061726
483,11840.818954716371
484,11879.476108451183
485,11887.924864549099
486,11909.595789140814
487,11904.85443313722
488,11958.5799733531
489,11936.426173333077
490,11945.310838283962
491,11937.524382591158
492,11916.70723272877
493,11888.436535124865
494,11892.170509660313
495,11898.81363203805
496,11888.36549729438
497,11870.34836038588
498,11878.696654101896
499,11883.93931716171
500,11871.514822630636
501,11880.056431648867
502,11856.055785547853
503,11935.548654305056
504,11981.308197974851
505,12012.709872174986
506,12008.450376119628
507,12019.652643570475
508,12069.110352438709
509,12063.58899130035
510,12054.17583681785
511,12052.916547561857
512,12042.455175637739
513,12036.09174969206
514,12038.139968450674
515,12092.881957751422
516,12104.430780555467
517,12099.906018009655
518,12097.981451336576
519,12104.36654486667
520,12087.834962440707
521,12102.825674751271
522,12114.331193057456
523,12107.478881829476
524,12110.985339660598
525,12114.837187765532
526,12130.300908413416
527,12144.761422540992
528,12234.092686348247
529,12238.841458037086
530,12238.889243782758
531,12262.228231303874
532,12265.318241482024
533,12272.896287514099
534,12291.242253411605
535,12279.369522042725
536,12304.896417554168
537,12304.44091766753
538,12277.917827516025
539,12235.799310424976
540,12211.420123319635
541,12225.842933897351
542,12231.797405167777
543,12224.436242302721
544,12254.788328017872
545,12253.941763421422
546,12251.307583692123
547,12251.674503537102
548,12258.489121297482
549,12258.426527107
550,12249.949250616224
551,12255.896486535177
552,12254.997066659496
553,12271.326770081829
554,12301.739694382812
555,12299.415739681228
556,12200.730842411358
557,12195.478463155301
558,12193.358045191633
559,12191.050885542441
560,12190.686337576011
561,12196.008041109246
562,12204.785118894531
563,12200.042903127465
564,12201.442462362676
565,12203.258199971251
566,12192.883193426847
567,12190.312996199636
568,12169.999902449064
569,12152.93174642899
570,12181.65601565975
571,12174.888425928664
572,12160.549615615562
573,12176.050357013693
574,12182.067969355652
575,12183.021575242503
576,12252.555557323827
577,12254.574313381881
578,12247.732897774917
579,12268.370438361844
580,12291.894966274633
581,12284.737951963672
582,12301.985224983804
583,12198.432872495394
584,12195.61851882363
585,12208.868057937014
586,12205.022340202935
587,12176.946925944427
588,12183.784998877734
589,12183.148632321776
590,12188.091836901205
591,12177.63389067699
592,12193.219845642032
593,12222.50986425435
594,12199.058610176397
595,12217.852851053003
596,12207.222695199276
597,12180.978629286223
598,12287.89895073373
599,12337.169671554266
600,12339.587807949076
601,12334.893040832105
602,12343.334741821523
603,12344.811350618958
604,12342.974832274662
605,12309.975333457432
606,12314.892120559602
607,12316.282081666068
608,12314.091833060962
609,12303.20769139265
610,12312.130718132623
611,12286.10494883955
612,12258.472576230059
613,12247.352360687626
614,12250.008780146727
615,12317.674520895218
616,12314.801151048894
617,12300.935050227052
618,12316.50375419164
619,12323.403364980091
620,12305.626639530778
621,12304.797121566384
622,12305.444573535904
623,12313.900975974184
624,12285.862234839293
625,12288.341727700645
626,12301.96995864235
627,12408.623191269095
628,12421.077702531522
629,12425.213861563514
630,12416.573013039275
631,12406.86659023018
632,12438.258461853136
633,12446.02461560163
634,12456.053510005751
635,12484.887114079864
636,12512.00196770048
637,12514.814635992298
638,12517.126770470453
639,12561.930224779186
640,12553.350088296605
641,12578.306153375936
642,12588.116042998558
643,12577.295359039483
644,12630.674703313487
645,12630.958990536734
646,12762.83212373131
647,12794.429425314403
648,12787.394859517794
649,12792.628999724184
650,12767.185540784094
651,12765.067547210083
652,12775.674319817113
653,12762.914452011653
654,12767.486584487513
655,12750.441416348169
656,12750.945410472894
657,12756.891416424658
658,12774.897224963885
659,12777.183124838848
660,12730.729959900964
661,12697.356550028322
662,12693.35532727597
663,12725.60097124501
664,12704.41030763644
665,12725.547685359583
666,12751.811740265619
667,12729.53534445903
668,12730.121008214723
669,12739.28965873587
670,12763.476125085976
671,12834.540760610942
672,12813.532386252806
673,12806.291120934344
674,12870.612956605919
675,12886.353301756
676,12949.097979424489
677,12964.539689125935
678,12949.79814068217
679,12972.2229506115
680,12998.360051913978
681,12999.37036722268
682,12994.797702249783
683,12993.266071583395
684,12984.190768855535
685,12993.151504501662
686,12945.05844160902
687,12946.965138255682
688,12950.279229730178
689,12950.47423847442
690,12959.079479840635
691,12961.588913490408
692,12976.834716627636
693,12965.099950374855
694,12965.1493508266
695,12963.063983022854
696,12999.748258834674
697,13092.439598286475
698,13088.016965746905
699,13080.895265396237
700,13083.558209731791
701,13176.387818209441
702,13172.515607656569
703,13172.845142505552
704,13162.571285832104
705,13163.816857116899
706,13196.0066932518
707,13188.95368683783
708,13176.173125618003
709,13161.16891790013
710,13094.346014475057
711,13077.778123553298
712,13095.427592351787
713,13109.788433414846
714,13099.649034548811
715,13098.422155439683
716,13116.44784218202
717,13107.801529270657
718,13090.726505845165
719,13071.403993042059
720,13059.774771518862
721,13051.97788195826
722,13021.716592757992
723,12993.404594228821
724,13027.607327187026
725,13030.908824532615
726,13058.319853539117
727,13071.040464198908
728,13089.769939380973
729,13065.603495776682
730,13046.65098796358
731,13033.338379534067
732,13062.957803294861
733,13050.675934824352
734,13041.47653108987
735,13057.795967801052
736,13031.220057849601
737,13075.09919662625
738,13094.522237144429
739,13078.61127194315
740,13084.524145349655
741,13073.100696341015
742,13062.729798532793
743,13068.5587758727
744,13094.2402713544
745,13082.19003456725
746,13081.238802996904
747,13092.738432105127
748,13094.337508495824
749,13093.30256336568
750,13081.108230136375
751,13097.107409858423
752,13098.472177185302
753,13119.436773836012
754,13132.819491423485
755,13141.67008474359
756,13144.700014654562
757,13145.508010849564
758,13187.77170603121
759,13176.904832546184
760,13215.234858258977
761,13248.678339682909
762,13312.394953647568
763,13305.488745125023
764,13300.89706094354
765,13304.287635360879
766,13318.482036748484
767,13446.187879359082
768,13388.538525660408
769,13382.692027386458
770,13411.3534031745
771,13388.797135748653
772,13343.053945676496
773,13369.88433379929
774,13319.331358852744
775,13217.593644260443
776,13145.605791206839
777,13156.390781781072
778,13193.306170578611
779,13108.258868484034
780,13087.337968227077
781,13146.689891548289
782,13155.16096827267
783,13156.103223034517
784,13172.230594742976
785,13165.03838464618
786,13162.079301400549
787,13168.65779773374
788,13151.800610840673
789,13184.109869665104
790,13190.90026912659
791,13166.690638855598
792,13163.064680825619
793,13131.466427742305
794,13126.731529495328
795,13190.131342326215
796,13230.004722381615
797,13221.635663839525
798,13238.424272995833
799,13268.65196358654
800,13312.204122110952
801,13236.532125028505
802,13265.905516593866
803,13306.758828341817
804,13294.278042376493
805,13246.24349157001
806,13249.673889553998
807,13279.609169304274
808,13151.144379950016
809,13103.539896665354
810,13147.418241638508
811,13096.976525058615
812,13056.959404793173
813,13084.759427741192
814,13074.067584328037
815,13036.835342151937
816,13068.382667580474
817,13066.633913576083
818,13036.332922188527
819,13068.363986716695
820,13142.135720212875
821,13119.732319439145
822,13102.418556853278
823,13095.085279310897
824,13101.906584904964
825,13119.242608960642
826,13136.188206020299
827,13131.758422908737
828,13112.466522528255
829,13102.466907903758
830,13116.000843148538
831,13116.000843148538
832,13161.33686891911
833,13222.92483999434
834,13223.092955826321
835,13225.146523542831
836,13211.303419043576
837,13208.657667677211
838,13213.563450835454
839,13214.093217329182
840,13260.404960561948
841,13296.75284498493
842,13316.64604797225
843,13327.837398550091
844,13343.397925160742
845,13332.44950410296
846,13328.251513826232
847,13325.177902466632
848,13294.531524873455
849,13273.071766618215
850,13269.885369965585
851,13260.91020417033
852,13259.159480663711
853,13295.029532070093
854,13285.242063023208
855,13279.777986982623
856,13296.84106688367
857,13327.949988333461
858,13372.326054247202
859,13369.329280142207
860,13365.577020429095
861,13357.115110038034
862,13380.75963319617
863,13378.158590904819
864,13357.77951577536
865,13365.112320066095
866,13373.231913789074
867,13316.69659557272
868,13313.77703368345
869,13268.194102829113
870,13274.01045700698
871,13255.160187817368
872,13254.836395321137
873,13226.312392787979
874,13227.532565785326
875,13154.422922513966
876,13109.127050763189
877,13132.74356337371
878,13158.443030054737
879,13171.610614783323
880,13192.490445675336
881,13300.199584463413
882,13332.930927210833
883,13321.858719853564
884,13326.756008616374
885,13331.15926870153
886,13322.331134345008
887,13330.678848735879
888,13357.447271333906
889,13354.24042355346
890,13319.163169677127
891,13317.689030069443
892,13317.836403751677
893,13309.367779484952
894,13361.015166880186
895,13343.281590826748
896,13317.721633254394
897,13305.265283929572
898,13287.641473660664
899,13229.607965657637
900,13235.018852964844
901,13249.251005921844
902,13247.184664215336
903,13240.330188972743
904,13227.39767925035
905,13213.320522659313
906,13209.74961219991
907,13157.399982272394
908,13158.279415134963
909,13142.398242882984
910,13167.661443099012
911,13202.536219181886
912,13196.872704021276
913,13205.60643744556
914,13183.404093713583
915,13152.172345501558
916,13218.138305872824
917,13248.196224950463
918,13215.500885531994
919,13230.75269833886
920,13220.386986366406
921,13235.152283705544
922,13245.249649840302
923,13090.543050918874
924,13082.741859712556
925,13098.00692907641
926,13094.533325183413
927,13093.38720808877
928,13117.441320491038
929,13142.427371761363
930,13125.327277678689
931,13092.1646472419
932,13145.76782670792
933,13197.034665205583
934,13198.78534427699
935,13184.783569965217
936,13180.10365823197
937,13165.54187036648
938,13195.417855401272
939,13207.892689509206
940,13193.258811353364
941,13159.17721441796
942,13152.233415081057
943,13121.128065920455
944,13091.784382704373
945,13068.094625736665
946,13085.319482715757
947,13024.728203635448
948,13064.15801751673
949,13168.204656974654
950,13138.350553809718
951,13257.971494741283
952,13258.609110365715
953,13202.196008775036
954,13210.475359276586
955,13240.54184275529
956,13199.33778559108
957,13192.675750750368
958,13187.050001796862
959,13163.877954153611
960,13128.714563837728
961,13133.188480205847
962,13206.734404412648
963,13444.398176736595
964,13385.796171288028
965,13343.657455779425
966,13375.607508857789
967,13393.048635360006
968,13382.926685269624
969,13360.49330031047
970,13269.304663527553
971,13248.60001836858
972,13284.954248774799
973,13286.719686450393
974,13321.87088005861
975,13314.011853062382
976,13296.597408498783
977,13332.445060736216
978,13293.948441133503
979,13326.060800675308
980,13303.833929839018
981,13345.185678013284
982,13285.736018512936
983,13307.934067018217
984,13327.460236467568
985,13276.445320685285
986,13271.773745994182
987,13270.667096573212
988,13268.551243066688
989,13280.156634378542
990,13297.648885401202
991,13295.727372948433
992,13292.263253061341
993,13298.572195149378
994,13296.197751297137
995,13267.417361071504
996,13229.862738185246
997,13182.134902514572
998,13175.814899249719
999,13196.770209961423
1000,13176.691659733777
1001,13334.592220595907
1002,13355.200778783637
1003,13267.665380848004
1004,13305.007176467609
1005,13315.869462938557
1006,13342.779856714187
1007,13367.34796083812
1008,13392.656493313872
1009,13344.246786078635
1010,13345.219591507659
1011,13350.477439603668
1012,13367.968888667492
1013,13327.253713709983
1014,13351.687411448002
1015,13295.333629220322
1016,13251.358847558871
1017,13251.03410640986
1018,13255.410498644682
1019,13240.321497750909
1020,13215.267491279652
1021,13241.462274765081
1022,13260.447129371414
1023,13259.331511025663
1024,13310.625146106766
1025,13344.390244458977
1026,13323.526831489073
1027,13278.658991573626
1028,13265.547883600997
1029,13257.087275458089
1030,13272.20686595064
1031,13321.309289559274
1032,13295.672267810474
1033,13288.23898693941
1034,13295.397936841367
1035,13288.401512604856
1036,13310.919639010208
1037,13238.939482059268
1038,13223.12737439037
1039,13218.576901057073
1040,13215.827925439833
1041,13215.83147488782
1042,13204.979980537866
1043,13191.680555700477
1044,13276.185331957346
1045,13306.558642933935
1046,13274.050519609838
1047,13237.781663343114
1048,13257.647439980668
1049,13269.194018348408
1050,13281.736412853661
1051,13291.332662022933
1052,13320.132139372761
1053,13337.112321221184
1054,13299.826044507987
1055,13303.296064602528
1056,13302.915113062449
1057,13253.328725217254
1058,13249.766954497474
1059,13278.960337557779
1060,13276.712179461912
1061,13276.174880923363
1062,13318.038764410092
1063,13346.934053175963
1064,13350.807704125149
1065,13367.707419111712
1066,13413.088157064754
1067,13424.714793496838
1068,13448.95816072329
1069,13436.662319139052
1070,13417.965655901957
1071,13337.975462612889
1072,13337.73558382213
1073,13246.966796330114
1074,13248.015550529457
1075,13272.583914768255
1076,13260.83786732483
1077,13290.07836902511
1078,13258.82967924964
1079,13246.311598020759
1080,13208.71328772586
1081,13200.656292523347
1082,13222.734677805409
1083,13224.490400669252
1084,13213.520540713676
1085,13224.584270210995
1086,13202.489677446565
1087,13156.079689274835
1088,13152.70064709546
1089,13140.465420575065
1090,13124.412909837069
1091,13107.871545818609
1092,13050.209690910793
1093,13067.688286588822
1094,13071.811511361137
1095,13081.669182670712
1096,12921.11187996477
1097,12876.802625677623
1098,12884.122508795714
1099,12881.355514688381
1100,12857.652588163843
1101,12865.9730385417
1102,12851.564972699873
1103,12826.327659226807
1104,12817.653296445123
1105,12812.04575051953
1106,12811.344463740355
1107,12839.170055152052
1108,12878.575174425765
1109,12869.73729698454
1110,12973.56289707201
1111,12966.295248181894
1112,12868.680170451296
1113,12803.818595873268
1114,13068.62772190836
1115,13044.028709360977
1116,13019.494182675458
1117,13035.50673717449
1118,13049.094929628087
1119,13063.894475913845
1120,13047.47178687198
1121,13056.400821347688
1122,13037.412861240675
1123,13063.650915379088
1124,13064.54254853327
1125,13076.548305474847
1126,13083.909345901093
1127,13092.783859875992
1128,13096.330232744614
1129,13102.171129754404
1130,13041.879559965546
1131,13046.578028065565
1132,13059.509915977738
1133,13073.146889628171
1134,13060.139495507334
1135,13048.988653269937
1136,13044.907662245794
1137,13037.98111358271
1138,13033.270093109466
1139,12966.3310589386
1140,12929.556307460414
1141,12951.685745479244
1142,12961.143709396192
1143,12959.094315939403
1144,12959.480209530695
1145,12943.601509435048
1146,12930.823935860326
1147,12871.375835945313
1148,12841.171604874802
1149,12816.171729943184
1150,12747.946585801003
1151,12775.399396668836
1152,12772.628932110347
1153,12806.46486735801
1154,12775.3439053644
1155,12763.724686790754
1156,12768.76711685516
1157,12710.141128460134
1158,12703.127450392712
1159,12741.59024303231
1160,12790.845911763028
1161,12934.367826674614
1162,12938.898999379237
1163,12917.060339715594
1164,12906.353109509266
1165,12922.159270818629
1166,12935.970378289077
1167,12935.558690317466
1168,12961.114190586724
1169,12962.361963869254
1170,12950.80841023247
1171,12953.999518911021
1172,12975.564337399619
1173,12951.34966287203
1174,12966.115504934853
1175,13008.147782665792
1176,13044.59940684425
1177,13044.999406956253
1178,13026.56788256007
1179,13079.712489229143
1180,12999.606190591354
1181,12987.437562082523
1182,12984.753569120623
1183,12975.807324386416
1184,12940.398168757176
1185,12925.69200261186
1186,12946.913693343386
1187,12964.120714998
1188,12918.984297569517
1189,12909.336364584817
1190,12877.378494978511
1191,12893.71910082351
1192,12895.868875549511
1193,12870.957815722748
1194,12850.803395017354
1195,12811.910743293141
1196,12820.07054618943
1197,12907.55375779577
1198,12937.381853030764
1199,12934.258714970612
1200,12958.565824698464
1201,12969.955452674885
1202,12972.669555379594
1203,12899.947369553956
1204,12906.120008155842
1205,12900.108853244605
1206,12923.290436103898
1207,12786.560148386512
1208,12783.669931409455
1209,12826.428767789801
1210,12804.900313502278
1211,12817.077406862743
1212,12805.901331167472
1213,12844.814538737759
1214,12947.709231994733
1215,12846.114292635712
1216,12837.105382036401
1217,12988.341661416396
1218,13013.525982580268
1219,12965.87297017955
1220,12960.495713829281
1221,12957.4587096594
1222,12945.966566701132
1223,12925.12245868229
1224,12936.98599526261
1225,12939.187437771709
1226,12942.385746206404
1227,12977.97302343216
1228,12983.579084761575
1229,13000.057314110461
1230,12992.804835699944
1231,12963.39421560989
1232,12983.565360613116
1233,12980.289358937354
1234,12882.804909951743
1235,12900.87172146242
1236,12924.799565669799
1237,12929.006269779662
1238,12895.882183190131
1239,12895.885373081906
1240,12955.515691166065
1241,12960.319946059286
1242,12955.754446508818
1243,13019.905359918275
1244,13051.04668712025
1245,13078.970414142997
1246,13091.787902112397
1247,13092.227255657783
1248,13086.402192450048
1249,13091.688367924984
1250,13089.11808362403
1251,13066.093411680766
1252,13070.613394065706
