,Profitloss
0,-0.11781353343650602
1,-0.1161060858251517
2,-0.29139280579311144
3,0.03291667230889139
4,-0.04559236080834417
5,-0.4820344541377586
6,-0.4722693545067713
7,-0.7346353789247417
8,-0.7211581798364675
9,-0.6742110511931076
10,-0.6236351324303335
11,-0.34381511301104783
12,-0.2884205473544066
13,-0.34590303394271826
14,-0.2729256727115881
15,-0.3020568733403839
16,-0.5524502269587006
17,-0.6130990754468102
18,-0.6907621709367762
19,-0.6328064914957743
20,-0.5916758968791624
21,-0.39600390246108397
22,-0.27606466136871344
23,-0.36262461221816533
24,-0.1499649925684743
25,0.2392722110496015
26,-0.08627773707712283
27,-0.2932843042462663
28,0.13712042264191204
29,0.09901348276708521
30,0.12284491313536705
31,0.10308475881439794
32,0.03549144819685601
33,-0.12250517405495431
34,-0.03783155340277844
35,-0.30051903657541956
36,-0.23393731981946608
37,-0.4307211802377586
38,-0.375298025939963
39,-0.26012243137439883
40,-0.18988789923822802
41,-0.09335156474262751
42,-0.24072469269461605
43,-0.478915066921759
44,-0.7576485975247405
45,-0.9580346957047792
46,-0.9270908752716744
47,-0.8989118017839748
48,-0.8234040156724354
49,-1.0664051751792414
50,-0.6080954486518464
51,-0.5793810059464666
52,-0.6253670594098981
53,-0.17987038606376293
54,-0.08583122605856364
55,-0.35141932609180637
56,-0.4148212781716176
57,-0.3947085252020144
58,-0.22847532482570543
59,-0.12713553000075484
60,-0.04154245547094426
61,-0.10837937486929405
62,-0.39584500786962185
63,-0.3694763618015129
64,0.01626332509419015
65,0.29289573448798567
66,0.22712307748149474
67,0.23413778500636084
68,0.15258197037884003
69,0.5182289611153079
70,0.11019993794647576
71,0.14989163385081827
72,0.23766364673889484
73,0.30002404916060765
74,0.5121701906662057
75,0.5449197311599985
76,0.7729185208531275
77,0.9603174774486023
78,0.6500035656041625
79,0.6466551971593848
80,-0.2687867933757193
81,-0.2297500866149882
82,-0.1760633442258186
83,-0.28689623223293603
84,-0.3400915165639895
85,-0.32751451095504036
86,-0.21051148533667297
87,-0.225403368451782
88,-0.3819041477486462
89,-0.30325033485699704
90,-0.2811266109639887
91,-0.15159302961497145
92,-0.25916380668983274
93,-0.3306459689820129
94,-0.2544180307820221
95,0.8503678590158659
96,0.9874609275411839
97,0.9082777210955184
98,0.997141862789519
99,0.9224420100398367
100,0.8087427636957134
101,0.6217707491900537
102,0.7549005038857803
103,0.9119923855144929
104,0.8723112585119486
105,0.7347544404828765
106,0.6949267548657767
107,0.6687632690342893
108,0.7805148984840748
109,0.8646888256939045
110,0.9187526241904553
111,0.5437471825533668
112,0.6516708227390255
113,0.9298046904939072
114,0.841522543099904
115,0.8660634090574382
116,1.0090986216157782
117,1.0649675138129089
118,0.6551104389162843
119,0.4567487529960168
120,-0.04644720137838565
121,-0.2509738232382208
122,-0.35952235786023135
123,-0.3623741439734096
124,-0.4435260731118884
125,-0.7848115817119194
126,-1.007071479773869
127,-1.661238932633602
128,-1.2526687959204863
129,-1.162696450466849
130,-1.0261461633148228
131,-1.207071825107231
132,-1.6151003190446267
133,-1.394280186641239
134,-1.3131235046682677
135,-1.344489548328498
136,-1.2696017958584882
137,-1.1973550884402662
138,-1.1803227844862985
139,-1.2857468039320974
140,-1.534413945606894
141,-2.754273647284522
142,-2.6706697743340113
143,-2.4418948116164962
144,-2.49700021690481
145,-2.615225338422489
146,-2.601043369747369
147,-2.5151010538577823
148,-2.548777918383549
149,-2.4897801925587104
150,-2.281019772152326
151,-2.7897752402956333
152,-2.94532472988146
153,-2.9007938830802105
154,-2.7552885854571274
155,-2.7392269679289094
156,-2.804046498352364
157,-3.342317066894107
158,-3.751717751596906
159,-4.314553346551319
160,-4.7143801039390425
161,-5.249256811960201
162,-4.944488336800901
163,-4.128143281302465
164,-4.145890297930266
165,-4.037177795073421
166,-4.552863862733725
167,-4.189280758608504
168,-3.964089496660439
169,-4.1903100382984615
170,-3.9514525376708853
171,-3.8326209912249665
172,-4.3919162092774355
173,-4.363330963776058
174,-4.7898472207291265
175,-4.7574456247342685
176,-4.199992522920937
177,-4.283071195276622
178,-4.585357261311329
179,-4.888030045626857
180,-5.246248607580972
181,-5.359051572716867
182,-5.600208243843763
183,-5.3510804816498725
184,-5.464585628278429
185,-4.950389774800046
186,-4.717647812568348
187,-4.743843709172557
188,-4.016339498884403
189,-3.9347908185370817
190,-3.8139997462211306
191,-3.868042491207324
192,-4.05352187580964
193,-3.8100734424423632
194,-3.6904412711834422
195,-3.694962900408416
196,-4.196631317955079
197,-3.543904972658718
198,-3.4114202294545204
199,-3.227347716179707
200,-3.25911091989739
201,-3.4961075082925563
202,-3.850663555041367
203,-3.7037772489776355
204,-2.647838876306785
205,-2.2646739727188003
206,-2.085380940818593
207,-2.3668517036965375
208,-2.186306946402561
209,-2.1046194788208017
210,-2.220037851202117
211,-1.9275775227851066
212,-1.908989558287033
213,-1.9531015415015673
214,-2.3783006034259535
215,-2.508913016950176
216,-2.3392031721791495
217,-2.400620743786974
218,-2.890646202450964
219,-2.7610147485807257
220,-2.7776076620199874
221,-2.0936981657027176
222,-1.536831384995463
223,-1.5792131581623736
224,-1.355674779238658
225,-1.5814750982496184
226,-1.6757598377291183
227,-1.4625971389879422
228,-0.9415665327041522
229,-0.9843696372840771
230,-0.9885490891000104
231,-1.0615181557676379
232,-1.3550233295510083
233,-1.4938817927488746
234,-1.6388393552977387
235,-1.6090754939690033
236,-1.7246372664396437
237,-1.9261189710749305
238,-2.0655492652750573
239,-1.8988768812265189
240,-1.8715602560123945
241,-1.9292851724337812
242,-2.4593366109465498
243,-2.2302291380948303
244,-2.128037237338143
245,-1.985720229308996
246,-2.1072970776338296
247,-2.2324958894312408
248,-2.099927340532959
249,-2.280359586983227
250,-2.5054278676104325
251,-2.636113820373509
252,-2.4266010689818374
253,-2.7088105668769624
254,-3.3273536413075178
255,-3.467813876445436
256,-3.107876376162466
257,-3.030710226970068
258,-3.5804223411242675
259,-2.9260799143170924
260,-3.832669407939948
261,-3.7508223812906527
262,-4.0389735003798055
263,-3.9017652678595804
264,-3.634644262245945
265,-3.9331733578389816
266,-3.935822033173342
267,-4.358462901526017
268,-4.35908344662046
269,-3.7655386356372555
270,-3.795336914955172
271,-4.428734288699343
272,-4.619115607576441
273,-3.8258439459391003
274,-3.9218438542673373
275,-4.078245554422288
276,-4.432139504075227
277,-4.058703562394117
278,-4.247620919982332
279,-4.000120671117536
280,-3.7928149700747427
281,-3.703561199553451
282,-3.0650034623826428
283,-3.14314424046086
284,-2.639002619682662
285,-3.3688688969296776
286,-3.3357032910570794
287,-3.248261150054743
288,-1.901725362450002
289,-1.899275471292794
290,-1.2450738983561416
291,-1.1679609329183216
292,-1.0696212200798194
293,-1.0486034510114206
294,-1.0520799352503496
295,-1.3814198422738344
296,-1.3004752909407502
297,-1.3258187551122957
298,-1.0921685394465253
299,-1.1151187839608334
300,-1.1858981186002038
301,-1.0296666959494716
302,-1.0281790906790156
303,-0.948590865831711
304,-0.9526010745462776
305,-0.8510451776823524
306,-1.0461851477205575
307,-1.1039254764065976
308,-1.0699611676883825
309,-0.4137560367554416
310,-0.08263172674498609
311,-0.09090732409251512
312,-0.18334416176569723
313,-0.25007372437454434
314,-0.6678184930037023
315,-0.6611885766100833
316,-0.8068743361491659
317,-0.6487889552593051
318,-0.4409853239461081
319,-0.2254104357180653
320,0.5993432072270544
321,0.6032038092696368
322,0.4270348145138714
323,0.3741417805892988
324,0.650288417933953
325,0.6333677023781403
326,0.5559663754780342
327,0.4810111224836877
328,0.6831500743228025
329,0.6956498865111627
330,0.6522754215732895
331,0.6879132373571739
332,1.0904239821547534
333,0.7291096615012149
334,0.5194573327475638
335,0.5093415953890901
336,0.4212339459736203
337,0.31056243282983065
338,0.09695483085740975
339,0.1454770098188396
340,0.04923109603656162
341,-0.2526370718449966
342,0.0878411879195129
343,0.40526688088919904
344,0.5657576352878335
345,0.3967091252264021
346,0.2540664311681873
347,0.43668018998876956
348,0.40179004961091724
349,0.5992498986874928
350,0.6126479325850198
351,0.7046202959438475
352,1.0487288698753705
353,0.2773999948445738
354,0.07193395195348451
355,0.1831876856304815
356,0.09980910723303982
357,0.17705150315523444
358,0.19956325188748014
359,0.1259238390797668
360,0.07112339648713828
361,-0.24800259430344251
362,-0.2821652795377716
363,-0.45498158549874823
364,-0.47236965968816547
365,-0.746546832653594
366,-0.7747745628106983
367,-0.5514495130569785
368,-0.5466368367139873
369,-0.21562419968621516
370,0.0010656445536438852
371,-0.6624695864845709
372,-0.9971114252372848
373,-0.6488879868557618
374,-0.16165730487659458
375,0.07548148020906087
376,0.1892025420061394
377,-0.0019874881199921646
378,-0.08878893520349873
379,-0.006615222151007405
380,-0.3279420939320987
381,-0.14442048254521556
382,-0.16435683744591145
383,-0.25561690028244044
384,-0.36982999067831646
385,-0.3470088349726397
386,-0.35232630271457843
387,-0.49601567705941374
388,-0.5187436799055978
389,-0.6380975186233373
390,-0.7332070252836109
391,-0.6773812123318623
392,-0.6620932356046105
393,-0.48301080320308776
394,-0.4642946278591076
395,-0.903668841457872
396,-0.9129364491322844
397,-1.0769638863203923
398,-1.0199762018552994
399,-1.0015293089397526
400,-0.5786456361229431
401,-0.7053700360313386
402,-0.32278758760605486
403,0.09802788514308158
404,0.16114783580372105
405,0.09084924000313244
406,0.8595927641862344
407,0.819703279739814
408,0.7828627752394679
409,1.135780227445804
410,0.9974959468054045
411,0.8367466002474844
412,0.8255063233834958
413,0.6263213845712379
414,0.644973337748489
415,0.7200704102298561
416,0.7114076406356418
417,0.7830927603491356
418,0.4468401289071666
419,0.4421873111299046
420,0.5731911913384735
421,0.8983181205334922
422,1.0069832887211305
423,0.9755674596824138
424,0.9231959881163876
425,1.1951482237454236
426,1.0691511763649686
427,1.0184310026468912
428,1.5549663114024392
429,1.4636468109044065
430,1.4562471681467848
431,1.4035573939523704
432,2.772671717650921
433,2.7624253663027565
434,2.579274895291861
435,2.109303905134574
436,2.0927603096838165
437,2.1247557228312397
438,1.5525685804727907
439,1.5699131044254244
440,1.6011612901500216
441,1.6701634230797069
442,1.6687229180924357
443,1.4718753354578729
444,1.2869436234580478
445,1.4715545717126632
446,1.128135545785569
447,1.03711713691923
448,0.9611509996545697
449,0.981057397224161
450,0.7885694305081348
451,0.8131163708211764
452,0.7548972027467071
453,0.8014535848296367
454,0.8533744568377744
455,1.2862540042437143
456,1.252930255296536
457,0.3511492191530907
458,0.0717481460633218
459,0.2545905709868679
460,0.0759185421051356
461,-0.07588211230877828
462,-0.5471900308687938
463,-0.5508485177968425
464,-0.6828882837359274
465,-0.35860077942933
466,-0.5949413947074711
467,-0.8883627626694479
468,-1.332766369357552
469,-1.520549886891387
470,-1.622089133282012
471,-1.535310947116142
472,-1.2823496452259664
473,-1.080730950361708
474,-1.1131314619123867
475,-0.9981726518505929
476,-0.9152419494910746
477,-0.7884042109039924
478,-0.8317735569259188
479,-0.822518690123053
480,-0.7720437233148303
481,-1.172526458773382
482,-1.26727067448561
483,-1.3265087106969053
484,-1.0043657629068115
485,-0.9339594620908387
486,-0.7533684238265503
487,-0.7928797238564989
488,-0.3451668887241688
489,-0.5297818888910233
490,-0.45574301430031383
491,-0.520630145073675
492,-0.6941063939269188
493,-0.9296955406261187
494,-0.8985790861640641
495,-0.8432197330162428
496,-0.9302875225468243
497,-1.0804303301176654
498,-1.0108612158175379
499,-0.967172356985746
500,-1.0707098114113744
501,-0.9995297362594413
502,-1.1995351204345583
503,-0.5370945474578726
504,-0.15576501687624145
505,0.10591560145822854
506,0.07041980099691258
507,0.16377202975395022
508,0.5759196036559056
509,0.5299082608362538
510,0.45146530681541286
511,0.4409712296821411
512,0.3537931303144948
513,0.3007645807671544
514,0.3178330704222798
515,0.7740163145951939
516,0.8702565046288857
517,0.8325501500804577
518,0.8165120944714666
519,0.8697212072222626
520,0.7319580203392295
521,0.8568806229272585
522,0.9527599421454758
523,0.895657348578971
524,0.9248778305049887
525,0.9569765647127637
526,1.0858409034451233
527,1.2063451878415954
528,1.9507723862353998
529,1.9903454836423862
530,1.9907436981896565
531,2.1852352608656256
532,2.210985345683536
533,2.2741357292841657
534,2.4270187784300346
535,2.328079350356038
536,2.54080347961807
537,2.5370076472294167
538,2.3159818959668677
539,1.9649942535414633
540,1.76183436099695
541,1.8820244491445814
542,1.9316450430648224
543,1.8703020191893405
544,2.1232360668155925
545,2.116181361845193
546,2.094229864101038
547,2.097287529475844
548,2.1540760108123447
549,2.1535543925583323
550,2.0829104218018646
551,2.132470721126478
552,2.1249755554958005
553,2.2610564173485725
554,2.514497453190101
555,2.4951311640102336
556,1.6727570200946396
557,1.6289871929608513
558,1.6113170432636048
559,1.5920907128536887
560,1.589052813133418
561,1.6334003425770405
562,1.706542657454424
563,1.6670241927288831
564,1.678687186355643
565,1.6938183330937662
566,1.6073599452237186
567,1.585941634996968
568,1.416665853742205
569,1.2744312202415786
570,1.513800130497911
571,1.4574035494055337
572,1.337913463463014
573,1.4670863084474517
574,1.5172330779637644
575,1.5251797936875144
576,2.104629644365219
577,2.121452611515684
578,2.06444081479098
579,2.236420319682031
580,2.4324580522885997
581,2.372816266363942
582,2.5165435415317017
583,1.6536072707949545
584,1.630154323530264
585,1.7405671494751251
586,1.7085195016911303
587,1.4745577162035506
588,1.5315416573144613
589,1.5262386026814623
590,1.5674319741767029
591,1.4802824223082656
592,1.6101653803502591
593,1.8542488687862457
594,1.6588217514699632
595,1.8154404254416834
596,1.7268557933272977
597,1.5081552440518564
598,2.399157922781092
599,2.8097472629522224
600,2.8298983995756366
601,2.7907753402675484
602,2.8611228485126983
603,2.873427921824656
604,2.8581236022888534
605,2.5831277788119333
606,2.6241010046633484
607,2.635684013883899
608,2.617431942174675
609,2.5267307616054113
610,2.601089317771854
611,2.3842079069962496
612,2.1539381352504883
613,2.0612696723968815
614,2.0834065012227176
615,2.647287674126808
616,2.623342925407446
617,2.5077920852254243
618,2.637531284930339
619,2.695028041500769
620,2.5468886627564746
621,2.5399760130532023
622,2.5453714461325383
623,2.6158414664515295
624,2.382185290327432
625,2.4028477308386975
626,2.5164163220195768
627,3.4051932605757784
628,3.5089808544293444
629,3.543448846362618
630,3.4714417753272997
631,3.3905549185848427
632,3.6521538487761296
633,3.7168717966802323
634,3.800445916714601
635,4.040725950665536
636,4.266683064170662
637,4.290121966602478
638,4.309389753920434
639,4.682751873159874
640,4.611250735805039
641,4.81921794479947
642,4.90096702498799
643,4.810794658662365
644,5.2556225276124025
645,5.25799158780611
646,6.356934364427591
647,6.620245210953368
648,6.561623829314955
649,6.6052416643682
650,6.393212839867446
651,6.375562893417364
652,6.463952665142614
653,6.357620433430444
654,6.3957215373959375
655,6.25367846956808
656,6.2578784206074545
657,6.3074284702054895
658,6.457476874699042
659,6.476526040323738
660,6.089416332508035
661,5.811304583569354
662,5.777961060633086
663,6.0466747603750814
664,5.870085896970334
665,6.046230711329859
666,6.265097835546829
667,6.079461203825254
668,6.084341735122689
669,6.16074715613224
670,6.362301042383134
671,6.954506338424515
672,6.77943655210671
673,6.719092674452876
674,7.255107971716002
675,7.386277514633344
676,7.9091498285374096
677,8.037830742716135
678,7.914984505684752
679,8.101857921762502
680,8.319667099283157
681,8.328086393522337
682,8.289980852081523
683,8.27721726319497
684,8.20158974046279
685,8.276262537513857
686,7.8754870134085
687,7.891376152130691
688,7.91899358108481
689,7.920618653953504
690,7.992328998671949
691,8.013240945753397
692,8.140289305230297
693,8.04249958645713
694,8.042911256888319
695,8.025533191857125
696,8.331235490288957
697,9.103663319053968
698,9.066808047890884
699,9.007460544968637
700,9.029651747764934
701,9.803231818412005
702,9.770963397138077
703,9.773709520879592
704,9.68809404860087
705,9.698473809307483
706,9.966722443764997
707,9.907947390315265
708,9.801442713483354
709,9.67640764916775
710,9.119550120625487
711,8.981484362944148
712,9.128563269598233
713,9.248236945123711
714,9.163741954573435
715,9.153517961997348
716,9.303732018183508
717,9.2316794105888
718,9.089387548709716
719,8.928366608683813
720,8.831456429323836
721,8.766482349652183
722,8.51430493964993
723,8.278371618573521
724,8.56339439322522
725,8.59090687110513
726,8.819332112825972
727,8.925337201657557
728,9.081416161508105
729,8.880029131472345
730,8.722091566363165
731,8.611153162783891
732,8.85798169412384
733,8.755632790202927
734,8.678971092415576
735,8.814966398342094
736,8.593500482080007
737,8.959159971885411
738,9.121018642870249
739,8.988427266192911
740,9.037701211247118
741,8.942505802841794
742,8.85608165443994
743,8.904656465605832
744,9.118668927953323
745,9.018250288060404
746,9.010323358307538
747,9.106153600876056
748,9.11947923746521
749,9.110854694714
750,9.00923525113646
751,9.1425617488202
752,9.153934809877518
753,9.328639781966764
754,9.440162428529032
755,9.513917372863245
756,9.539166788788012
757,9.545900090413028
758,9.898097550260076
759,9.807540271218196
760,10.126957152158145
761,10.405652830690904
762,10.936624613729728
763,10.879072876041862
764,10.840808841196159
765,10.869063628007325
766,10.987350306237364
767,12.05156566132568
768,11.571154380503401
769,11.522433561553825
770,11.761278359787507
771,11.573309464572112
772,11.192116213970804
773,11.415702781660752
774,10.994427990439526
775,10.14661370217036
776,9.546714926723654
777,9.636589848175593
778,9.944218088155088
779,9.235490570700279
780,9.061149735225648
781,9.555749096235733
782,9.626341402272253
783,9.63419352528765
784,9.768588289524804
785,9.708653205384831
786,9.683994178337896
787,9.738814981114508
788,9.598338423672281
789,9.867582247209207
790,9.924168909388253
791,9.722421990463314
792,9.692205673546827
793,9.42888689785255
794,9.389429412461059
795,9.917761186051788
796,10.250039353180117
797,10.180297198662714
798,10.320202274965284
799,10.572099696554504
800,10.9350343509246
801,10.304434375237538
802,10.549212638282214
803,10.889656902848465
804,10.785650353137433
805,10.385362429750078
806,10.413949079616657
807,10.66340974420228
808,9.592869832916806
809,9.19616580554461
810,9.561818680320911
811,9.141471042155125
812,8.807995039943117
813,9.039661897843265
814,8.95056320273364
815,8.640294517932801
816,8.903188896503945
817,8.888615946467349
818,8.636107684904392
819,8.903033222639124
820,9.51779766844063
821,9.331102661992862
822,9.186821307110637
823,9.125710660924135
824,9.182554874208027
825,9.327021741338681
826,9.46823505016916
827,9.431320190906135
828,9.270554354402115
829,9.18722423253131
830,9.300007026237811
831,9.300007026237811
832,9.677807240992585
833,10.191040333286171
834,10.19244129855268
835,10.209554362856931
836,10.094195158696472
837,10.072147230643424
838,10.113028756962116
839,10.117443477743194
840,10.503374671349563
841,10.806273708207748
842,10.97205039976874
843,11.065311654584086
844,11.194982709672852
845,11.103745867524673
846,11.068762615218585
847,11.043149187221935
848,10.787762707278791
849,10.608931388485132
850,10.582378083046539
851,10.507585034752754
852,10.49299567219759
853,10.791912767250778
854,10.710350525193402
855,10.664816558188516
856,10.807008890697256
857,11.066249902778846
858,11.43605045206002
859,11.411077334518382
860,11.379808503575784
861,11.309292583650276
862,11.506330276634746
863,11.484654924206827
864,11.314829298128014
865,11.375936000550801
866,11.443599281575612
867,10.972471629772663
868,10.948141947362068
869,10.568284190242604
870,10.616753808391488
871,10.459668231811392
872,10.456969961009488
873,10.219269939899833
874,10.229438048211058
875,9.620191020949708
876,9.242725423026577
877,9.439529694780923
878,9.65369191712282
879,9.763421789861027
880,9.937420380627792
881,10.834996537195106
882,11.10775772675694
883,11.015489332113027
884,11.056300071803115
885,11.092993905846082
886,11.019426119541741
887,11.088990406132314
888,11.312060594449203
889,11.285336862945506
890,10.99302641397606
891,10.980741917245362
892,10.981970031263977
893,10.911398162374608
894,11.341793057334893
895,11.194013256889557
896,10.981013610453294
897,10.877210699413098
898,10.730345613838876
899,10.246733047146982
900,10.291823774707032
901,10.410425049348703
902,10.393205535127791
903,10.33608490810618
904,10.228313993752923
905,10.11100435549428
906,10.081246768332575
907,9.644999852269965
908,9.652328459458026
909,9.519985357358207
910,9.73051202582511
911,10.02113515984906
912,9.973939200177306
913,10.046720312046343
914,9.861700780946524
915,9.601436212512994
916,10.151152548940212
917,10.401635207920524
918,10.129174046099942
919,10.256272486157169
920,10.16989155305339
921,10.292935697546191
922,10.377080415335849
923,9.087858757657274
924,9.022848830937956
925,9.150057742303419
926,9.121111043195107
927,9.11156006740641
928,9.31201100409198
929,9.520228098011362
930,9.37772731398907
931,9.101372060349156
932,9.548065222566017
933,9.975288876713195
934,9.989877868974917
935,9.873196416376807
936,9.834197151933077
937,9.712848919720663
938,9.96181546167727
939,10.065772412576713
940,9.943823427944709
941,9.65981012014967
942,9.60194512567547
943,9.342733882670462
944,9.098203189203113
945,8.900788547805538
946,9.044329022631302
947,8.539401696962079
948,8.867983479306085
949,9.73503880812212
950,9.486254615080991
951,10.483095789510699
952,10.488409253047614
953,10.018300073125296
954,10.087294660638225
955,10.337848689627416
956,9.994481546592326
957,9.938964589586408
958,9.892083348307178
959,9.698982951280088
960,9.405954698647733
961,9.443237335048726
962,10.056120036772054
963,12.036651472804948
964,11.548301427400244
965,11.197145464828528
966,11.463395907148243
967,11.608738628000047
968,11.52438904391353
969,11.33744416925393
970,10.577538862729607
971,10.405000153071487
972,10.707952073123316
973,10.722664053753284
974,11.015590667155074
975,10.950098775519844
976,10.804978404156529
977,11.103708839468474
978,10.782903676112522
979,11.050506672294237
980,10.865282748658478
981,11.209880650110705
982,10.714466820941126
983,10.899450558485135
984,11.06216863722973
985,10.637044339044044
986,10.598114549951521
987,10.588892471443433
988,10.571260358889067
989,10.66797195315452
990,10.81374071167669
991,10.797728107903604
992,10.768860442177841
993,10.821434959578147
994,10.801647927476132
995,10.561811342262528
996,10.248856151543716
997,9.85112418762144
998,9.798457493747659
999,9.973085083011867
1000,9.805763831114799
1001,11.121601838299222
1002,11.29333982319698
1003,10.563878173733364
1004,10.875059803896736
1005,10.965578857821301
1006,11.189832139284883
1007,11.394566340317681
1008,11.6054707776156
1009,11.202056550655293
1010,11.210163262563832
1011,11.253978663363906
1012,11.399740738895758
1013,11.060447614249846
1014,11.264061762066667
1015,10.794446910169352
1016,10.427990396323917
1017,10.425284220082155
1018,10.461754155372338
1019,10.336012481257573
1020,10.127229093997103
1021,10.345518956375678
1022,10.50372607809511
1023,10.494429258547179
1024,10.921876217556381
1025,11.20325203715813
1026,11.029390262408945
1027,10.655491596446875
1028,10.546232363341645
1029,10.475727295484072
1030,10.601723882921998
1031,11.010910746327296
1032,10.797268898420608
1033,10.735324891161756
1034,10.794982807011388
1035,10.736679271707139
1036,10.924330325085062
1037,10.324495683827228
1038,10.192728119919735
1039,10.15480750880895
1040,10.131899378665278
1041,10.131928957398495
1042,10.041499837815548
1043,9.930671297503979
1044,10.634877766311224
1045,10.887988691116114
1046,10.617087663415315
1047,10.314847194525957
1048,10.480395333172243
1049,10.576616819570074
1050,10.681136773780509
1051,10.761105516857782
1052,11.001101161439685
1053,11.142602676843193
1054,10.831883704233224
1055,10.860800538354386
1056,10.857625942187067
1057,10.444406043477116
1058,10.414724620812276
1059,10.658002812981483
1060,10.639268162182614
1061,10.63479067436135
1062,10.983656370084095
1063,11.224450443133026
1064,11.256730867709575
1065,11.397561825930925
1066,11.775734642206292
1067,11.872623279140315
1068,12.074651339360742
1069,11.972185992825434
1070,11.81638046584963
1071,11.149795521774063
1072,11.147796531851096
1073,10.39138996941762
1074,10.400129587745477
1075,10.604865956402133
1076,10.506982227706917
1077,10.75065307520926
1078,10.490247327080326
1079,10.385929983506315
1080,10.072610731048837
1081,10.00546910436122
1082,10.18945564837841
1083,10.204086672243772
1084,10.112671172613963
1085,10.204868918424959
1086,10.020747312054713
1087,9.633997410623628
1088,9.6058387257955
1089,9.503878504792219
1090,9.370107581975562
1091,9.23226288182175
1092,8.751747424256617
1093,8.897402388240172
1094,8.93176259467614
1095,9.013909855589276
1096,7.675932333039759
1097,7.3066885473135335
1098,7.367687573297621
1099,7.344629289069848
1100,7.147104901365364
1101,7.2164419878474995
1102,7.096374772498937
1103,6.886063826890054
1104,6.813777470376037
1105,6.767047920996072
1106,6.761203864502963
1107,6.993083792933774
1108,7.321459786881368
1109,7.247810808204491
1110,8.113024142266756
1111,8.052460401515793
1112,7.23900142042746
1113,6.698488298943905
1114,8.905231015902991
1115,8.700239244674801
1116,8.49578485562883
1117,8.629222809787418
1118,8.742457746900723
1119,8.865787299282047
1120,8.728931557266506
1121,8.803340177897411
1122,8.645107177005617
1123,8.863757628159075
1124,8.871187904443921
1125,8.971235878957051
1126,9.032577882509107
1127,9.106532165633263
1128,9.136085272871796
1129,9.184759414620025
1130,8.682329666379541
1131,8.72148356721305
1132,8.829249299814478
1133,8.942890746901423
1134,8.834495795894458
1135,8.741572110582796
1136,8.707563852048295
1137,8.64984261318924
1138,8.610584109245556
1139,8.052758824488325
1140,7.7463025621701265
1141,7.930714545660367
1142,8.009530911634943
1143,7.992452632828351
1144,7.995668412755785
1145,7.863345911958741
1146,7.756866132169393
1147,7.2614652995442786
1148,7.00976337395669
1149,6.801431082859866
1150,6.232888215008359
1151,6.461661638906957
1152,6.438574434252886
1153,6.720540561316746
1154,6.461199211370006
1155,6.3643723899229565
1156,6.406392640459679
1157,5.917842737167778
1158,5.859395419939273
1159,6.179918691935904
1160,6.590382598025224
1161,7.786398555621776
1162,7.824158328160302
1163,7.642169497629947
1164,7.552942579243882
1165,7.684660590155246
1166,7.7997531524089725
1167,7.796322419312229
1168,8.009284921556038
1169,8.019683032243785
1170,7.923403418603914
1171,7.949995990925185
1172,8.129702811663497
1173,7.927913857266922
1174,8.050962541123763
1175,8.401231522214925
1176,8.704995057035415
1177,8.70832839130211
1178,8.554732354667237
1179,8.997604076909527
1180,8.330051588261277
1181,8.228646350687697
1182,8.206279742671851
1183,8.131727703220125
1184,7.8366514063098025
1185,7.714100021765513
1186,7.890947444528207
1187,8.034339291650006
1188,7.658202479745979
1189,7.57780303820681
1190,7.311487458154264
1191,7.447659173529253
1192,7.465573962912586
1193,7.257981797689572
1194,7.09002829181129
1195,6.7659228607761746
1196,6.8339212182452425
1197,7.562947981631418
1198,7.811515441923023
1199,7.785489291421777
1200,7.988048539153869
1201,8.082962105624048
1202,8.105579628163294
1203,7.499561412949629
1204,7.551000067965341
1205,7.500907110371702
1206,7.694086967532487
1207,6.554667903220923
1208,6.5305827617454515
1209,6.886906398248338
1210,6.7075026125189785
1211,6.808978390522857
1212,6.71584442639559
1213,7.040121156147983
1214,7.897576933289452
1215,7.05095243863092
1216,6.975878183636675
1217,8.236180511803305
1218,8.446049854835568
1219,8.048941418162903
1220,8.004130948577348
1221,7.978822580495004
1222,7.8830547225094305
1223,7.709353822352427
1224,7.808216627188425
1225,7.826561981430902
1226,7.853214551720034
1227,8.149775195268006
1228,8.19649237301312
1229,8.333810950920517
1230,8.27337363083287
1231,8.028285130082402
1232,8.196378005109306
1233,8.169077991144613
1234,7.356707582931188
1235,7.507264345520159
1236,7.706663047248319
1237,7.741718914830509
1238,7.465684859917765
1239,7.465711442349221
1240,7.962630759717215
1241,8.002666217160726
1242,7.9646203875734845
1243,8.499211332652301
1244,8.75872239266875
1245,8.991420117858318
1246,9.09823251760331
1247,9.101893797148186
1248,9.053351603750404
1249,9.097403066041544
1250,9.075984030200246
1251,8.884111764006386
1252,8.921778283880876
