,Portfolio Value
0,11968.374743551884
1,11972.78278416756
2,11984.769079995234
3,12028.615953461205
4,11932.235316330434
5,11880.232020192678
6,11878.52599830756
7,11784.76158893299
8,11779.82469362558
9,11787.453258743473
10,11812.288265475174
11,11858.136604892321
12,11874.12880381599
13,11887.716718889958
14,11876.096061906479
15,11842.970293223563
16,11776.5119762944
17,11776.269315338845
18,11761.214819126975
19,11762.430096564134
20,11765.225498926857
21,11787.5778761571
22,11805.103774865283
23,11760.553723339317
24,11796.683864064677
25,11835.842188155304
26,11778.330372516028
27,11755.372654142075
28,11910.47644588065
29,11902.68734344342
30,11888.2383566887
31,11881.577762706393
32,11881.492521324179
33,11863.587107416226
34,11879.74435062113
35,11834.656386767394
36,11851.07460095848
37,11857.81939226323
38,11870.956897280907
39,11873.76488995159
40,11883.516610103907
41,11901.558250368384
42,11882.31642889777
43,11837.15675672748
44,11799.96471711992
45,11766.795856706365
46,11761.00031720877
47,11774.061565333132
48,11786.621195999543
49,11752.020555597026
50,11902.31093756769
51,11907.709245422535
52,11870.031399723106
53,11884.279652730535
54,11851.643813936282
55,11832.737978127214
56,11826.41825848211
57,11841.498654108518
58,11863.075335854768
59,11831.22679896063
60,11834.893183276487
61,11817.423061036248
62,11730.54748706444
63,11739.710050395395
64,11739.495253813151
65,11782.45874695623
66,11757.321773444288
67,11759.090016134134
68,11728.043657045764
69,11700.030609534291
70,11638.633429659381
71,11642.472219962414
72,11669.288740843487
73,11680.686995510889
74,11838.325644228284
75,11838.930092790431
76,11880.968102201601
77,11903.754128459117
78,11857.303967746157
79,11856.397410304044
80,11684.812194019993
81,11703.111035608234
82,11694.447138285357
83,11613.681603348574
84,11585.184672782289
85,11666.496104542213
86,11687.003707466387
87,11708.396271780844
88,11700.81267529095
89,11697.660778877374
90,11711.301782821218
91,11735.707386392112
92,11701.853588501379
93,11702.443935870031
94,11730.578899585156
95,11822.756038440128
96,11869.723726025059
97,11854.55694033553
98,11885.617688520908
99,11867.891136453378
100,11847.319996467166
101,11851.85329977756
102,11901.7828360395
103,11913.127246720698
104,11913.642525740228
105,11931.187044570224
106,11885.815067975745
107,11869.485547673734
108,11891.167351574533
109,11931.35350259975
110,11931.728912870065
111,11916.097995372646
112,11916.242148599928
113,12020.362843905477
114,12032.512091226141
115,12038.35765652157
116,12010.71681241424
117,11998.066625803032
118,11962.145023768375
119,11947.891374721063
120,11875.016222206905
121,11854.08633418924
122,11831.271819648646
123,11863.006913337242
124,11833.607538909147
125,11734.886823114799
126,11714.035435227852
127,11689.853581359013
128,11733.774210159823
129,11737.490813071443
130,11838.648285189336
131,11823.13878895862
132,11782.568035265054
133,11826.202690699334
134,11839.592146305062
135,11850.63618696409
136,11891.066123049464
137,11913.80589574088
138,11925.454116627692
139,11922.096802471322
140,11912.030483461576
141,11804.678430032045
142,11810.562326537869
143,11827.665030002425
144,11817.069000658825
145,11798.70443956491
146,11804.712953763776
147,11849.401973809861
148,11845.6218352813
149,11838.978490664524
150,11848.023670370478
151,11716.585740281864
152,11689.235992099057
153,11735.100117393884
154,11758.345821217466
155,11811.299023816478
156,11776.910055224545
157,11684.775064855316
158,11558.333259137184
159,11531.442700097066
160,11353.779792830634
161,11295.561562865936
162,11331.443950992832
163,11527.999232987226
164,11523.655738637093
165,11484.897886361276
166,11402.863733141221
167,11462.750448190469
168,11480.679198845028
169,11454.658134022597
170,11464.68636973118
171,11504.991497691291
172,11474.949824379586
173,11459.696560547307
174,11435.278385961363
175,11441.217141104462
176,11749.062335279685
177,11714.6094660801
178,11647.8815603813
179,11602.176345691898
180,11527.86908953786
181,11483.93305677349
182,11460.177295190237
183,11523.85790780859
184,11463.531845680187
185,11499.496888162867
186,11617.590533588917
187,11577.501129111224
188,11779.777100036757
189,11792.513361334728
190,11801.624124006941
191,11755.488968842534
192,11687.386485240833
193,11716.554866272396
194,11715.379005659408
195,11702.145925794222
196,11689.899326650208
197,11776.49316292165
198,11783.871718682387
199,11825.500214356516
200,11799.436286427406
201,11766.772604827469
202,11737.763453640946
203,11757.002986111047
204,11956.083055570787
205,12076.953507640284
206,12089.009234193425
207,12022.848543611664
208,12148.393177732456
209,12226.61547724758
210,12173.558143853978
211,12176.188311241718
212,12192.468491034295
213,12189.583146923705
214,12125.752508983263
215,12173.892406075984
216,12178.772701978027
217,12166.478981364318
218,12104.288393041905
219,12191.49512224262
220,12176.520289093924
221,12314.30172073423
222,12404.052526279718
223,12374.98174378647
224,12389.162534235107
225,12333.05689309519
226,12239.994128409555
227,12350.439705373838
228,12465.782540228472
229,12466.422410371502
230,12533.892837286692
231,12510.975213222495
232,12481.01456869288
233,12483.020246615375
234,12428.507274356152
235,12420.563974328985
236,12415.95348732534
237,12374.733480953173
238,12349.733798407138
239,12364.95380301105
240,12372.311685066941
241,12365.257430814007
242,12326.88413099908
243,12386.551950273351
244,12408.385252757646
245,12424.621369145108
246,12411.422605863012
247,12403.333378608962
248,12424.411602238635
249,12348.648412490777
250,12236.260219950233
251,12195.807266053394
252,12250.590278900765
253,12230.093840600293
254,12118.759311127858
255,12098.46829307875
256,12143.848906884697
257,12173.485958941135
258,12070.969209652403
259,12134.55661553431
260,11963.693057490158
261,12031.12933277287
262,11907.552866868515
263,11931.355088719412
264,11937.732511274
265,11916.773648901039
266,11915.972081376727
267,11876.319857464916
268,11867.485510937595
269,11940.922758389377
270,11930.73815698471
271,11819.434039194766
272,11784.802551295377
273,11836.194466508801
274,11782.941217457928
275,11770.267925836899
276,11672.393570971115
277,11806.107502772062
278,11739.153024491381
279,11919.790380758079
280,12097.576286971496
281,12100.639227471607
282,12135.237320999173
283,12163.80863027209
284,12204.52391973012
285,12037.889001033873
286,12048.388856702055
287,11944.010528234985
288,12009.092621627884
289,12012.173047383434
290,12108.528543611357
291,12108.499063363715
292,12119.979084528162
293,12124.54692870427
294,12122.713436380578
295,12060.448616941489
296,12109.390755453864
297,12103.747567200528
298,12193.995244707316
299,12121.809639622412
300,12109.676327953923
301,12121.206192747779
302,12121.337175576802
303,12154.986025942499
304,12152.103477868817
305,12160.86437733169
306,12112.532773946306
307,12104.491299695464
308,12107.090186663381
309,12146.492105865134
310,12150.891982339108
311,12138.041816263489
312,12133.325518056645
313,12118.838641607099
314,12017.702993901989
315,12033.024158137254
316,11909.114703595133
317,11998.41790701555
318,12008.503926174959
319,12051.285071529626
320,12112.699264491446
321,12137.644985772307
322,12101.799691925691
323,12084.242852678355
324,12104.930167098284
325,12091.850440784063
326,12075.142785153123
327,12047.70126964329
328,12076.616554413189
329,12078.799536798622
330,12049.650938201217
331,12044.609696484096
332,12074.285784598469
333,12032.65066448946
334,11905.906080741084
335,11928.925731457566
336,11911.632514679175
337,11888.245897323588
338,11817.983136122208
339,11784.157225315696
340,11723.146046987702
341,11705.296597203813
342,11723.643181723071
343,11765.227723808412
344,11836.608815457454
345,11820.49370076875
346,11799.087604504066
347,11823.829050333377
348,11817.591257442376
349,11911.401069683
350,11923.744680640655
351,11941.047337336067
352,12088.25423066728
353,11986.254889746786
354,11916.154220897979
355,11921.810558923138
356,11902.377382109808
357,11918.175405102673
358,11880.556438075131
359,11847.051511793292
360,11829.317701397955
361,11789.015794727384
362,11778.048680039412
363,11691.554239758056
364,11692.3713380589
365,11745.410976823681
366,11736.394660003742
367,11791.959294055561
368,11830.647591647406
369,11875.957282082853
370,11937.714187431251
371,11762.487814846418
372,11743.363775896649
373,11755.901691411429
374,11805.042048545314
375,11829.025940297626
376,11847.908759909167
377,11816.681466471082
378,11753.005112245519
379,11756.525492403263
380,11720.668513417664
381,11855.657102125346
382,11834.459442127787
383,11816.862533013997
384,11821.554895858233
385,11821.793991888913
386,11857.904191137288
387,11846.736641062667
388,11839.959834356248
389,11839.9384312417
390,11818.654216294432
391,11817.101819169104
392,11820.40798417378
393,11825.718310523009
394,11845.747613155849
395,11838.775552379524
396,11865.976858182588
397,11842.266628702928
398,11866.979448717875
399,11873.760477255672
400,11954.485424230908
401,11945.692798400105
402,11996.217916946796
403,12041.756695471595
404,12073.546072915758
405,12043.845368252907
406,12098.953467742573
407,12091.07135751734
408,12072.307213899896
409,12096.34012633953
410,12108.282045226972
411,12055.789444086111
412,12059.027697775684
413,12033.618784241713
414,12039.773601076256
415,12042.58586075398
416,12037.414708920287
417,12055.764600461427
418,11990.830052034073
419,12049.037626315156
420,12071.34003543901
421,12091.4606488863
422,12105.032979675443
423,12098.130541040837
424,12072.873973638378
425,12030.933169308513
426,12010.654287374044
427,12010.619341151227
428,12052.181025228407
429,11982.55354474076
430,11988.424473157987
431,11996.330927791792
432,12132.66038738205
433,12176.055912891186
434,12144.045667957047
435,12128.61083709695
436,12147.654572924454
437,12140.562120063509
438,12100.437570170347
439,12126.512419975057
440,12127.478124860087
441,12133.375191618403
442,12132.852958515505
443,12065.965235389816
444,12044.78253516945
445,12060.218446693423
446,12046.558432227246
447,12043.329400627168
448,11998.61959466411
449,11997.004187401468
450,11992.773838788882
451,12002.828121987717
452,11970.535134880836
453,11977.868782924761
454,11963.075828975043
455,11975.456057756157
456,11972.44928387457
457,11892.813741036192
458,11925.915524701104
459,12034.365000207592
460,12027.595324441661
461,11952.450475444337
462,11939.932019961092
463,11939.607884054365
464,11921.142350798285
465,11979.85913789
466,11953.94134985444
467,11913.715812328963
468,11865.066516201503
469,11840.387489601544
470,11805.202095507539
471,11823.648379564656
472,11835.617627127058
473,11847.903448337083
474,11832.97694456806
475,11847.265367356495
476,11890.897288298713
477,11888.320296820395
478,11872.941450312683
479,11901.898144487874
480,11930.941096761744
481,11883.352339818663
482,11853.181201794836
483,11826.429703644608
484,11878.64592597212
485,11884.9571482188
486,11920.875854626738
487,11907.862108868809
488,11932.336986428598
489,11919.636710591012
490,11940.695309504323
491,11905.322913880975
492,11883.18256814139
493,11810.336616831884
494,11838.36237893879
495,11864.612053040837
496,11845.620202744944
497,11836.759962043518
498,11861.833501500994
499,11882.161786822646
500,11881.489590631681
501,11890.040800439463
502,11864.350499476366
503,12013.434353987659
504,12086.469129796356
505,12184.694269254134
506,12164.9116342984
507,12188.022177032572
508,12214.303087335647
509,12202.09579959561
510,12199.295036031377
511,12218.321731450238
512,12223.479197237073
513,12219.690487023776
514,12215.890627873989
515,12210.994782587433
516,12260.337177893187
517,12259.054578897447
518,12250.499910784196
519,12247.435760901397
520,12225.778677345046
521,12231.563238110219
522,12239.523933432065
523,12226.338814864323
524,12225.647190596734
525,12253.356689877763
526,12294.332238631214
527,12327.186784168289
528,12453.53615044687
529,12493.080181424142
530,12532.962567016491
531,12538.158964042841
532,12534.885638299913
533,12535.037590252768
534,12561.898174581438
535,12563.148904084197
536,12576.786691849346
537,12577.980086061467
538,12560.151814016046
539,12474.116294073323
540,12449.039577216925
541,12461.652850450198
542,12467.299166785779
543,12452.645491854868
544,12469.31519047906
545,12463.58381660358
546,12449.579804457246
547,12449.891057331
548,12443.176936965223
549,12445.122355068024
550,12451.33017643377
551,12444.446806758524
552,12451.223887451939
553,12583.46878378963
554,12594.5545220035
555,12581.899535335688
556,12511.548494315211
557,12498.280542657805
558,12498.458856952933
559,12495.95446241405
560,12496.95114687361
561,12513.476158463116
562,12522.71863475911
563,12536.87068936348
564,12538.813210076061
565,12546.624940439739
566,12546.007735739857
567,12523.717891321434
568,12427.397364941451
569,12390.03108953818
570,12411.6159741171
571,12403.66706408668
572,12404.300902929592
573,12430.997041115532
574,12451.743592020941
575,12475.143756487554
576,12539.976107282531
577,12559.699511228835
578,12540.304273644375
579,12560.940425159704
580,12598.825006887973
581,12585.577923006202
582,12597.359724589794
583,12550.966505447264
584,12550.387541471198
585,12542.988344991085
586,12572.552785616503
587,12444.203654899145
588,12472.953543499589
589,12471.660248189524
590,12496.711444878503
591,12477.380612849363
592,12518.798327428762
593,12565.684676182604
594,12544.945254469654
595,12681.502428346423
596,12628.205854748378
597,12605.764134127498
598,12680.045854286853
599,12772.559041261937
600,12782.468453273184
601,12783.030387225303
602,12796.679198290047
603,12886.065811370026
604,12883.876265341052
605,12847.451581622829
606,12850.431728588816
607,12855.167138244957
608,12852.189228848358
609,12837.01911034724
610,12888.057383588935
611,12719.099486924393
612,12643.600662600587
613,12643.540707928529
614,12643.247469401596
615,12648.056730255765
616,12640.46566283556
617,12609.817620965929
618,12621.086802994283
619,12641.094066598045
620,12608.192394207024
621,12609.230731257176
622,12601.700792753687
623,12612.86030442356
624,12532.67801806012
625,12563.20298537222
626,12569.978433140386
627,12568.670051437804
628,12591.870114175363
629,12608.018912194955
630,12576.488595190143
631,12566.201011790958
632,12577.99121361294
633,12590.368520274398
634,12608.345932796567
635,12618.313782424764
636,12675.549424503653
637,12696.812258559414
638,12694.671939320611
639,12721.433239073089
640,12706.097661059333
641,12832.877859275028
642,12895.908026615798
643,12873.304647019431
644,12893.721837570281
645,12893.566852141106
646,12975.600264757562
647,13029.688919406166
648,13027.70557425852
649,13021.028230768585
650,13056.888225377517
651,13042.036822650902
652,13055.874604141234
653,13065.632970610215
654,13083.7037255185
655,13031.203980571781
656,13022.932875078126
657,13035.490938718885
658,13039.500746998281
659,13045.084934511488
660,12942.515243853062
661,12939.896164036174
662,12949.70231666426
663,12971.147732710153
664,12959.112637301634
665,12984.19249705179
666,13018.128807943456
667,12964.391065085405
668,12959.475340663988
669,13015.493676263934
670,13089.352601856612
671,13169.500977110241
672,13125.152420735787
673,13132.97626431772
674,13154.880938695307
675,13064.962411048255
676,13120.73224694869
677,13133.244821480428
678,13123.177776375836
679,13229.649535181907
680,13227.333790891904
681,13287.332392940762
682,13278.194072502478
683,13278.039922990218
684,13271.877872550722
685,13285.429487404419
686,13223.826323282196
687,13172.168677889911
688,13177.83770798442
689,13168.723349391299
690,13274.913891540376
691,13282.471972758258
692,13256.030166458824
693,13214.277122291875
694,13204.045583409612
695,13221.701183787787
696,13234.583202264479
697,13314.497020835372
698,13300.103886921152
699,13292.029304339721
700,13332.309391690575
701,13434.86996749558
702,13427.62151422923
703,13418.351329442234
704,13396.27251127114
705,13398.927575958722
706,13426.374292503746
707,13409.958723751899
708,13325.232283588864
709,13316.705695525387
710,13243.366963828275
711,13216.776910342503
712,13272.071680027364
713,13283.110659022255
714,13258.284073736464
715,13248.066749102727
716,13297.966878377687
717,13295.100013865911
718,13281.449583040045
719,13258.600166700311
720,13227.881088053395
721,13206.855934284813
722,13154.133272079174
723,13142.294243954693
724,13184.183492987982
725,13185.493904613431
726,13223.161820743411
727,13244.802466947463
728,13300.413050197003
729,13271.638168918322
730,13225.866165261314
731,13156.180077499284
732,13198.21139408253
733,13190.63911686243
734,13135.179981545909
735,13154.780264679554
736,12899.353987157434
737,12904.471521082085
738,12973.938756927773
739,12941.402783729285
740,12947.984608890241
741,12950.029081144488
742,12933.661506187187
743,12938.88296865082
744,13003.426445617972
745,12930.97495145402
746,12901.983080618575
747,12940.785955895442
748,12946.503932862783
749,12952.411791346727
750,12910.902264502902
751,12953.648109202151
752,12959.041175030357
753,12991.572264427741
754,13011.556771804531
755,13015.860999615747
756,13018.12301795992
757,13034.668032809903
758,13081.56551674745
759,13065.500513575924
760,13085.287893988463
761,13151.112313584143
762,13211.315973767132
763,13200.296278829257
764,13194.746463846684
765,13203.044812796565
766,13222.245484779907
767,13251.651756927278
768,13216.945535173676
769,13166.60295647662
770,13320.628403532432
771,13186.46983667595
772,13025.230777026556
773,13057.879433600514
774,13023.031905752174
775,12972.699388047218
776,12876.218846039812
777,12913.671627810028
778,12952.855878813625
779,12704.92388866947
780,12751.916602759227
781,12836.43033998315
782,12868.455305875086
783,12911.78873151277
784,13048.385830325351
785,13010.40891686284
786,13015.849356999232
787,13022.80050007192
788,13022.967309519803
789,13066.857097542043
790,13081.721658293412
791,13056.370511230889
792,13064.141585281752
793,13009.915408551866
794,13000.020261273625
795,13053.411757875694
796,13066.757261501512
797,13058.320642950483
798,13094.088294474086
799,13158.23591752065
800,13179.755105940085
801,13127.702530196
802,13154.62317749552
803,13176.003255085974
804,13155.773961828372
805,12941.90250087109
806,12948.737090979352
807,12935.955906601579
808,12788.835161862924
809,12740.410445980373
810,12802.23463706393
811,12729.867651507291
812,12632.95776399085
813,12729.802270617887
814,12714.444410695869
815,12683.995798778586
816,12708.002623834376
817,12717.531888852147
818,12631.097798903826
819,12642.04790063023
820,12783.247933076404
821,12762.811150704936
822,12760.578543079953
823,12724.68969922996
824,12751.086754689339
825,12803.546712655547
826,12807.266211955688
827,12795.814338721317
828,12729.053277833675
829,12717.231458969189
830,12790.92223280171
831,12790.922232801708
832,12850.08025477339
833,12954.791052145996
834,12951.303278229554
835,12943.854838318337
836,12892.517132383931
837,12903.765758833337
838,12916.553226513273
839,12949.11722651649
840,12995.927284524963
841,13007.083655258424
842,13114.030213903368
843,13125.380206352243
844,13134.908941115795
845,13122.243306812592
846,13213.175595443061
847,13143.614841392811
848,12803.536675656493
849,12766.079896011957
850,12894.514935449253
851,12888.622685600667
852,12859.373314283532
853,12888.941645171699
854,12872.551879263056
855,12851.749073911145
856,12864.828983794021
857,12883.252865813396
858,12949.336233203527
859,12937.652170749658
860,12933.823734708432
861,12916.110875229684
862,12923.985269387289
863,12933.636198187263
864,12918.897135159563
865,12954.676481472907
866,12958.290181349195
867,12954.76166289276
868,13015.096776612889
869,12887.50468521323
870,12900.448173658224
871,12877.539832046723
872,12885.651514316436
873,12842.455728229921
874,12842.668165408657
875,12794.588251601223
876,12789.411876747896
877,12824.890719609615
878,12861.574362076099
879,12884.741380013797
880,12866.455870280268
881,12931.025544104767
882,12886.16681748891
883,12866.060089788452
884,12868.688563224681
885,12965.82800472731
886,12951.690412372704
887,12992.526802095526
888,13022.303442047272
889,13020.105642625162
890,12974.286016788603
891,12954.41630173514
892,12954.491099983377
893,12936.617774545399
894,13032.968558440427
895,13017.62850207948
896,12988.376479362543
897,12978.503235294585
898,12979.525654013654
899,12823.23713075692
900,12825.873681381916
901,12818.370937144808
902,12792.18321413047
903,12768.925899312186
904,12709.30015178125
905,12704.821773790125
906,12684.510710301853
907,12571.645177553022
908,12590.181383640154
909,12528.139487352586
910,12547.297766552201
911,12587.135361673925
912,12591.83680293557
913,12592.497965294908
914,12589.019199784649
915,12562.844003113645
916,12639.40192225757
917,12701.755814831662
918,12649.702221466247
919,12674.827571171303
920,12660.119825575908
921,12680.936707441946
922,12640.978075607833
923,12574.973977044934
924,12563.944607050504
925,12575.685649673616
926,12543.958677140181
927,12573.106179654747
928,12583.84359339276
929,12614.58732134766
930,12566.137493637772
931,12543.198455841157
932,12602.897551845292
933,12653.544486407834
934,12650.023662075637
935,12617.233796028644
936,12616.117716048491
937,12615.914420383435
938,12637.156212847483
939,12629.08430227848
940,12604.3566559736
941,12545.662266808598
942,12525.031457178127
943,12491.82617047178
944,12458.71739057367
945,12389.998986118304
946,12536.833576551835
947,12451.601539085124
948,12465.803783018564
949,12618.100721273358
950,12619.35842220824
951,12652.849747892427
952,12666.07051537782
953,12595.522446916184
954,12637.377598084433
955,12664.312900963163
956,12571.562133944994
957,12373.350777421296
958,12328.158071198062
959,12317.21727322981
960,12234.25744694368
961,12244.307824845437
962,12297.826672233397
963,12572.702004645169
964,12366.498027680733
965,12319.294470589412
966,12363.40717764138
967,12382.337226516116
968,12332.70184448569
969,12267.013027833225
970,12216.08377122878
971,12206.408262235984
972,12230.638173364083
973,12255.847082529635
974,12338.198194286228
975,12295.910236902684
976,12228.456345017108
977,12310.223139140455
978,12302.435504954035
979,12394.847523077693
980,12364.152096686434
981,12406.918403335141
982,12304.943058955654
983,12322.346850334983
984,12379.253266377144
985,12353.30688678732
986,12328.97811076
987,12318.351486694663
988,12311.28724225174
989,12291.954091377731
990,12323.891869526202
991,12319.472062272554
992,12279.817196821012
993,12228.440277092985
994,12253.031804523836
995,12198.268436456396
996,12167.094972928722
997,12111.245751962573
998,12093.096078179318
999,12168.476355126822
1000,11998.190286659588
1001,12039.737779227855
1002,12095.411863813566
1003,11855.70866257872
1004,11898.978136129916
1005,11957.755567272668
1006,11967.714745434463
1007,12085.67580960261
1008,12092.208107299786
1009,12070.26473119646
1010,12129.89099808257
1011,12151.667556524622
1012,12171.809917452836
1013,12132.936149734423
1014,12189.32388558774
1015,12119.299646131449
1016,12132.23610549717
1017,12129.190458631885
1018,12183.349360422035
1019,12169.541334702115
1020,12156.39801396138
1021,12259.039372684434
1022,12216.062287679317
1023,12232.725041634634
1024,12276.634173308557
1025,12293.326459122349
1026,12276.774364807565
1027,12237.357125643219
1028,12215.445432675455
1029,12179.970213327744
1030,12217.3265802093
1031,12239.052445676652
1032,12231.322192475913
1033,12232.43707574005
1034,12240.714512115284
1035,12204.489966249339
1036,12231.733057684889
1037,12151.963085200166
1038,12072.485692569577
1039,12069.502896782906
1040,12050.016652348935
1041,12059.306244764139
1042,11953.303180952742
1043,11949.392029255112
1044,12067.744826914355
1045,12099.711883276888
1046,12102.806052448284
1047,12055.198116312478
1048,12145.999193404667
1049,12147.318270103973
1050,12163.389122751854
1051,12180.537218298316
1052,12282.898327310715
1053,12297.206939643598
1054,12273.994179022096
1055,12280.088708016097
1056,12265.40665814344
1057,12230.05189800921
1058,12219.046849584753
1059,12230.44263645438
1060,12225.39082554797
1061,12223.451350548148
1062,12251.949721532928
1063,12307.290098913036
1064,12320.485714165177
1065,12350.248583166584
1066,12367.68695677598
1067,12360.943909446889
1068,12408.13643672307
1069,12354.58362727221
1070,12344.218400114276
1071,12222.573508630254
1072,12226.921407541133
1073,12198.463634492662
1074,12201.796039726854
1075,12215.175181796008
1076,12209.599360170698
1077,12212.623515385038
1078,12238.212814006889
1079,12180.273406123928
1080,12173.092654209851
1081,12146.726992237542
1082,12152.252052224627
1083,12155.718712692616
1084,12139.932817908768
1085,12151.906510725314
1086,12161.282246677552
1087,12149.298001721236
1088,12134.526726139586
1089,12059.394746425147
1090,12047.437378397235
1091,12057.24210918361
1092,11984.534158745966
1093,12015.707821771877
1094,12021.837466412928
1095,12043.962591257188
1096,11778.933796374802
1097,11592.000838824162
1098,11577.9432797956
1099,11575.145240373235
1100,11474.319994323041
1101,11495.887611478833
1102,11470.919198141588
1103,11424.489298128605
1104,11414.992819698722
1105,11464.952674763412
1106,11426.810385516506
1107,11424.749106004921
1108,11414.612052804589
1109,11404.772658307545
1110,11462.848871828379
1111,11459.382093660315
1112,11465.116299655849
1113,11440.501820021094
1114,11690.401373778626
1115,11669.22192828472
1116,11661.439203305612
1117,11691.550399936048
1118,11711.139128322724
1119,11734.657062883496
1120,11722.451459186506
1121,11721.077685806446
1122,11678.015812669822
1123,11695.411980703455
1124,11685.019501961113
1125,11717.852860401821
1126,11725.436788263694
1127,11756.579557365812
1128,11795.443220920219
1129,11749.996912201568
1130,11700.939542667613
1131,11718.061644530964
1132,11719.597839633041
1133,11737.313316256124
1134,11733.159045827902
1135,11736.514584306335
1136,11734.01237063194
1137,11724.841044341858
1138,11703.83414671971
1139,11706.109538610537
1140,11658.665324215646
1141,11703.004700141279
1142,11714.79460510815
1143,11690.39030615811
1144,11684.687930085427
1145,11651.805985014704
1146,11617.330702815769
1147,11511.742466209827
1148,11492.91379589281
1149,11470.405725266079
1150,11373.747418069848
1151,11376.578561252496
1152,11360.153728434261
1153,11461.586867394642
1154,11405.525198666252
1155,11357.305519633735
1156,11348.289120033025
1157,11299.144674358178
1158,11293.441896595004
1159,11302.563382219332
1160,11444.161599484696
1161,11506.975049599048
1162,11498.230355538282
1163,11453.863234390446
1164,11411.2646679438
1165,11456.190965954436
1166,11459.960715481744
1167,11463.081580566251
1168,11519.35243764631
1169,11573.029504098227
1170,11549.662195024217
1171,11550.435524284245
1172,11593.786150406107
1173,11573.085243059973
1174,11563.025165602729
1175,11715.422364561688
1176,11734.870838506244
1177,11732.253283609702
1178,11721.261215139586
1179,11748.54120638705
1180,11637.936095347373
1181,11632.72688365916
1182,11640.144660648271
1183,11566.638836669028
1184,11459.425718533274
1185,11305.397440401744
1186,11386.807702996859
1187,11441.392772382402
1188,11339.279852439067
1189,11413.845677297999
1190,11406.160249149234
1191,11347.617429313348
1192,11325.592922821617
1193,11280.634527839828
1194,11228.95647228322
1195,11199.912640820821
1196,11221.06250791859
1197,11352.49094460626
1198,11375.03185196803
1199,11377.161161651531
1200,11419.783780081214
1201,11430.894426725023
1202,11427.397156355304
1203,11381.438652906694
1204,11397.629347672399
1205,11398.584404155294
1206,11425.57094039514
1207,11270.306424866318
1208,11245.707476254325
1209,11264.033386928795
1210,11194.767701329014
1211,11197.973293760933
1212,11184.769290971773
1213,11232.895073354786
1214,11308.6992008677
1215,11256.659891023966
1216,11238.692550505486
1217,11759.938305454903
1218,11825.996558515786
1219,11757.093383547357
1220,11752.666894398997
1221,11728.45689362624
1222,11698.493504852091
1223,11661.507058001425
1224,11665.914764426536
1225,11660.306449463444
1226,11660.542317718171
1227,11698.240043559485
1228,11752.209686269784
1229,11816.513982503613
1230,11796.637664531234
1231,11799.245192717834
1232,11842.59930049369
1233,11832.372719898118
1234,11775.86258333382
1235,11781.404895775271
1236,11835.681200163588
1237,11838.829096473572
1238,11805.611354499564
1239,11804.899292329002
1240,11834.48640641524
1241,11976.500253056498
1242,11971.235976196904
1243,12160.42273138549
1244,12217.688711129591
1245,12291.763138914706
1246,12340.371357987457
1247,12347.814101428492
1248,12343.566058791597
1249,12344.080030171477
1250,12320.976597930641
1251,12289.704601191766
1252,12289.78412353822
