,Profitloss
0,-0.26354380373430075
1,-0.22681013193699417
2,-0.12692433337304632
3,0.23846627884338556
4,-0.5647056972463815
5,-0.9980664983943566
6,-1.012283347437004
7,-1.793653425558417
8,-1.8347942197868283
9,-1.7712228438043875
10,-1.564264454373554
11,-1.1821949592306535
12,-1.0489266348667536
13,-0.935694009250343
14,-1.032532817446008
15,-1.3085808898036455
16,-1.8624001975466653
17,-1.8644223721762998
18,-1.9898765072752012
19,-1.9797491952988855
20,-1.9564541756095233
21,-1.7701843653574967
22,-1.624135209455968
23,-1.99538563883902
24,-1.6943011327943625
25,-1.3679817653724613
26,-1.8472468956997723
27,-2.038561215482715
28,-0.7460296176612591
29,-0.8109388046381616
30,-0.9313470275941649
31,-0.9868519774467233
32,-0.9875623222985075
33,-1.1367741048647795
34,-1.0021304114905871
35,-1.377863443605054
36,-1.2410449920126632
37,-1.1848383978064092
38,-1.0753591893257752
39,-1.0519592504034225
40,-0.9706949158007738
41,-0.8203479135968084
42,-0.9806964258519235
43,-1.3570270272710072
44,-1.6669606906673406
45,-1.9433678607802873
46,-1.9916640232602423
47,-1.8828202888905743
48,-1.7781567000038079
49,-2.066495370024779
50,-0.8140755202692418
51,-0.76908962147888
52,-1.0830716689741116
53,-0.9643362272455436
54,-1.2363015505309827
55,-1.3938501822732152
56,-1.4465145126490775
57,-1.3208445490956788
58,-1.1410388678769312
59,-1.4064433419947564
60,-1.3758901393626122
61,-1.521474491364594
62,-2.245437607796341
63,-2.1690829133717116
64,-2.170872884890407
65,-1.8128437753647475
66,-2.022318554630931
67,-2.0075831988822124
68,-2.266302857951963
69,-2.4997449205475752
70,-3.011388086171818
71,-2.9793981669798852
72,-2.7559271596376056
73,-2.6609417040759253
74,-1.3472862980976386
75,-1.342249226746406
76,-0.9919324816533237
77,-0.8020489295073596
78,-1.1891336021153665
79,-1.1966882474663043
80,-2.626565049833396
81,-2.474074703264717
82,-2.546273847622027
83,-3.2193199720952137
84,-3.456794393480933
85,-2.779199128814891
86,-2.608302437780108
87,-2.430031068492966
88,-2.4932277059087515
89,-2.5194935093552084
90,-2.4058184764898516
91,-2.202438446732402
92,-2.4845534291551785
93,-2.479633867749742
94,-2.2451758367903696
95,-1.4770330129989406
96,-1.0856356164578473
97,-1.2120254972039168
98,-0.9531859289924394
99,-1.1009071962218564
100,-1.2723333627736144
101,-1.2345558351870012
102,-0.8184763663375061
103,-0.7239396106608509
104,-0.7196456188314326
105,-0.5734412952481338
106,-0.9515411002021246
107,-1.0876204360522168
108,-0.9069387368788928
109,-0.5720541450020877
110,-0.5689257260827918
111,-0.6991833718946183
112,-0.6979820950006044
113,0.16969036587897168
114,0.27093409355116727
115,0.31964713767975717
116,0.08930677011866894
117,-0.01611145164139849
118,-0.3154581352635466
119,-0.4342385439911389
120,-1.041531481609126
121,-1.2159472150896633
122,-1.4060681695946209
123,-1.1416090555229852
124,-1.3866038424237725
125,-2.2092764740433424
126,-2.383038039767904
127,-2.58455348867489
128,-2.2185482486681396
129,-2.18757655773798
130,-1.3445976234221946
131,-1.473843425344834
132,-1.8119330394578803
133,-1.4483109108388792
134,-1.3367321141244837
135,-1.244698441965919
136,-0.9077823079211345
137,-0.7182842021593361
138,-0.6212156947692282
139,-0.6491933127389826
140,-0.7330793044868611
141,-1.6276797497329576
142,-1.5786472788510864
143,-1.4361247499797947
144,-1.5244249945097987
145,-1.6774630036257454
146,-1.6273920519685348
147,-1.2549835515844876
148,-1.286484705989177
149,-1.3418459111289693
150,-1.266469413579352
151,-2.3617854976511365
152,-2.589700065841194
153,-2.2074990217176294
154,-2.013784823187781
155,-1.5725081348626824
156,-1.8590828731287923
157,-2.6268744595390414
158,-3.680556173856808
159,-3.9046441658577846
160,-5.385168393078055
161,-5.870320309450527
162,-5.571300408393065
163,-3.933339725106455
164,-3.969535511357558
165,-4.292517613656033
166,-4.976135557156491
167,-4.477079598412759
168,-4.327673342958105
169,-4.54451554981169
170,-4.460946918906828
171,-4.125070852572577
172,-4.375418130170116
173,-4.502528662105776
174,-4.7060134503219775
175,-4.656523824129488
176,-2.0911472060026304
177,-2.3782544493324953
178,-2.9343203301558374
179,-3.315197119234181
180,-3.9344242538511653
181,-4.300557860220911
182,-4.498522540081362
183,-3.967850768261749
184,-4.470567952665105
185,-4.170859265309446
186,-3.186745553425696
187,-3.5208239240731354
188,-1.8351908330270228
189,-1.7290553222106042
190,-1.6531322999421616
191,-2.037591926312221
192,-2.6051126229930555
193,-2.362042781063367
194,-2.371841619504933
195,-2.4821172850481465
196,-2.5841722779149423
197,-1.8625569756529181
198,-1.8010690109801053
199,-1.454164880362363
200,-1.6713642797716144
201,-1.943561626437762
202,-2.185304552992118
203,-2.0249751157412788
204,-0.3659745369101075
205,0.6412792303357007
206,0.7417436182785453
207,0.19040453009719904
208,1.2366098144371396
209,1.8884623103964993
210,1.4463178654498199
211,1.4682359270143275
212,1.6039040919524572
213,1.5798595576975494
214,1.0479375748605246
215,1.4491033839665324
216,1.4897725164835673
217,1.3873248447026532
218,0.8690699420158765
219,1.5957926853551685
220,1.47100240911604
221,2.619181006118576
222,3.3671043856643212
223,3.124847864887248
224,3.2430211186258884
225,2.7754741091265966
226,1.9999510700796197
227,2.920330878115318
228,3.881521168570612
229,3.886853419762515
230,4.4491069773890946
231,4.258126776854132
232,4.008454739107337
233,4.025168721794792
234,3.570893952967946
235,3.504699786074883
236,3.4662790610445082
237,3.1227790079431106
238,2.914448320059493
239,3.041281691758746
240,3.1025973755578473
241,3.043811923450046
242,2.7240344249923387
243,3.221266252277921
244,3.403210439647042
245,3.5385114095425774
246,3.4285217155251013
247,3.3611114884080306
248,3.5367633519886255
249,2.9054034374231374
250,1.9688351662519477
251,1.6317272171116226
252,2.0882523241730455
253,1.9174486716691197
254,0.9896609260654943
255,0.8205691089895772
256,1.1987408907058184
257,1.4457163245094717
258,0.5914100804366829
259,1.1213051294525878
260,-0.3025578542486862
261,0.25941110644058796
262,-0.7703927760957074
263,-0.5720409273382354
264,-0.5188957393833293
265,-0.6935529258246809
266,-0.7002326551939442
267,-1.030667854459033
268,-1.1042874088533772
269,-0.49231034675518703
270,-0.5771820251274207
271,-1.5047163400436103
272,-1.793312072538522
273,-1.36504611242666
274,-1.8088231878505945
275,-1.9144339513591735
276,-2.7300535752407096
277,-1.6157708102328194
278,-2.173724795905163
279,-0.6684134936826736
280,0.8131357247624704
281,0.838660228930066
282,1.1269776749931015
283,1.3650719189340688
284,1.7043659977509895
285,0.31574167528227726
286,0.40324047251711903
287,-0.46657893137512785
288,0.07577184689904204
289,0.10144206152862267
290,0.904404530094638
291,0.9041588613643015
292,0.9998257044013581
293,1.0378910725355794
294,1.0226119698381497
295,0.5037384745123941
296,0.9115896287821945
297,0.8645630600043974
298,1.616627039227625
299,1.0150803301867573
300,0.9139693996160325
301,1.010051606231488
302,1.0111431298066798
303,1.291550216187498
304,1.2675289822401403
305,1.3405364777640871
306,0.9377731162192093
307,0.8707608307955361
308,0.8924182221948351
309,1.2207675488761227
310,1.2574331861592292
311,1.1503484688624166
312,1.111045983805381
313,0.9903220133924862
314,0.147524949183242
315,0.2752013178104473
316,-0.7573774700405655
317,-0.013184108203756484
318,0.07086605145798508
319,0.427375596080215
320,0.9391605374287293
321,1.1470415481025675
322,0.8483307660474226
323,0.7020237723196265
324,0.8744180591523598
325,0.7654203398671955
326,0.6261898762760287
327,0.39751058036074927
328,0.6384712867765652
329,0.6566628066551949
330,0.41375781834347425
331,0.3717474707008117
332,0.6190482049872381
333,0.2720888707455016
334,-0.784115993824297
335,-0.5922855711869457
336,-0.7363957110068764
337,-0.9312841889701051
338,-1.5168071989816068
339,-1.7986897890358677
340,-2.307116275102483
341,-2.4558616899682306
342,-2.302973485641069
343,-1.9564356349298984
344,-1.3615932045212165
345,-1.4958858269270903
346,-1.6742699624661128
347,-1.4680912472218588
348,-1.520072854646859
349,-0.7383244193083449
350,-0.6354609946612078
351,-0.4912721888661098
352,0.7354519222273259
353,-0.11454258544345564
354,-0.6987148258501774
355,-0.6515786756405184
356,-0.8135218157516055
357,-0.6818716241443923
358,-0.9953630160405735
359,-1.2745707350559021
360,-1.4223524883503758
361,-1.758201710605134
362,-1.8495943330049003
363,-2.5703813353495364
364,-2.5635721828424995
365,-2.121575193135994
366,-2.19671116663549
367,-1.733672549536991
368,-1.4112700696049418
369,-1.0336893159762273
370,-0.519048438072911
371,-1.979268209613183
372,-2.138635200861261
373,-2.0341525715714237
374,-1.6246495954557183
375,-1.4247838308531158
376,-1.2674270007569377
377,-1.5276544460743224
378,-2.0582907312873377
379,-2.0289542299728014
380,-2.3277623881861276
381,-1.2028574822887883
382,-1.3795046489351037
383,-1.526145558216696
384,-1.4870425345147265
385,-1.4850500675923861
386,-1.1841317405225982
387,-1.2771946578111093
388,-1.3336680470312667
389,-1.3338464063191613
390,-1.511214864213073
391,-1.5241515069241318
392,-1.4966001318851618
393,-1.4523474123082636
394,-1.2854365570345916
395,-1.3435370635039634
396,-1.1168595151450966
397,-1.3144447608089305
398,-1.1085045940177118
399,-1.0519960228694059
400,-0.37928813140909456
401,-0.4525600133324592
402,-0.031517358776700366
403,0.3479724622632796
404,0.6128839409646591
405,0.36537806877423584
406,0.8246122311881043
407,0.7589279793111636
408,0.6025601158324623
409,0.802834386162754
410,0.9023503768914365
411,0.46491203405092385
412,0.491897481464032
413,0.28015653534760876
414,0.3314466756354717
415,0.35488217294983304
416,0.31178924100239147
417,0.46470500384523383
418,-0.07641623304939227
419,0.4086468859596293
420,0.5945002953250844
421,0.7621720740524918
422,0.8752748306287028
423,0.8177545086736293
424,0.6072831136531454
425,0.2577764109042757
426,0.08878572811703567
427,0.08849450959356187
428,0.43484187690339127
429,-0.14538712716033464
430,-0.09646272368343256
431,-0.03057560173506113
432,1.1055032281837462
433,1.4671326074265467
434,1.2003805663087341
435,1.0717569758079248
436,1.2304547743704486
437,1.1713510005292305
438,0.8369797514195643
439,1.054270166458804
440,1.0623177071673817
441,1.1114599301533579
442,1.1071079876292078
443,0.5497102949151289
444,0.37318779307875527
445,0.5018203891118622
446,0.3879869352270582
447,0.36107833855973936
448,-0.011503377799093606
449,-0.024965104987773046
450,-0.06021801009264971
451,0.023567683230973913
452,-0.2455405426596946
453,-0.18442680896032515
454,-0.3077014252079735
455,-0.20453285203202443
456,-0.2295893010452521
457,-0.8932188246983941
458,-0.6173706274907986
459,0.2863750017299438
460,0.2299610370138483
461,-0.3962460379638544
462,-0.5005665003242288
463,-0.5032676328802888
464,-0.6571470766809528
465,-0.16784051758332863
466,-0.38382208454633693
467,-0.7190348972586413
468,-1.1244456983208084
469,-1.3301042533204632
470,-1.6233158707705142
471,-1.4695968369611956
472,-1.3698531072745213
473,-1.2674712638576335
474,-1.3918587952661765
475,-1.2727886053625403
476,-0.9091892641773902
477,-0.9306641931633775
478,-1.0588212473943148
479,-0.8175154626010483
480,-0.5754908603187947
481,-0.9720638348444832
482,-1.2234899850430359
483,-1.4464191362949297
484,-1.0112839502323334
485,-0.9586904315100009
486,-0.6593678781105172
487,-0.7678157594265933
488,-0.5638584464283558
489,-0.6696940784082339
490,-0.49420575413063883
491,-0.7889757176585466
492,-0.9734785988217531
493,-1.5805281930676318
494,-1.346980175510093
495,-1.1282328913263528
496,-1.2864983104588057
497,-1.3603336496373575
498,-1.1513874874917174
499,-0.9819851098112897
500,-0.987586744735991
501,-0.9163266630044742
502,-1.1304125043636204
503,0.11195294989716498
504,0.7205760816362927
505,1.5391189104511094
506,1.3742636191533375
507,1.5668514752714247
508,1.7858590611304015
509,1.6841316632967507
510,1.6607919669281435
511,1.8193477620853216
512,1.8623266436422758
513,1.8307540585314586
514,1.799088565616569
515,1.7582898548952786
516,2.1694764824432333
517,2.1587881574787193
518,2.087499256534975
519,2.061964674178318
520,1.8814889778753896
521,1.9296936509184848
522,1.9960327786005427
523,1.886156790536031
524,1.8803932549727786
525,2.1113057489813514
526,2.452768655260118
527,2.7265565347357468
528,3.779467920390567
529,4.10900151186786
530,4.441354725137425
531,4.484658033690336
532,4.457380319165938
533,4.4586465854397295
534,4.6824847881786535
535,4.6929075340349735
536,4.806555765411202
537,4.816500717178895
538,4.66793178346705
539,3.9509691172776806
540,3.7419964768077074
541,3.8471070870849777
542,3.8941597232148295
543,3.7720457654572437
544,3.9109599206588186
545,3.863198471696494
546,3.746498370477047
547,3.7490921444250036
548,3.6931411413768656
549,3.709352958900203
550,3.761084803614745
551,3.7037233896543675
552,3.7601990620995007
553,4.862239864913587
554,4.954621016695837
555,4.849162794464057
556,4.26290411929342
557,4.1523378554817025
558,4.153823807941115
559,4.132953853450427
560,4.141259557280086
561,4.278967987192628
562,4.355988622992579
563,4.47392241136233
564,4.49011008396718
565,4.555207836997832
566,4.550064464498815
567,4.36431576101195
568,3.561644707845435
569,3.2502590794848407
570,3.4301331176424865
571,3.3638922007223293
572,3.3691741910799378
573,3.591642009296092
574,3.764529933507843
575,3.9595313040629465
576,4.499800894021089
577,4.664162593573629
578,4.502535613703129
579,4.6745035429975434
580,4.99020839073312
581,4.879816025051675
582,4.97799770491496
583,4.591387545393877
584,4.586562845593312
585,4.524902874925707
586,4.771273213470861
587,3.701697124159553
588,3.941279529163233
589,3.9305020682460334
590,4.139262040654201
591,3.9781717737446876
592,4.323319395239689
593,4.714038968188361
594,4.54121045391378
595,5.679186902886846
596,5.235048789569818
597,5.0480344510624775
598,5.667048785723772
599,6.437992010516136
600,6.520570443943208
601,6.525253226877514
602,6.63899331908373
603,7.383881761416888
604,7.365635544508775
605,7.062096513523564
606,7.086931071573455
607,7.126392818707972
608,7.101576907069651
609,6.97515925289367
610,7.400478196574456
611,5.992495724369951
612,5.363338855004884
613,5.362839232737748
614,5.360395578346644
615,5.40047275213138
616,5.337213856962997
617,5.081813508049415
618,5.175723358285689
619,5.342450554983702
620,5.068269951725202
621,5.0769227604764655
622,5.014173272947398
623,5.107169203529671
624,4.438983483834336
625,4.693358211435172
626,4.7498202761698805
627,4.738917095315043
628,4.932250951461348
629,5.066824268291303
630,4.8040716265845385
631,4.7183417649246495
632,4.8165934467744975
633,4.919737668953328
634,5.069549439971377
635,5.152614853539705
636,5.629578537530455
637,5.806768821328445
638,5.788932827671767
639,6.011943658942398
640,5.884147175494436
641,6.9406488272919065
642,7.465900221798316
643,7.277538725161925
644,7.447681979752341
645,7.446390434509209
646,8.130002206313014
647,8.580740995051372
648,8.564213118821007
649,8.508568589738207
650,8.80740187814597
651,8.683640188757513
652,8.798955034510293
653,8.880274755085127
654,9.030864379320835
655,8.593366504764855
656,8.524440625651053
657,8.629091155990709
658,8.662506224985677
659,8.709041120929072
660,7.854293698775527
661,7.832468033634776
662,7.91418597220217
663,8.092897772584617
664,7.992605310846956
665,8.201604142098251
666,8.484406732862126
667,8.036592209045047
668,7.995627838866559
669,8.46244730219945
670,9.077938348805104
671,9.74584147591868
672,9.376270172798229
673,9.44146886931434
674,9.62400782246089
675,8.87468675873546
676,9.339435391239093
677,9.443706845670242
678,9.359814803131972
679,10.247079459849218
680,10.227781590765872
681,10.727769941173015
682,10.651617270853976
683,10.650332691585152
684,10.59898227125602
685,10.711912395036816
686,10.198552694018304
687,9.768072315749254
688,9.815314233203498
689,9.73936124492749
690,10.624282429503129
691,10.687266439652143
692,10.466918053823537
693,10.118976019098946
694,10.033713195080107
695,10.18084319823156
696,10.28819335220399
697,10.954141840294774
698,10.834199057676264
699,10.766910869497682
700,11.102578264088114
701,11.957249729129838
702,11.896845951910251
703,11.819594412018608
704,11.635604260592824
705,11.657729799656025
706,11.886452437531215
707,11.749656031265832
708,11.043602363240534
709,10.972547462711546
710,10.36139136523564
711,10.139807586187533
712,10.600597333561357
713,10.692588825185467
714,10.485700614470538
715,10.400556242522718
716,10.81639065314739
717,10.792500115549263
718,10.678746525333715
719,10.48833472250259
720,10.23234240044495
721,10.057132785706768
722,9.617777267326444
723,9.519118699622453
724,9.868195774899856
725,9.879115871778588
726,10.193015172861752
727,10.373353891228865
728,10.836775418308363
729,10.596984740986004
730,10.215551377177622
731,9.634833979160696
732,9.985094950687735
733,9.92199264052025
734,9.459833179549237
735,9.623168872329613
736,7.494616559645273
737,7.537262675684042
738,8.116156307731437
739,7.84502319774405
740,7.899871740752018
741,7.9169090095374095
742,7.780512551559893
743,7.82402473875683
744,8.361887046816442
745,7.758124595450155
746,7.516525671821461
747,7.839882965795364
748,7.88753277385652
749,7.936764927889395
750,7.5908522041908455
751,7.947067576684597
752,7.992009791919652
753,8.263102203564522
754,8.429639765037766
755,8.465508330131222
756,8.484358482999333
757,8.622233606749186
758,9.013045972895428
759,8.879170946466042
760,9.044065783237198
761,9.592602613201183
762,10.094299781392756
763,10.002468990243818
764,9.956220532055715
765,10.025373439971364
766,10.185379039832565
767,10.430431307727318
768,10.141212793113974
769,9.721691303971824
770,11.005236696103605
771,9.88724863896624
772,8.54358980855463
773,8.81566194667094
774,8.525265881268119
775,8.105828233726807
776,7.301823716998435
777,7.613930231750232
778,7.940465656780216
779,5.874365738912246
780,6.265971689660232
781,6.970252833192925
782,7.237127548959044
783,7.59823942927309
784,8.736548586044602
785,8.42007430719034
786,8.465411308326921
787,8.523337500599325
788,8.524727579331692
789,8.890475812850362
790,9.014347152445112
791,8.803087593590742
792,8.8678465440146
793,8.415961737932221
794,8.333502177280216
795,8.778431315630787
796,8.88964384584594
797,8.81933869125402
798,9.117402453950717
799,9.651965979338751
800,9.831292549500702
801,9.397521084966677
802,9.621859812462663
803,9.80002712571646
804,9.631449681903103
805,7.849187507259092
806,7.906142424827922
807,7.7996325550131695
808,6.573626348857697
809,6.170087049836437
810,6.685288642199416
811,6.08223042922742
812,5.274648033257079
813,6.081685588482388
814,5.953703422465573
815,5.699964989821549
816,5.900021865286464
817,5.979432407101215
818,5.259148324198537
819,5.350399171918596
820,6.5270661089700255
821,6.3567595892078055
822,6.338154525666284
823,6.039080826916332
824,6.259056289077813
825,6.696222605462898
826,6.727218432964066
827,6.631786156010966
828,6.075443981947282
829,5.976928824743233
830,6.591018606680921
831,6.5910186066808985
832,7.084002123111577
833,7.956592101216642
834,7.927527318579619
835,7.865456985986152
836,7.437642769866093
837,7.53138132361113
838,7.637943554277271
839,7.909310220970744
840,8.29939403770803
841,8.392363793820202
842,9.283585115861403
843,9.378168386268705
844,9.457574509298293
845,9.352027556771603
846,10.10979662869218
847,9.530123678273416
848,6.696138963804099
849,6.3839991334329715
850,7.454291128743784
851,7.4051890466722226
852,7.161444285696095
853,7.407847043097493
854,7.271265660525472
855,7.097908949259546
856,7.206908198283513
857,7.3604405484449575
858,7.911135276696046
859,7.813768089580475
860,7.781864455903609
861,7.634257293580693
862,7.699877244894071
863,7.780301651560517
864,7.657476126329699
865,7.955637345607558
866,7.9857515112433
867,7.9563471907730055
868,8.459139805107396
869,7.395872376776902
870,7.503734780485205
871,7.312831933722697
872,7.380429285970291
873,7.020464401916016
874,7.022234711738817
875,6.621568763343522
876,6.578432306232473
877,6.874089330080135
878,7.179786350634165
879,7.372844833448311
880,7.220465585668889
881,7.758546200873062
882,7.38472347907424
883,7.217167414903769
884,7.239071360205673
885,8.04856670606091
886,7.930753436439186
887,8.271056684129396
888,8.519195350393938
889,8.500880355209684
890,8.119050139905015
891,7.95346918112616
892,7.954092499861476
893,7.805148121211647
894,8.608071320336897
895,8.480237517329003
896,8.236470661354534
897,8.154193627454887
898,8.162713783447128
899,6.860309422974331
900,6.8822806781826396
901,6.819757809540072
902,6.601526784420586
903,6.407715827601557
904,5.910834598177073
905,5.873514781584377
906,5.704255919182111
907,4.763709812941852
908,4.918178197001288
909,4.401162394604885
910,4.560814721268347
911,4.892794680616053
912,4.931973357796404
913,4.937483044124225
914,4.9084933315387325
915,4.690366692613712
916,5.328349352146411
917,5.847965123597176
918,5.414185178885389
919,5.623563093094197
920,5.500998546465907
921,5.674472562016208
922,5.341483963398597
923,4.791449808707782
924,4.699538392087521
925,4.797380413946795
926,4.532988976168184
927,4.775884830456234
928,4.865363278273005
929,5.121561011230513
930,4.71781244698144
931,4.526653798676317
932,5.024146265377438
933,5.446204053398618
934,5.416863850630316
935,5.143614966905363
936,5.134314300404097
937,5.132620169861957
938,5.3096351070623715
939,5.2423691856539945
940,5.036305466446667
941,4.54718555673832
942,4.375262143151071
943,4.098551420598162
944,3.82264492144726
945,3.2499915509858646
946,4.473613137931953
947,3.763346159042702
948,3.881698191821359
949,5.1508393439446465
950,5.161320185068674
951,5.440414565770224
952,5.550587628148507
953,4.962687057634874
954,5.3114799840369376
955,5.535940841359688
956,4.7630177828749565
957,3.1112564785108043
958,2.7346505933171894
959,2.643477276915074
960,1.9521453911973463
961,2.0358985403786445
962,2.48188893527832
963,4.772516705376417
964,3.0541502306727697
965,2.6607872549117673
966,3.02839314701151
967,3.1861435543009575
968,2.7725153707140793
969,2.2251085652768676
970,1.800698093573172
971,1.7200688519665386
972,1.921984778034025
973,2.1320590210802903
974,2.8183182857185685
975,2.465918640855702
976,1.9038028751425573
977,2.585192826170446
978,2.5202958746169513
979,3.2903960256474463
980,3.034600805720289
981,3.390986694459519
982,2.5411921579637786
983,2.686223752791528
984,3.160443886476205
985,2.9442240565610067
986,2.7414842563333375
987,2.652929055788844
988,2.594060352097838
989,2.4329507614810897
990,2.6990989127183562
991,2.6622671856046276
992,2.3318099735084363
993,1.9036689757748748
994,2.1085983710319667
995,1.6522369704699669
996,1.3924581077393583
997,0.927047933021452
998,0.7758006514943183
999,1.4039696260568446
1000,-0.01508094450343167
1001,0.3311481602321198
1002,0.795098865113042
1003,-1.202427811843998
1004,-0.8418488655840384
1005,-0.3520369393944289
1006,-0.2690437880461416
1007,0.7139650800217501
1008,0.7684008941648779
1009,0.5855394266371494
1010,1.082424984021424
1011,1.2638963043718476
1012,1.4317493121069669
1013,1.107801247786866
1014,1.5776990465645069
1015,0.9941637177620644
1016,1.1019675458097566
1017,1.076587155265707
1018,1.527911336850285
1019,1.4128444558509479
1020,1.303316783011499
1021,2.1586614390369574
1022,1.8005190639942992
1023,1.9393753469552744
1024,2.3052847775713037
1025,2.444387159352912
1026,2.30645304006305
1027,1.9779760470268304
1028,1.7953786056287946
1029,1.4997517777312064
1030,1.8110548350774858
1031,1.9921037139720932
1032,1.9276849372992677
1033,1.9369756311670816
1034,2.0059542676273745
1035,1.7040830520778316
1036,1.9311088140407495
1037,1.2663590433347194
1038,0.6040474380798022
1039,0.5791908065242213
1040,0.4168054362411189
1041,0.4942187063678327
1042,-0.3891401587271526
1043,-0.4217330895407323
1044,0.5645402242862918
1045,0.8309323606407348
1046,0.8567171037356935
1047,0.4599843026039885
1048,1.2166599450388782
1049,1.2276522508664511
1050,1.3615760229321205
1051,1.5044768191526225
1052,2.357486060922631
1053,2.4767244970299807
1054,2.2832848251841398
1055,2.3340725668008044
1056,2.211722151195339
1057,1.9170991500767398
1058,1.8253904132062626
1059,1.9203553037864918
1060,1.87825687956642
1061,1.8620945879012307
1062,2.0995810127744097
1063,2.560750824275293
1064,2.6707142847098186
1065,2.9187381930548595
1066,3.0640579731331608
1067,3.007865912057417
1068,3.4011369726922647
1069,2.9548635606017504
1070,2.8684866676189635
1071,1.8547792385854578
1072,1.8910117295094508
1073,1.653863620772178
1074,1.6816336643904473
1075,1.7931265149667475
1076,1.7466613347558058
1077,1.7718626282086536
1078,1.9851067833907443
1079,1.5022783843660736
1080,1.4424387850821008
1081,1.2227249353128578
1082,1.2687671018718927
1083,1.2976559391051357
1084,1.1661068159064092
1085,1.2658875893776234
1086,1.344018722312934
1087,1.2441500143436368
1088,1.1210560511632162
1089,0.49495622020956365
1090,0.3953114866436236
1091,0.47701757653006993
1092,-0.12888201045028191
1093,0.13089851476564274
1094,0.18197888677440321
1095,0.3663549271432309
1096,-1.8422183635433131
1097,-3.399993009798652
1098,-3.5171393350366675
1099,-3.5404563302230407
1100,-4.380666713974657
1101,-4.200936571009728
1102,-4.4090066821534375
1103,-4.795922515594963
1104,-4.875059835843986
1105,-4.458727710304899
1106,-4.776580120695783
1107,-4.79375744995899
1108,-4.878232893295098
1109,-4.960227847437116
1110,-4.4762594014301715
1111,-4.505149219497373
1112,-4.4573641695345945
1113,-4.662484833157543
1114,-2.5799885518447807
1115,-2.7564839309606626
1116,-2.8213399724532295
1117,-2.5704133338662616
1118,-2.407173930643969
1119,-2.2111911426375364
1120,-2.312904506779112
1121,-2.3243526182796237
1122,-2.6832015610848137
1123,-2.538233494137876
1124,-2.624837483657394
1125,-2.351226163318154
1126,-2.2880267644692087
1127,-2.028503688618233
1128,-1.7046398256648443
1129,-2.083359064986934
1130,-2.492170477769895
1131,-2.349486295575298
1132,-2.3366846697246535
1133,-2.1890556978656273
1134,-2.2236746181008127
1135,-2.1957117974472085
1136,-2.2165635780671766
1137,-2.292991297151181
1138,-2.468048777335752
1139,-2.4490871782455237
1140,-2.84445563153628
1141,-2.4749608321560146
1142,-2.3767116240987485
1143,-2.580080782015759
1144,-2.6276005826214366
1145,-2.901616791544137
1146,-3.1889108098685948
1147,-4.068812781584774
1148,-4.225718367559916
1149,-4.413285622782681
1150,-5.2187715160845976
1151,-5.195178656229205
1152,-5.332052263047826
1153,-4.486776105044643
1154,-4.953956677781235
1155,-5.355787336385543
1156,-5.43092399972479
1157,-5.840461047015177
1158,-5.8879841950416285
1159,-5.811971814838901
1160,-4.631986670960863
1161,-4.108541253341269
1162,-4.181413703847648
1163,-4.551139713412944
1164,-4.906127767134993
1165,-4.531741950379697
1166,-4.5003273709854685
1167,-4.474320161947909
1168,-4.00539635294741
1169,-3.558087465848103
1170,-3.752815041464863
1171,-3.746370630964624
1172,-3.3851154132824357
1173,-3.5576229745002186
1174,-3.6414569533105956
1175,-2.3714802953192726
1176,-2.209409679114638
1177,-2.2312226365858168
1178,-2.3228232071701216
1179,-2.095489946774587
1180,-3.017199205438559
1181,-3.0606093028403447
1182,-2.998794494597734
1183,-3.611343027758096
1184,-4.504785678889389
1185,-5.7883546633187954
1186,-5.109935808359511
1187,-4.655060230146657
1188,-5.50600122967444
1189,-4.884619355850006
1190,-4.948664590423046
1191,-5.436521422388763
1192,-5.620058976486519
1193,-5.994712268001434
1194,-6.425362730973161
1195,-6.667394659826487
1196,-6.491145767345086
1197,-5.395908794947834
1198,-5.208067900266422
1199,-5.190323652903905
1200,-4.835135165989879
1201,-4.74254644395814
1202,-4.771690363705794
1203,-5.154677892444215
1204,-5.0197554360633445
1205,-5.011796632039223
1206,-4.786908830040493
1207,-6.080779792780689
1208,-6.28577103121396
1209,-6.13305510892671
1210,-6.710269155591552
1211,-6.6835558853255534
1212,-6.793589241901888
1213,-6.3925410553767765
1214,-5.760839992769162
1215,-6.194500908133616
1216,-6.344228745787617
1217,-2.0005141212091404
1218,-1.4500286790351202
1219,-2.0242218037720194
1220,-2.061109213341694
1221,-2.2628592197813324
1222,-2.512554126232569
1223,-2.8207745166547893
1224,-2.784043629778865
1225,-2.8307795878046327
1226,-2.8288140190152467
1227,-2.514666303670965
1228,-2.0649192810851424
1229,-1.5290501458032235
1230,-1.6946861289063864
1231,-1.6729567273513823
1232,-1.3116724958859183
1233,-1.3968940008490138
1234,-1.8678118055515114
1235,-1.8216258685394116
1236,-1.369323331970096
1237,-1.343090862720242
1238,-1.6199053791702944
1239,-1.6258392305916414
1240,-1.3792799465396577
1241,-0.195831224529186
1242,-0.23970019835913847
1243,1.3368560948790797
1244,1.8140725927465962
1245,2.4313594909558756
1246,2.8364279832288064
1247,2.8984508452374325
1248,2.863050489929986
1249,2.8673335847622994
1250,2.674804982755341
1251,2.4142050099313916
1252,2.4148676961518456
