,Portfolio Value
0,11977.027907959013
1,11969.650809123737
2,11983.831621188094
3,12004.116295370499
4,11936.692027612946
5,11834.14343569392
6,11836.340823020295
7,11803.955568715912
8,11799.38457657223
9,11810.158201911909
10,11832.104992487397
11,11982.55116764483
12,11992.219821812943
13,11998.847997652761
14,11957.622947773103
15,11951.791963037143
16,11701.686766904688
17,11700.684157942735
18,11675.983042499764
19,11697.734923459651
20,11697.462880568028
21,11760.715521293385
22,11775.577072485938
23,11744.785934022546
24,11763.7729815623
25,11802.080760035007
26,11773.062619561999
27,11793.54025154166
28,11805.320290408412
29,11773.488498159115
30,11781.460055426376
31,11775.864998547513
32,11781.948819557672
33,11764.445532126541
34,11768.666227218418
35,11745.726324081565
36,11759.70627269305
37,11726.78113822124
38,11717.373084446874
39,11757.781805872008
40,11775.128393904513
41,11771.334092946052
42,11739.003283183147
43,11703.083604385902
44,11649.472535357647
45,11600.208278548449
46,11597.724831961354
47,11610.545354284199
48,11634.30421789049
49,11608.501742871169
50,11779.704634493708
51,11805.100587276622
52,11846.556693608933
53,11872.32222824229
54,11865.979801681297
55,11829.447538926257
56,11829.475374364074
57,11837.928568299723
58,11853.570680863484
59,11859.658167107309
60,11852.099353761067
61,11841.347421265042
62,11818.116962531702
63,11841.292431662454
64,11856.208214513725
65,11875.328155742858
66,11873.5398694388
67,11868.570748355281
68,11863.45059404372
69,11928.723662332979
70,11895.401815137733
71,11901.927098255434
72,11940.438669061525
73,11959.49808531919
74,12015.205853753734
75,12088.20443159189
76,12106.64665858984
77,12114.20545303567
78,12073.953200998201
79,12073.458736682
80,12014.374363573359
81,12027.550323098025
82,12039.761841763666
83,11986.629635896687
84,11942.689673664485
85,11935.624006168058
86,11943.401796241043
87,11939.072559896385
88,11887.221017203428
89,11898.693698202409
90,11913.069646764643
91,11960.074774337685
92,11920.974447299139
93,11904.89438320278
94,11927.231327833251
95,12224.787295321637
96,12222.446227470517
97,12155.631251448474
98,12162.986828078641
99,12156.325240376787
100,12158.75143987132
101,12149.582612122796
102,12189.296163389872
103,12214.428079745376
104,12214.37835949132
105,12208.8591818175
106,12194.615539141972
107,12183.316339436842
108,12254.656288739992
109,12264.606337627694
110,12258.127174179856
111,12220.665028446458
112,12259.59258007233
113,12307.143567787347
114,12319.835344018104
115,12328.942143713917
116,12348.6712153785
117,12348.21371245451
118,12336.997988389874
119,12322.010814421097
120,12228.592398912286
121,12198.94932234866
122,12179.114099737311
123,12181.993912165217
124,12143.569048751435
125,12067.875726615071
126,12037.372341486483
127,11979.605187478452
128,12097.942606415287
129,12100.282473679104
130,12175.432990099514
131,12149.758211420427
132,12048.71281359634
133,12115.296327254624
134,12187.429570752733
135,12183.313915583665
136,12205.352399494623
137,12216.289460350965
138,12232.34539315915
139,12199.250381674367
140,12125.07510903347
141,11923.804936603621
142,11937.954334008507
143,11958.04246902341
144,11986.001665175389
145,11981.26349394106
146,11981.985514553357
147,11866.05842058344
148,11880.865501241336
149,11887.22993946193
150,11945.21204259788
151,11897.071774956241
152,11909.533508060811
153,11946.54772384956
154,11942.521476084079
155,11992.995180741424
156,11965.005654623474
157,11891.973009830494
158,11830.454127075773
159,11723.319554747553
160,11404.69844548066
161,11232.396578350268
162,11347.203647944518
163,11436.2918133967
164,11434.246782264374
165,11401.491448461074
166,11245.304672934813
167,11226.006538536472
168,11256.700807575673
169,11186.600544661478
170,11233.726981216796
171,11283.700040406786
172,11240.640489353016
173,11247.722266050845
174,11204.916621404476
175,11211.01922423898
176,11251.235486973239
177,11236.27871165857
178,11169.860364200564
179,11097.44819601623
180,10942.752548285718
181,10924.40167574302
182,10874.032034123591
183,10879.539530032336
184,10834.766249154518
185,10921.263065839066
186,10961.085832380517
187,10901.07754920026
188,11012.26242297765
189,11026.533327725847
190,11034.682024292002
191,11019.874374652196
192,10962.230953499284
193,11026.183501444932
194,11033.030905384592
195,11000.315927075515
196,10908.811137632112
197,10922.41217135766
198,10928.198226895722
199,10937.822118729335
200,10925.638068254295
201,10797.654923451322
202,10610.201968776786
203,10662.309513623464
204,10762.849323717388
205,10823.893255099267
206,10839.099177256468
207,10805.296045917756
208,10970.231800716509
209,11041.91082675087
210,11002.40324720449
211,11033.656357093405
212,11049.214416387105
213,11060.343404274434
214,11033.382552668703
215,11032.813619366869
216,11034.047780107367
217,11013.235135834702
218,10919.522040198459
219,10970.388716163852
220,10964.423459570615
221,11106.917639792297
222,11246.838511903878
223,11232.925546540338
224,11274.041318184161
225,11240.691857924869
226,11218.384738402356
227,11250.331446788732
228,11463.012263246113
229,11462.547428794778
230,11486.389172056843
231,11494.128754553267
232,11440.021519271584
233,11435.846768204357
234,11400.862042249888
235,11411.621375498613
236,11406.195286685277
237,11406.65737703638
238,11338.342405264464
239,11366.387424271446
240,11378.491411924693
241,11343.006109823013
242,11286.036544984872
243,11341.786193057773
244,11353.997924727611
245,11371.277588519151
246,11367.01200042731
247,11353.317879067163
248,11391.403801519298
249,11345.474366893959
250,11316.189377612676
251,11262.152215862401
252,11305.899767974928
253,11274.072885038899
254,11182.222132234463
255,11055.592746433855
256,11066.804466921076
257,11090.840271738987
258,10975.032744890625
259,10982.480452565844
260,10822.496828178097
261,10856.746759457114
262,10788.481161715203
263,10824.488505053729
264,10892.031502096635
265,10887.79730339705
266,10894.796403107306
267,10815.712462370378
268,10823.767020191986
269,10909.852897059693
270,10885.88842830916
271,10656.518985694021
272,10643.266865459125
273,10756.232299221943
274,10720.406205370617
275,10683.756347491122
276,10604.975168188517
277,10647.82771405438
278,10589.269523593459
279,10639.265206958444
280,10685.067783030669
281,10795.280861806681
282,10824.675103566786
283,10918.69586068587
284,10974.458305800692
285,10912.69044236063
286,10876.04014145242
287,10887.694790678112
288,10963.649166069059
289,10973.11600167954
290,10993.064426331191
291,10960.113843922492
292,11024.595807396481
293,11041.232013238401
294,11045.710590953753
295,10977.564910489
296,11006.46623822343
297,10993.306174058536
298,11102.825925820556
299,11040.532886455036
300,11033.182326362521
301,11086.596803451463
302,11090.195998124565
303,11148.153727533536
304,11155.468301198014
305,11166.883848067322
306,11149.933897566083
307,11101.825649187967
308,11101.91344751431
309,11190.496645561245
310,11251.253276089106
311,11242.340614058836
312,11203.946828816177
313,11201.522404989793
314,11090.973228111625
315,11128.632445909703
316,11084.063704703349
317,11099.895058178277
318,11211.63719546691
319,11235.059819824175
320,11298.078445978736
321,11300.577096789708
322,11318.96427863606
323,11308.460588358717
324,11416.11799003141
325,11412.921018033692
326,11408.623153873823
327,11393.987386113591
328,11403.654468558458
329,11406.868679096033
330,11396.619926169331
331,11389.538987881564
332,11413.836852762797
333,11415.214664016841
334,11369.302240531742
335,11412.130319522748
336,11375.90500845723
337,11345.256832443247
338,11284.584079326794
339,11252.277198224265
340,11238.359435113445
341,11199.425283382481
342,11303.245158598937
343,11384.999704448855
344,11400.188357046634
345,11382.373161426418
346,11329.70063090343
347,11379.151092427212
348,11371.522185083795
349,11461.23272187696
350,11484.25857176434
351,11528.491330662368
352,11588.300597820244
353,11594.81158036204
354,11568.782352931354
355,11600.84396998309
356,11598.62825220291
357,11613.260157732182
358,11601.48009873338
359,11594.270200432818
360,11592.38913587636
361,11481.799095235701
362,11489.329389706427
363,11421.889327063152
364,11421.159100924246
365,11268.073090883865
366,11269.504858021037
367,11356.53160368377
368,11310.590226937984
369,11362.898564659285
370,11403.57634611378
371,11176.334000325849
372,11075.867244297844
373,11200.835863537042
374,11345.039980548849
375,11378.220561650756
376,11390.7094527659
377,11337.00476635436
378,11312.391877024533
379,11338.12657964664
380,11298.254574895112
381,11358.390446270374
382,11351.35027136792
383,11334.81511503912
384,11336.57105068407
385,11322.877215009587
386,11311.829879324734
387,11246.342914338755
388,11230.121881001063
389,11117.994229761902
390,11102.281695211623
391,11107.799590456083
392,11119.67059823524
393,11149.994741072978
394,11222.230158071687
395,11209.620712242544
396,11252.811919683754
397,11213.588762069056
398,11228.722486986524
399,11300.417399408729
400,11396.762960658949
401,11383.218073742364
402,11421.571468951868
403,11522.515374654608
404,11547.667630637421
405,11495.099205328332
406,11513.482832047262
407,11512.474544988017
408,11468.591092262519
409,11511.2102061433
410,11505.825518271693
411,11469.959216602012
412,11474.166641792845
413,11444.189141468109
414,11463.661449165576
415,11479.218715593553
416,11476.754134317865
417,11471.364282992281
418,11402.15732021883
419,11416.943247293593
420,11463.179613668814
421,11486.827564321915
422,11513.684278030845
423,11553.509139154488
424,11550.362975602586
425,11560.581147616114
426,11516.334034659985
427,11514.017978008245
428,11539.657948071355
429,11508.838298387273
430,11509.012420651481
431,11501.532909987689
432,11565.926076650387
433,11587.62436095679
434,11571.319324714113
435,11523.630998154655
436,11508.206447981604
437,11513.02655121337
438,11455.684015924864
439,11499.211762287945
440,11511.774213866305
441,11529.719126535323
442,11529.12314413281
443,11424.185975437516
444,11399.610510263721
445,11402.322486615834
446,11314.4721127823
447,11312.286470235495
448,11284.328408119558
449,11248.3384232411
450,11187.067077781834
451,11219.03513150221
452,11219.711424041665
453,11221.11398371651
454,11187.96970348091
455,11222.581440790793
456,11237.63578665268
457,11098.600425960607
458,10991.63060090899
459,11063.093429276378
460,11037.087533069725
461,10978.780065802206
462,10963.442956158413
463,10962.816197281125
464,10946.59093736757
465,11024.732013158504
466,10967.851638248449
467,10923.01436211275
468,10835.124615415487
469,10826.533954153967
470,10795.069916004217
471,10813.270664327922
472,10905.139138041242
473,10926.083489379911
474,10920.527180590005
475,10964.546170938162
476,10983.804050109462
477,10998.66245857228
478,11002.64381711694
479,10986.797691260477
480,11025.39554343192
481,11008.424666747733
482,10919.783990174114
483,10898.634243868408
484,10994.578110184282
485,11004.610202166312
486,11050.49683971964
487,11049.29162895812
488,11062.961493336355
489,11033.40933103354
490,11062.55220585542
491,11037.771845872823
492,11013.67289656693
493,10956.720250089718
494,10989.260356571256
495,11025.022540901968
496,11020.003238314863
497,11010.096459483337
498,11022.60690242216
499,11028.16523748953
500,10996.225943163354
501,11003.615745261486
502,10986.138258619325
503,11140.07676260439
504,11178.796397893762
505,11220.472291311538
506,11211.8565769545
507,11247.527840392691
508,11277.804732259188
509,11271.721014693467
510,11277.93141207733
511,11301.862352050337
512,11301.025771774168
513,11280.720964842338
514,11286.052555543518
515,11275.647594097136
516,11273.616008036357
517,11272.841175689397
518,11269.138858577695
519,11258.90751802462
520,11226.183104040996
521,11243.841922531874
522,11254.756112740848
523,11246.61223473691
524,11276.968247732679
525,11290.920240047044
526,11274.390173872858
527,11286.01237852409
528,11511.562582167795
529,11567.078661847248
530,11554.794880354324
531,11575.272185142196
532,11567.137790002793
533,11569.175187434941
534,11598.818618034782
535,11565.646694453319
536,11610.88066445714
537,11609.201786102167
538,11593.480323619191
539,11538.989449105513
540,11501.041321049895
541,11509.681774893068
542,11532.048179945068
543,11506.350197131726
544,11515.438630182103
545,11511.450039719184
546,11501.093921817544
547,11501.34414086987
548,11508.818342476785
549,11533.796201406985
550,11526.163457654722
551,11531.846018893579
552,11529.21954031057
553,11549.960400785485
554,11576.40271437374
555,11570.892443244788
556,11408.328344269434
557,11417.731547451458
558,11403.666679652963
559,11399.076989939711
560,11398.648627828305
561,11405.892118362564
562,11413.396459076364
563,11404.942609214084
564,11407.284622688778
565,11405.047822022894
566,11400.30076798184
567,11364.383263742116
568,11327.5157453009
569,11315.557300653438
570,11327.075519790455
571,11310.422510129098
572,11306.947310816593
573,11353.36824376709
574,11373.703675893461
575,11374.89374807929
576,11467.197583532221
577,11465.458081668723
578,11454.763953610885
579,11552.051913739595
580,11653.528224816268
581,11635.595150576532
582,11623.067436678912
583,11611.45511503659
584,11607.319151730484
585,11604.349178297603
586,11625.267306454009
587,11566.730245515915
588,11574.06390584137
589,11576.867558978583
590,11576.400864137386
591,11564.14623155276
592,11596.560282250168
593,11663.41275302856
594,11655.13993386984
595,11726.681936788244
596,11656.454934384241
597,11628.360569450444
598,11651.623932499822
599,11712.089442603088
600,11719.472611163264
601,11710.553423451198
602,11728.564978664044
603,11794.44491499008
604,11795.319859913945
605,11746.054566917506
606,11748.89659349078
607,11749.308680415346
608,11748.33938690042
609,11742.80030079221
610,11781.597687701382
611,11713.636059777918
612,11667.463570496528
613,11665.172882629155
614,11703.207990845187
615,11768.455890021985
616,11741.343993086637
617,11705.815862335992
618,11733.387811841782
619,11744.41069429449
620,11750.488447724176
621,11770.266952173719
622,11775.33609458279
623,11789.226984308778
624,11788.713508008772
625,11835.294503615936
626,11846.603711586038
627,11879.368628022994
628,11904.232693918726
629,11907.736641297754
630,11896.10310511606
631,11886.971717132188
632,11924.050660237333
633,11934.09654151449
634,11963.645939036514
635,12077.775218494582
636,12110.14597737745
637,12127.349434343598
638,12126.00306089374
639,12190.146234442544
640,12116.451799518916
641,12172.235618950679
642,12167.815525079224
643,12157.057324298024
644,12248.371880576033
645,12248.920446168739
646,12382.734905818204
647,12389.47492944466
648,12388.259629030767
649,12388.362342633598
650,12447.290422853304
651,12443.821868751233
652,12461.24959950367
653,12405.435826883411
654,12418.045004839265
655,12342.842722016503
656,12292.775367558752
657,12300.309796801826
658,12310.930262332082
659,12285.992201968504
660,12222.11406590926
661,12214.914565308893
662,12198.988141612232
663,12241.514504745797
664,12217.134872995166
665,12306.385294523589
666,12381.18785542884
667,12360.190242180575
668,12357.000515506481
669,12332.370292151607
670,12354.922105345551
671,12374.480796757489
672,12366.118654230639
673,12379.224902194248
674,12441.644573284748
675,12473.824098691315
676,12520.844493049535
677,12548.32237831433
678,12539.037462862765
679,12557.575832637815
680,12556.881284364976
681,12584.892816752163
682,12503.69507027576
683,12497.269165548223
684,12452.922164975638
685,12460.433543340812
686,12341.86346779401
687,12327.273220114903
688,12321.727181631646
689,12317.797427040994
690,12394.789609088688
691,12397.461559913512
692,12427.636004641634
693,12403.176785807524
694,12413.34922705204
695,12396.548679692954
696,12410.52538965526
697,12482.390856054746
698,12483.71433701437
699,12474.359508026508
700,12457.709144262482
701,12526.74516704826
702,12524.300152751322
703,12533.301640916168
704,12505.514278867571
705,12509.652482930336
706,12539.079453063634
707,12535.345366678568
708,12452.030131877913
709,12450.157919364574
710,12241.304223009583
711,12208.886961138236
712,12283.289855428118
713,12307.780883490388
714,12270.171607573033
715,12269.354413520368
716,12281.412467332939
717,12272.447427003404
718,12250.282188172116
719,12208.457098914785
720,12197.524176383955
721,12149.462190355278
722,12137.807994070006
723,12086.56548773156
724,12244.941235177375
725,12255.326459467793
726,12327.096718657886
727,12342.865506155069
728,12401.056942739748
729,12365.026006210137
730,12330.759065184295
731,12322.630796568146
732,12365.283616862676
733,12355.804826313484
734,12349.845520431805
735,12381.04380386979
736,12342.155232928833
737,12394.939590174283
738,12451.425721256468
739,12428.686269377693
740,12430.559574214696
741,12395.771902358638
742,12377.575522597665
743,12379.797134206903
744,12431.962030622584
745,12393.194434358124
746,12385.263112877352
747,12404.458454282649
748,12409.280108629115
749,12403.701286099797
750,12394.6195731617
751,12377.728187373225
752,12381.018197570984
753,12503.367176052636
754,12515.366292332661
755,12532.494435505305
756,12551.375795428432
757,12664.560670753714
758,12705.47028499362
759,12704.491057623369
760,12720.465033102375
761,12745.60503446045
762,12769.508486127868
763,12767.435700141945
764,12759.976901699878
765,12754.879001045729
766,12783.340609489147
767,12863.665857883065
768,12846.659145215637
769,12847.001254390387
770,12894.446928617353
771,12799.478545227641
772,12715.03983585557
773,12738.903339244713
774,12673.284483946889
775,12603.393563733458
776,12511.895279514592
777,12527.455780744764
778,12490.482187089654
779,12437.745525011644
780,12427.821455137406
781,12486.843299279479
782,12492.062526026308
783,12569.109899745552
784,12703.986807800973
785,12701.956092791188
786,12702.079662024113
787,12729.787998551692
788,12706.591600075008
789,12735.260255127334
790,12723.86319784256
791,12696.609888209456
792,12687.816229216347
793,12619.182581410569
794,12610.143539062625
795,12647.479377536349
796,12678.610629368277
797,12673.55655961638
798,12720.583177899784
799,12777.013287647242
800,12896.294096867929
801,12785.048827928187
802,12885.60473335322
803,12919.380882021878
804,12880.753744587753
805,12816.631644280715
806,12820.934782019704
807,12829.778158615742
808,12698.245495844985
809,12636.262741763561
810,12745.490532662865
811,12679.178451802325
812,12676.468545546531
813,12787.089071074892
814,12792.568004757291
815,12786.048853747116
816,12793.143313124921
817,12793.909726791564
818,12669.099098674933
819,12801.436914130403
820,12779.940973283608
821,12759.879396722128
822,12746.747027924572
823,12779.975651338977
824,12793.844571982256
825,12796.664610463444
826,12811.977170255843
827,12809.440411687998
828,12757.025699882672
829,12731.800247323168
830,12747.08492934159
831,12747.08492934159
832,12777.725503628044
833,12799.472003485174
834,12818.74696166911
835,12801.645692134429
836,12760.248681799265
837,12771.670789245285
838,12769.422309376496
839,12770.801018537752
840,12833.778861872848
841,12823.406556600861
842,12891.435016846683
843,12918.506994460124
844,12925.335756996443
845,12860.481781121516
846,12849.463396265679
847,12845.795538390932
848,12560.188813703282
849,12544.76131560967
850,12582.424483764484
851,12553.258380839987
852,12501.671878200217
853,12541.448892919481
854,12526.034972253065
855,12473.834221237381
856,12489.133026806516
857,12535.542909767975
858,12593.74296054043
859,12587.710300513303
860,12572.144474065826
861,12566.148833823525
862,12670.941415213578
863,12682.969867263271
864,12631.243635205778
865,12625.519203706957
866,12631.399326018261
867,12597.596851844895
868,12676.80081268092
869,12581.459238996653
870,12591.301482255041
871,12563.660304509189
872,12590.079765469087
873,12547.958304901784
874,12546.342595490887
875,12506.478926348655
876,12461.388765257483
877,12480.768334839444
878,12493.545639572027
879,12526.03312147717
880,12537.890373027849
881,12640.27024493296
882,12667.746187823062
883,12647.453727754459
884,12648.695028334412
885,12681.739233913047
886,12681.734243072227
887,12720.706281236984
888,12767.227289924887
889,12758.45802679163
890,12751.081508110436
891,12788.760064749938
892,12794.683756859831
893,12734.62786401821
894,12740.585105552993
895,12731.926976832354
896,12726.979165282675
897,12744.649442106314
898,12722.231353297104
899,12658.626185353532
900,12655.044791751288
901,12647.743536920256
902,12638.173146001329
903,12468.406087589334
904,12450.928289878164
905,12421.067581932764
906,12414.269914734896
907,12377.583544026522
908,12381.568293536822
909,12330.483083041338
910,12341.085016347157
911,12418.604573648634
912,12408.718440869998
913,12421.482685008514
914,12398.167765839884
915,12321.878364922595
916,12366.588908147402
917,12416.890625258628
918,12355.024583984774
919,12375.756654911054
920,12364.747030782832
921,12372.016595773879
922,12404.41004177908
923,12323.774790977463
924,12320.896287045794
925,12370.066918191893
926,12371.488370962186
927,12404.098858387288
928,12417.278584690031
929,12451.020694150828
930,12437.620963974668
931,12453.888011300214
932,12566.679643330835
933,12610.22119492109
934,12612.735981791784
935,12591.276234466493
936,12586.289503544636
937,12544.092846239653
938,12602.634524425497
939,12603.263056705955
940,12588.363532073326
941,12551.506387114292
942,12563.135372959096
943,12543.694698981495
944,12481.974367400195
945,12447.644287244082
946,12545.763188534358
947,12453.519585917938
948,12489.140886928806
949,12565.884575372866
950,12484.17475388934
951,12628.814562321695
952,12575.965681451942
953,12452.553423532732
954,12469.236125349296
955,12424.92989402869
956,12366.823365794307
957,12345.804256619787
958,12284.17902252356
959,12265.034188052712
960,12153.109204327073
961,12140.867159686506
962,12187.272629339626
963,12391.62935950105
964,12316.54861343039
965,12259.617378411625
966,12287.721660023706
967,12326.159938074503
968,12295.583598028243
969,12260.573576934512
970,12178.955956478023
971,12217.237752186047
972,12264.76840255561
973,12260.794688041638
974,12244.865759725019
975,12199.146884689093
976,12107.252620549936
977,12226.662882386297
978,12202.187450761237
979,12267.209581858815
980,12215.519252701832
981,12220.68996813811
982,12170.858861035184
983,12224.3490355353
984,12253.425068310946
985,12192.390470636085
986,12190.276870521
987,12193.32333772097
988,12183.123784562616
989,12181.918864657733
990,12224.84053806486
991,12202.711043020317
992,12197.982896577318
993,12152.270207887512
994,12186.374384651852
995,12124.932672034758
996,12087.005039607096
997,12051.789797340793
998,12043.184737179425
999,12136.96836508736
1000,12052.407014439328
1001,12158.749126761611
1002,12167.751343880891
1003,12078.852627321236
1004,12360.048827554587
1005,12439.69239097816
1006,12450.478152244164
1007,12551.202623381414
1008,12569.616827907204
1009,12521.703689175392
1010,12517.985700322148
1011,12528.960327008464
1012,12539.306795996892
1013,12438.363668472477
1014,12479.534086409933
1015,12461.21999443063
1016,12382.906407949546
1017,12382.854106912231
1018,12413.420316122529
1019,12415.451465615737
1020,12376.282165746885
1021,12421.158739572285
1022,12396.498891235507
1023,12399.633367495293
1024,12386.585259361575
1025,12428.775207562736
1026,12396.940263076189
1027,12369.210321450255
1028,12381.423690988693
1029,12336.346533189448
1030,12360.477976511109
1031,12449.576099366739
1032,12396.211557063676
1033,12357.31795523936
1034,12364.849314786275
1035,12326.864300861746
1036,12354.816561860862
1037,12282.38448107159
1038,12210.752756246096
1039,12231.205608802955
1040,12208.634714138449
1041,12204.418800256248
1042,12179.88035232049
1043,12169.079750368128
1044,12336.091521409835
1045,12410.998924573978
1046,12370.735240048252
1047,12252.227061473272
1048,12303.820657244127
1049,12327.965312815231
1050,12353.195653825414
1051,12371.303300459844
1052,12469.224370302756
1053,12480.5709947658
1054,12449.022028902298
1055,12478.860165473998
1056,12439.955697732968
1057,12397.626004363248
1058,12388.217712057445
1059,12455.338493460935
1060,12394.88959514755
1061,12397.968222990616
1062,12498.071372327717
1063,12542.642759022478
1064,12552.373811815201
1065,12556.04842090046
1066,12592.937666787839
1067,12495.02000025469
1068,12517.681971425294
1069,12479.256502033948
1070,12456.67028052872
1071,12458.1836918664
1072,12458.783282869368
1073,12440.128567569915
1074,12422.423406282485
1075,12426.892699664111
1076,12420.623658709297
1077,12425.634375798669
1078,12398.135839878632
1079,12296.92977168042
1080,12261.807247321698
1081,12259.722871231865
1082,12279.25904657094
1083,12283.867509352493
1084,12267.413092833445
1085,12280.699700124673
1086,12266.919755597104
1087,12205.483681949687
1088,12171.803805824093
1089,12152.08081005282
1090,12065.242894424333
1091,12113.14971622915
1092,12022.285322414853
1093,12059.049721418975
1094,12076.340365463004
1095,12090.025649404633
1096,12005.676631003425
1097,11791.975067847672
1098,11796.97687933405
1099,11854.221474386788
1100,11766.370540389695
1101,11776.2283566816
1102,11750.05529712239
1103,11734.648840311846
1104,11718.817324648242
1105,11699.714582206412
1106,11700.975082106019
1107,11457.232989931736
1108,11453.368823471956
1109,11446.08121445041
1110,11528.5124748552
1111,11512.055002761548
1112,11516.558850580062
1113,11466.65747551754
1114,11675.393191589483
1115,11615.423061196576
1116,11611.04311252
1117,11653.204531498872
1118,11668.347864979696
1119,11716.884384181125
1120,11711.617082089086
1121,11769.853686443957
1122,11710.732282862691
1123,11724.059984895515
1124,11721.062429877407
1125,11775.866465634892
1126,11790.1259237573
1127,11808.517512236553
1128,11826.604881242663
1129,11814.625632178815
1130,11782.133527433523
1131,11787.160454198289
1132,11794.033758544509
1133,11812.34213482754
1134,11770.415502633887
1135,11756.249173326747
1136,11707.459920754955
1137,11689.655561989799
1138,11685.555886441234
1139,11651.329531625062
1140,11574.609648338119
1141,11577.21877166143
1142,11596.592411175887
1143,11565.165622656128
1144,11562.211677463114
1145,11517.620545798796
1146,11505.14569048563
1147,11445.44120345418
1148,11397.000304466277
1149,11343.451995035979
1150,11266.58024753336
1151,11296.420575991382
1152,11284.948906190955
1153,11407.47377741983
1154,11308.151144595342
1155,11275.603499977497
1156,11332.878648259442
1157,11273.507276996532
1158,11273.460367233418
1159,11278.76365341075
1160,11497.455696843383
1161,11507.340305127109
1162,11507.366281337481
1163,11477.739864865958
1164,11420.358832555956
1165,11447.839034136912
1166,11485.859057061505
1167,11484.3484129362
1168,11482.31648348914
1169,11561.904367990579
1170,11541.836369617477
1171,11583.690590365934
1172,11623.744301381685
1173,11594.390849109534
1174,11527.021922969592
1175,11558.667603326892
1176,11616.11659821069
1177,11617.069306168381
1178,11603.096394980432
1179,11659.260656852039
1180,11542.543390560644
1181,11511.473134276403
1182,11515.992766482937
1183,11454.809614499498
1184,11341.387046276344
1185,11197.789791351377
1186,11213.9579016232
1187,11233.451025646591
1188,11184.246924387315
1189,11171.959756862803
1190,11155.860551990798
1191,11093.871712904885
1192,11093.981935101965
1193,11084.751846797879
1194,11025.57120386166
1195,10966.104474323225
1196,11004.225008229825
1197,11149.364899351132
1198,11178.512631148373
1199,11168.41487232922
1200,11266.761450799306
1201,11274.258536634146
1202,11306.971771969722
1203,11286.02647315265
1204,11302.879452416075
1205,11304.685928729452
1206,11363.621450698438
1207,11284.039738126821
1208,11277.988313823826
1209,11319.602943836426
1210,11314.027053263659
1211,11330.582202591766
1212,11381.659272709116
1213,11473.227947860167
1214,11635.58547252528
1215,11594.740188104555
1216,11588.497979076665
1217,11742.180739764015
1218,11782.31835754234
1219,11753.803645664319
1220,11740.951008798253
1221,11717.206026648331
1222,11691.080500141297
1223,11649.225540304687
1224,11651.680636907831
1225,11658.534680189527
1226,11662.74905210609
1227,11688.828969199621
1228,11725.379945565486
1229,11753.367029322422
1230,11727.398671144721
1231,11721.098306356733
1232,11798.903090528891
1233,11795.539031135791
1234,11748.168497991415
1235,11785.271601046265
1236,11881.198773153585
1237,11875.454665826992
1238,11841.540805527926
1239,11843.045444623413
1240,11883.219271279224
1241,11891.88378316293
1242,11875.078608409262
1243,11950.591908899296
1244,11956.285702259993
1245,11982.673385906768
1246,12014.764982675017
1247,12043.832674221097
1248,12020.966432859612
1249,12015.336256490395
1250,11998.100343681666
1251,11981.931329404651
1252,11992.217399880306
