,Profitloss
0,-0.19143410034155872
1,-0.25290992396885814
2,-0.13473649009921873
3,0.03430246142082094
4,-0.5275664365587796
5,-1.3821380358839952
6,-1.363826474830876
7,-1.6337035940340638
8,-1.671795195231407
9,-1.5820149840674258
10,-1.3991250626050222
11,-0.14540693629309098
12,-0.06483481822546766
13,-0.009600019560318529
14,-0.3531421018908132
15,-0.4017336413571382
16,-2.4859436091276055
17,-2.4942986838105474
18,-2.700141312501969
19,-2.5188756378362376
20,-2.5211426619331068
21,-1.994037322555131
22,-1.870191062617188
23,-2.1267838831454555
24,-1.9685584869808315
25,-1.6493269997082782
26,-1.8911448369833384
27,-1.7204979038194956
28,-1.6223309132632369
29,-1.8875958486740396
30,-1.8211662047802002
31,-1.867791678770725
32,-1.8170931703527349
33,-1.9629538989454853
34,-1.9277814398465098
35,-2.118947299320295
36,-2.00244772755791
37,-2.2768238481563285
38,-2.3552242962760483
39,-2.0184849510666014
40,-1.8739300507957246
41,-1.9055492254495654
42,-2.174972640140449
43,-2.4743032967841527
44,-2.9210622053529423
45,-3.331597678762921
46,-3.3522930669887208
47,-3.245455380965012
48,-3.0474648509125735
49,-3.2624854760735955
50,-1.8357947125524299
51,-1.624161772694821
52,-1.278694219925558
53,-1.0639814313142426
54,-1.1168349859891902
55,-1.4212705089478583
56,-1.421038546966047
57,-1.3505952641689745
58,-1.2202443261376317
59,-1.169515274105759
60,-1.232505385324445
61,-1.3221048227913146
62,-1.5156919789024892
63,-1.3225630694795543
64,-1.198264879052291
65,-1.038932035476181
66,-1.0538344213433248
67,-1.0952437637059886
68,-1.1379117163023422
69,-0.5939694805585094
70,-0.8716515405188918
71,-0.8172741812047191
72,-0.4963444244872939
73,-0.3375159556734175
74,0.12671544794777834
75,0.73503692993242
76,0.8887221549153335
77,0.9517121086305869
78,0.6162766749850057
79,0.6121561390166619
80,0.1197863631113183
81,0.2295860258168636
82,0.3313486813638855
83,-0.11141970086094855
84,-0.4775860527959641
85,-0.5364666152661846
86,-0.47165169799130435
87,-0.5077286675301163
88,-0.939824856638094
89,-0.8442191816465883
90,-0.7244196102946465
91,-0.3327102138526272
92,-0.6585462725071767
93,-0.7925468066435015
94,-0.6064056013895702
95,1.873227461013638
96,1.853718562254314
97,1.2969270954039436
98,1.3582235673220033
99,1.3027103364732229
100,1.3229286655943362
101,1.2465217676899787
102,1.5774680282489406
103,1.7869006645447882
104,1.7864863290943278
105,1.7404931818124858
106,1.621796159516431
107,1.527636161973689
108,2.1221357394999307
109,2.2050528135641123
110,2.151059784832121
111,1.8388752370538164
112,2.163271500602759
113,2.5595297315612164
114,2.665294533484186
115,2.7411845309493144
116,2.905593461487488
117,2.9017809371209236
118,2.8083165699156254
119,2.6834234535091372
120,1.9049366576023852
121,1.657911019572178
122,1.492617497810933
123,1.5166159347101305
124,1.1964087395953005
125,0.5656310551255928
126,0.31143617905402543
127,-0.1699567710129024
128,0.8161883867940478
129,0.8356872806592142
130,1.4619415841626182
131,1.2479850951702343
132,0.4059401133028384
133,0.9608027271218678
134,1.561913089606115
135,1.5276159631972153
136,1.7112699957885225
137,1.802412169591383
138,1.9362116096595772
139,1.6604198472863985
140,1.0422925752789247
141,-0.6349588616364921
142,-0.5170472165957674
143,-0.3496460914715782
144,-0.11665279020509622
145,-0.1561375504911644
146,-0.15012071205535715
147,-1.116179828471331
148,-0.9927874896555333
149,-0.9397505044839161
150,-0.4565663116843366
151,-0.8577352086979961
152,-0.7538874328265721
153,-0.4454356345869992
154,-0.47898769929933804
155,-0.058373493821473055
156,-0.291619544804389
157,-0.9002249180792177
158,-1.4128822743685654
159,-2.305670377103719
160,-4.960846287661158
161,-6.396695180414436
162,-5.439969600462346
163,-4.697568221694171
164,-4.714610147796883
165,-4.987571262824375
166,-6.28912772554322
167,-6.449945512196065
168,-6.194159936869392
169,-6.778328794487686
170,-6.3856084898600285
171,-5.969166329943453
172,-6.327995922058194
173,-6.268981116242955
174,-6.625694821629368
175,-6.574839798008503
176,-6.239704275223012
177,-6.364344069511918
178,-6.9178302983286315
179,-7.521265033198077
180,-8.810395430952344
181,-8.963319368808165
182,-9.383066382303406
183,-9.33717058306387
184,-9.710281257045683
185,-8.989474451341117
186,-8.657618063495697
187,-9.157687089997834
188,-8.231146475186247
189,-8.112222268951275
190,-8.044316464233315
191,-8.167713544565036
192,-8.64807538750597
193,-8.1151374879589
194,-8.058075788461727
195,-8.330700607704046
196,-9.093240519732404
197,-8.979898572019495
198,-8.931681442535655
199,-8.851482343922212
200,-8.953016097880873
201,-10.019542304572315
202,-11.581650260193454
203,-11.147420719804469
204,-10.309588969021766
205,-9.800889540839442
206,-9.67417352286276
207,-9.9558662840187
208,-8.581401660695764
209,-7.98407644374276
210,-8.313306273295929
211,-8.052863690888291
212,-7.923213196774126
213,-7.830471631046388
214,-8.055145394427477
215,-8.059886505276094
216,-8.049601832438613
217,-8.223040534710812
218,-9.00398299834617
219,-8.5800940319679
220,-8.629804503578208
221,-7.4423530017308615
222,-6.276345734134359
223,-6.392287112163841
224,-6.04965568179866
225,-6.327567850626092
226,-6.5134605133137065
227,-6.247237943427231
228,-4.474897806282385
229,-4.478771426710182
230,-4.280090232859646
231,-4.215593712056109
232,-4.666487339403469
233,-4.70127693163035
234,-4.992816314584269
235,-4.903155204178223
236,-4.94837261095602
237,-4.944521858030171
238,-5.513813289462799
239,-5.28010479773795
240,-5.179238233960892
241,-5.474949084808234
242,-5.9496954584593915
243,-5.485115057851897
244,-5.3833506272699
245,-5.2393534290070765
246,-5.274899996439075
247,-5.389017674440311
248,-5.07163498733918
249,-5.454380275883675
250,-5.698421853227698
251,-6.14873153447999
252,-5.784168600208927
253,-6.049392624675843
254,-6.814815564712806
255,-7.870060446384541
256,-7.776629442324367
257,-7.576331068841768
258,-8.541393792578134
259,-8.4793295619513
260,-9.8125264318492
261,-9.527110337857392
262,-10.095990319039982
263,-9.795929124552261
264,-9.233070815861366
265,-9.268355805024587
266,-9.210029974105783
267,-9.869062813580175
268,-9.801941498400113
269,-9.084559191169228
270,-9.284263097423672
271,-11.195675119216485
272,-11.306109454507284
273,-10.364730839817138
274,-10.663281621911525
275,-10.968697104240643
276,-11.625206931762355
277,-11.268102382880175
278,-11.75608730338784
279,-11.339456608679633
280,-10.957768474744434
281,-10.039326151610995
282,-9.794374136943452
283,-9.010867827617751
284,-8.546180784994228
285,-9.060912980328084
286,-9.366332154563162
287,-9.269210077682398
288,-8.636256949424503
289,-8.557366652670495
290,-8.391129780573403
291,-8.665717967312558
292,-8.128368271695985
293,-7.989733223013329
294,-7.952411742052057
295,-8.520292412591669
296,-8.279448014804757
297,-8.389115216178865
298,-7.476450618162033
299,-7.995559279541364
300,-8.056813946978991
301,-7.611693304571143
302,-7.581700015628623
303,-7.098718937220538
304,-7.037764156683213
305,-6.942634599438979
306,-7.083884186949307
307,-7.48478625676694
308,-7.484054604047419
309,-6.74586128698963
310,-6.239556032590777
311,-6.313828216176365
312,-6.633776426531856
313,-6.653979958418388
314,-7.575223099069794
315,-7.261396284085809
316,-7.632802460805433
317,-7.500874515181022
318,-6.569690037775744
319,-6.374501501465213
320,-5.8493462835105365
321,-5.8285241934191045
322,-5.675297678032831
323,-5.762828430344024
324,-4.86568341640492
325,-4.892324849719232
326,-4.928140384384805
327,-5.050105115720072
328,-4.969546095346189
329,-4.942761007533059
330,-5.028167281922247
331,-5.087175100986963
332,-4.884692893643361
333,-4.8732111331929895
334,-5.255814662235481
335,-4.8989140039770955
336,-5.200791596189747
337,-5.456193062972947
338,-5.961799338943385
339,-6.231023348131126
340,-6.34700470738796
341,-6.671455971812657
342,-5.806290345008858
343,-5.12500246292621
344,-4.9984303579447165
345,-5.146890321446518
346,-5.585828075804756
347,-5.173740896439904
348,-5.237315124301711
349,-4.489727317691994
350,-4.297845235297171
351,-3.9292389111469372
352,-3.430828351497972
353,-3.3765701636496614
354,-3.5934803922387237
355,-3.3263002501409122
356,-3.344764564975744
357,-3.2228320188984805
358,-3.3209991772218284
359,-3.3810816630598484
360,-3.3967572010303426
361,-4.31834087303582
362,-4.25558841911311
363,-4.817588941140394
364,-4.82367415896462
365,-6.099390909301128
366,-6.087459516491355
367,-5.362236635968576
368,-5.745081442183464
369,-5.3091786278392945
370,-4.9701971157185
371,-6.863883330617925
372,-7.701106297517968
373,-6.659701137191309
374,-5.458000162092924
375,-5.181495319577034
376,-5.07742122695084
377,-5.524960280380342
378,-5.730067691462226
379,-5.5156118362780004
380,-5.84787854254073
381,-5.346746281080216
382,-5.405414405267328
383,-5.543207374673997
384,-5.5285745776327495
385,-5.642689874920115
386,-5.734751005627214
387,-6.280475713843714
388,-6.415650991657806
389,-7.350048085317484
390,-7.480985873236479
391,-7.435003412865971
392,-7.336078348039665
393,-7.083377157725179
394,-6.481415349402608
395,-6.586494064645465
396,-6.2265673359687135
397,-6.553426982757871
398,-6.427312608445634
399,-5.829855004927264
400,-5.026975327842087
401,-5.1398493854803
402,-4.820237758734436
403,-3.9790385445449328
404,-3.7694364113548207
405,-4.207506622263901
406,-4.054309732939476
407,-4.062712125099854
408,-4.428407564479009
409,-4.073248282139163
410,-4.118120681069226
411,-4.41700652831657
412,-4.381944651726299
413,-4.631757154432425
414,-4.469487923620196
415,-4.339844036720386
416,-4.360382214017788
417,-4.4052976417309875
418,-4.98202233150975
419,-4.858806272553384
420,-4.473503219426556
421,-4.276436963984043
422,-4.052631016409625
423,-3.7207571737125966
424,-3.7469752033117865
425,-3.661823769865713
426,-4.0305497111667865
427,-4.049850183264625
428,-3.8361837660720433
429,-4.093014180106058
430,-4.091563161237655
431,-4.153892416769256
432,-3.617282694580115
433,-3.4364636586934116
434,-3.5723389607157263
435,-3.9697416820445475
436,-4.098279600153298
437,-4.0581120732219205
438,-4.535966533959468
439,-4.173235314267121
440,-4.068548217780787
441,-3.9190072788723107
442,-3.9239737988932544
443,-4.798450204687366
444,-5.003245747802321
445,-4.980645944868045
446,-5.7127323934808345
447,-5.73094608137088
448,-5.96392993233702
449,-6.2638464729908305
450,-6.774441018484712
451,-6.50804057081491
452,-6.502404799652794
453,-6.490716802362417
454,-6.766919137659078
455,-6.478487993410065
456,-6.353035111227667
457,-7.511663116994938
458,-8.403078325758418
459,-7.807554756030188
460,-8.024270557752288
461,-8.510166118314954
462,-8.637975365346563
463,-8.643198355990622
464,-8.778408855270259
465,-8.12723322367913
466,-8.601236347929596
467,-8.974880315727084
468,-9.70729487153761
469,-9.778883715383612
470,-10.041084033298198
471,-9.889411130600656
472,-9.123840516322979
473,-8.949304255167412
474,-8.995606828416625
475,-8.628781908848648
476,-8.468299582421146
477,-8.344479511897662
478,-8.311301524025506
479,-8.443352572829355
480,-8.121703804734004
481,-8.26312777710223
482,-9.001800081882383
483,-9.17804796776327
484,-8.37851574846431
485,-8.294914981947398
486,-7.912526335669656
487,-7.92256975868233
488,-7.808654222197042
489,-8.054922241387175
490,-7.8120649512048335
491,-8.018567951059808
492,-8.219392528608916
493,-8.693997915919017
494,-8.422830361906197
495,-8.124812159150274
496,-8.166639680709476
497,-8.249196170972194
498,-8.144942479815331
499,-8.098623020920591
500,-8.364783806972053
501,-8.303202122820952
502,-8.448847844838959
503,-7.166026978296747
504,-6.843363350885312
505,-6.49606423907051
506,-6.567861858712498
507,-6.270601330060909
508,-6.018293897840099
509,-6.068991544221114
510,-6.017238232688915
511,-5.817813732913857
512,-5.824785235215268
513,-5.9939919596471825
514,-5.949562037137346
515,-6.03627004919054
516,-6.053199933030362
517,-6.059656869255026
518,-6.090509511852538
519,-6.175770683128167
520,-6.4484741329916995
521,-6.301317312234389
522,-6.210365727159594
523,-6.278231377192423
524,-6.025264602227676
525,-5.908997999607967
526,-6.046748551059511
527,-5.949896845632585
528,-4.070311815268379
529,-3.607677817939592
530,-3.710042663713964
531,-3.5393984571483683
532,-3.6071850833100605
533,-3.5902067713754926
534,-3.3431781830434826
535,-3.619610879555679
536,-3.2426611295238383
537,-3.256651782481945
538,-3.3876639698400712
539,-3.841754590787394
540,-4.157988991250871
541,-4.08598520922443
542,-3.8995985004577682
543,-4.113748357235625
544,-4.038011415149145
545,-4.071249669006793
546,-4.1575506515204586
547,-4.155465492751076
548,-4.093180479360125
549,-3.885031654941784
550,-3.9486378528773125
551,-3.9012831758868494
552,-3.9231704974119097
553,-3.7503299934542933
554,-3.5299773802188295
555,-3.5758963062934357
556,-4.930597131088055
557,-4.852237104571177
558,-4.969444336225315
559,-5.007691750502408
560,-5.0112614347641244
561,-4.9508990136452935
562,-4.8883628410302915
563,-4.9588115898826395
564,-4.939294810926853
565,-4.957934816475884
566,-4.997493600151337
567,-5.296806135482369
568,-5.60403545582584
569,-5.703689161221348
570,-5.6077040017462165
571,-5.746479082257516
572,-5.775439076528388
573,-5.388597968607578
574,-5.219136034221162
575,-5.209218766005918
576,-4.4400201372314925
577,-4.454515986093977
578,-4.54363371990929
579,-3.732900718836707
580,-2.8872647931977746
581,-3.0367070785288997
582,-3.1411046943424004
583,-3.2378740413617546
584,-3.2723404022459657
585,-3.2970901808533015
586,-3.122772446216593
587,-3.610581287367376
588,-3.549467451321908
589,-3.5261036751784713
590,-3.5299927988551194
591,-3.6321147370603324
592,-3.3619976479152713
593,-2.804893724761992
594,-2.873833884418009
595,-2.2776505267646407
596,-2.862875546797994
597,-3.0969952545796375
598,-2.9031338958348085
599,-2.399254644974269
600,-2.337728240306125
601,-2.412054804573349
602,-2.2619585111329665
603,-1.71295904174934
604,-1.7056678340504616
605,-2.116211942354118
606,-2.092528387576842
607,-2.08909432987211
608,-2.0971717758298425
609,-2.143330826731582
610,-1.8200192691551487
611,-2.386366168517351
612,-2.7711369125289376
613,-2.790225978090377
614,-2.47326674295677
615,-1.929534249816789
616,-2.155466724278021
617,-2.4515344805334016
618,-2.221768234651822
619,-2.1299108808792377
620,-2.079262935631865
621,-1.914442065219013
622,-1.8721992118100883
623,-1.7564417974268554
624,-1.760720766593571
625,-1.372545803200531
626,-1.2783024034496826
627,-1.0052614331417131
628,-0.7980608840106207
629,-0.7688613225187213
630,-0.8658074573661634
631,-0.9419023572317609
632,-0.6329111646888874
633,-0.5491954873792615
634,-0.3029505080290429
635,0.6481268207881863
636,0.9178831448120706
637,1.0612452861966437
638,1.0500255074478382
639,1.5845519536878738
640,0.9704316626576448
641,1.435296824588983
642,1.3984627089935309
643,1.3088110358168814
644,2.06976567146695
645,2.074337051406161
646,3.1894575484850307
647,3.2456244120388167
648,3.23549690858973
649,3.236352855279989
650,3.7274201904442084
651,3.6985155729269303
652,3.8437466625305783
653,3.378631890695094
654,3.4837083736605434
655,2.8570226834708556
656,2.439794729656275
657,2.5025816400152223
658,2.591085519434011
659,2.3832683497375218
660,1.8509505492438239
661,1.7909547109074442
662,1.6582345134352527
663,2.012620872881654
664,1.8094572749597138
665,2.5532107876965693
666,3.1765654619069883
667,3.0015853515047874
668,2.9750042958873513
669,2.7697524345967173
670,2.9576842112129187
671,3.120673306312405
672,3.0509887852553152
673,3.1602075182854072
674,3.680371444039565
675,3.948534155760952
676,4.340370775412783
677,4.569353152619415
678,4.491978857189705
679,4.646465271981781
680,4.640677369708124
681,4.87410680626803
682,4.1974589189646805
683,4.143909712901861
684,3.7743513747969804
685,3.836946194506763
686,2.8488622316167556
687,2.7272768342908593
688,2.6810598469303892
689,2.6483118920082926
690,3.289913409072409
691,3.3121796659459246
692,3.5636333720136193
693,3.359806548396027
694,3.4445768921003372
695,3.3045723307746133
696,3.421044913793847
697,4.0199238004562154
698,4.03095280845307
699,3.9529959002208903
700,3.814242868854012
701,4.389543058735512
702,4.369167939594343
703,4.444180340968074
704,4.212618990563088
705,4.247104024419479
706,4.492328775530274
707,4.461211388988073
708,3.7669177656492803
709,3.7513159947047736
710,2.0108685250798564
711,1.7407246761519612
712,2.360748795234313
713,2.5648406957532233
714,2.251430063108617
715,2.2446201126697263
716,2.3451038944411584
717,2.2703952250283654
718,2.0856849014343037
719,1.7371424909565336
720,1.6460348031996253
721,1.2455182529606423
722,1.1483999505833786
723,0.7213790644296614
724,2.0411769598114526
725,2.127720495564933
726,2.7258059888157105
727,2.857212551292232
728,3.3421411894978936
729,3.041883385084465
730,2.7563255432024647
731,2.688589971401223
732,3.0440301405223025
733,2.965040219279036
734,2.9153793369317116
735,3.175365032248245
736,2.8512936077402795
737,3.291163251452356
738,3.761881010470569
739,3.5723855781474523
740,3.5879964517891327
741,3.298099186321979
742,3.146462688313867
743,3.164976118390861
744,3.5996835885215406
745,3.2766202863176996
746,3.210525940644593
747,3.370487119022081
748,3.410667571909287
749,3.364177384164968
750,3.288496443014166
751,3.1477348947768657
752,3.1751516464248564
753,4.194726467105303
754,4.294719102772171
755,4.4374536292108635
756,4.594798295236924
757,5.538005589614281
758,5.878919041613506
759,5.870758813528076
760,6.003875275853132
761,6.213375287170408
762,6.412570717732247
763,6.395297501182884
764,6.333140847498986
765,6.290658342047739
766,6.527838412409559
767,7.197215482358876
768,7.055492876796987
769,7.058343786586563
770,7.453724405144602
771,6.6623212102303375
772,5.958665298796428
773,6.157527827039266
774,5.610704032890745
775,5.028279697778815
776,4.265793995954947
777,4.395464839539698
778,4.087351559080443
779,3.6478793750970295
780,3.5651787928117074
781,4.057027493995657
782,4.10052105021923
783,4.742582497879599
784,5.866556731674777
785,5.849634106593227
786,5.850663850200943
787,6.081566654597426
788,5.888263333958399
789,6.1271687927277885
790,6.0321933153546725
791,5.805082401745465
792,5.731801910136225
793,5.159854845088074
794,5.084529492188539
795,5.395661479469571
796,5.655088578068979
797,5.612971330136496
798,6.00485981583152
799,6.475110730393685
800,7.4691174738994
801,6.542073566068218
802,7.380039444610165
803,7.661507350182317
804,7.339614538231287
805,6.805263702339293
806,6.841123183497522
807,6.914817988464517
808,5.818712465374887
809,5.302189514696343
810,6.212421105523869
811,5.659820431686047
812,5.637237879554435
813,6.559075592290764
814,6.604733372977423
815,6.550407114559298
816,6.609527609374344
817,6.6159143899297
818,5.575825822291103
819,6.678640951086701
820,6.499508110696728
821,6.332328306017732
822,6.222891899371441
823,6.499797094491466
824,6.6153714331854685
825,6.638871753862041
826,6.766476418798684
827,6.745336764066656
828,6.3085474990222545
829,6.098335394359733
830,6.225707744513254
831,6.225707744513254
832,6.4810458635670365
833,6.662266695709795
834,6.822891347242588
835,6.680380767786898
836,6.335405681660533
837,6.430589910377371
838,6.411852578137456
839,6.423341821147921
840,6.948157182273729
841,6.8617213050071735
842,7.428625140389022
843,7.654224953834365
844,7.711131308303698
845,7.170681509345966
846,7.078861635547318
847,7.0482961532577715
848,4.668240114194022
849,4.539677630080585
850,4.853537364704041
851,4.610486506999889
852,4.180598985001804
853,4.512074107662345
854,4.38362476877554
855,3.948618510311497
856,4.076108556720959
857,4.462857581399793
858,4.947858004503591
859,4.897585837610863
860,4.76787061721522
861,4.717906948529382
862,5.591178460113144
863,5.691415560527258
864,5.2603636267148035
865,5.212660030891314
866,5.261661050152178
867,4.979973765374135
868,5.640006772341
869,4.845493658305444
870,4.9275123521253406
871,4.6971692042432345
872,4.917331378909062
873,4.566319207514868
874,4.552854962424058
875,4.220657719572118
876,3.844906377145696
877,4.006402790328689
878,4.112880329766888
879,4.38360934564308
880,4.482419775232072
881,5.335585374441343
882,5.564551565192177
883,5.395447731287151
884,5.405791902786761
885,5.6811602826087215
886,5.681118692268572
887,6.005885676974865
888,6.393560749374072
889,6.320483556596912
890,6.2590125675869634
891,6.5730005395828295
892,6.62236464049859
893,6.12189886681842
894,6.171542546274944
895,6.099391473602944
896,6.058159710688971
897,6.205412017552625
898,6.0185946108092025
899,5.488551544612763
900,5.4587065979273985
901,5.397862807668807
902,5.318109550011063
903,3.9033840632444416
904,3.757735748984703
905,3.5088965161063745
906,3.4522492894574652
907,3.146529533554343
908,3.179735779473525
909,2.7540256920111528
910,2.842375136226316
911,3.4883714470719474
912,3.4059870072499887
913,3.512355708404291
914,3.3180647153323584
915,2.6823197076882854
916,3.0549075678950155
917,3.474088543821896
918,2.9585381998731064
919,3.131305457592126
920,3.039558589856939
921,3.100138298115662
922,3.3700836814923196
923,2.698123258145513
924,2.674135725381621
925,3.083890984932447
926,3.0957364246848806
927,3.3674904865607314
928,3.4773215390836
929,3.758505784590227
930,3.6468413664555666
931,3.782400094168459
932,4.722330361090288
933,5.085176624342425
934,5.106133181598205
935,4.927301953887442
936,4.88574586287196
937,4.534107051997105
938,5.021954370212467
939,5.027192139216297
940,4.903029433944384
941,4.595886559285778
942,4.692794774659137
943,4.530789158179127
944,4.01645306166829
945,3.7303690603673445
946,4.548026571119657
947,3.7793298826494848
948,4.076174057740056
949,4.715704794773878
950,4.034789615744505
951,5.240121352680793
952,4.79971401209951
953,3.771278529439437
954,3.91030104457748
955,3.5410824502390748
956,3.0568613816192247
957,2.881702138498232
958,2.368158521029673
959,2.208618233772608
960,1.275910036058936
961,1.173892997387549
962,1.560605244496882
963,3.263577995842093
964,2.637905111919925
965,2.1634781534302094
966,2.397680500197552
967,2.717999483954192
968,2.4631966502353553
969,2.171446474454264
970,1.4912996373168674
971,1.810314601550389
972,2.206403354630093
973,2.1732890670136618
974,2.0405479977084973
975,1.659557372409104
976,0.8937718379161241
977,1.8888573532191533
978,1.684895423010313
979,2.22674651549013
980,1.7959937725152697
981,1.8390830678175707
982,1.4238238419598703
983,1.8695752961275014
984,2.1118755692578706
985,1.6032539219673625
986,1.585640587675008
987,1.6110278143414147
988,1.5260315380217992
989,1.515990538814438
990,1.8736711505404902
991,1.689258691835982
992,1.649857471477656
993,1.2689183990626018
994,1.5531198720987627
995,1.041105600289649
996,0.7250419967258059
997,0.43158164450660674
998,0.3598728098285431
999,1.1414030423946508
1000,0.43672512032773003
1001,1.3229093896800936
1002,1.3979278656740979
1003,0.6571052276769684
1004,3.0004068962882213
1005,3.664103258151341
1006,3.75398460203471
1007,4.593355194845117
1008,4.746806899226708
1009,4.347530743128281
1010,4.316547502684576
1011,4.408002725070537
1012,4.494223299974109
1013,3.6530305706039767
1014,3.9961173867494315
1015,3.8434999535885916
1016,3.1908867329128787
1017,3.190450890935259
1018,3.445169301021078
1019,3.4620955467978165
1020,3.135684714557363
1021,3.5096561631023704
1022,3.304157426962573
1023,3.3302780624607786
1024,3.221543828013118
1025,3.5731267296894575
1026,3.307835525634917
1027,3.076752678752115
1028,3.1785307582391065
1029,2.802887776578733
1030,3.0039831375925807
1031,3.746467494722827
1032,3.301762975530642
1033,2.9776496269946717
1034,3.0404109565522974
1035,2.7238691738478815
1036,2.9568046821738525
1037,2.35320400892991
1038,1.756272968717476
1039,1.9267134066912828
1040,1.7386226178204067
1041,1.7034900021353883
1042,1.4990029360040902
1043,1.4089979197343894
1044,2.8007626784152917
1045,3.424991038116487
1046,3.0894603337354276
1047,2.1018921789439204
1048,2.5318388103677147
1049,2.733044273460261
1050,2.943297115211796
1051,3.0941941704986986
1052,3.910203085856301
1053,4.004758289715005
1054,3.7418502408524956
1055,3.9905013789499844
1056,3.6662974811080717
1057,3.313550036360402
1058,3.235147600478716
1059,3.794487445507788
1060,3.2907466262295904
1061,3.3164018582551247
1062,4.150594769397631
1063,4.52202299185398
1064,4.603115098460009
1065,4.633736840837166
1066,4.941147223231979
1067,4.125166668789082
1068,4.314016428544121
1069,3.993804183616234
1070,3.8055856710726754
1071,3.818197432220005
1072,3.8231940239114026
1073,3.667738063082626
1074,3.520195052354036
1075,3.557439163867593
1076,3.5051971559107997
1077,3.5469531316555836
1078,3.3177986656552694
1079,2.4744147640034964
1080,2.1817270610141604
1081,2.164357260265537
1082,2.327158721424505
1083,2.36556257793743
1084,2.2284424402787106
1085,2.3391641677056096
1086,2.2243312966425233
1087,1.7123640162473919
1088,1.43169838186743
1089,1.2673400837734938
1090,0.543690786869444
1091,0.9429143019095809
1092,0.18571102012376883
1093,0.49208101182478536
1094,0.636169712191692
1095,0.7502137450386082
1096,0.047305258361873825
1097,-1.733541101269398
1098,-1.6918593388829173
1099,-1.2148210467767706
1100,-1.9469121634192121
1101,-1.864763694319993
1102,-2.082872523980084
1103,-2.211259664067955
1104,-2.343188961264653
1105,-2.502378481613232
1106,-2.4918743157831713
1107,-4.5230584172355375
1108,-4.555259804400369
1109,-4.615989879579907
1110,-3.929062709539999
1111,-4.066208310320429
1112,-4.028676245166151
1113,-4.444521037353832
1114,-2.7050567367543077
1115,-3.204807823361866
1116,-3.2413073956666705
1117,-2.8899622375094025
1118,-2.7637677918358694
1119,-2.359296798490629
1120,-2.4031909825909525
1121,-1.9178859463003572
1122,-2.4105643094775697
1123,-2.2995001258707015
1124,-2.324479751021602
1125,-1.8677794530425618
1126,-1.7489506353558393
1127,-1.5956873980287334
1128,-1.4449593229778013
1129,-1.5447863985098786
1130,-1.815553938053971
1131,-1.7736628816809263
1132,-1.7163853454624234
1133,-1.5638155431038303
1134,-1.9132041447176062
1135,-2.0312568889437776
1136,-2.4378339937087157
1137,-2.586203650085006
1138,-2.6203676129897158
1139,-2.9055872364578184
1140,-3.544919597182339
1141,-3.5231769028214233
1142,-3.3617299068676054
1143,-3.6236198111989304
1144,-3.648236021140716
1145,-4.019828785010027
1146,-4.1237859126197485
1147,-4.621323304548497
1148,-5.024997462781022
1149,-5.47123337470018
1150,-6.111831270555335
1151,-5.863161866738487
1152,-5.958759115075374
1153,-4.937718521501422
1154,-5.765407128372146
1155,-6.036637500187525
1156,-5.5593445978379785
1157,-6.054106025028904
1158,-6.0544969397215205
1159,-6.010302888243757
1160,-4.1878691929718155
1161,-4.105497457274088
1162,-4.105280988854321
1163,-4.352167792783678
1164,-4.830343062033704
1165,-4.601341382192404
1166,-4.284507857820785
1167,-4.2970965588649985
1168,-4.314029304257172
1169,-3.6507969334118373
1170,-3.8180302531876986
1171,-3.4692450802838892
1172,-3.135464155152623
1173,-3.38007625742055
1174,-3.9414839752534014
1175,-3.6777699722759016
1176,-3.1990283482442483
1177,-3.19108911526349
1178,-3.3075300418297315
1179,-2.8394945262330107
1180,-3.8121384119946367
1181,-4.071057214363316
1182,-4.033393612642189
1183,-4.543253212504183
1184,-5.488441281030465
1185,-6.685085072071861
1186,-6.550350819806661
1187,-6.38790811961174
1188,-6.797942296772375
1189,-6.900335359476639
1190,-7.03449540007669
1191,-7.551069059125959
1192,-7.550150540816958
1193,-7.6270679433510065
1194,-8.120239967819497
1195,-8.615796047306457
1196,-8.298124931418126
1197,-7.088625838740558
1198,-6.845728073763557
1199,-6.929876063923168
1200,-6.110321243339123
1201,-6.047845528048779
1202,-5.775235233585652
1203,-5.949779390394583
1204,-5.809337896532707
1205,-5.794283927254562
1206,-5.3031545775130144
1207,-5.966335515609822
1208,-6.016764051468115
1209,-5.6699754680297865
1210,-5.716441222802848
1211,-5.578481645068612
1212,-5.1528393940907025
1213,-4.389767101165276
1214,-3.036787728956003
1215,-3.3771650991287094
1216,-3.4291835076944555
1217,-2.1484938352998695
1218,-1.8140136871471646
1219,-2.051636286130676
1220,-2.1587415933478904
1221,-2.356616444597237
1222,-2.5743291654891864
1223,-2.9231204974609404
1224,-2.9026613591014105
1225,-2.8455443317539464
1226,-2.8104245657825877
1227,-2.593091923336488
1228,-2.2885004536209452
1229,-2.0552747556464857
1230,-2.2716777404606536
1231,-2.324180780360563
1232,-1.675807578925903
1233,-1.7038414072017338
1234,-2.0985958500715385
1235,-1.789403324614458
1236,-0.990010223720128
1237,-1.0378777847750653
1238,-1.320493287267288
1239,-1.3079546281382304
1240,-0.9731727393398004
1241,-0.9009684736422496
1242,-1.0410115965894917
1243,-0.41173409250586657
1244,-0.3642858145000649
1245,-0.1443884507769333
1246,0.12304152229181131
1247,0.36527228517582166
1248,0.17472027383009792
1249,0.12780213741996338
1250,-0.01583046931944443
1251,-0.15057225496123428
1252,-0.06485500099744357
