,Portfolio Value
0,11912.034872306744
1,11880.639900833927
2,11524.486676430493
3,11494.755557216233
4,11110.646690212081
5,10672.580739737694
6,10714.674644629024
7,10414.687621826442
8,10448.618090244234
9,10373.48527158061
10,10518.574526993018
11,10589.453133552275
12,10607.971307275131
13,10513.704866562775
14,10625.52885557268
15,10734.389645627074
16,10552.593441310584
17,10487.210274710766
18,10456.846589671553
19,10546.415154557908
20,10631.905887196299
21,10944.380916380653
22,11193.92237546742
23,11181.403689341116
24,11179.965481577556
25,11358.752618504692
26,11192.407548563588
27,11323.325126920698
28,11369.002722954221
29,11376.52673458514
30,11464.304508961777
31,11416.632246420277
32,11310.044091414897
33,11273.880134776111
34,11291.432613092114
35,11266.423666388217
36,11331.635490335038
37,11408.131716212396
38,11332.975336353451
39,11548.85705148597
40,11612.808719569963
41,11533.239099757879
42,11299.043416804534
43,11197.448869469601
44,10857.785219499503
45,10765.92053678953
46,10794.803081153552
47,10810.090910603474
48,10841.003231346203
49,10617.993374533316
50,11097.340034702278
51,10977.821213445237
52,11372.717051508258
53,11453.252447996801
54,11612.61846591218
55,11563.891244231407
56,11583.347199892367
57,11624.13021919834
58,11655.039122770017
59,11796.276154855495
60,11665.675030188257
61,11688.462545290678
62,11699.089887438568
63,11811.504473856721
64,11748.919769987606
65,11851.136830447873
66,11866.744889362853
67,11830.520780632696
68,11773.313033118811
69,12033.094905411117
70,11780.928991050478
71,11780.303383050721
72,11653.488001822225
73,11702.280334648078
74,12580.06136042509
75,12893.77383103721
76,12860.079115781418
77,12894.131459489854
78,12674.982360661907
79,12676.384242443382
80,12754.01808659366
81,12767.24120131002
82,12715.9430922369
83,12604.36854575719
84,12549.35500156995
85,12483.428401267638
86,12643.637358120517
87,12878.592471817394
88,12567.537052493915
89,12643.918561589608
90,12625.358655805006
91,12796.321905735394
92,12654.196910045233
93,12415.72600572096
94,12380.643820807465
95,13072.9470197966
96,12998.207571527912
97,13042.765562678396
98,13127.400819183593
99,13099.313380048776
100,13140.820151714972
101,12872.868871874083
102,13026.546806288336
103,13236.090755783189
104,13015.042266082924
105,12795.030390039074
106,12752.228978385834
107,12651.632082569418
108,12798.816629794046
109,12795.435589937286
110,12723.356333036329
111,12352.38028144093
112,12478.392279725073
113,12644.758073548674
114,12580.330380011843
115,12643.714239012115
116,12863.77900208069
117,12812.174441392031
118,12586.937245723628
119,12528.766686425464
120,12285.628358706272
121,12213.193206798154
122,12089.107487959973
123,12361.341948735395
124,12234.611087170999
125,11984.59863129931
126,11873.433136133954
127,11795.856567285597
128,12261.47508602996
129,12521.411111486343
130,12680.180811329661
131,12616.7974548396
132,12349.479204625924
133,12584.95797144772
134,12506.683644506962
135,12359.674061105825
136,12423.86593197599
137,12483.371612186733
138,12418.12864565748
139,12276.979223431643
140,12094.372683712681
141,11808.12811182964
142,11846.713196609166
143,11848.51815078322
144,11997.614624741314
145,11989.455877521448
146,11946.30593368598
147,11711.535487088575
148,11556.554472435266
149,11447.36611898609
150,11676.00080270223
151,11637.547699779156
152,11738.332197391603
153,11935.785386719594
154,11797.716041204378
155,11721.941338746765
156,11604.81860310809
157,11288.97819081054
158,11190.605293872331
159,10972.248485904749
160,10438.036561609906
161,10203.249286004466
162,10419.785412074263
163,10766.961278639417
164,10732.74262340087
165,10940.73668890678
166,10463.66711114343
167,10377.369251538172
168,10502.160974517283
169,10409.95273571654
170,10476.366307630662
171,10591.581395532663
172,10348.900521689922
173,10402.65193387074
174,10197.301765730534
175,10250.41036367023
176,10263.017132843665
177,10319.080691710271
178,10168.380353157349
179,10035.992404435281
180,9754.57713723881
181,9821.469663302989
182,9440.569028778076
183,9629.076583646949
184,9481.005167896328
185,9721.47089990109
186,10188.62707093482
187,9872.95559314187
188,10013.094327974059
189,10070.242885432537
190,10184.239928831312
191,10389.825357887406
192,10310.552948498836
193,10497.270224041922
194,10674.860077595466
195,10524.387690147802
196,10247.770255733847
197,10239.198699697603
198,10228.123138211038
199,10085.487695880389
200,10063.52166182255
201,9689.411852657544
202,9112.500576845207
203,9143.422768231012
204,9246.553961022044
205,9399.236564785659
206,9669.659969621589
207,9295.854392576088
208,9349.514989395166
209,9309.161416086123
210,9258.204798008757
211,9168.074206629735
212,9136.516719087647
213,9040.269084697778
214,9016.172338959987
215,8916.750663909354
216,8916.051547596266
217,8895.148047047735
218,8603.65560521548
219,8676.100952532826
220,8688.246311438035
221,8984.28042590086
222,9453.531032783287
223,9343.94196495299
224,9703.390874973014
225,9632.911132338231
226,9538.216301634477
227,9722.164629340405
228,9699.895444754338
229,9781.976899476313
230,10024.582441165838
231,10192.651514441754
232,10002.088766597473
233,9898.71139766102
234,9732.040130278187
235,9883.212259932858
236,9760.462080373682
237,9783.456379924217
238,9505.448663510244
239,9460.083212982468
240,9510.540371426678
241,9448.101420801551
242,9313.479816108322
243,9359.664722053525
244,9540.764677672187
245,9759.68537151944
246,9770.057357453497
247,9746.239773327196
248,9821.477012966803
249,9625.831933611698
250,9551.891016483814
251,9381.04552819811
252,9215.79697724589
253,9053.661180273579
254,8926.814288812242
255,8607.93871883522
256,8836.041663481064
257,8773.951435579547
258,8489.992248621891
259,8397.552199237829
260,7675.544635746122
261,7754.3311525432055
262,7308.009810496507
263,7372.037312577749
264,7480.1758774906775
265,7477.683238706164
266,7532.018708715919
267,7334.808083374515
268,7358.626186083049
269,7380.572021669669
270,7427.871636451448
271,7038.456784616134
272,6893.155016586819
273,7245.452473241447
274,7322.673669728433
275,7164.148979307139
276,7050.375110922774
277,7233.494589207468
278,7090.678741327443
279,7135.575280073114
280,7245.888577127269
281,7511.5782496510465
282,7894.799088196954
283,7757.040066504282
284,8025.941455666187
285,7871.374969269636
286,7697.592858575697
287,7824.806427576361
288,7984.136844435304
289,8060.53247324368
290,8309.884654130572
291,8417.140833547315
292,8598.35902580771
293,8623.230955189882
294,8680.85827438267
295,8649.234729326083
296,8857.137785995277
297,8840.68023318696
298,8970.49586397644
299,8853.262316092294
300,8896.652575708857
301,8944.99622220837
302,8930.964849962269
303,8927.859132396386
304,8948.030387223083
305,8996.406395674328
306,9006.516811572877
307,8862.705961622763
308,8863.020896847456
309,9054.473921112141
310,9293.332066150999
311,9198.608126843339
312,9075.421195788385
313,9046.787724688043
314,8756.091394274508
315,8748.268215579024
316,8633.140346184076
317,8926.415679827249
318,9111.37589824931
319,9217.656244468082
320,9536.1188385608
321,9507.446617617388
322,9602.852979732046
323,9467.850090644708
324,9893.58069731259
325,9891.118679183423
326,9877.267951617783
327,9813.563707636667
328,9949.758658830211
329,9949.9719516511
330,9753.283067069116
331,9839.08072714251
332,9583.831082007184
333,9786.199627545871
334,9552.590481187382
335,9436.309098707936
336,9374.871543234403
337,9192.192804909031
338,9222.68533481514
339,9280.886328660472
340,9213.536968414714
341,9068.815249531226
342,9586.713237184229
343,9506.295327689837
344,9553.551504811292
345,9517.825163277737
346,9237.572800290249
347,9358.04032734218
348,9323.43738939122
349,9418.46276611112
350,9498.537185561658
351,9650.424197419547
352,9976.742826278876
353,10099.80071593809
354,9805.3733659712
355,9967.05620268227
356,9989.532958007394
357,10059.529011068573
358,10206.579217820528
359,10241.465221512155
360,10135.675790516692
361,9750.059280643576
362,9824.098613105503
363,9631.519290746646
364,9612.69394699593
365,9203.36935765642
366,9354.095565953301
367,9665.344458429767
368,9873.945428966246
369,10183.944321663563
370,10350.230013923605
371,9422.295205809864
372,9143.318801225027
373,9404.441902554208
374,9933.876107028947
375,10264.556658795136
376,10448.987382798241
377,10082.904056326503
378,9911.496861530828
379,9816.868868470123
380,9692.803633912805
381,9772.964996283445
382,9769.267634719723
383,9713.240367738937
384,9500.671621543293
385,9705.484935955326
386,9520.640253173679
387,9428.587027665835
388,9309.811575142987
389,8989.071163095818
390,8905.063481983427
391,8955.606239148856
392,8837.507935010983
393,8873.037341817899
394,9079.684481645247
395,9095.01823425096
396,9041.901713268377
397,9008.281320068018
398,9014.453055883188
399,9155.742032461916
400,9262.040175837847
401,9219.644051238767
402,9576.304852795649
403,9810.558686168872
404,9788.301887948288
405,9492.600916853338
406,9452.272567480959
407,9402.168437154241
408,9224.748280618494
409,9278.270635985762
410,9108.588277480461
411,9013.658555024296
412,9061.561175625886
413,9015.030634009121
414,8970.011629211473
415,9017.07718604337
416,8955.914056791094
417,8920.795665454945
418,8701.246575412819
419,8629.172232335437
420,8808.537786088375
421,8748.123485439648
422,8881.815216576893
423,9018.754635609974
424,8997.008950794518
425,8863.548777120668
426,8681.614373507815
427,8641.6939596242
428,8722.435050707363
429,8594.867470091749
430,8647.685169717706
431,8523.389338097684
432,8838.519940441538
433,9103.581540875603
434,9021.841947967152
435,8939.315190087109
436,8780.119898964624
437,8819.415321703646
438,8765.353027920122
439,8880.669580501099
440,8860.619436475965
441,8995.630867015432
442,8992.343491375868
443,8855.479239155778
444,8815.244049597466
445,8724.528691350719
446,8565.312007958044
447,8573.50694554457
448,8461.277467361846
449,8353.579702604888
450,8202.698665093469
451,8290.613473126203
452,8211.340231738086
453,8273.374922162518
454,8089.114380896637
455,8206.428939104817
456,8251.672019887716
457,7790.7278335092205
458,7563.018680651004
459,7479.869206095278
460,7550.6707685713645
461,7476.760079403036
462,7248.246382982866
463,7251.372710831353
464,7200.911334955241
465,7463.726305395318
466,7243.540562744764
467,7158.964035379539
468,7058.950613863304
469,6891.198672230806
470,6814.037133857721
471,6805.306942712568
472,6932.515192716226
473,7123.161795828466
474,7122.957215212494
475,7290.708358422319
476,7466.092020893092
477,7567.650817698684
478,7479.9332511910025
479,7357.594558347443
480,7417.15786933439
481,7298.417525289676
482,7265.543169835843
483,7167.773877081453
484,7268.691543940549
485,7281.913242525438
486,7399.355501273578
487,7404.3962008243125
488,7412.6601134310085
489,7366.118819997442
490,7501.8136427476575
491,7372.242141894853
492,7342.879463424941
493,7183.794562756951
494,7256.865000952937
495,7284.743783749697
496,7341.912872165415
497,7315.656374002133
498,7448.528175117143
499,7453.009624199258
500,7349.263148512723
501,7365.010640870866
502,7311.099178373545
503,7488.846860274305
504,7729.587192757059
505,7807.560514871052
506,7768.720137202477
507,7967.927480932347
508,8102.2374931651675
509,8107.95740760029
510,8190.281882767877
511,8339.663594894851
512,8289.626162111628
513,8209.330733510758
514,8235.609967891756
515,8397.846268677136
516,8338.500834250974
517,8314.727703724164
518,8282.295630158616
519,8402.17545426887
520,8299.411691868947
521,8388.615759908143
522,8525.163993742919
523,8487.133704423844
524,8579.186136533632
525,8611.074735747572
526,8468.735270782063
527,8581.751297852843
528,9132.87613394141
529,9274.98507727087
530,9133.98757453715
531,9287.349161313148
532,9486.522190825459
533,9414.734213487256
534,9492.810238820859
535,9363.637560074309
536,9502.854709428402
537,9462.910759112863
538,9385.858399288652
539,9300.888622917591
540,9298.671794981063
541,9353.658264675467
542,9378.423551715689
543,9308.624834110968
544,9414.937170787181
545,9407.712891048603
546,9325.12961983061
547,9318.537283801597
548,9391.977351048152
549,9440.645386396582
550,9399.895699332224
551,9474.711849894806
552,9567.533992454912
553,9752.031649821329
554,9840.510091591335
555,9827.049766281163
556,9632.245631250958
557,9691.290868503329
558,9660.350730370068
559,9664.174075372888
560,9576.27466823589
561,9594.292956545181
562,9638.897029154827
563,9578.46809183916
564,9589.841990032706
565,9524.343034549258
566,9426.562250245968
567,9438.417000132533
568,9207.24643344179
569,9123.62364994215
570,9086.803165428239
571,9028.740854906913
572,8958.806683354618
573,9101.168084396888
574,9150.071243653403
575,9122.088050868124
576,9275.907915204418
577,9258.59681000339
578,9200.228314666314
579,9386.136281572759
580,9694.09747329953
581,9618.527072807374
582,9389.562481622797
583,9467.632069443845
584,9460.931744764099
585,9609.18329138029
586,9728.373159537898
587,9177.46522874832
588,9229.33393367207
589,9281.967816489701
590,9230.025312915519
591,9105.804738567935
592,9230.622649985567
593,9454.426473925128
594,9360.092489092878
595,9692.53098987268
596,9679.938531800093
597,9649.231738628563
598,9475.670337774593
599,9783.228521896583
600,9867.47225713626
601,9884.796519136758
602,9879.545628301552
603,10199.022486651476
604,10211.246025772583
605,9956.193373764261
606,9958.551620423907
607,9957.257340687884
608,9953.676739021203
609,9932.141947830525
610,10040.750462201437
611,9771.430729762471
612,9670.282159553346
613,9685.88668154671
614,9885.612474220961
615,10096.741394788003
616,10086.736179409472
617,9867.263168863
618,9865.853527256224
619,9870.082051605774
620,9673.19787927963
621,9851.445588283972
622,9913.828773820374
623,10001.811149053492
624,10037.664678483594
625,9833.361293374222
626,9859.228259358899
627,10199.948661193373
628,10278.039759752022
629,10238.607887698914
630,10228.179650352455
631,10173.573467431204
632,10279.291146906864
633,10289.176514071189
634,10291.606344296253
635,10494.445475037672
636,10579.411309709674
637,10656.3339853601
638,10571.74144895956
639,10735.57337593256
640,10343.219454442391
641,10690.906428258455
642,10417.7045803084
643,10387.631223594555
644,10645.170400372812
645,10648.343219080294
646,10775.548124713048
647,10759.519136979945
648,10757.081811928203
649,11072.624586748481
650,10981.465296084261
651,10961.68944233025
652,11037.6934999111
653,10884.523615953816
654,10924.60465062628
655,10874.437736608268
656,10611.082389183688
657,10672.119577329679
658,10641.146559103054
659,10593.802826639661
660,10395.64854391603
661,10232.01946506915
662,10115.56677765085
663,10256.894816456104
664,10098.185203419047
665,10357.689890684447
666,10697.128253424542
667,10669.79966587221
668,10638.717839808318
669,10474.79570730724
670,10594.419955671092
671,10898.522284793637
672,11093.455162110555
673,11021.230783713649
674,10999.49076521202
675,11341.768962530232
676,11528.899668113589
677,11602.186816740726
678,11519.27468521112
679,11901.375241157239
680,12195.606995573891
681,12133.091877440693
682,11932.165113968162
683,11869.726489148083
684,11668.241748113829
685,11679.418831198276
686,11694.890290251296
687,11492.068845343012
688,11373.387074396169
689,11271.982589457146
690,11310.967147310836
691,11313.648093638423
692,11543.852088476002
693,11400.130347589416
694,11338.998669849332
695,11123.992752168824
696,11158.830085312211
697,11348.599368089552
698,11359.882869485835
699,11284.416443323098
700,11036.522373222802
701,11224.136733696057
702,11237.859943337033
703,11288.382541213236
704,11257.604961760837
705,11276.477334214429
706,11698.453813697828
707,11672.090773275197
708,11163.272007140798
709,11273.422297172694
710,11186.536850108114
711,11081.391420524209
712,11184.87737255112
713,11218.81511034889
714,11223.766110110313
715,11223.20491452675
716,11272.905482498587
717,11243.515865350277
718,11184.56788764871
719,11099.024809709204
720,11153.259740546051
721,10923.144348403974
722,10870.091142578025
723,10567.584369883698
724,10895.58430572564
725,10937.172834734738
726,11226.541088981954
727,11104.443048604237
728,11214.505325263111
729,11098.894925624227
730,11025.057552879842
731,11049.586052280287
732,11257.66960584014
733,11311.425689664804
734,11314.453268668854
735,11371.888901542901
736,10933.410476154051
737,11221.98669521649
738,11498.685886156949
739,11353.568728462009
740,11423.79854586366
741,11307.069875702586
742,11193.357328379361
743,11061.975858551457
744,11359.020716120662
745,11310.359964097966
746,11319.8849441334
747,11359.589537707818
748,11500.247913423413
749,11545.260477221336
750,11400.777403704838
751,11565.808466275637
752,11598.058487674547
753,11632.864585629826
754,11704.704393547525
755,11958.1032165344
756,12085.841170745834
757,11977.433500351859
758,12029.78460024403
759,12069.30472467584
760,12253.862551112188
761,12460.141185221484
762,12252.104197939161
763,12292.549662507246
764,12268.367598129571
765,12211.117777574234
766,12377.172877993342
767,12804.522277490032
768,12548.841400060215
769,12620.908457019634
770,12870.710298011778
771,12775.281969618485
772,12655.648613426996
773,12765.854488522153
774,12764.42371364101
775,12363.687133602636
776,11777.713801435904
777,11823.189449648018
778,12174.686137457722
779,11866.1950984141
780,11463.404759140232
781,11926.85995690702
782,11920.931150686094
783,11827.084461671102
784,11840.333149177053
785,11921.24403796635
786,11829.758357274506
787,11885.276275059865
788,11564.201621321634
789,11924.418613234464
790,11766.734581405926
791,11677.505149265931
792,11469.24138411356
793,11118.379996461423
794,11014.205997940844
795,11219.431687648983
796,11284.139953811524
797,11270.020583574402
798,11494.843659009139
799,11525.178843603688
800,11935.996060597712
801,11648.60854594717
802,12068.729080717074
803,12247.70358632813
804,11997.723836746438
805,11763.56423574832
806,11599.957879274372
807,12131.582920596697
808,11864.444340334754
809,11732.245797421127
810,12053.46381548673
811,11712.880075025723
812,11710.136232703135
813,11949.13405641574
814,12021.989306648551
815,11663.678133314259
816,11584.822458283254
817,11566.358301259994
818,11497.553190156572
819,11721.001254542383
820,11414.648420293692
821,11311.824875205006
822,11186.818242305184
823,11445.304509960659
824,11481.592792775346
825,11453.91724201129
826,11439.188457035027
827,11433.467415328945
828,11428.831150707067
829,11349.304321697582
830,11553.113369783248
831,11553.113369783248
832,11643.166221812422
833,11402.735460605621
834,11451.791049093017
835,11360.202513761249
836,11259.502195085524
837,11068.31668201389
838,11124.96372968761
839,11108.029324584604
840,11039.76278950491
841,11283.366207503452
842,11411.94206718772
843,11566.831978981138
844,11406.836934256624
845,11159.200970551112
846,10995.758403168124
847,10949.31206376931
848,10924.505147705138
849,10980.057675976279
850,11273.793603425733
851,11087.876672836055
852,10856.38034042647
853,11128.760658485819
854,11034.577145757188
855,10825.955499487203
856,11023.89175705322
857,11122.959158152193
858,11310.093128337108
859,11309.15242367228
860,10984.051111386634
861,10838.996352298478
862,11083.723235582385
863,11048.268857904603
864,10955.658809544446
865,10917.547692388034
866,10959.01286745312
867,10703.26051697446
868,10957.957199148068
869,10450.002096549197
870,10507.203871210966
871,10429.624009926356
872,10593.166507643959
873,10485.864715240894
874,10475.452876973537
875,10349.951484496676
876,10131.554824710638
877,10259.937709738551
878,10294.474493802094
879,10465.500114045406
880,10636.65995383542
881,10916.158043093628
882,10663.56652684935
883,10600.254995552965
884,10629.678650303842
885,10414.923801247362
886,10439.87860333477
887,10651.350894082352
888,10770.51549681894
889,10785.718180793468
890,10820.923332508479
891,10955.511809905052
892,10946.079006093629
893,10945.458600481756
894,11006.318785362122
895,10944.515278630406
896,10956.14861966698
897,11018.915656375857
898,11099.284596316425
899,11081.153010207563
900,11008.454824929151
901,10869.216523253659
902,10880.367070177801
903,10941.447916014844
904,11031.569328413481
905,10934.689969391906
906,10715.813198757469
907,10344.689916623789
908,10571.520190187994
909,10246.050717678496
910,10255.124077966271
911,10425.55098315888
912,10267.009375572596
913,10344.209954457794
914,10134.05011780757
915,10020.934752707155
916,10093.458504354547
917,10065.707072237657
918,9835.513474231631
919,9959.202445308949
920,9954.226709337281
921,9974.371701533855
922,10057.69599661916
923,9582.766033304586
924,9618.34565932301
925,9707.345835913951
926,9734.0711057755
927,9696.102071889942
928,9737.70596187896
929,9856.592795268181
930,9710.404452488712
931,9793.070105189256
932,9971.582676643811
933,10132.351524505595
934,10254.142096513515
935,10094.53494862247
936,10052.210968613133
937,9821.0355202797
938,9921.282643625711
939,9962.674396792356
940,9909.790645028523
941,9948.56427697136
942,9996.770907409385
943,9866.866205166541
944,9688.029527636998
945,9444.47817771126
946,9941.534312648184
947,9608.530622535349
948,9590.594301600835
949,9743.939684022045
950,9823.645742607552
951,10163.497202846684
952,10294.002869015874
953,10149.720375947336
954,10330.59717246466
955,10185.670324709126
956,9802.154191842177
957,9868.000720594688
958,9607.384134190512
959,9519.078331571374
960,9581.501160112775
961,9475.561697335996
962,9438.736253938563
963,10054.722058372357
964,9956.44219439311
965,9824.119458099996
966,9995.610500990533
967,10047.095515225867
968,10189.386442413885
969,10142.454208045017
970,9776.776163690269
971,9533.777634640623
972,9634.547468961193
973,9472.170971713955
974,9898.014468976313
975,9943.797390714151
976,9767.987413290439
977,9998.442202670016
978,9903.888638414901
979,10332.266034317596
980,10323.509336730845
981,10280.366933935542
982,9972.484421522897
983,10146.86540989315
984,10360.7507992424
985,10220.184910651386
986,10201.438745866017
987,10232.7760537603
988,10213.987138471715
989,10467.926429904888
990,10586.477814717122
991,10505.381812755604
992,10496.735363904843
993,10651.18584770068
994,10928.948282280951
995,10865.868563224543
996,10752.50143686865
997,10685.098993794956
998,10619.530183039107
999,10721.055884797248
1000,10089.985738275023
1001,10992.649263139087
1002,11010.031237766554
1003,10423.48803985331
1004,10911.273808530852
1005,11074.941917881244
1006,11112.426339267657
1007,11540.104770599137
1008,11739.820996441636
1009,11577.674945882058
1010,12118.816594565986
1011,11932.77376359042
1012,12031.345696141729
1013,11784.118288363297
1014,11938.477880187562
1015,11878.588828036527
1016,11126.06988320061
1017,11135.017783606398
1018,10997.313430066242
1019,10882.298008088464
1020,10878.339838440037
1021,11103.376938204907
1022,10900.919154864529
1023,10984.08541871942
1024,10873.259810736039
1025,10801.024018258215
1026,10679.586870390267
1027,10410.01439341755
1028,10543.360048590223
1029,10522.071627825328
1030,10511.269044335138
1031,10684.681902665428
1032,10471.386856138777
1033,10579.492850554727
1034,10526.348130767548
1035,10385.022370497178
1036,10969.79382433305
1037,10743.990717801695
1038,10417.891077811628
1039,10631.901111189296
1040,10540.413042972259
1041,10463.650420707263
1042,10219.752069107686
1043,10212.446660950318
1044,10357.539599021755
1045,10489.148752826011
1046,10527.088774067204
1047,10312.76619729563
1048,10344.58559054097
1049,10436.31738846691
1050,10442.425527464837
1051,10585.027117107624
1052,10846.351204384488
1053,10913.277672394363
1054,10662.563014137568
1055,10762.70025250974
1056,10586.605461284764
1057,10524.118043291692
1058,10444.485773892924
1059,10587.473066533694
1060,10363.547980120726
1061,10387.935714033028
1062,10543.69610197467
1063,10694.207330004778
1064,10719.847149975723
1065,10691.761465546928
1066,10708.096375855122
1067,10517.22202391516
1068,10559.178898828297
1069,10429.651879590849
1070,10473.240380559984
1071,10591.538353880143
1072,10535.802503223054
1073,10748.994674975862
1074,10683.98080554238
1075,10828.421959975924
1076,10596.51066793785
1077,10729.186221807395
1078,10339.961134485968
1079,10191.501794508382
1080,10079.698009606058
1081,10106.734592074401
1082,10247.478239615244
1083,10268.131623404415
1084,10224.835212316435
1085,10247.924752495195
1086,10043.883607606971
1087,9948.410810920363
1088,9908.616620594781
1089,9889.031380378734
1090,9739.579072187495
1091,10011.462245027578
1092,9780.114910560058
1093,10005.556006639867
1094,10056.592035226686
1095,10110.493949893884
1096,10046.527895743797
1097,9977.436870007285
1098,9820.469621053466
1099,9989.473805286907
1100,9675.284747577763
1101,9690.193354323692
1102,9507.427089943176
1103,9423.846176130844
1104,9402.294464037626
1105,9696.312059576103
1106,9743.888976341572
1107,9012.706945382983
1108,9194.48217625008
1109,9148.867901122205
1110,9481.419643551319
1111,9354.013967427181
1112,8879.57406010694
1113,8690.666415196869
1114,9558.037733720457
1115,9321.04173409637
1116,9199.464465810785
1117,9322.85907255006
1118,9367.55168072855
1119,9507.354253609898
1120,9489.76927216397
1121,9636.162412041458
1122,9633.553122237485
1123,9686.364731670485
1124,9636.300694008538
1125,9665.27089556814
1126,9694.206568927291
1127,9728.537506034407
1128,9874.003811041992
1129,9936.41700567183
1130,9989.24852581652
1131,9961.37576104199
1132,10046.398004380295
1133,10164.901876616124
1134,10023.955992119198
1135,9963.235556495696
1136,9992.212597509726
1137,9934.470751011486
1138,9959.57171900557
1139,9669.190634114908
1140,9346.477531015807
1141,9185.92244709857
1142,9212.757245394543
1143,9220.727420586334
1144,9253.528453382436
1145,9191.164577833224
1146,9101.776595501984
1147,8916.25849070353
1148,8786.608845428136
1149,8743.468140747678
1150,8603.213272600433
1151,8772.498522637736
1152,8741.390396059322
1153,9063.93187544645
1154,8825.320975753506
1155,8751.912612916985
1156,8662.290403123308
1157,8573.347128477395
1158,8591.834710898513
1159,8518.083377115638
1160,8659.14472254941
1161,8623.18802728587
1162,8702.43414329703
1163,8666.261220143308
1164,8519.270434519914
1165,8594.383932297073
1166,8706.883142216724
1167,8720.608518749907
1168,8708.609114510664
1169,8861.114438888291
1170,8763.108964436064
1171,8841.750839926344
1172,8971.17014962349
1173,8913.334017324662
1174,8755.239537858019
1175,8800.204058085066
1176,9018.487119357
1177,9084.64417955962
1178,9038.030672267596
1179,9186.541217331102
1180,8733.13702507767
1181,8601.096051180588
1182,8832.708259387871
1183,8921.119993168051
1184,8681.406046755386
1185,8660.729030990533
1186,8639.882126152861
1187,8667.845505093594
1188,8534.37713260282
1189,8471.548054263909
1190,8228.23482137255
1191,8037.830388436135
1192,7977.351403740354
1193,7911.445673027578
1194,7937.243288275598
1195,7721.836598507904
1196,7865.840230034562
1197,8034.769214254664
1198,8195.092717270869
1199,8163.365202218497
1200,8366.106952323358
1201,8367.241858156347
1202,8445.485098975287
1203,8462.158215978598
1204,8500.088228613344
1205,8527.98029994759
1206,8636.372376651621
1207,7796.53215186057
1208,7617.65766662134
1209,7750.030669336392
1210,7715.422736198065
1211,7766.787801977343
1212,7889.97054557121
1213,7985.619660599826
1214,8234.691740794677
1215,7787.311532699316
1216,7779.895049515135
1217,7812.136173366336
1218,7804.714294318498
1219,7614.284441823222
1220,7418.659641952451
1221,7515.395278377755
1222,7413.424496697328
1223,7256.3781770730075
1224,7364.074946786471
1225,7593.574962446664
1226,7759.16768786526
1227,7869.7834224166
1228,7855.31693496945
1229,7935.231654361238
1230,7753.011540482537
1231,7607.63229031212
1232,7902.462022260444
1233,8090.390308529753
1234,7856.915219665269
1235,8117.388564748469
1236,8270.329380748346
1237,8320.64752085896
1238,8096.01855530158
1239,8104.266808905368
1240,8210.739515458858
1241,8184.731256739951
1242,8138.086231099672
1243,8353.711082446682
1244,8476.061150281763
1245,8515.131196758113
1246,8637.873890490333
1247,8736.366280448225
1248,8560.63207053775
1249,8629.121724016557
1250,8659.469311958987
1251,8524.469676238261
1252,8577.264052327047
