,Profitloss
0,-0.7330427307771337
1,-0.9946674930506161
2,-3.9626110297458883
3,-4.21037035653139
4,-7.411277581565989
5,-11.061827168852556
6,-10.711044628091472
7,-13.210936484779644
8,-12.928182581298053
9,-13.554289403494913
10,-12.34521227505818
11,-11.754557220397711
12,-11.600239106040577
13,-12.385792778643534
14,-11.453926203560993
15,-10.546752953107719
16,-12.0617213224118
17,-12.60658104407696
18,-12.859611752737054
19,-12.113207045350771
20,-11.400784273364174
21,-8.796825696827892
22,-6.7173135377714965
23,-6.821635922157365
24,-6.833620986853706
25,-5.343728179127572
26,-6.729937095303439
27,-5.63895727566085
28,-5.2583106420481585
29,-5.19561054512383
30,-4.464129091985192
31,-4.861397946497692
32,-5.749632571542529
33,-6.050998876865743
34,-5.904728224232381
35,-6.113136113431528
36,-5.569704247208018
37,-4.932235698230036
38,-5.558538863721241
39,-3.7595245709502567
40,-3.2265940035836493
41,-3.889674168684343
42,-5.841304859962215
43,-6.687926087753326
44,-9.518456504170814
45,-10.28399552675392
46,-10.043307657053735
47,-9.915909078304386
48,-9.658306405448302
49,-11.516721878889024
50,-7.522166377481021
51,-8.518156554623024
52,-5.227357904097851
53,-4.556229600026651
54,-3.2281794507318273
55,-3.634239631404945
56,-3.4721066675636125
57,-3.132248173347174
58,-2.874673976916531
59,-1.6976987095375429
60,-2.786041415097862
61,-2.596145455911014
62,-2.5075842713452756
63,-1.57079605119399
64,-2.0923352501032833
65,-1.2405264129343951
66,-1.1104592553095594
67,-1.4123268280608614
68,-1.8890580573432403
69,0.2757908784259744
70,-1.8255917412460243
71,-1.8308051412439963
72,-2.8875999848147926
73,-2.480997211266023
74,4.8338446702090865
75,7.448115258643417
76,7.16732596484515
77,7.451095495748783
78,5.624853005515895
79,5.63653535369486
80,6.283484054947164
81,6.393676677583504
82,5.9661924353074935
83,5.036404547976581
84,4.577958346416233
85,4.028570010563648
86,5.363644651004318
87,7.321603931811604
88,4.729475437449304
89,5.365988013246725
90,5.211322131708385
91,6.636015881128277
92,5.451640917043621
93,3.464383381008007
94,3.172031840062206
95,8.941225164971666
96,8.318396429399266
97,8.689713022319978
98,9.39500682652994
99,9.160944833739793
100,9.506834597624758
101,7.273907265617363
102,8.554556719069462
103,10.300756298193248
104,8.458685550691047
105,6.625253250325613
106,6.268574819881945
107,5.430267354745144
108,6.656805248283715
109,6.628629916144058
110,6.027969441969394
111,2.9365023453410855
112,3.986602331042266
113,5.372983946238952
114,4.83608650009868
115,5.364285325100959
116,7.198158350672412
117,6.7681203449335925
118,4.891143714363566
119,4.406389053545534
120,2.380236322552265
121,1.7766100566512844
122,0.7425623996664354
123,3.0111829061282958
124,1.955092393091662
125,-0.12834473917241462
126,-1.0547238655503888
127,-1.7011952726200263
128,2.1789590502496514
129,4.345092595719513
130,5.66817342774717
131,5.139978790329991
132,2.9123267052160395
133,4.874649762064331
134,4.222363704224685
135,2.997283842548537
136,3.532216099799923
137,4.0280967682227775
138,3.4844053804790054
139,2.3081601952636976
140,0.7864390309390012
141,-1.5989324014196726
142,-1.2773900282569528
143,-1.2623487434731628
144,-0.019878127155714687
145,-0.0878676873212636
146,-0.44745055261682376
147,-2.403870940928543
148,-3.695379396372789
149,-4.60528234178258
150,-2.699993310814741
151,-3.020435835173707
152,-2.180565021736647
153,-0.5351217773367223
154,-1.6856996566301907
155,-2.3171555104436248
156,-3.293178307432587
157,-5.9251817432455
158,-6.744955884397241
159,-8.564595950793763
160,-13.016361986584112
161,-14.972922616629447
162,-13.168454899381143
163,-10.275322678004862
164,-10.56047813832608
165,-8.827194259110172
166,-12.802774073804757
167,-13.521922903848571
168,-12.481991879022647
169,-13.250393869028832
170,-12.696947436411154
171,-11.736821703894474
172,-13.75916231925065
173,-13.3112338844105
174,-15.02248528557889
175,-14.579913636081422
176,-14.474857226302795
177,-14.00766090241441
178,-15.263497057022091
179,-16.36672996303933
180,-18.711857189676586
181,-18.15441947247509
182,-21.328591426849364
183,-19.757695136275423
184,-20.991623600863928
185,-18.987742500824247
186,-15.09477440887651
187,-17.72537005715108
188,-16.557547266882843
189,-16.081309288062194
190,-15.131333926405732
191,-13.41812201760495
192,-14.078725429176364
193,-12.522748132983985
194,-11.04283268670445
195,-12.296769248768324
196,-14.601914535551275
197,-14.673344169186642
198,-14.765640514908018
199,-15.954269200996762
200,-16.137319484812085
201,-19.254901227853804
202,-24.06249519295661
203,-23.804810264741572
204,-22.94538365814963
205,-21.673028626786174
206,-19.419500253153423
207,-22.5345467285326
208,-22.08737508837362
209,-22.423654865948972
210,-22.84829334992702
211,-23.599381611418867
212,-23.8623606742696
213,-24.66442429418518
214,-24.86523050866678
215,-25.693744467422054
216,-25.699570436697783
217,-25.873766274602218
218,-28.30286995653767
219,-27.699158728893114
220,-27.597947404683044
221,-25.13099645082616
222,-21.220574726805943
223,-22.133816958725085
224,-19.138409375224885
225,-19.72574056384807
226,-20.51486415304603
227,-18.981961422163295
228,-19.16753796038051
229,-18.48352583769739
230,-16.461812990284685
231,-15.06123737965206
232,-16.649260278354394
233,-17.510738352824838
234,-18.899665581015114
235,-17.63989783389285
236,-18.662815996885985
237,-18.471196833964864
238,-20.787927804081296
239,-21.165973225146097
240,-20.74549690477768
241,-21.265821493320402
242,-22.38766819909732
243,-22.00279398288729
244,-20.493627686065107
245,-18.669288570671338
246,-18.582855354554184
247,-18.781335222273366
248,-18.154358225276646
249,-19.784733886569185
250,-20.400908195968213
251,-21.824620598349075
252,-23.201691856284256
253,-24.552823497720176
254,-25.609880926564653
255,-28.26717734303984
256,-26.36631947099113
257,-26.8837380368371
258,-29.25006459481757
259,-30.02039833968476
260,-36.03712803544899
261,-35.38057372880662
262,-39.09991824586244
263,-38.566355728518765
264,-37.66520102091102
265,-37.68597301078197
266,-37.23317742736734
267,-38.87659930521238
268,-38.678115115974585
269,-38.49523315275276
270,-38.101069696237936
271,-41.34619346153221
272,-42.55704152844317
273,-39.62122938965461
274,-38.97771941892972
275,-40.29875850577385
276,-41.24687407564355
277,-39.7208784232711
278,-40.91101048893797
279,-40.53687266605738
280,-39.61759519060609
281,-37.40351458624128
282,-34.210007598358715
283,-35.35799944579765
284,-33.11715453611511
285,-34.4052085894197
286,-35.85339284520253
287,-34.793279770196996
288,-33.465526296372474
289,-32.82889605630267
290,-30.750961215578563
291,-29.857159720439043
292,-28.34700811826909
293,-28.139742040084325
294,-27.65951438014441
295,-27.92304392228264
296,-26.190518450039356
297,-26.327664723442002
298,-25.24586780019633
299,-26.222814032564212
300,-25.86122853575953
301,-25.458364814930246
302,-25.575292916981095
303,-25.601173896696782
304,-25.433080106474304
305,-25.029946702713936
306,-24.945693236892687
307,-26.144116986476973
308,-26.141492526271193
309,-24.546050657398823
310,-22.555566115408343
311,-23.344932276305506
312,-24.371490035096787
313,-24.6101022942663
314,-27.032571714379095
315,-27.0977648701748
316,-28.057163781799368
317,-25.61320266810626
318,-24.071867514589094
319,-23.186197962765988
320,-20.532343011993337
321,-20.77127818652177
322,-19.97622516889962
323,-21.10124924462743
324,-17.55349418906176
325,-17.574011006804813
326,-17.689433736518478
327,-18.220302436361102
328,-17.085344509748246
329,-17.08356706957417
330,-18.722641107757365
331,-18.00766060714576
332,-20.13474098327347
333,-18.44833643711774
334,-20.39507932343848
335,-21.364090844100538
336,-21.87607047304664
337,-23.398393292424746
338,-23.144288876540497
339,-22.659280594496067
340,-23.220525263210725
341,-24.42653958723978
342,-20.11072302346476
343,-20.78087226925136
344,-20.387070793239236
345,-20.68479030601885
346,-23.02022666424792
347,-22.016330605481837
348,-22.304688421739836
349,-21.512810282407322
350,-20.84552345365285
351,-19.57979835483711
352,-16.86047644767603
353,-15.834994033849249
354,-18.288555283573338
355,-16.941198310981086
356,-16.753892016605054
357,-16.17059157442856
358,-14.945173184828931
359,-14.654456487398704
360,-15.536035079027567
361,-18.749505994636863
362,-18.132511557454134
363,-19.737339243777953
364,-19.89421710836724
365,-23.305255352863163
366,-22.049203617055824
367,-19.455462846418612
368,-17.717121425281277
369,-15.133797319470311
370,-13.748083217303297
371,-21.480873284917802
372,-23.805676656458107
373,-21.62965081204826
374,-17.2176991080921
375,-14.462027843373871
376,-12.925105143347992
377,-15.975799530612477
378,-17.404192820576437
379,-18.192759429415638
380,-19.226636384059958
381,-18.5586250309713
382,-18.589436377335645
383,-19.056330268842192
384,-20.827736487139227
385,-19.12095886703895
386,-20.661331223552683
387,-21.42844143611804
388,-22.41823687380844
389,-25.09107364086819
390,-25.791137650138108
391,-25.36994800709287
392,-26.354100541575143
393,-26.058022151517513
394,-24.335962652956276
395,-24.208181381242
396,-24.65081905609686
397,-24.93098899943319
398,-24.879557867640102
399,-23.702149729484034
400,-22.816331868017947
401,-23.169632906343608
402,-20.197459560036258
403,-18.24534428192607
404,-18.430817600430938
405,-20.89499235955552
406,-21.23106193765868
407,-21.64859635704799
408,-23.12709766151254
409,-22.681078033451985
410,-24.095097687662825
411,-24.886178708130867
412,-24.48699020311762
413,-24.87474471659066
414,-25.24990308990439
415,-24.857690116305243
416,-25.367382860074216
417,-25.660036121208783
418,-27.489611871559838
419,-28.09023139720469
420,-26.595518449263544
421,-27.0989709546696
422,-25.98487319519256
423,-24.84371136991689
424,-25.024925410045682
425,-26.137093523994437
426,-27.65321355410154
427,-27.98588366979834
428,-27.313041244105307
429,-28.37610441590209
430,-27.935956919019112
431,-28.971755515852628
432,-26.345667162987183
433,-24.136820492703315
434,-24.8179837669404
435,-25.505706749274093
436,-26.832334175294804
437,-26.504872319136286
438,-26.955391433998976
439,-25.99442016249085
440,-26.16150469603362
441,-25.036409441538066
442,-25.063804238534427
443,-26.20433967370185
444,-26.539632920021116
445,-27.295594238744016
446,-28.622399933682964
447,-28.554108787128584
448,-29.489354438651283
449,-30.386835811625936
450,-31.644177790887763
451,-30.91155439061498
452,-31.57216473551595
453,-31.05520898197901
454,-32.590713492528025
455,-31.61309217412652
456,-31.2360665009357
457,-35.07726805408983
458,-36.97484432790831
459,-37.66775661587268
460,-37.07774359523863
461,-37.6936660049747
462,-39.59794680847612
463,-39.57189407640539
464,-39.992405542039656
465,-37.80228078837234
466,-39.637161977126965
467,-40.34196637183717
468,-41.17541155113913
469,-42.57334439807662
470,-43.216357217852334
471,-43.28910881072859
472,-42.22904006069812
473,-40.64031836809612
474,-40.64202320656255
475,-39.24409701314734
476,-37.78256649255757
477,-36.93624318584431
478,-37.66722290674165
479,-38.686712013771306
480,-38.19035108888008
481,-39.17985395591936
482,-39.45380691803464
483,-40.26855102432122
484,-39.427570467162084
485,-39.31738964562135
486,-38.33870415605352
487,-38.29669832646406
488,-38.22783238807494
489,-38.61567650002131
490,-37.48488631043618
491,-38.56464881754289
492,-38.809337804792165
493,-40.13504531035874
494,-39.526124992058854
495,-39.29380180208586
496,-38.81739273195487
497,-39.036196883315554
498,-37.92893187402381
499,-37.891586465006185
500,-38.756140429060636
501,-38.624911326076116
502,-39.07417351355379
503,-37.59294283104746
504,-35.586773393691175
505,-34.9369957094079
506,-35.26066552331268
507,-33.60060432556378
508,-32.481354223623605
509,-32.43368826999758
510,-31.74765097693436
511,-30.50280337587624
512,-30.919781982403094
513,-31.58891055407701
514,-31.369916934235363
515,-30.017947761023866
516,-30.51249304790855
517,-30.7106024689653
518,-30.980869748678195
519,-29.981871214426082
520,-30.838235901092105
521,-30.094868667432138
522,-28.956966718809007
523,-29.27388579646797
524,-28.506782195553072
525,-28.241043868770234
526,-29.427206076816148
527,-28.485405851226307
528,-23.892698883821584
529,-22.70845768940941
530,-23.88343687885708
531,-22.605423655723765
532,-20.945648409787843
533,-21.543881554272872
534,-20.89324800982617
535,-21.969686999380766
536,-20.809544088096644
537,-21.142410340726137
538,-21.784513339261224
539,-22.492594809020073
540,-22.511068375157805
541,-22.05284779437111
542,-21.846470402369267
543,-22.428126382408596
544,-21.542190243440153
545,-21.602392574594976
546,-22.290586501411582
547,-22.345522634986693
548,-21.73352207459873
549,-21.327955113361817
550,-21.667535838898132
551,-21.044067917543284
552,-20.270550062875735
553,-18.73306958482226
554,-17.995749236738867
555,-18.107918614323637
556,-19.73128640624201
557,-19.239242762472266
558,-19.497077246916096
559,-19.465216038559262
560,-20.197711098034244
561,-20.047558695456825
562,-19.67585809037644
563,-20.179432568006995
564,-20.084650083060783
565,-20.63047471208952
566,-21.445314581283604
567,-21.346524998895553
568,-23.272946387985094
569,-23.96980291714875
570,-24.276640288098015
571,-24.760492875775718
572,-25.343277638711513
573,-24.156932630025928
574,-23.74940630288831
575,-23.982599576098973
576,-22.700767373296515
577,-22.845026583305085
578,-23.331430711114052
579,-21.782197653560342
580,-19.215854389170595
581,-19.84560772660522
582,-21.753645986476688
583,-21.10306608796796
584,-21.158902126965838
585,-19.923472571830914
586,-18.93022367051752
587,-23.521123093763997
588,-23.088883886066093
589,-22.650268195919153
590,-23.08312239237068
591,-24.118293845267214
592,-23.078144583453607
593,-21.213112717290596
594,-21.99922925755935
595,-19.228908417727673
596,-19.333845568332553
597,-19.589735511428643
598,-21.036080518545063
599,-18.473095650861815
600,-17.7710645238645
601,-17.626695673860347
602,-17.67045309748707
603,-15.008145944571027
604,-14.906283118561802
605,-17.031721885297824
606,-17.01206982980078
607,-17.02285549426764
608,-17.052693841489976
609,-17.23215043474562
610,-16.327079481654692
611,-18.57141058531274
612,-19.414315337055456
613,-19.284277653777416
614,-17.619896048158658
615,-15.860488376766636
616,-15.943865171587735
617,-17.77280692614166
618,-17.784553939531467
619,-17.74931623661855
620,-19.390017672669746
621,-17.90462009763356
622,-17.384760218163542
623,-16.65157375788756
624,-16.352794345970057
625,-18.055322555214815
626,-17.839764505342515
627,-15.000427823388552
628,-14.349668668733152
629,-14.678267602509054
630,-14.76516958039621
631,-15.220221104739961
632,-14.339240442442803
633,-14.256862382740099
634,-14.236613797531227
635,-12.546287708019399
636,-11.838239085752711
637,-11.197216788665843
638,-11.902154592003667
639,-10.53688853389534
640,-13.806504546313402
641,-10.909113097846213
642,-13.18579516409667
643,-13.43640647004537
644,-11.2902466635599
645,-11.26380650766422
646,-10.20376562739126
647,-10.337340525167127
648,-10.35765156726497
649,-7.72812844376266
650,-8.487789199297824
651,-8.652587980581261
652,-8.01922083407417
653,-9.295636533718199
654,-8.961627911447678
655,-9.379685528264437
656,-11.574313423469263
657,-11.065670188919341
658,-11.323778674141217
659,-11.718309778002823
660,-13.369595467366423
661,-14.73317112442375
662,-15.703610186242912
663,-14.525876529532466
664,-15.848456638174612
665,-13.685917577629603
666,-10.857264554795487
667,-11.085002784398256
668,-11.344018001597355
669,-12.710035772439676
670,-11.713167036074235
671,-9.178980960053028
672,-7.554540315745372
673,-8.156410135719593
674,-8.337576956566494
675,-5.485258645581403
676,-3.925836099053426
677,-3.3151098604939477
678,-4.00604428990734
679,-0.8218729903563426
680,1.6300582964490884
681,1.1090989786724403
682,-0.5652907169319876
683,-1.0856125904326497
684,-2.7646520990514234
685,-2.671509740014366
686,-2.542580914572534
687,-4.232759622141568
688,-5.221774380031929
689,-6.066811754523782
690,-5.741940439076365
691,-5.719599219679806
692,-3.8012325960333215
693,-4.998913770088198
694,-5.5083444179222285
695,-7.300060398593134
696,-7.009749289064904
697,-5.428338599253735
698,-5.334309420951378
699,-5.9631963056408495
700,-8.02898022314331
701,-6.465527219199519
702,-6.35116713885806
703,-5.930145489889704
704,-6.186625318659688
705,-6.029355548213089
706,-2.5128848858514297
707,-2.7325768893733615
708,-6.972733273826681
709,-6.054814190227553
710,-6.778859582432384
711,-7.655071495631594
712,-6.792688562074001
713,-6.509874080425915
714,-6.468615749080719
715,-6.473292378943752
716,-6.059120979178445
717,-6.304034455414365
718,-6.795267602927413
719,-7.508126585756624
720,-7.056168828782905
721,-8.97379709663355
722,-9.415907145183123
723,-11.93679691763585
724,-9.203464118952997
725,-8.856893043877179
726,-6.445490925150388
727,-7.4629745949647
728,-6.545788956140742
729,-7.509208953131441
730,-8.12452039266799
731,-7.920116230997609
732,-6.186086617998843
733,-5.738119252793306
734,-5.712889427759549
735,-5.234259153809151
736,-8.888246032049574
737,-6.483444206529243
738,-4.177617615358753
739,-5.386927262816588
740,-4.80167878446951
741,-5.774417702478452
742,-6.722022263505323
743,-7.816867845404518
744,-5.34149403232782
745,-5.747000299183613
746,-5.667625465554993
747,-5.33675385243485
748,-4.164600721471556
749,-3.7894960231555364
750,-4.993521635793008
751,-3.618262781036352
752,-3.3495126027121125
753,-3.059461786418116
754,-2.460796720437297
755,-0.3491398622133324
756,0.7153430895486146
757,-0.1880541637345079
758,0.24820500203357465
759,0.5775393722986744
760,2.115521259268238
761,3.834509876845704
762,2.1008683161596764
763,2.4379138542270473
764,2.236396651079753
765,1.7593148131186176
766,3.1431073166111823
767,6.704352312416928
768,4.5736783338351295
769,5.1742371418302735
770,7.255919150098156
771,6.460683080154039
772,5.463738445224964
773,6.3821207376846045
774,6.370197613675077
775,3.0307261133553087
776,-1.852384988034128
777,-1.4734212529331825
778,1.4557178121476833
779,-1.1150408465491646
780,-4.471627007164736
781,-0.6095003591081727
782,-0.6589070776158779
783,-1.4409628194074875
784,-1.33055709019122
785,-0.6562996836137591
786,-1.4186803560457872
787,-0.956031041167793
788,-3.6316531556530474
789,-0.6298448897128051
790,-1.9438784882839455
791,-2.6874570894505734
792,-4.422988465720334
793,-7.3468333628214815
794,-8.214950017159628
795,-6.504735936258477
796,-5.965500384903965
797,-6.0831618035466555
798,-4.209636174923848
799,-3.9568429699692653
800,-0.5333661616857333
801,-2.9282621171069168
802,0.5727423393089515
803,2.064196552734421
804,-0.018968027113019925
805,-1.9702980354306732
806,-3.3336843393802273
807,1.0965243383058043
808,-1.1296304972103877
809,-2.2312850214906144
810,0.44553179572275337
811,-2.392666041452307
812,-2.4155313941405465
813,-0.42388286320216295
814,0.1832442220712549
815,-2.80268222238117
816,-3.459812847639554
817,-3.613680822833387
818,-4.187056748695239
819,-2.3249895454801384
820,-4.877929830885908
821,-5.7347927066249476
822,-6.7765146474568
823,-4.6224624169945105
824,-4.320060060205455
825,-4.550689649905914
826,-4.673429524708106
827,-4.721104872258786
828,-4.759740410774449
829,-5.422463985853487
830,-3.7240552518062686
831,-3.7240552518062686
832,-2.9736148182298194
833,-4.977204494953158
834,-4.56840792422486
835,-5.331645718656253
836,-6.170815040953959
837,-7.764027649884242
838,-7.2919689192699195
839,-7.433088961794965
840,-8.00197675412575
841,-5.971948270804573
842,-4.900482773435666
843,-3.60973350849052
844,-4.943025547861469
845,-7.006658578740732
846,-8.368679973598969
847,-8.755732801922411
848,-8.962457102457178
849,-8.49951936686434
850,-6.051719971452229
851,-7.601027726366205
852,-9.530163829779415
853,-7.260327845951508
854,-8.045190452023432
855,-9.783704170939977
856,-8.13423535788984
857,-7.308673682065059
858,-5.749223930524094
859,-5.757063136064334
860,-8.46624073844472
861,-9.675030397512685
862,-7.635639703480123
863,-7.931092850794974
864,-8.702843253796289
865,-9.020435896766376
866,-8.674892771223996
867,-10.806162358546167
868,-8.683690007099433
869,-12.916649195423357
870,-12.439967739908619
871,-13.086466583947033
872,-11.723612436300346
873,-12.617794039659213
874,-12.704559358553858
875,-13.75040429586103
876,-15.570376460744683
877,-14.500519085512076
878,-14.21271255164922
879,-12.78749904962162
880,-11.3611670513715
881,-9.032016307553093
882,-11.136945609588745
883,-11.664541703725295
884,-11.419344580801315
885,-13.208968322938652
886,-13.001011638876925
887,-11.238742549313729
888,-10.245704193175499
889,-10.119015160054435
890,-9.825638895762678
891,-8.70406825079123
892,-8.78267494921976
893,-8.787844995985372
894,-8.280676788648977
895,-8.795706011413284
896,-8.698761502775177
897,-8.175702863534529
898,-7.505961697363118
899,-7.65705824827031
900,-8.26287645892374
901,-9.423195639552839
902,-9.330274415184991
903,-8.821267366542962
904,-8.070255596554322
905,-8.877583588400784
906,-10.701556677021095
907,-13.794250694801757
908,-11.903998415100048
909,-14.61624401934587
910,-14.540632683614408
911,-13.120408473675994
912,-14.441588536895033
913,-13.798250379518384
914,-15.549582351603586
915,-16.492210394107044
916,-15.887845797045442
917,-16.119107731352855
918,-18.037387714736408
919,-17.006646289092096
920,-17.04811075552266
921,-16.880235820551203
922,-16.18586669484032
923,-20.14361638912845
924,-19.847119505641587
925,-19.10545136738374
926,-18.882740785204167
927,-19.199149400917147
928,-18.852450317675327
929,-17.86172670609849
930,-19.079962895927395
931,-18.3910824567562
932,-16.903477694634905
933,-15.563737295786705
934,-14.548815862387377
935,-15.878875428146088
936,-16.231575261557218
937,-18.158037331002497
938,-17.32264463645241
939,-16.977713360063706
940,-17.41841129142898
941,-17.095297691905344
942,-16.693575771588453
943,-17.776114956945488
944,-19.266420603025015
945,-21.296015185739503
946,-17.153880727931803
947,-19.92891147887209
948,-20.078380819993047
949,-18.80050263314962
950,-18.1362854782704
951,-15.304189976277637
952,-14.216642758201047
953,-15.41899686710554
954,-13.91169022946116
955,-15.119413960757278
956,-18.31538173464853
957,-17.76666066171093
958,-19.9384655484124
959,-20.67434723690521
960,-20.154156999060202
961,-21.036985855533374
962,-21.34386455051197
963,-16.21064951356369
964,-17.029648380057417
965,-18.132337849166703
966,-16.703245825078895
967,-16.274204039784447
968,-15.088446313217629
969,-15.47954826629152
970,-18.526865302581097
971,-20.551853044661485
972,-19.712104425323396
973,-21.065241902383715
974,-17.51654609186406
975,-17.13502174404874
976,-18.60010488924634
977,-16.679648311083206
978,-17.46759467987583
979,-13.897783047353373
980,-13.97075552724295
981,-14.330275550537152
982,-16.895963153975856
983,-15.442788250890427
984,-13.66041000631334
985,-14.831792411238453
986,-14.98801045111653
987,-14.726866218664158
988,-14.883440512735701
989,-12.767279750792593
990,-11.779351544023985
991,-12.45515156036997
992,-12.527205300792977
993,-11.240117935827666
994,-8.925430980992067
995,-9.451095306462143
996,-10.395821359427915
997,-10.957508385042036
998,-11.50391514134077
999,-10.6578676266896
1000,-15.916785514374808
1001,-8.394589473840941
1002,-8.249739685278712
1003,-13.137599667889088
1004,-9.072718262242896
1005,-7.708817350989627
1006,-7.396447172769527
1007,-3.8324602450071965
1008,-2.168158362986361
1009,-3.5193754509828534
1010,0.9901382880498799
1011,-0.5602186367465012
1012,0.2612141345144092
1013,-1.799014263639187
1014,-0.5126843317703189
1015,-1.0117597663622746
1016,-7.282750973328255
1017,-7.208185136613354
1018,-8.355721416114648
1019,-9.314183265929465
1020,-9.347168012999695
1021,-7.471858848292445
1022,-9.159007042795597
1023,-8.46595484400483
1024,-9.389501577199677
1025,-9.99146651451488
1026,-11.003442746747771
1027,-13.249880054853747
1028,-12.138666261748144
1029,-12.316069768122272
1030,-12.406091297207178
1031,-10.960984144454766
1032,-12.73844286551019
1033,-11.83755957871061
1034,-12.280432243603768
1035,-13.458146912523517
1036,-8.585051463891247
1037,-10.466744018319208
1038,-13.184241018236431
1039,-11.400824073422534
1040,-12.163224641897841
1041,-12.80291316077281
1042,-14.835399424102613
1043,-14.896277825414018
1044,-13.687170008152039
1045,-12.590427059783238
1046,-12.274260216106637
1047,-14.06028168920308
1048,-13.795120078825251
1049,-13.030688429442417
1050,-12.979787271126364
1051,-11.791440690769805
1052,-9.613739963462608
1053,-9.056019396713644
1054,-11.145308215520267
1055,-10.310831229085505
1056,-11.778287822626964
1057,-12.299016305902565
1058,-12.962618550892302
1059,-11.771057778885885
1060,-13.63710016566062
1061,-13.433869049724766
1062,-12.135865816877745
1063,-10.881605583293519
1064,-10.667940416868971
1065,-10.901987787108936
1066,-10.765863534540642
1067,-12.356483134040342
1068,-12.006842509764192
1069,-13.08623433674293
1070,-12.7229968286668
1071,-11.737180384332135
1072,-12.201645806474549
1073,-10.425044375201153
1074,-10.966826620480163
1075,-9.763150333533964
1076,-11.695744433851251
1077,-10.590114818271712
1078,-13.833657212616934
1079,-15.070818379096817
1080,-16.00251658661619
1081,-15.777211732713326
1082,-14.604348003206303
1083,-14.432236471629878
1084,-14.793039897363048
1085,-14.600627062540038
1086,-16.300969936608578
1087,-17.096576575663647
1088,-17.42819482837682
1089,-17.591405163510554
1090,-18.836841065104217
1091,-16.571147958103516
1092,-18.499042411999522
1093,-16.620366611334447
1094,-16.195066373110954
1095,-15.745883750884303
1096,-16.27893420213503
1097,-16.854692749939293
1098,-18.16275315788779
1099,-16.754384955942434
1100,-19.372627103518635
1101,-19.248388713969234
1102,-20.771440917140204
1103,-21.467948532242964
1104,-21.64754613301978
1105,-19.197399503532473
1106,-18.800925197153575
1107,-24.894108788475144
1108,-23.379315197916007
1109,-23.759434157314963
1110,-20.98816963707234
1111,-22.04988360477349
1112,-26.003549499108836
1113,-27.57777987335942
1114,-20.34968555232952
1115,-22.324652215863583
1116,-23.33779611824346
1117,-22.3095077287495
1118,-21.937069327262094
1119,-20.77204788658419
1120,-20.91858939863358
1121,-19.698646566321187
1122,-19.72039064802096
1123,-19.28029390274596
1124,-19.697494216595512
1125,-19.45607587026551
1126,-19.21494525893924
1127,-18.928854116379945
1128,-17.716634907983398
1129,-17.196524952734748
1130,-16.756262284862334
1131,-16.98853532465008
1132,-16.280016630164205
1133,-15.2924843615323
1134,-16.46703339900669
1135,-16.97303702920253
1136,-16.73156168741895
1137,-17.212743741570947
1138,-17.003569008286924
1139,-19.423411382375765
1140,-22.112687241534935
1141,-23.450646274178588
1142,-23.227022955045474
1143,-23.16060482844722
1144,-22.887262888479697
1145,-23.406961851389795
1146,-24.151861704150136
1147,-25.697845910803906
1148,-26.7782596214322
1149,-27.13776549376935
1150,-28.30655606166306
1151,-26.895845644685533
1152,-27.155080032838985
1153,-24.467234371279588
1154,-26.45565853538745
1155,-27.067394892358454
1156,-27.814246640639094
1157,-28.555440596021707
1158,-28.401377409179062
1159,-29.01597185736968
1160,-27.840460645421583
1161,-28.140099772617745
1162,-27.479715472524745
1163,-27.78115649880577
1164,-29.006079712334042
1165,-28.380133897524395
1166,-27.442640481527302
1167,-27.328262343750776
1168,-27.428257379077802
1169,-26.157379675930905
1170,-26.974091963032798
1171,-26.318743000613797
1172,-25.240248753137596
1173,-25.722216522294485
1174,-27.039670517849846
1175,-26.66496618262445
1176,-24.845940672025
1177,-24.294631837003166
1178,-24.683077731103364
1179,-23.445489855574152
1180,-27.22385812435274
1181,-28.3241995734951
1182,-26.394097838434405
1183,-25.657333390266235
1184,-27.65494961037178
1185,-27.8272580750789
1186,-28.000982282059496
1187,-27.76795412422005
1188,-28.88019056164317
1189,-29.40376621446743
1190,-31.43137648856208
1191,-33.018080096365544
1192,-33.522071635497056
1193,-34.071286058103524
1194,-33.85630593103668
1195,-35.6513616791008
1196,-34.45133141637865
1197,-33.04358988121113
1198,-31.70756068940943
1199,-31.97195664817919
1200,-30.282442063972013
1201,-30.272984515363778
1202,-29.62095750853928
1203,-29.48201486684502
1204,-29.165931428222137
1205,-28.933497500436744
1206,-28.03023019456983
1207,-35.02889873449525
1208,-36.519519444822166
1209,-35.4164110888634
1210,-35.704810531682796
1211,-35.27676831685547
1212,-34.25024545357325
1213,-33.453169495001454
1214,-31.377568826711034
1215,-35.105737227505706
1216,-35.16754125404054
1217,-34.8988652219472
1218,-34.96071421401251
1219,-36.54762965147316
1220,-38.177836317062905
1221,-37.37170601351871
1222,-38.22146252752226
1223,-39.53018185772493
1224,-38.63270877677941
1225,-36.7202086462778
1226,-35.3402692677895
1227,-34.418471479861665
1228,-34.539025541921255
1229,-33.87306954698969
1230,-35.391570495978854
1231,-36.603064247399
1232,-34.1461498144963
1233,-32.58008076225205
1234,-34.52570650278942
1235,-32.35509529376276
1236,-31.080588493763784
1237,-30.661270659508666
1238,-32.53317870582016
1239,-32.464443259121936
1240,-31.577170704509516
1241,-31.79390619383374
1242,-32.182614740836065
1243,-30.385740979610986
1244,-29.36615708098531
1245,-29.040573360349054
1246,-28.017717579247226
1247,-27.196947662931457
1248,-28.661399412185418
1249,-28.09065229986203
1250,-27.837755733675106
1251,-28.962752698014494
1252,-28.52279956394127
