,cash
0,0.1861585075449831
1,0.06046791792346404
2,0.20447424813819753
3,0.11118072295455704
4,0.22238936804557732
5,0.10917439807210816
6,0.12277097726805992
7,0.11341951076240968
8,0.15618338382380184
9,0.20899163688990874
10,0.12473225350610093
11,0.05243067008763178
12,0.03142891248749269
13,0.09042360779529021
14,0.06251168400274384
15,0.23774479317022748
16,0.04289737418584292
17,0.19623179098547366
18,0.08897729377983908
19,0.1585841766322429
20,0.2032098921949201
21,0.25052659463130705
22,0.15038027038484095
23,0.16713637719792276
24,0.2378480325317842
25,0.215049201102614
26,0.23607937587329278
27,0.02213291063770979
28,0.016286564951337748
29,0.29563060439511873
30,0.11003514945890375
31,0.12198132179171807
32,0.5172389796359966
33,0.22002416756523238
34,0.054412324871098386
35,0.2418895320700273
36,0.15387006308320686
37,0.3740748677343831
38,0.17788268225967077
39,0.12076701598804439
40,0.0887701488438141
41,0.15107351954144993
42,0.25656313473195486
43,0.10661174693012854
44,0.08497090330330359
45,0.10892154006836605
46,0.15732247930590415
47,0.3005817996412318
48,0.25620980666579807
49,0.06015581077005653
50,0.088026024938538
51,0.15595131719732178
52,0.23504136279028592
53,0.21606399305980223
54,0.23355104262162174
55,0.10090591737585229
56,0.08430868589842297
57,0.14107987363875082
58,0.04747238515901614
59,0.1902874172854112
60,0.17556462021060146
61,0.101118179635772
62,0.18769814664539494
63,0.061356682716895636
64,0.14204955227625443
65,0.09779151916325725
66,0.027530358502616162
67,0.09432420082017363
68,0.049413834881899946
69,0.036741078897397784
70,0.2850074332848904
71,0.08408524639073765
72,0.23383209242462377
73,0.3423045624431312
74,0.7027869124867646
75,0.044710162212374
76,0.12947809572938013
77,0.08940422929108521
78,0.28264311761557714
79,0.2386047195003805
80,0.04738328113579016
81,0.1349209767510468
82,0.1846793883577685
83,0.0740585787578575
84,0.2396647004603088
85,0.04317798319788987
86,0.23553788634978398
87,0.09192286066763465
88,0.24565803152892865
89,0.12344260275126114
90,0.10893587120278778
91,0.12898977449848348
92,0.2410717026640696
93,0.14480125553300568
94,0.08892675853879559
95,0.2549037619052508
96,0.11599194296190538
97,0.08221039362991932
98,0.05505545869088456
99,0.0716994037536349
100,0.4081476979261223
101,0.16029405142249126
102,0.19137661860904587
103,0.15401388766545043
104,0.08881566073228674
105,0.0715095315529005
106,0.23170929891969833
107,0.18949751508868923
108,0.12748570051666944
109,0.17428590836768246
110,0.25245282790497076
111,0.07520654416735727
112,0.0932796402270282
113,0.20752947198230087
114,0.07907846940648637
115,0.02598137815578382
116,0.1877356944328916
117,0.23776634242572622
118,0.13998346242137907
119,0.34293254148713026
120,0.2228744070193007
121,0.04287942249766324
122,0.21722624050985312
123,0.2215633655396872
124,0.40732938178660694
125,0.09038452571015093
126,0.3070930799708263
127,0.08860058852868956
128,0.17100878944190753
129,0.1709569914511269
130,0.2858943172375783
131,0.2955180116721648
132,0.035239643843853946
133,0.18705021329960578
134,0.13900569373460178
135,0.09828567371078469
136,0.2933630444399216
137,0.26725807306650295
138,0.1314161665368899
139,0.27258060939426
140,0.20955153574267674
141,0.21458314916987165
142,0.1167028158785448
143,0.16246035327886926
144,0.21112615789627895
145,0.11722899692970494
146,0.2928990576929699
147,0.18105820097072078
148,0.09931224518266933
149,0.22929371090594666
150,0.10138692979809945
151,0.19683786822688726
152,0.4770003894389605
153,0.35373858399800717
154,0.17857686944014117
155,0.28499394492537516
156,0.04943786256099563
157,0.26923670927240706
158,0.3718236943042962
159,0.20417657927165797
160,0.04800281645875652
161,0.16266305826345914
162,0.2098768133499065
163,0.1717839689066209
164,0.23897194407480835
165,0.24640117487337315
166,0.16806075240181106
167,0.16462363194528862
168,0.03543853113305212
169,0.22877851866027135
170,0.1686728431442396
171,0.22544195025347258
172,0.3121302075019923
173,0.2609672219583153
174,0.1851525562899382
175,0.1195944899824936
176,0.16971979402296092
177,0.11245334196786468
178,0.2629637394670186
179,0.2079777188221916
180,0.07586645719583689
181,0.1878503050790302
182,0.26276716970468816
183,0.25030268344962275
184,0.12896585899765955
185,0.18790638698237594
186,0.10326986776626662
187,0.17852497562553266
188,0.08210560571171083
189,0.11929186426260548
190,0.14934173630366981
191,0.06229408272214453
192,0.22380171991560463
193,0.18819584192439046
194,0.09537796746988579
195,0.16976569979748865
196,0.3242615527754458
197,0.10999506836216512
198,0.2797925718237155
199,0.431586435392909
200,0.5237158983849901
201,0.35527139131564456
202,0.15898684570896135
203,0.2031609764514319
204,0.2538496731506515
205,0.04744532925426184
206,0.002007126928042986
207,0.22854766749254002
208,0.132115950907202
209,0.18873987686902327
210,0.11380966366471197
211,0.12196767455278555
212,0.1019569927808824
213,0.1955771551842471
214,0.2541254902944853
215,0.08640308897619565
216,0.07230611663247921
217,0.08775837141569447
218,0.3069954085229279
219,0.048730741437890704
220,0.1978987810095642
221,0.2956644041825987
222,0.021420428186790352
223,0.06646980292288171
224,0.18113944260668927
225,0.0814158985400486
226,0.15666439736525928
227,0.2540227088385141
228,0.2462963745365376
229,0.06860837310724226
230,0.12074590897634327
231,0.0584101675810473
232,0.04704445194362056
233,0.27529369399364967
234,0.12328418448505019
235,0.08726925839850525
236,0.17957367468791557
237,0.2582709143268298
238,0.18249370695528536
239,0.09430253011540067
240,0.1972049250834565
241,0.20309107789170053
242,0.11510194666610817
243,0.10661906880975619
244,0.1161217738628969
245,0.1704966019018473
246,0.3681359297533751
247,0.07604534209638114
248,0.0702623035694656
249,0.5153959134930283
250,0.04800902406744564
251,0.22861345344445033
252,0.13175957461828236
253,0.12917512331378522
254,0.28734304150040496
255,0.18364810786785685
256,0.3094090810626828
257,0.14002035187768155
258,0.16121176362822448
259,0.2132190528301428
260,0.12004440835121076
261,0.17923863336771748
262,0.28185514541686657
263,0.2211812672215339
264,0.20106083209882386
265,0.1315910986936421
266,0.10986838016297168
267,0.3191544517920586
268,0.213505656408434
269,0.11938789198653756
270,0.3084763895077433
271,0.4076397677781782
272,0.13320140386609094
273,0.35319823197782874
274,0.13854403141858676
275,0.10525389464345646
276,0.21021777270490713
277,0.13250592294994212
278,0.03209010662999059
279,0.11258630315215493
280,0.2022034205836148
281,0.3415671421814685
282,0.2293954404020757
283,0.20503850703906934
284,0.03733809624081399
285,0.18594454222435094
286,0.1806056526467484
287,0.19824233376082742
288,0.1144264931698359
289,0.10375962143071947
290,0.16436684703829313
291,0.2721979717871199
292,0.20235688670826604
293,0.2419336734523224
294,0.18633791698446103
295,0.1562855845606539
296,0.4227873440239591
297,0.09443321370372278
298,0.5188383039375347
299,0.3724495431418677
300,0.22273070463449618
301,0.20183252022872866
302,0.10345862410970592
303,0.07391153651983329
304,0.09005768457270244
305,0.1451137461421112
306,0.19181182555416154
307,0.26718174190609334
308,0.1268481212430558
309,0.10313777201205139
310,0.0995878820521377
311,0.4049343806903571
312,0.28369771334928895
313,0.19790374870446434
314,0.214552665103795
315,0.1055638673592699
316,0.11119297060314359
317,0.13302311399858346
318,0.2584938990132053
319,0.10404208702309256
320,0.11654541378763973
321,0.3053666841781216
322,0.3822342120351694
323,0.14678856165510945
324,0.05016304228725921
325,0.0369101582322953
326,0.10348034944511943
327,0.20649342183855543
328,0.12890460641662005
329,0.17397722403012642
330,0.08303099676978465
331,0.2885580122401063
332,0.23948575259037555
333,0.1552963914831204
334,0.4122913249150752
335,0.1994853482914849
336,0.24340012496159935
337,0.06880797497291463
338,0.13832389324936306
339,0.28198932766518237
340,0.12072513462542393
341,0.07274338250519274
342,0.01852929051229185
343,0.22403326095102458
344,0.04054657542062987
345,0.13167747789754142
346,0.11574514887005768
347,0.06561725773887128
348,0.29556701317815204
349,0.061903349622640394
350,0.14058498929669924
351,0.2597559527876316
352,0.23101994174762464
353,0.05249314779808825
354,0.19871870683777937
355,0.2034327675547147
356,0.3691238576741682
357,0.1872529741115507
358,0.07696143177660578
359,0.031445936915878714
360,0.07835944837156042
361,0.13145376875880596
362,0.11489928157407976
363,0.1519858749982036
364,0.1274777787169278
365,0.14341390283388217
366,0.1047766155605422
367,0.0788570316301435
368,0.1099262141609445
369,0.16358711686501215
370,0.3053663484459668
371,0.06017763908610606
372,0.10919850211763282
373,0.09968838212020072
374,0.3151689768459388
375,0.2023494070565683
376,0.080397869680203
377,0.05672792674000221
378,0.04603598982668578
379,0.06614709707247876
380,0.0947985814727013
381,0.3346011945271042
382,0.170183416135177
383,0.041918178575162
384,0.20614653236532957
385,0.04377863419229489
386,0.09249606231442732
387,0.035442525224565556
388,0.3437762817885246
389,0.17830793927273472
390,0.2501290255194974
391,0.17565434264074825
392,0.09068368790380535
393,0.46284032484572185
394,0.29188241852109736
395,0.11369444625208847
396,0.10438353939498103
397,0.32042513197647016
398,0.2726767040468331
399,0.14637125291418665
400,0.27453231406783335
401,0.017062228308100637
402,0.10992309179770762
403,0.017970010271643633
404,0.2669194333834284
405,0.08358428135442814
406,0.05298237410754736
407,0.08366973215213028
408,0.2477016895830888
409,0.15568097009266388
410,0.2555844746346792
411,0.031197785112020114
412,0.17302090577539148
413,0.07106350595832484
414,0.1632513685103293
415,0.2901570727946534
416,0.09752632842156132
417,0.1792746610801336
418,0.16534457030812819
419,0.26639991958855974
420,0.25957192796439016
421,0.1611497575545557
422,0.3208603151125825
423,0.12218182181609677
424,0.2267103958000655
425,0.08202091105567823
426,0.09043408547174038
427,0.16581174703280735
428,0.30084485231515357
429,0.1003198908797846
430,0.10503803782390235
431,0.41365878082583496
432,0.022813707687910453
433,0.04152124980349133
434,0.1592398033295344
435,0.09090899204769685
436,0.18267683210355162
437,0.01630865996571601
438,0.30364825426706493
439,0.10818228643928658
440,0.34552831460793865
441,0.17179924010676487
442,0.17735028988349857
443,0.2434376373013433
444,0.22486154715177264
445,0.18270731519352781
446,0.27677228336222154
447,0.12171693122646739
448,0.08282718063766879
449,0.084181885395486
450,0.2735442049481659
451,0.14214973420102295
452,0.17792930605876794
453,0.19823663017780077
454,0.1501801527931352
455,0.2115099063734448
456,0.14465446204709378
457,0.1918336806542479
458,0.27911510172876264
459,0.22437194082150197
460,0.23806355631606008
461,0.23673444038049618
462,0.278721176300207
463,0.14945850527664856
464,0.1856814427084482
465,0.2715267585545965
466,0.2083534053825449
467,0.1668582328616184
468,0.1341312745505145
469,0.14243153230933692
470,0.19513429285876663
471,0.31336261834173934
472,0.22250188152543418
473,0.10122037726434496
474,0.3269805357686417
475,0.2371578318584799
476,0.20870681370422395
477,0.07538145895868908
478,0.16625286995531827
479,0.07252478538632132
480,0.020430510822705267
481,0.29382661512001507
482,0.3449965123202885
483,0.20058145283686696
484,0.10726186910639995
485,0.05943229469926296
486,0.16381173879545055
487,0.1759264627656099
488,0.2669311386370709
489,0.03786843064109424
490,0.12558799249628527
491,0.36859179304530265
492,0.18576647554078002
493,0.2153151381181863
494,0.09718234691521954
495,0.23078409397370026
496,0.11501398792222324
497,0.15030870670211807
498,0.09729847240280974
499,0.13264486491752525
500,0.07712736985888657
501,0.2780981466146747
502,0.3110515752702724
503,0.05692373430839682
504,0.21569959434000227
505,0.10506570584632684
506,0.052869282233953645
507,0.10234583664738338
508,0.04380919529471302
509,0.1359266288345541
510,0.2875033313663832
511,0.09477367408479957
512,0.05799463804461551
513,0.07810591770462906
514,0.09861504841421154
515,0.07744835731781938
516,0.042583681273650545
517,0.31665292323827143
518,0.2134189700380257
519,0.26238059727446167
520,0.17945862247518496
521,0.4163578308307808
522,0.22120035222882084
523,0.16969247536333995
524,0.23169779163466145
525,0.11308327807222518
526,0.18397954834279584
527,0.04125563200791133
528,0.06898150766806732
529,0.030136619142088695
530,0.16722114336598284
531,0.057270191545769074
532,0.11663122812824969
533,0.10127025953964457
534,0.12797795252410507
535,0.09541921034907835
536,0.08447827912467665
537,0.02302234853684287
538,0.048606626299018366
539,0.11063442204760573
540,0.06387706122007311
541,0.19041592028537674
542,0.17493203351150152
543,0.06696965433692426
544,0.041916821540842274
545,0.11980464074120364
546,0.14959229129232515
547,0.1611259493349563
548,0.062479885872522095
549,0.21275965643396216
550,0.14679176924922227
551,0.31062893889806925
552,0.04927987039485448
553,0.1535534176373909
554,0.13975866002653706
555,0.06149761042235481
556,0.10330280483220709
557,0.21095123381179282
558,0.0548454561355313
559,0.07318071889700112
560,0.01856680051458793
561,0.25344717970055225
562,0.18402649369052268
563,0.12742042869168527
564,0.09332814368184851
565,0.25198919021360994
566,0.1273188593641955
567,0.10865792642825264
568,0.1978597228785114
569,0.19362399999418078
570,0.24529968195710913
571,0.16544581023223437
572,0.059811614261792385
573,0.21722239028875515
574,0.23578199055986301
575,0.2196794153269766
576,0.16135281157192913
577,0.24826050858947538
578,0.05871336028033968
579,0.2879081959068291
580,0.290129343235911
581,0.16824884604993315
582,0.2228895367045347
583,0.1139015735757006
584,0.15823275761288857
585,0.07578993471426851
586,0.0664723924765388
587,0.23001796361174234
588,0.20468975841885842
589,0.041257096747342153
590,0.29895815842856904
591,0.16820691251968795
592,0.07019859452500886
593,0.21414823744020617
594,0.2934012984555118
595,0.0892870981842609
596,0.13941198473104452
597,0.2339026817534292
598,0.1573488177775784
599,0.3073907405122027
600,0.17184162569705275
601,0.305546472541926
602,0.19569353594730987
603,0.11150627572302767
604,0.23113664227228542
605,0.06423358599088749
606,0.21088943090516388
607,0.2002285770432115
608,0.28462258308358934
609,0.1302297940214544
610,0.22975096763092195
611,0.19658794534026838
612,0.08632757389931846
613,0.06441101413489028
614,0.15715474584095637
615,0.06291347660446733
616,0.16953425986225243
617,0.30835621812902797
618,0.23854235153669104
619,0.18249923460733306
620,0.32291750205555464
621,0.08979820496832552
622,0.21229185306610587
623,0.14280727167209828
624,0.22035255648647106
625,0.2644879767445883
626,0.09678564456863128
627,0.025915864632102437
628,0.24485207539318546
629,0.03696274045391228
630,0.056725070954448384
631,0.1499092464919289
632,0.26194730650513515
633,0.22697572262326038
634,0.037220708582946425
635,0.18660533428563383
636,0.04178043609109484
637,0.15894992797908933
638,0.11651067983841706
639,0.40515399025889537
640,0.20397916160496565
641,0.119120087461633
642,0.2803590774603211
643,0.2331715540948073
644,0.11011127338333858
645,0.11040517637149685
646,0.46939981872147757
647,0.07820041925655574
648,0.05957069975416045
649,0.20052044902027405
650,0.13102559392194213
651,0.1260299565502337
652,0.015141358653146723
653,0.07751053797329256
654,0.10217601823274317
655,0.1688422568323197
656,0.0811363311163919
657,0.16946634554769385
658,0.05006496688273558
659,0.07441115210015423
660,0.22121719665146428
661,0.34929980927210796
662,0.299425063399548
663,0.24690815556444315
664,0.040167097312408785
665,0.16265412992847084
666,0.07192882561732404
667,0.042351616001596655
668,0.22082106228125292
669,0.1463913180562502
670,0.13614471450612034
671,0.06216157231023862
672,0.01040023652235638
673,0.2364560636062703
674,0.09046877385765337
675,0.23350057222717774
676,0.17764359139447652
677,0.15075659104683334
678,0.017489924718801904
679,0.09667078930732999
680,0.16748910833911324
681,0.1613357909017767
682,0.06632202974037935
683,0.04641559706874746
684,0.2603886964281083
685,0.05086378438363655
686,0.12566548177882148
687,0.4198010963961096
688,0.35844068071169954
689,0.021596956748216392
690,0.2198712187246604
691,0.1560931771719189
692,0.38239432836418963
693,0.21547821654285065
694,0.3057499026064465
695,0.03968622005281498
696,0.11256153640732165
697,0.17959543721549062
698,0.14881560644702826
699,0.06961228537030587
700,0.23464303387629848
701,0.16785605234086026
702,0.11226145247143056
703,0.12507775239578686
704,0.06370155503823333
705,0.2393934514136003
706,0.23766896444850824
707,0.020834838033495135
708,0.21184435690559386
709,0.39623588134612775
710,0.14916526460759785
711,0.14087766050124542
712,0.26507068725047095
713,0.27130178563338037
714,0.1512088310928272
715,0.10535254078874051
716,0.2754968782601822
717,0.05599893042257869
718,0.290451481059592
719,0.25396176306824547
720,0.10270997519064069
721,0.10111985328038645
722,0.18449113958334204
723,0.17138457852250877
724,0.1352934388347347
725,0.15490525832791543
726,0.21199158958811246
727,0.1590274910432265
728,0.20592588125849448
729,0.17197460621690064
730,0.28892912884072347
731,0.11202008949441816
732,0.19476263445507253
733,0.19621359161152752
734,0.28721256809819506
735,0.1997192953475858
736,0.047853462135087
737,0.17714678331135017
738,0.20220197106593796
739,0.37139625294479606
740,0.18040286629407706
741,0.1795553362039331
742,0.050786084315552996
743,0.30673304844693455
744,0.17864475350177159
745,0.10656738594100723
746,0.1467588058464963
747,0.10381567968157687
748,0.15888409858570138
749,0.12315922830296025
750,0.019280443667815877
751,0.1542487688280397
752,0.019734765405960565
753,0.14867866013794867
754,0.24964414160184734
755,0.17059478910091525
756,0.0341689642890799
757,0.09452712427200918
758,0.12174339450474911
759,0.02653433400719565
760,0.3582503038257021
761,0.17492673896445693
762,0.14658850383893487
763,0.3722424232813811
764,0.12574501536354404
765,0.05849377958224903
766,0.11282120651785014
767,0.25607536461964936
768,0.20952292675250533
769,0.35774388817797886
770,0.22449450381086639
771,0.2661093850905716
772,0.2857727580680324
773,0.23845897263081167
774,0.1723809429574696
775,0.3357127965003346
776,0.16925919390936486
777,0.2063633859549286
778,0.0814554267661059
779,0.3989522176249551
780,0.246158306723348
781,0.12208023616236277
782,0.1127771747389899
783,0.04719535248209782
784,0.24526553333746737
785,0.21133789448329846
786,0.17652389425708306
787,0.26707863697648493
788,0.34135669787826095
789,0.06675574264687899
790,0.13222244880566367
791,0.19915328521376666
792,0.394390631226966
793,0.34680323117945266
794,0.18880983820177397
795,0.3782886996892447
796,0.08847190839932827
797,0.052332627063287326
798,0.05228197268545904
799,0.18755724339323487
800,0.15915808127699782
801,0.3895267519682578
802,0.03305511516544746
803,0.11353541393246719
804,0.05571303446824252
805,0.24091776635216908
806,0.26945678603970025
807,0.14454283012412483
808,0.022983917197384157
809,0.05526403918990911
810,0.0948481847650345
811,0.30558310540544703
812,0.13323990715006878
813,0.12312908268261862
814,0.096907965758022
815,0.06432479537276259
816,0.2361497499800416
817,0.1957266663758506
818,0.06399657593132252
819,0.10988020760735213
820,0.16306775972872825
821,0.10197662258902959
822,0.2508313364458943
823,0.20053307353894043
824,0.058023460327769665
825,0.05033212500650741
826,0.21690413468528222
827,0.13859385111179262
828,0.07288293792497748
829,0.0585871092521784
830,0.10359260003294077
831,0.16537388729022162
832,0.15583952895169914
833,0.04408485735400474
834,0.0587615906334416
835,0.15971416374177325
836,0.12428103109366964
837,0.18018765828225428
838,0.16941593003307465
839,0.1435976055690976
840,0.11387984602724803
841,0.1221218491149035
842,0.23542629297570522
843,0.17471616200714135
844,0.342085272932082
845,0.17600409562816421
846,0.04264853697428087
847,0.2597706680964457
848,0.19299838394699526
849,0.09488894198842773
850,0.2625440566352164
851,0.04749214884565913
852,0.0851312409122073
853,0.05544533564164388
854,0.13751580626377827
855,0.1396982239679647
856,0.1561401616791963
857,0.0371059761271612
858,0.020320804185614397
859,0.2180034812710537
860,0.021206719315741432
861,0.09374801403431227
862,0.23819797292937586
863,0.0931503156653268
864,0.11334054525654469
865,0.2787978888419855
866,0.30330074926887135
867,0.2780885684883811
868,0.14712306989380994
869,0.009504573868634708
870,0.15702924715210512
871,0.13136879858413414
872,0.19154247379397513
873,0.16782082964075576
874,0.22173514208999318
875,0.2867186135005041
876,0.061808899468293536
877,0.07387040196418532
878,0.058172553476160835
879,0.08221855512269555
880,0.07449673202297045
881,0.18049714452952206
882,0.26240378358687005
883,0.061625671626822344
884,0.4152922411324184
885,0.33138905859778506
886,0.10123547611732092
887,0.1616503374570959
888,0.13781301582927266
889,0.21257038066483483
890,0.061473846411515154
891,0.1005250070921813
892,0.048843822835190794
893,0.09208003209031992
894,0.0724331908404829
895,0.3387029546373695
896,0.15190203455024084
897,0.11059314547581428
898,0.24888610499601554
899,0.20292458379354045
900,0.10464723105080599
901,0.1608873361712548
902,0.038457197019604435
903,0.41570246264230915
904,0.13875084429805268
905,0.08158784281265116
906,0.3678879816491787
907,0.35639730916459683
908,0.07397154500999863
909,0.09436780067864424
910,0.272511247168278
911,0.07210386998863641
912,0.058806485592806414
913,0.22681859732828052
914,0.1537835298294561
915,0.07601451744251934
916,0.20020757155963465
917,0.0470611681901064
918,0.22610309502704276
919,0.09924050584070923
920,0.09146621660971496
921,0.14603874968381866
922,0.17762968654240316
923,0.041714905090818176
924,0.10616747875929743
925,0.18565252718937256
926,0.05492370915647311
927,0.25514036456743344
928,0.10565193507271957
929,0.19733655351821472
930,0.16164927723972217
931,0.043831983298148997
932,0.12660111002509772
933,0.28494776386875015
934,0.03133974858574753
935,0.06502405823601698
936,0.1314883696945163
937,0.2180249260476979
938,0.1522110872611366
939,0.1097512713338139
940,0.05497825964850495
941,0.19017219800131369
942,0.05323043453729715
943,0.03689061397404252
944,0.16815762786028987
945,0.06287422980228781
946,0.1546928719483887
947,0.34626022723725375
948,0.23303165222203412
949,0.0646212561813951
950,0.19886658047974518
951,0.08857962685105707
952,0.029753225010805226
953,0.1959103108361154
954,0.22839442324994427
955,0.03160652751985176
956,0.10494355438999517
957,0.13002367211148128
958,0.07813229249274617
959,0.08726276432960318
960,0.08947891206329962
961,0.22689934085092167
962,0.08531537584278812
963,0.1826887992468487
964,0.28979662202366424
965,0.12155559758637187
966,0.2002676046018844
967,0.2959077698754661
968,0.025047146259365546
969,0.34436275492398316
970,0.25108747733990516
971,0.08788183109454593
972,0.04497217650108724
973,0.07321255003963978
974,0.1606311101901631
975,0.19221492103064597
976,0.28293830690109095
977,0.13303917836273016
978,0.08135251604920618
979,0.14409441878961185
980,0.04912163073145119
981,0.03521314160464096
982,0.1089286546933035
983,0.051984233977343544
984,0.1917983325165834
985,0.1430404353747513
986,0.10039563414729702
987,0.08144048286557606
988,0.08634131737550363
989,0.20846228511850665
990,0.0431371324230661
991,0.24126327658606445
992,0.12323983529207883
993,0.28067627304286846
994,0.20282760831441052
995,0.13106856640470968
996,0.07722627557779954
997,0.0481137618308716
998,0.22619449241879774
999,0.09985635143369176
1000,0.0606299256864644
1001,0.1223904169671351
1002,0.12243949535640665
1003,0.17019774276235547
1004,0.13226776017477546
1005,0.07421292033791124
1006,0.116227348503711
1007,0.1840489217002315
1008,0.08915149357374479
1009,0.3469408145964424
1010,0.19168058979904384
1011,0.1317928623818775
1012,0.13630657164862356
1013,0.13100227578527082
1014,0.05811347013312262
1015,0.18400340606911886
1016,0.17881448610535983
1017,0.09660855031936676
1018,0.2612646588143285
1019,0.20136963726006796
1020,0.12879770307492544
1021,0.06460899295287581
1022,0.582729997548296
1023,0.1678430937339892
1024,0.24413449529010603
1025,0.2330236661201079
1026,0.10002916621066547
1027,0.057304564205620086
1028,0.25749131604982045
1029,0.06576677941157
1030,0.17621913903654934
1031,0.051243027404817613
1032,0.2946263605936866
1033,0.1288518617391879
1034,0.22805935352750872
1035,0.06185742714992402
1036,0.08592637684892653
1037,0.33704792532963196
1038,0.09731437243282241
1039,0.2252984200908439
1040,0.24996109744276432
1041,0.1489089679024709
1042,0.11329570446892026
1043,0.1102548083830364
1044,0.1459851809061371
1045,0.26332987359914606
1046,0.16953788750497212
1047,0.06623637352385271
1048,0.12707734995607026
1049,0.07574282886848546
1050,0.1145057250699413
1051,0.10609129931624578
1052,0.1728209204925268
1053,0.1867283667326978
1054,0.310223879887352
1055,0.23477283185537484
1056,0.0943065598108915
1057,0.10631885299696113
1058,0.22023038064564066
1059,0.08643698271853953
1060,0.14591903834038197
1061,0.24756034796096618
1062,0.11382581958657743
1063,0.06289860752381268
1064,0.05041312855427124
1065,0.20649991940034498
1066,0.15538204585020668
1067,0.07084670656659195
1068,0.1869583081742128
1069,0.13259989436334269
1070,0.22463464074284117
1071,0.09333157104333208
1072,0.096752777165291
1073,0.2407842272576099
1074,0.053264375590813144
1075,0.06925836228723543
1076,0.22620666306543993
1077,0.08913184415209305
1078,0.30387510439442206
1079,0.3229144570739125
1080,0.2004311936079598
1081,0.23538851817634243
1082,0.10209698308989723
1083,0.0352429483946834
1084,0.05669876952487726
1085,0.04054499202063004
1086,0.034761328627499935
1087,0.15383905054618718
1088,0.06032365649488219
1089,0.38999048748861753
1090,0.15117393474935606
1091,0.128971854879797
1092,0.13500346794606263
1093,0.366249354928419
1094,0.1417571239570241
1095,0.13015247849942846
1096,0.029272990876630975
1097,0.1902652612153193
1098,0.14121923548537765
1099,0.1952508127083343
1100,0.09081104566340766
1101,0.22082639137696453
1102,0.1281202090385788
1103,0.12212848054701402
1104,0.23572477973468242
1105,0.11438366599369876
1106,0.08463843741862047
1107,0.09311695313168583
1108,0.24766774927522328
1109,0.1099672705628194
1110,0.03616874880606688
1111,0.16813126566123018
1112,0.06206920993404079
1113,0.1201879218354816
1114,0.07096182124447423
1115,0.19321820278693896
1116,0.059412289269352984
1117,0.20981976281259518
1118,0.16328273651854033
1119,0.22166368925055724
1120,0.16358785086817443
1121,0.11014848502263677
1122,0.09200368874352045
1123,0.2734627172750735
1124,0.154682856312195
1125,0.09756041147947109
1126,0.09058608333482912
1127,0.12011090139612617
1128,0.20223150142780613
1129,0.2860674960370774
1130,0.21884971226928412
1131,0.346758561278298
1132,0.029988268671679894
1133,0.04337216758356328
1134,0.25027012627122075
1135,0.38854430489906877
1136,0.17560642273878382
1137,0.11956698346975082
1138,0.09203363344870363
1139,0.19273125033193136
1140,0.13622830814586356
1141,0.2852406867659722
1142,0.49843675674992766
1143,0.17855394561004462
1144,0.19717703543056037
1145,0.3803450128176742
1146,0.04071941645053462
1147,0.04344678019074038
1148,0.15963478412067741
1149,0.13268904741912302
1150,0.05892095087950357
1151,0.3418891062950435
1152,0.11212522944460103
1153,0.27239535106456436
1154,0.26867595882359646
1155,0.20039490007061242
1156,0.4290943083564863
1157,0.4256372620466127
1158,0.23102394066137816
1159,0.1927846216692862
1160,0.2619929991972204
1161,0.06568403980516414
1162,0.07359715218954824
1163,0.01407082454806568
1164,0.13388569511423898
1165,0.3826258391783573
1166,0.10960519435549639
1167,0.32031089186081885
1168,0.21031594041844837
1169,0.10181830599498559
1170,0.06823539837733675
1171,0.13890910256467243
1172,0.19004090022355785
1173,0.06386110345443853
1174,0.21103180500907437
1175,0.07393992011918443
1176,0.3460094536724869
1177,0.12537190964368355
1178,0.19078513644623799
1179,0.15338416437035843
1180,0.084808743032939
1181,0.15007168185543357
1182,0.19329405765251637
1183,0.2369366075003374
1184,0.20181448224830123
1185,0.03467396858851575
1186,0.025945680153633324
1187,0.10772464383728848
1188,0.15255815070589013
1189,0.20833524082683308
1190,0.1953406387535304
1191,0.23267392022426267
1192,0.16124403381035585
1193,0.3468029260804531
1194,0.4484422612477059
1195,0.224839131007482
1196,0.11342984644610822
1197,0.26969959061423426
1198,0.03172961654057698
1199,0.18255618709168758
1200,0.40367075872833996
1201,0.025183008069396173
1202,0.10447039711966354
1203,0.2037727710654384
1204,0.16859849981638583
1205,0.30533864004531835
1206,0.09328831338677057
1207,0.07446432554013017
1208,0.07402380788637755
1209,0.040319487022236984
1210,0.023511975309452014
1211,0.06184292957290822
1212,0.5224752980409685
1213,0.1838487835999375
1214,0.11182916422705
1215,0.3859304077384516
1216,0.27265212100452585
1217,0.03773824507620446
1218,0.0671969488679048
1219,0.19898734914076127
1220,0.14551612014337134
1221,0.1056533297298192
1222,0.21177178390582732
1223,0.16763658105218707
1224,0.36615404930361606
1225,0.08029203959610755
1226,0.12639643601600187
1227,0.4045018733022693
1228,0.1729659403052556
1229,0.06831979539574984
1230,0.09427485324318274
1231,0.1370170035917759
1232,0.14113228005925327
1233,0.15730313565309392
1234,0.16025441559070788
1235,0.32597960635554835
1236,0.36994982128579534
1237,0.06970278125590677
1238,0.4971582987354337
1239,0.1557182034464889
1240,0.3828917454433826
1241,0.14809206500446764
1242,0.24075259976493743
1243,0.12220803360698641
1244,0.04009021890322362
1245,0.19780820120387063
1246,0.1338399205789389
1247,0.08636495703661284
1248,0.2854228095066238
1249,0.20645210863708605
1250,0.11027813199587587
1251,0.12197533603990623
1252,0.33776843183359334
1253,0.2699852199988333
1254,0.23358735091810465
1255,0.12815890002894373
1256,0.08210802747624033
1257,0.09405531319516017
1258,0.059831639964723245
1259,0.25582771069262383
1260,0.16452307421648926
1261,0.10968237320553134
1262,0.15066915018117477
1263,0.26249589827480285
1264,0.11947589866396549
1265,0.22616956520650827
1266,0.30336585295576984
1267,0.4359408669159305
1268,0.18302908600783482
1269,0.392608222346837
1270,0.18541110861172794
1271,0.05300552046458067
1272,0.2553983413921475
1273,0.4365627822909874
1274,0.05465268077829978
1275,0.0434310325690831
1276,0.3329254138247536
1277,0.18389781088328414
1278,0.34692433512588006
1279,0.09600630763987318
1280,0.18442711259624855
1281,0.13983924273081635
1282,0.07458932573055198
1283,0.020512654696204616
1284,0.15780152848476955
1285,0.18032455922342835
1286,0.0866769496800055
1287,0.34110394361118385
1288,0.20674774339371876
1289,0.137087871606259
1290,0.15783505787063437
1291,0.11542856555654882
1292,0.141934286480135
1293,0.30039119891018995
1294,0.40631796202576625
1295,0.146747971725911
1296,0.1760100253072149
1297,0.12206592947255027
1298,0.046543746358542484
1299,0.03596518762181142
1300,0.17530127755233504
1301,0.1248891253097716
1302,0.44390364714702807
1303,0.13119261714167726
1304,0.07344277882412836
1305,0.0345655765479584
1306,0.17234151832450187
1307,0.35875670061590653
1308,0.06478162097512073
1309,0.16210298387565508
1310,0.11288077482912379
1311,0.09431788047964063
1312,0.053466614712517645
1313,0.04496156133119064
1314,0.1420054889458886
1315,0.08492455479785609
1316,0.0749629470862231
1317,0.2006018333325728
1318,0.1911596099084604
1319,0.1227605198342762
1320,0.3406953749452058
1321,0.11322099680378994
1322,0.05369584282057832
1323,0.18162466857453985
1324,0.10816557187895913
1325,0.20566895503569008
1326,0.21652845945931765
1327,0.08614328743887906
1328,0.05662711180733529
1329,0.10986301369026774
1330,0.35976372421458097
1331,0.17888487251898322
1332,0.056120682910579
1333,0.09657312582815604
1334,0.32871479031378925
1335,0.22896354048856105
1336,0.1127292709364605
1337,0.23130332293869632
1338,0.21408278849675755
1339,0.2789563365568367
1340,0.1444340763266107
1341,0.2643082959867579
1342,0.04678745791289185
1343,0.2549070520050396
1344,0.2823827349079537
1345,0.1083813088106706
1346,0.11248694808435872
1347,0.48994540952792043
1348,0.15421749085393663
1349,0.1835371016794514
1350,0.07529998433932521
1351,0.11435014044507484
1352,0.22815224129125072
1353,0.1388244849711494
1354,0.058930442026342914
1355,0.18845644802593955
1356,0.33910943615335226
1357,0.10732475934970394
1358,0.10327997281105644
1359,0.09374083034542645
1360,0.15048508627256524
1361,0.10290157020633486
1362,0.36194388179200365
1363,0.12061767900030808
1364,0.291096551983613
1365,0.090288713515157
1366,0.26515861524671097
1367,0.14643611878377
1368,0.027710006224097715
1369,0.16443379728759186
1370,0.05189613864666919
1371,0.04932059664821894
1372,0.06861894110845418
1373,0.1693299739276582
1374,0.11370627885812137
1375,0.453591807043243
1376,0.0740375685875922
1377,0.03752679315092743
1378,0.057545840825453845
1379,0.1435233484026328
1380,0.0675788710333579
1381,0.13670170886241703
1382,0.13853199735939561
1383,0.12496241461473404
1384,0.19876716482793555
1385,0.14310982801464414
1386,0.06920560611137754
1387,0.25484576787207147
1388,0.22455962051428965
1389,0.12246441752456345
1390,0.15774569294348312
1391,0.13491967857652
1392,0.08076047551466964
1393,0.0662925316857796
1394,0.10649184441478324
1395,0.026310512297500293
1396,0.2774997908159059
1397,0.29292004525357196
1398,0.09739066917687211
1399,0.08845002175431801
1400,0.1654535047584202
1401,0.16420563816913736
1402,0.1739768305474871
1403,0.10665140256659164
1404,0.05964812926449977
1405,0.042453937834661476
1406,0.2592716954999892
1407,0.26152875149998706
1408,0.1502273628853579
1409,0.30856011363953134
1410,0.07453157508750277
1411,0.13086871661261743
1412,0.1202881814893809
1413,0.11979190047517778
1414,0.03568809769667763
1415,0.23686278383958168
1416,0.20916521102441807
1417,0.11392333686662245
1418,0.1452198292291026
1419,0.198403656449249
1420,0.29899943289076947
1421,0.17110476479765133
1422,0.02411083250278141
1423,0.1957129335232299
1424,0.10155923446897416
1425,0.18875792045069145
1426,0.0657078289188458
1427,0.43271434647668605
1428,0.061909044463164614
1429,0.059701278881003066
1430,0.10585635003234549
1431,0.09890819313428129
1432,0.0926319607640647
1433,0.29810160586161805
1434,0.24286291423148457
1435,0.1951283610612059
1436,0.229750175401143
1437,0.15458941822159514
1438,0.4489060960365575
1439,0.18615900635542118
1440,0.10514216855775098
1441,0.09194125581027353
1442,0.19732115428839145
1443,0.30212204895794215
1444,0.12975281918376397
1445,0.13950312448265154
1446,0.1816942035592613
1447,0.06638084012058545
1448,0.13763776804185057
1449,0.09787715593709327
1450,0.26884792495863147
1451,0.15644519572973203
1452,0.08417916347440675
1453,0.20783639184683037
1454,0.20340899604575588
1455,0.11541648865531347
1456,0.07793577599953706
1457,0.11533544496326958
1458,0.14795966819734815
1459,0.09018878260939739
1460,0.21326801653263394
1461,0.11184921379662933
1462,0.09436263089122142
1463,0.1275673786050175
1464,0.14940109581946684
1465,0.14280650721454186
1466,0.2631697795497415
1467,0.23401254803294966
1468,0.1771574796365205
1469,0.3747737519860307
1470,0.14450913574465982
1471,0.24502875431663682
1472,0.08369717152606701
1473,0.15574631529334554
1474,0.12998938289097628
1475,0.19237765630607775
1476,0.2603685366479657
1477,0.17935186882522203
1478,0.3205620022325396
1479,0.09796432535175467
1480,0.08622908970283626
1481,0.08985655482431326
1482,0.09991341642659855
1483,0.21949475599836826
1484,0.06629677897121436
1485,0.1520230715789035
1486,0.238290463403497
1487,0.15390306249367816
1488,0.12059854277985728
1489,0.11739603560329513
1490,0.019733697087351884
1491,0.12235905196586282
1492,0.24949706942980776
1493,0.35570070030996115
1494,0.13837431927466295
1495,0.16250059638074663
1496,0.16614011101340562
1497,0.1884571140285373
1498,0.416992950582079
1499,0.14185621165461473
1500,0.10364320315497545
1501,0.2286591769888531
1502,0.3929758597848132
1503,0.06781402633365452
1504,0.11092155504486498
1505,0.08408440160965819
1506,0.18042613943572153
1507,0.09305617302701838
1508,0.0723236734580984
1509,0.2835581343289426
1510,0.1981558693206876
1511,0.1608580554002294
1512,0.1867190986747814
1513,0.45098187161532477
1514,0.43174968178058043
1515,0.246810569058992
1516,0.15524489258072863
1517,0.11352218106113525
1518,0.11102212801376933
1519,0.14326524857451584
1520,0.1529121429945559
1521,0.06341462622924576
1522,0.275800453963172
1523,0.07581375510983013
1524,0.08542472264238567
1525,0.1604907426573226
1526,0.1888671218448265
1527,0.270311271365872
1528,0.046999529444772065
1529,0.03370856538640029
1530,0.25513451598112175
1531,0.07797621949524898
1532,0.2749718259551665
1533,0.05591726891632167
1534,0.173142759294113
1535,0.2720746871485275
1536,0.34163050028911135
1537,0.15524923292751228
1538,0.18325447756620858
1539,0.11318175387216531
1540,0.16995188975604006
1541,0.2774534189310769
1542,0.09775027711282022
1543,0.04311763107763034
1544,0.23748024470081838
1545,0.1879349044335631
1546,0.05932766430788654
1547,0.10016641549821914
1548,0.12494224187018443
1549,0.19174082466670966
1550,0.0588799275468275
1551,0.2721305322690576
1552,0.08108313470603466
1553,0.1457703961518172
1554,0.2729272338162534
1555,0.09961318697222257
1556,0.18992672671621647
1557,0.0964703147231079
1558,0.12038405230791877
1559,0.23448226067375558
1560,0.11555137286130268
1561,0.27761712422430507
1562,0.04951952151268281
1563,0.14545172267522863
1564,0.08321609816783411
1565,0.19246080277543373
1566,0.05090045198217623
1567,0.0968029679681985
1568,0.09927648448231104
1569,0.1870254182782566
1570,0.10056286857883352
1571,0.32185264595861074
1572,0.12352612797392871
1573,0.02196343170035132
1574,0.07454853492983958
1575,0.3962936659370565
1576,0.10621376097464158
1577,0.24054064231295394
1578,0.12757152404972769
1579,0.055949866349273396
1580,0.11003866666049575
1581,0.2310724893996215
1582,0.1298596915361886
1583,0.21778777060562057
1584,0.5021109790287447
1585,0.17610790101505389
1586,0.0873169240123764
1587,0.2302347792765996
1588,0.21621201074118512
1589,0.24211874546041523
1590,0.30229619010102116
1591,0.11999379270111438
1592,0.47172233974090855
1593,0.10695220258029399
1594,0.14634149237004
1595,0.16541241868624249
1596,0.04340242219651658
1597,0.3020607849742576
1598,0.10836380728106679
1599,0.19592214403379868
1600,0.18082315634419052
1601,0.20370703741473903
1602,0.3684257381389567
1603,0.10790432573170781
1604,0.11380153790439973
1605,0.11962971950461933
1606,0.04623573711241757
1607,0.4774134002170777
1608,0.37475766954631456
1609,0.1850202431429903
1610,0.0850219182136754
1611,0.09293514375793131
1612,0.16114392666048497
1613,0.2996289255783418
1614,0.1560306486804878
1615,0.09562451599769864
1616,0.3134735190566253
1617,0.21696878613469292
1618,0.040539014264460535
1619,0.43101022180105514
1620,0.22819067003841106
1621,0.31277901399068536
1622,0.06549494595330875
1623,0.06858291939650697
1624,0.3063715312564851
1625,0.07321088315507945
1626,0.048988335807477267
1627,0.11921944984049732
1628,0.061520430392859704
1629,0.23235651186602874
1630,0.19810091378062283
1631,0.12772568364207046
1632,0.0793710984511425
1633,0.1961514324057908
1634,0.17679529789047327
1635,0.05779325886491054
1636,0.09697407613063921
1637,0.3076541380625257
1638,0.17806797383172543
1639,0.34514299479426613
1640,0.23848393855955544
1641,0.0398584731378879
1642,0.2489155829032332
1643,0.23701414010202898
1644,0.057855439943908654
1645,0.18022793502010678
1646,0.12499505569091457
1647,0.141299979377764
1648,0.09492001067986579
1649,0.21799153232527513
1650,0.1553055383293193
1651,0.13676131125307564
1652,0.1605977005707363
1653,0.18307367204654426
1654,0.1225351621962395
1655,0.3502869714653266
1656,0.14677202869490077
1657,0.1515553268957565
1658,0.14390274109128773
1659,0.05592356505252001
1660,0.11016905034493868
1661,0.156157207297224
1662,0.24579241251808367
1663,0.18626199247651187
1664,0.17903091470470114
1665,0.2765643154676683
1666,0.2203968228515812
1667,0.16933663518251016
1668,0.18973984723746834
1669,0.31383519740135896
1670,0.06303795207338812
1671,0.1558740827470582
1672,0.0491917193455134
1673,0.11927286531491582
1674,0.14225668073615405
1675,0.42932910409648123
1676,0.06099458821139477
1677,0.4139616775203081
1678,0.17710027170987416
1679,0.15262185382161797
1680,0.19364901285205166
1681,0.14603902781192113
1682,0.1040439607143027
1683,0.4329515843491974
1684,0.24601540343515885
1685,0.07170423675273829
1686,0.3712615698641284
1687,0.03835347891837986
1688,0.07113082950948703
1689,0.1358598739571605
1690,0.04440783084204322
1691,0.12279787496127287
1692,0.16451189197183783
1693,0.0693347247256671
1694,0.29085502249159095
1695,0.270915033067226
1696,0.1942404690414051
1697,0.18125103609424228
1698,0.28998533372720753
1699,0.05952365778066404
1700,0.10030617253023291
1701,0.048470457063837694
1702,0.18372795179910997
1703,0.12526809574194372
1704,0.11304505104412704
1705,0.08667531587594036
1706,0.3668206551316253
1707,0.27270540623936873
1708,0.08559496210351257
1709,0.2190244192902258
1710,0.21608152420269086
1711,0.244543817564478
1712,0.15181364339350273
1713,0.07622452199192106
1714,0.17819185380237262
1715,0.08477739313219786
1716,0.04428337271240004
1717,0.0668822197267345
1718,0.4020138166334172
1719,0.019923704452667983
1720,0.11804569730064532
1721,0.2080598887477275
1722,0.3275548494118161
1723,0.10703535355114825
1724,0.19058578282503474
1725,0.15872874794625177
1726,0.3803259991617057
1727,0.09946681336493984
1728,0.14107373048273722
1729,0.12887617406547133
1730,0.05455925855150378
1731,0.23545907003421876
1732,0.03962256792455966
1733,0.05872945906980474
1734,0.11706940885667981
1735,0.3436763639890725
1736,0.30246319994380766
1737,0.06894837563714082
1738,0.1680983508726545
1739,0.35453506190471
1740,0.128964147790779
1741,0.14284839366700997
1742,0.21105566395002648
1743,0.15192334835196486
1744,0.052629056797765555
1745,0.1698613452810492
1746,0.23525269762451972
1747,0.03811804453989379
1748,0.1882494427011169
1749,0.02415822428097975
1750,0.13149273517198734
1751,0.18560043023277412
1752,0.19137969357097434
1753,0.18203423594677462
1754,0.1271982875868115
1755,0.023074261720512225
1756,0.14291548763744746
1757,0.10360197636655191
1758,0.1288711659292217
1759,0.38397871632864866
1760,0.2252431175488894
