,Portfolio Value
0,11988.948969447061
1,11934.532889581591
2,11888.667587700282
3,11735.100742500264
4,12085.576794136061
5,12052.0650053727
6,11809.203560480673
7,11950.065188082956
8,11911.71764978588
9,11878.417062947481
10,11930.410093256101
11,11819.753395983118
12,11703.21263921554
13,11615.633288559293
14,11504.676825752838
15,11565.455488718495
16,11723.082870215543
17,11555.291373370545
18,11609.663509859245
19,11564.90477639514
20,11375.10983228726
21,11425.777958919507
22,11382.576636728756
23,11640.794335704682
24,11659.874767421928
25,11658.679405331579
26,11743.913203273261
27,11735.209632982738
28,11775.803159076415
29,11784.080956708995
30,11724.432137852362
31,11598.631150447362
32,11678.20001368896
33,11592.609937419416
34,11666.991672995862
35,11795.803842549518
36,11770.413936197101
37,11746.357785218748
38,11771.330972381851
39,11679.579199891734
40,11789.914639244282
41,11775.945309852565
42,11540.174079665716
43,11557.85342193801
44,11651.128896951723
45,11694.975962998147
46,11737.481925880307
47,11675.588359650155
48,11583.404745417498
49,11616.524156347748
50,11681.726172366689
51,11601.301717951066
52,11620.813263579044
53,11625.619155303539
54,11582.847722719844
55,11631.821039138433
56,11470.244699568138
57,11432.009105255162
58,11342.752015048218
59,11352.34024326904
60,11402.77528277143
61,11364.595165748462
62,11356.18146828952
63,11246.42052815489
64,11256.953536469606
65,11415.083364485625
66,11515.354002119204
67,11372.608340813451
68,11345.693474158667
69,11382.143533944154
70,11340.906757816634
71,11478.813460666988
72,11486.95762573502
73,11541.34232757606
74,11534.027735268608
75,11592.77614561182
76,11619.489781240403
77,11597.55599054938
78,11635.58372761001
79,11633.079685248531
80,11655.76529111683
81,11651.820343409718
82,11666.619295036206
83,11611.704531431718
84,11486.493299668367
85,11383.205314251205
86,11580.115129354175
87,11650.905319776204
88,11738.283179765584
89,11716.173578075039
90,11624.151796920365
91,11550.911476631256
92,11597.005207395454
93,11661.560574118417
94,11504.027696991207
95,11458.453588064694
96,11483.802718247975
97,11463.60139379601
98,11634.954048367112
99,11663.567677605943
100,11682.345423061492
101,11799.784677287234
102,11758.982083389397
103,11778.559044594778
104,11859.03598910889
105,11983.672113779747
106,11981.216780537892
107,11990.557812654473
108,11953.376277157446
109,11877.645424393326
110,11815.49525186444
111,11820.11312578253
112,11838.036646353881
113,11849.490365774633
114,11932.532844353169
115,11927.656304126627
116,11890.70775759149
117,11878.142273252732
118,11965.813750070987
119,11965.098178031347
120,11915.25324810744
121,11886.555185297504
122,11864.58774121409
123,11887.08464087307
124,11889.693266823468
125,11938.526302794906
126,11930.522902177217
127,11959.218465490341
128,11999.026466463338
129,11974.888142371821
130,11969.566889993219
131,11923.856030326087
132,11960.688934569871
133,11960.29352075692
134,11858.714540620975
135,11949.44037155193
136,11926.265412205368
137,11962.626566809035
138,11999.36316734172
139,12038.692190808231
140,11982.128646874884
141,11947.719229095635
142,12116.369749647245
143,12062.648244020225
144,11982.541127393824
145,12006.844933181526
146,12073.67833016726
147,12049.76281823357
148,12170.605050666685
149,12041.811675624811
150,12166.03036557714
151,12196.802531453315
152,12186.905934064569
153,12184.890521142423
154,12243.74560615874
155,12219.900520911162
156,12306.747698111747
157,12392.733855413233
158,12409.629029301404
159,12451.771813211431
160,12425.172829086454
161,12434.408728644823
162,12438.23708746846
163,12448.207343956605
164,12419.2756196449
165,12429.529637671152
166,12460.101616108659
167,12441.084391654036
168,12735.054375876245
169,12879.955808769766
170,12860.69586953216
171,12802.260410195937
172,12808.116468005901
173,12776.364343058329
174,12705.454047008177
175,12734.30630058786
176,12810.456749280265
177,12771.788742723626
178,12822.986870123827
179,12828.622808923425
180,12728.697501578172
181,12702.633971848047
182,12878.844079219927
183,12732.41568303412
184,12737.631355653964
185,12723.427231624739
186,12718.786704796123
187,12635.656610253227
188,12718.038293773305
189,12844.113339264637
190,12783.048530008193
191,12682.64841581831
192,12951.824872187355
193,12924.117137122152
194,12870.723277687528
195,12717.827251633193
196,12723.23834531636
197,12568.534191611454
198,12525.442844421817
199,12579.940224776667
200,12756.093700904143
201,12886.69589614645
202,12907.706640081962
203,12930.394775861341
204,12920.652161858077
205,12984.771533561512
206,13037.262117977674
207,13099.627586003759
208,13465.071901580715
209,13502.101593602687
210,13586.237955245679
211,13778.933804808972
212,13774.381639948946
213,13824.753230685385
214,13893.779231841907
215,13909.416150023095
216,13852.61995970133
217,13842.706189510205
218,13957.892421922386
219,13924.692565822246
220,13925.103832010704
221,13963.142301502305
222,14052.38084600311
223,13987.756787820457
224,14028.253418244929
225,14050.328510843747
226,13937.493386156251
227,14008.205596779964
228,14185.536744310115
229,14139.384832669675
230,14232.453522814298
231,14198.058182321372
232,14209.296392623268
233,14240.800704911026
234,14166.726961079838
235,14235.623247857682
236,14005.949749557807
237,14082.840977179705
238,13805.877090980175
239,13801.859022607525
240,13731.035901864452
241,13923.3761906474
242,14124.06984142181
243,14122.640358014669
244,14216.654472899852
245,14279.461759341782
246,14255.91555588163
247,14280.075188158818
248,14280.296391224985
249,14284.465116013824
250,14130.79156690533
251,14128.314114942392
252,13990.66223074233
253,14064.97828540759
254,14254.285808723966
255,14320.446504357276
256,14168.131556972627
257,14227.862409410796
258,14128.51743521174
259,13991.315461179383
260,13917.798351229352
261,13985.335788232343
262,13972.22165629482
263,13954.366063887603
264,14123.643555369361
265,14245.323221538565
266,14480.434400364851
267,14354.731316837557
268,14208.830090661955
269,14298.574778875813
270,14439.377955872058
271,14591.861862151709
272,15230.134003027266
273,15333.071164368423
274,14791.725698071805
275,14778.651230837251
276,14711.34847206958
277,14770.296935360891
278,14693.389242646186
279,14705.70066382014
280,14654.806965317866
281,14732.13742150422
282,14733.893031447195
283,14715.561635956798
284,14804.222506571723
285,14874.73985335824
286,14852.80872960207
287,14980.237483917603
288,14979.408831659275
289,14997.775353367051
290,15179.175102599065
291,15133.728739858252
292,15118.098081766464
293,15444.062834281625
294,15292.6514872263
295,15389.40209688908
296,15245.225072918236
297,15187.71875198174
298,15280.47744775915
299,15263.903723150235
300,15333.63406406511
301,15337.380735349823
302,15419.571841690866
303,15457.749682029571
304,15571.083418900489
305,15560.382759536078
306,15576.608929204738
307,15421.143605084815
308,15328.403821947562
309,15394.254104905627
310,15559.244463253332
311,15491.847438064931
312,15394.599943932173
313,15470.214439805262
314,15530.382183601
315,15499.546020398455
316,15535.626231848792
317,15272.632925916574
318,15343.467748573867
319,15303.373041912122
320,15337.546395469919
321,15322.657681500765
322,15235.161625627627
323,15015.779109467476
324,15253.103415733838
325,15394.079014259793
326,15356.17804551453
327,15379.988057280065
328,15434.228037809487
329,15288.146201627114
330,15252.527608152473
331,15145.92964122967
332,15011.540249556992
333,15192.000322673157
334,15258.399259470621
335,15129.33805118491
336,15175.636949042615
337,15167.94602647789
338,15291.810573903304
339,15200.85015243979
340,15190.639954122416
341,15106.459406917471
342,15078.450901454285
343,15248.079153467168
344,15273.482839196864
345,15255.593693687582
346,15202.496043225308
347,15227.283264569143
348,15207.133594739194
349,15164.247771385635
350,15349.31912430274
351,15261.389343930308
352,15130.505866362224
353,15107.09893978072
354,15019.770032010505
355,15087.6842410407
356,14977.16722170101
357,14864.10544340326
358,14779.126761918538
359,14767.404034358582
360,14862.966614721781
361,14853.776014550456
362,14801.466692500084
363,14660.345559273883
364,14728.227063329468
365,14812.12407462233
366,14972.598878299648
367,14949.596602848198
368,14960.124139703159
369,14915.763678700127
370,14811.345918949995
371,14713.430458624998
372,14751.444288141858
373,14514.233276780127
374,14493.99449050294
375,14603.099768287264
376,14596.296848989205
377,14560.524759217276
378,15005.432594524194
379,14930.32618866066
380,14890.589089823829
381,15108.088283203106
382,15246.531382441599
383,15268.823828320637
384,15231.026164289446
385,15312.68936986144
386,15337.57190708572
387,15352.023935879115
388,15331.647342957127
389,15450.727429689648
390,15386.907044682923
391,15283.16610354768
392,15196.520968408133
393,15218.50462363788
394,15258.444823083646
395,15243.466127496213
396,15266.819645300786
397,15275.001129871518
398,15285.644618750322
399,15460.498693837075
400,15411.362764475281
401,15260.249523161809
402,15359.751675123474
403,15333.447807173388
404,15399.980065246438
405,15286.303511984892
406,15342.78556962473
407,15442.263487859616
408,15405.012869302978
409,15359.734150490624
410,15148.327729907678
411,14673.88614557559
412,14100.008592232825
413,14086.167529014569
414,14593.60762061833
415,14776.5545436617
416,14755.293722021705
417,14721.136586064442
418,14575.063961478943
419,14749.281144182169
420,14729.814621244614
421,14554.676721478185
422,14780.750825938467
423,14619.090878655856
424,14705.862957685249
425,14855.758471553421
426,14807.02495447854
427,14964.854615193803
428,14985.938010041707
429,14959.481818805918
430,14792.4148246341
431,14736.791557658278
432,14678.596188460217
433,14936.949046688995
434,14850.849408645952
435,14861.026788306466
436,14671.123497427327
437,14699.6937130724
438,14810.985140932913
439,14846.96223670813
440,15002.122271148704
441,15064.305509572463
442,14974.83061294247
443,14938.577917540058
444,15209.121394842578
445,15398.41198565176
446,15398.353314239197
447,15262.495195404086
448,15088.839756327641
449,15275.46370153768
450,15198.525720233503
451,15341.691001373385
452,15417.530850322451
453,15465.073268822318
454,15713.927005651016
455,15542.970981807515
456,15634.773187442768
457,15754.141706809738
458,15761.308754163918
459,15708.599676570111
460,15703.693388151361
461,15828.724738489755
462,15802.209417485174
463,15656.899173185906
464,15588.1520261757
465,15566.95995605852
466,15407.497477392082
467,15519.908348307159
468,15481.412108244125
469,15444.005727713216
470,15271.086508406088
471,15448.924160830109
472,15715.66848323468
473,15931.658298592796
474,16017.056164065749
475,16004.71413915743
476,16031.656227084632
477,15909.790523519676
478,15950.300663570968
479,16059.998548063888
480,15846.88917328917
481,15783.214693872242
482,15780.507047851543
483,15853.6196046863
484,16124.665849188681
485,16144.915469553482
486,16287.055395330326
487,15591.672911106723
488,15757.666837790708
489,15583.851256774595
490,15753.70630891009
491,15765.322491358129
492,15885.631859285788
493,15715.265867622093
494,15453.022772155737
495,15565.715845849545
496,15646.536229040255
497,15688.090867243029
498,15674.547624093666
499,15628.01943696175
500,15762.28955577131
501,15735.569521034287
502,15656.404676859353
503,15393.60299193195
504,15424.626634977387
505,15295.948549108094
506,14925.651716898748
507,14697.165353688444
508,14866.825622142016
509,14965.855433662811
510,14678.869692709637
511,14842.6798654433
512,14484.41024256908
513,14475.218988814355
514,14398.988404402986
515,14491.83433775243
516,14837.761338768885
517,14648.114036987146
518,14450.746124315207
519,14389.857781342891
520,14416.302469065558
521,14546.195115730712
522,14583.422609666168
523,14307.832860798373
524,14210.839556962394
525,13962.887924759594
526,13954.122763594522
527,14219.060917376979
528,14350.111825927856
529,14360.34899647853
530,14243.437718036703
531,14462.126491000552
532,14545.868001485334
533,14744.276877799286
534,14530.012035147758
535,14537.297098004598
536,14659.934310221677
537,14685.218735837874
538,15015.613989355426
539,15083.696870454907
540,14691.747097761256
541,14709.8544425581
542,14769.071227498674
543,14957.646435567436
544,14829.465224134658
545,14760.130938836519
546,14542.984861131928
547,14624.343828369838
548,14733.33750262602
549,14719.135525269972
550,14724.413700772433
551,14718.589345322216
552,14823.85048305368
553,14798.648907531096
554,14777.530154993143
555,14844.81421740678
556,14946.145655594233
557,14846.800694219253
558,14943.450612881767
559,14829.30687587455
560,14830.81824413882
561,15005.37610783167
562,15173.30618989021
563,15352.365607856034
564,15416.687635025823
565,15393.83878995053
566,15263.720533014148
567,15338.778744925592
568,14966.829625772572
569,14875.843916992331
570,14679.158300778974
571,14829.34354342648
572,14984.221923235864
573,14945.96309408512
574,15078.205067948495
575,15088.622211191925
576,15064.527013766452
577,15048.567493680317
578,14925.200948529342
579,14819.64011792096
580,14908.8768880211
581,14988.303613745447
582,14905.30631515629
583,14869.20297646449
584,14618.345426361142
585,14884.542195021613
586,14868.420045358775
587,14800.743485917472
588,14532.568003570657
589,14421.508764608234
590,14574.330010592346
591,14658.391137224336
592,14424.936184228001
593,14400.92952860254
594,14293.089236942043
595,14473.301398515985
596,14293.477416943257
597,14139.893785182348
598,14241.587170653196
599,14253.765586207792
600,14375.5462610215
601,14422.236360443436
602,14585.490085104566
603,14966.248637716988
604,15044.58694518721
605,15015.750005347732
606,15256.648492656486
607,15210.513784383887
608,15211.42002142118
609,15258.541427047809
610,15275.778839291152
611,15336.630455905855
612,15382.736193362558
613,15379.042898665539
614,15380.091955386786
615,15464.36830684327
616,15381.685387775293
617,15488.140079315768
618,15446.021534886873
619,15495.856533592218
620,15541.847549844524
621,15625.468925516454
622,15547.791543794385
623,15416.131829777365
624,15297.754501067351
625,15424.404376465058
626,15561.079886429234
627,15578.767044334052
628,15516.03439846778
629,15419.605286304764
630,15522.254752811239
631,16060.898966240686
632,16207.583716164372
633,16256.166822963136
634,16222.038876000646
635,16168.487578872939
636,16169.506319389619
637,16136.06301256751
638,16225.509542929502
639,16259.262922624208
640,16329.669762790862
641,16293.713536532476
642,16317.0855067802
643,16352.807610691065
644,16323.259064312344
645,16222.974779459077
646,16228.50617335866
647,16324.787637625646
648,16333.687506251987
649,16244.92474949436
650,16227.221334209333
651,16238.350660107442
652,16349.841115462496
653,16266.627393607041
654,16296.358961529299
655,16309.719667920848
656,16269.38862040928
657,16354.958679113637
658,16323.708208952978
659,16292.874288478248
660,16253.330494566719
661,16239.684990895857
662,16253.19139388656
663,16447.96907591144
664,16395.463502009938
665,16417.92525616328
666,16159.668724687432
667,16097.689503883204
668,16108.143834753706
669,15964.901999724141
670,15976.847228967656
671,15446.725651819937
672,15631.713275996306
673,15668.569893295627
674,15449.705666762282
675,15286.13179259874
676,15043.266778607174
677,15128.604200383776
678,15001.576175926208
679,15004.885975991447
680,15155.810723573108
681,15137.022150229714
682,15090.015960528282
683,15169.407683536137
684,15219.376608917051
685,15275.93736683297
686,15222.361423474784
687,15154.293896400613
688,15117.131194829817
689,15049.409246633324
690,14901.104400682945
691,15328.070499300715
692,15263.589480735178
693,15216.527661237007
694,15211.09097587623
695,15152.163735067186
696,15254.511073418194
697,15262.635900181283
698,15305.443345215586
699,15195.12282644712
700,15164.176658850209
701,15151.490453807643
702,15029.534244016042
703,15069.414374465841
704,15097.6153379154
705,15144.034858994039
706,15059.637134740322
707,15360.54287942916
708,15268.696115786677
709,15269.029807863224
710,15255.821405414086
711,15162.478755410033
712,15054.840032854998
713,15031.279526902117
714,14957.02684543892
715,14766.110340559508
716,14643.347103580205
717,14964.109029054598
718,15149.59346910163
719,15242.002726511633
720,15236.179162642213
721,15476.353315645541
722,15689.33309566507
723,15603.113436840233
724,15652.439981879825
725,15610.417314739143
726,15538.188045481442
727,15628.693775411275
728,15740.298058635683
729,15651.17950651111
730,15684.24158602026
731,15607.900158511291
732,15626.76310428972
733,15511.445293741137
734,15611.430303352778
735,15668.540527801635
736,15667.370784120436
737,15636.243087304962
738,15823.310654202536
739,16063.61525772795
740,16158.889768038203
741,16210.527331191157
742,16169.249817535518
743,16122.825896063861
744,16233.56832878729
745,16236.319898935193
746,16407.00371410065
747,16447.697134919617
748,16323.229932402492
749,16338.676782938082
750,16361.873307349893
751,16358.152657198905
752,16243.759689439281
753,16259.583693139091
754,16163.773755874388
755,16155.263946391116
756,16160.698275447683
757,16448.23894764613
758,16583.065659461558
759,16449.074354016626
760,16495.37213619742
761,16466.331861022125
762,16499.135453975483
763,16498.908639746052
764,16662.178859994874
765,16742.693502273796
766,16711.454715985023
767,16738.577942639524
768,16642.732387500044
769,16690.476437742615
770,16824.30935347648
771,16817.955739827787
772,16691.585145474328
773,16780.717066257017
774,16845.300835191523
775,16740.630622419296
776,17242.469861501733
777,17245.828106080542
778,17127.572573869085
779,17132.196510359667
780,17237.935197565253
781,17454.948568672957
782,17513.507706279546
783,17508.590097002954
784,17646.951920419342
785,17694.45791522111
786,17742.970647396884
787,17756.0486805231
788,17832.440508784504
789,17788.50345043326
790,17741.30051771145
791,17965.272197159968
792,18039.29319453034
793,18009.51615393271
794,18065.193623192845
795,18069.71943336845
796,17429.198768472765
797,17089.223369522755
798,17105.862518176855
799,17049.222355329926
800,17055.060077105114
801,17191.250867434424
802,17114.011320919075
803,17172.712338272628
804,17310.061669443985
805,17254.79049411143
806,17287.407644612016
807,17259.273659295366
808,17130.76005176254
809,17213.067170410406
810,17101.281924505096
811,17042.94168931861
812,17055.21490790105
813,17106.36924809565
814,17166.74278286726
815,17201.4906395768
816,17155.12061715886
817,17085.52960284742
818,17182.797637722415
819,17154.171891901573
820,17382.183539595935
821,17479.857626579476
822,17504.029468238146
823,17454.11372887882
824,17441.177295690748
825,17360.38496993764
826,17401.609069660197
827,17438.603795225285
828,17428.032259185566
829,17429.282542595956
830,17470.339978513475
831,17603.087926740398
832,17637.84912753563
833,18035.874639118363
834,18102.147374170992
835,18109.797321145677
836,18132.414084381413
837,18192.610945833127
838,18295.30732351477
839,18524.162760635434
840,18286.342284774386
841,17614.9318224473
842,17635.58533386763
843,17503.58626338658
844,17494.081162293045
845,17460.12220410194
846,17591.08268988148
847,17552.673261528922
848,17424.31818127712
849,17616.569812611335
850,17718.070803281094
851,17819.92906891242
852,17836.77739471995
853,17891.10811881549
854,18040.25321772417
855,18280.635786030292
856,18331.53241701604
857,18478.200596485443
858,18497.875028157898
859,18531.194184592965
860,18422.160571631826
861,18355.10780876615
862,18370.355906754397
863,18312.819158434173
864,18220.325844982246
865,18160.088783227802
866,18250.620892374183
867,18345.110907899078
868,18225.51337209432
869,17000.85687162376
870,16809.05470941308
871,16750.264025834236
872,16899.461865800757
873,16650.817928099634
874,16508.97403999653
875,16722.076361864583
876,16605.425738748705
877,16833.446166210255
878,16580.981804101793
879,16655.175684506965
880,16554.971405862023
881,16512.280167574874
882,16438.75444550596
883,16438.431709606593
884,16247.33535386789
885,16260.104975992934
886,16336.980007659502
887,16502.388860971303
888,16452.49357758082
889,16424.900217794
890,16292.676532205898
891,16264.354088733138
892,16290.147662189216
893,16238.218943793345
894,16367.25878261523
895,16464.208003637512
896,16441.527186435364
897,16383.274791115671
898,16449.180457780465
899,16685.270276129562
900,16761.230282053762
901,16889.674443595533
902,16571.453371551954
903,16497.849740545615
904,16620.828108649748
905,16684.73855020912
906,16625.487491855798
907,16409.570513714825
908,16468.770898836956
909,16596.087844489735
910,16525.746933118924
911,16768.610014926988
912,16639.225713627726
913,16523.79271009423
914,16521.106788848265
915,16719.74822394361
916,16768.79014407114
917,16050.905028617755
918,16119.036234649304
919,16156.384404040833
920,16261.05302048655
921,16507.648425020245
922,16686.350455031974
923,16808.06404340941
924,16875.93650652719
925,16852.654474459672
926,16890.72383866274
927,16709.474430340968
928,16700.251060110444
929,16916.393937544028
930,17144.863288156303
931,17055.7295433869
932,17047.540362730386
933,16947.51604055716
934,17009.9873917559
935,17090.20666663553
936,16966.70347205823
937,16756.004215010937
938,16838.00876354402
939,16996.662098621873
940,17035.78295577269
941,17018.90232917491
942,17204.12860978663
943,17330.743175843818
944,17256.387927649746
945,17271.215366210916
946,17413.912385878808
947,17005.93830482596
948,16805.82841289406
949,17011.59817292878
950,17071.232790395552
951,17029.803537017397
952,17297.889200755926
953,17214.36792809367
954,17168.637944605503
955,17082.595048413586
956,17155.370356172923
957,17362.178342440428
958,17470.713624145992
959,17499.657363449747
960,17507.86931569506
961,17546.153938515694
962,17551.551603542004
963,17359.546684353663
964,17419.835954684764
965,17534.805534714294
966,17697.183300748668
967,17806.819092675476
968,17663.379382255316
969,17754.091057172744
970,17960.13652336195
971,17945.55663173222
972,18190.52938334849
973,18215.61834044577
974,18172.49385107443
975,17980.327001699603
976,18131.545122929874
977,18121.286804937787
978,18150.104257627372
979,18236.44376905184
980,18149.084462378516
981,18070.34762837865
982,18152.574849156535
983,18219.828288409662
984,18520.60423096148
985,19134.499025122073
986,19198.06624661524
987,19424.80545804924
988,19280.08212256396
989,19233.337946222404
990,19147.682691952363
991,19295.422710456496
992,19377.954304780924
993,19330.056444020127
994,19334.760653111483
995,19177.07145798447
996,19702.672327071938
997,19612.180242489616
998,19316.595573897215
999,19237.86353971223
1000,19233.539626565842
1001,19217.588325942117
1002,19209.88742894923
1003,19200.155305162523
1004,19224.57223152572
1005,19175.53316673059
1006,19409.316709990468
1007,19565.67349777093
1008,19414.71123575086
1009,19354.903000485945
1010,19422.79966921246
1011,19203.29430113063
1012,19135.48323652976
1013,19473.131795141508
1014,19708.943524637907
1015,19677.89576280317
1016,19736.515197210098
1017,19672.84039286549
1018,19735.780334015628
1019,19906.510906221767
1020,19828.324173158493
1021,19907.664802170464
1022,20051.271771986947
1023,20138.023344392168
1024,20069.19120743016
1025,20030.417182057125
1026,19737.656589706192
1027,19604.276665409117
1028,19391.767391410045
1029,18728.449184338486
1030,18956.75067371711
1031,18773.299366711744
1032,18432.314869048903
1033,18599.302538800403
1034,18630.179801468625
1035,18927.18499028795
1036,19219.180841884336
1037,19389.873576804275
1038,19397.720518425744
1039,19152.947769259965
1040,18974.272675774784
1041,19047.525856554646
1042,19342.82595252495
1043,19573.490765557784
1044,19345.11913602484
1045,19401.05631121598
1046,19222.15379289506
1047,19283.446365300413
1048,19580.512435688033
1049,19581.258887788743
1050,19237.047000759445
1051,19109.237463082034
1052,19380.774437601787
1053,19440.982914526125
1054,19310.676704598372
1055,19068.69722372445
1056,19084.25397277063
1057,19124.84390020482
1058,18889.331038697164
1059,19165.55365383995
1060,19061.857388623073
1061,18787.558163335383
1062,18611.072748757495
1063,19239.10417374951
1064,18854.55409656791
1065,18888.63945000945
1066,19302.46139168523
1067,18758.66406047318
1068,18787.020365265198
1069,19078.692158156606
1070,19113.202503219945
1071,18796.151150792484
1072,18869.40555893902
1073,18959.561653556073
1074,18957.37972754365
1075,19369.295355373913
1076,19377.310379448503
1077,19877.33873122192
1078,19947.319331359875
1079,19975.93377275503
1080,19855.686298281882
1081,19737.962153163957
1082,19711.76792307875
1083,19596.851532632663
1084,19742.142108538363
1085,19840.150626837258
1086,19966.43617038057
1087,20013.4574063546
1088,19946.07315119582
1089,19836.52009202555
1090,19855.8060076659
1091,19979.16260590998
1092,19820.082525279584
1093,19908.60354948153
1094,20102.434585996958
1095,20067.240466066214
1096,20138.98526932037
1097,20183.877742886718
1098,20161.516821232402
1099,20416.07715387401
1100,20486.809342942423
1101,20473.380826400888
1102,20464.791449917535
1103,20405.77502083881
1104,20367.643005883805
1105,20435.100139361974
1106,20449.672554421424
1107,20281.048827272803
1108,20499.09118255745
1109,20387.462279975945
1110,20278.403206584146
1111,20401.167294550367
1112,20328.218818618425
1113,20313.248109358326
1114,20721.900506453665
1115,20827.43574292396
1116,20828.328500535517
1117,20875.996052817416
1118,20816.314139249596
1119,21011.516622071922
1120,21172.17855738474
1121,21055.53706631197
1122,21187.179035675774
1123,21222.1480483196
1124,21384.212368259137
1125,21504.630481214233
1126,21527.084819353775
1127,21136.960376142728
1128,21120.51512862708
1129,21043.301566379603
1130,21066.294817807397
1131,21029.866806124304
1132,20944.40745047034
1133,21146.549573002038
1134,21193.46026571248
1135,21290.806927363796
1136,21334.99583271207
1137,21268.964710629338
1138,21541.145773959517
1139,21720.582129448936
1140,21576.26109862186
1141,21587.13175189692
1142,21587.493161850336
1143,21779.401783416663
1144,21856.12316801557
1145,21862.12680793986
1146,21840.9631947069
1147,22057.999099877346
1148,22137.808693851188
1149,21922.76160403637
1150,21876.448369696962
1151,21847.420097827202
1152,21680.492652557776
1153,21848.05516876098
1154,21903.20979632099
1155,21939.492489175336
1156,22009.831796895454
1157,22056.28957970336
1158,21602.63790157133
1159,21767.220860391695
1160,21720.71416892462
1161,21987.529731305505
1162,21963.256426601747
1163,22114.099868946614
1164,22328.651193373455
1165,22422.504971479673
1166,22532.129115785985
1167,22570.688701991377
1168,22584.48907501337
1169,22750.692189643953
1170,22648.507000566613
1171,22779.487061843138
1172,22774.510873683816
1173,22821.48547399851
1174,22969.002535789597
1175,23100.10528387267
1176,23164.61077623754
1177,23230.329333114485
1178,23514.178388101864
1179,23599.366700472707
1180,23688.1053596887
1181,23548.03069679544
1182,23466.222594612096
1183,23203.063434052885
1184,22934.40343495225
1185,23159.086398998443
1186,23108.199618086375
1187,23145.61978070575
1188,23109.194826041403
1189,23011.606902413616
1190,22973.81308594524
1191,23093.201919095012
1192,23111.398790843574
1193,23167.396670481587
1194,23154.2061807866
1195,23291.494661456338
1196,23055.047558964987
1197,22924.813025465188
1198,21707.4286273815
1199,22111.13918751203
1200,22184.984452839275
1201,21858.758360544954
1202,21824.48784932764
1203,22211.880297776926
1204,22014.41286096575
1205,22248.07893381399
1206,22315.556420135817
1207,22291.082911096164
1208,22407.651192129644
1209,22335.507380968655
1210,22301.666486076494
1211,21650.899896765713
1212,21827.22321229703
1213,21215.01730832
1214,21393.782588375107
1215,21705.44301474072
1216,21848.098478205877
1217,22040.648979518883
1218,22039.79580032904
1219,22373.938770962704
1220,22540.12242112808
1221,22850.91496628939
1222,22727.64413567597
1223,22645.59010528148
1224,22384.155080219152
1225,22358.81388265201
1226,22303.6664040698
1227,22228.74363789746
1228,22320.629193892488
1229,22079.950765805526
1230,21322.02610871349
1231,21263.19444982514
1232,21390.41308702785
1233,21515.986438326072
1234,21807.002343945172
1235,22200.346545076547
1236,22228.268992389858
1237,22233.91718275275
1238,22295.700622343917
1239,21828.039042377797
1240,22168.28700232677
1241,21541.943718175935
1242,21405.008388690854
1243,21704.9672042755
1244,21862.15020468152
1245,21762.851007706107
1246,20152.695321137588
1247,19725.125648221416
1248,19775.96672141373
1249,19566.421249207888
1250,19211.46108298908
1251,18891.23325380661
1252,18608.005435968636
1253,19228.140833232657
1254,19408.269621245872
1255,19479.548482054684
1256,19636.766108958676
1257,19721.090052344487
1258,19446.909277932
1259,19926.688451473583
1260,20069.471013408114
1261,20205.65280198161
1262,20199.445871118878
1263,20298.718868550382
1264,20237.974724536776
1265,20124.654290136135
1266,20273.91164510546
1267,20221.001499153717
1268,20374.804582079996
1269,20495.60345119771
1270,20387.867342555015
1271,20332.67371179787
1272,20209.97472851054
1273,20212.375045214947
1274,20367.969119182755
1275,20246.64568594073
1276,20317.5496245669
1277,20569.38602610969
1278,20340.841674372972
1279,20414.25765870069
1280,20436.942810228073
1281,20436.369151501905
1282,20201.36842705042
1283,20093.566515433566
1284,20168.742542495424
1285,20419.692365893447
1286,20479.3323053501
1287,20562.879981909286
1288,20758.83832015971
1289,20872.22650421125
1290,20792.201387778077
1291,20638.54511166936
1292,20746.830350272096
1293,20802.688022438466
1294,20827.98682495379
1295,20865.91450038342
1296,20894.718425557556
1297,20961.472690628518
1298,20792.63098542163
1299,20871.08307283645
1300,20812.48139732893
1301,20609.879145771745
1302,21136.93831861565
1303,21301.328530614803
1304,21578.696541440942
1305,21856.854924363564
1306,21669.15274837708
1307,21658.8142864883
1308,21917.613783319728
1309,21950.555349707647
1310,21958.04425135892
1311,22169.83226345343
1312,21994.603653454757
1313,21948.525637690356
1314,22116.68672862288
1315,22143.34451595583
1316,22253.210994952435
1317,22318.221426232034
1318,22452.449297574432
1319,22283.44029700346
1320,22363.497856187812
1321,22506.83222978559
1322,22659.93020685129
1323,22669.913173924586
1324,22521.138356318905
1325,22577.519209235783
1326,22259.573544049512
1327,22301.3041479502
1328,22643.67864080088
1329,22557.786421355653
1330,22521.193464485066
1331,22535.351776686046
1332,22333.497191105653
1333,22566.717391074402
1334,22701.398856780117
1335,22594.521768092945
1336,22463.792795525987
1337,22461.228924483315
1338,22586.695117116167
1339,22397.329441066897
1340,22599.707223214493
1341,22764.699320444797
1342,22746.636676043625
1343,22464.947130016077
1344,22477.621606689176
1345,22605.644405161514
1346,22621.948727339706
1347,22265.92595778074
1348,22330.241167577668
1349,22450.764702461256
1350,22695.243536828544
1351,22750.57525627322
1352,22757.26035459132
1353,22861.52724925871
1354,22832.892097692104
1355,22807.283645130938
1356,22802.7327822899
1357,22726.603669374694
1358,22147.504940322833
1359,22221.79388807227
1360,22080.22228837681
1361,22213.547276841626
1362,22482.426847539926
1363,22666.589541493955
1364,22753.156120247593
1365,23131.02895629667
1366,23171.09673949917
1367,23187.41793794543
1368,23198.323136720388
1369,23377.50975870781
1370,23428.403529290066
1371,23557.050430202096
1372,23757.900435227282
1373,23827.85199004206
1374,24129.529929809694
1375,24079.369940635654
1376,24111.805496502282
1377,24088.485942220977
1378,23873.624840372235
1379,23943.935566442306
1380,23849.518842319027
1381,23804.501821218557
1382,23948.934745350092
1383,24246.67588384126
1384,24141.01161454082
1385,24222.37390480292
1386,24289.79239908207
1387,24340.67986949133
1388,24526.72277260516
1389,24748.79483395658
1390,24909.564543753677
1391,24823.182292303445
1392,24898.16257031869
1393,25057.160540968085
1394,24906.8455496991
1395,24802.30308878813
1396,24693.835512134603
1397,24741.044406309124
1398,24658.429875159578
1399,24788.127611152417
1400,24712.26404795007
1401,25102.856557054354
1402,24820.452292558355
1403,24746.22419733193
1404,24507.58094573693
1405,23852.825749076175
1406,24151.824953073687
1407,24403.960810689252
1408,24469.377275718445
1409,24444.05889505354
1410,24238.819361565453
1411,24618.88449619011
1412,24024.193351896756
1413,24128.559759927477
1414,24411.827195381364
1415,24516.34445448389
1416,24337.25989123265
1417,24583.527778638094
1418,24861.689554725963
1419,24309.161714669855
1420,24585.048001895433
1421,25383.795968725455
1422,25585.691174572603
1423,25739.35973084177
1424,25597.520855339273
1425,25398.622281506192
1426,25719.01399009174
1427,25771.115965100103
1428,26303.976728498474
1429,25950.77796459353
1430,25774.95357555671
1431,25324.924192306684
1432,25072.55971887198
1433,25191.892874237048
1434,25058.801435163885
1435,25249.183538116315
1436,25285.68580327716
1437,24955.21662423953
1438,24917.85156842275
1439,24716.59112287013
1440,24724.087046906086
1441,24766.73785927771
1442,24685.591673012503
1443,24533.29658870571
1444,24807.345009967084
1445,24553.767243818093
1446,24603.28477498159
1447,24923.594735981253
1448,25095.618579329453
1449,25219.56116653727
1450,25127.339063245152
1451,25438.60601028497
1452,25465.89161291842
1453,25504.846779522093
1454,25514.742366597126
1455,25611.125903691107
1456,25634.947528698463
1457,25820.982967424265
1458,25855.53415275764
1459,25764.405435377637
1460,25692.85122148302
1461,25501.807681893966
1462,25450.26597746817
1463,25410.145711231347
1464,25635.974105958634
1465,25446.321734960376
1466,25667.78554373603
1467,25497.136985507994
1468,25421.217597750547
1469,25492.906825890554
1470,25619.011400928797
1471,25753.417191143573
1472,25971.787906965692
1473,25814.397101353607
1474,25695.114908476986
1475,25703.931314155216
1476,25886.781755299515
1477,26000.91486690919
1478,25949.48480984575
1479,26018.46503587851
1480,25872.71801608108
1481,25750.119073038357
1482,25701.124739066458
1483,25641.993240451153
1484,25857.874568188323
1485,26004.513531197947
1486,25975.06875373984
1487,25912.797367604337
1488,25754.928945481428
1489,25624.01129410346
1490,25720.99618588854
1491,25464.84397506391
1492,25584.63298374062
1493,25602.72864354748
1494,25658.740824265893
1495,25590.332691513035
1496,25732.064095344314
1497,25349.052143510904
1498,25443.921140991864
1499,25572.661339196682
1500,25310.75337849623
1501,25431.30037876671
1502,25468.064033387487
1503,25364.711938552333
1504,25488.385568778693
1505,25404.170471461635
1506,25292.977394702815
1507,25361.602653716112
1508,25259.190803863024
1509,25100.766735377692
1510,25027.397811719817
1511,25019.208274133423
1512,24982.36307527619
1513,25109.86632881722
1514,25343.755936434856
1515,25155.02741548945
1516,25342.713359180303
1517,25376.27540542048
1518,25449.388325383658
1519,25607.957206916617
1520,25719.867921543082
1521,26303.17469819094
1522,26222.160333236865
1523,26277.592232168765
1524,26072.9739617951
1525,25986.821388722445
1526,26082.83461908063
1527,25931.79305235105
1528,25913.8107109035
1529,25621.400973836015
1530,25434.57471170094
1531,25667.746454463017
1532,25925.582200901066
1533,25995.07971505133
1534,26189.63480667332
1535,26243.821460532145
1536,26100.02595391016
1537,26396.978043894476
1538,26668.240315986743
1539,26682.104532876245
1540,26938.290614002104
1541,27006.416991539016
1542,27086.628458552394
1543,26826.39216186888
1544,26298.95631403834
1545,25720.84019136906
1546,25808.214372363385
1547,24878.08105909719
1548,24187.718307565476
1549,26126.45895597041
1550,25622.418596753054
1551,26697.760393892713
1552,26312.218739871412
1553,25988.61870824961
1554,25374.026002189137
1555,26003.3742498998
1556,25189.936682035546
1557,23852.53598841876
1558,25555.683308759115
1559,24328.277154724194
1560,25805.81955079954
1561,25811.66976454467
1562,25631.606649724075
1563,24834.579024694445
1564,24335.20372460514
1565,24310.61245714311
1566,24020.78604989895
1567,24906.65568272961
1568,24288.004315152975
1569,24779.46562171321
1570,24337.777306134078
1571,24436.69712401528
1572,24843.202409041798
1573,24828.19480322955
1574,26300.491177867214
1575,26229.927575611946
1576,26423.959231364424
1577,26045.77620941322
1578,26023.531181972226
1579,27208.702606356856
1580,26913.17333041028
1581,27685.49301149382
1582,27580.59922983459
1583,27291.06978194537
1584,26844.938587875047
1585,27435.86091167115
1586,27248.361923536046
1587,27600.328783345507
1588,27481.205431477603
1589,27100.6594053275
1590,27199.321754345234
1591,26937.186957701997
1592,26886.400348673258
1593,27183.370204570216
1594,27417.448280957607
1595,27452.44899368488
1596,27125.82197076236
1597,27163.543599877874
1598,27555.75041453238
1599,27155.118618070122
1600,26959.527690428724
1601,26733.531542605793
1602,26713.317945656967
1603,26958.237497884194
1604,27022.929131064077
1605,27053.44327723976
1606,26822.556245838645
1607,26852.33494854942
1608,26956.990620907512
1609,27034.46541952173
1610,27326.878287112733
1611,27249.222622614107
1612,27234.726831158652
1613,27136.29892313728
1614,27031.815613192037
1615,26802.241908666612
1616,26876.864611826044
1617,26620.905720938965
1618,26384.698832269096
1619,26462.838755807512
1620,26027.063832279247
1621,25920.987675245233
1622,25859.151711769755
1623,26208.311952531927
1624,26115.43906952731
1625,26123.938359476466
1626,26528.957358988293
1627,26615.319642517235
1628,26672.815914754825
1629,26407.981014862096
1630,26612.973923936974
1631,26298.27708479785
1632,26693.132987462795
1633,26818.506350786334
1634,26913.07091620557
1635,27162.664477966657
1636,27620.7971056784
1637,27905.829331584602
1638,27905.120395240025
1639,28316.69741870252
1640,28246.422753889077
1641,27840.83608905172
1642,28192.612346737627
1643,28145.036698176016
1644,28073.790637877373
1645,28039.036728712606
1646,28444.25439340398
1647,28503.72880930022
1648,28538.125286190392
1649,28182.822774428834
1650,28087.358724472397
1651,28228.701194584784
1652,28176.10785253543
1653,28015.633950044314
1654,28012.345504409175
1655,27992.60725969359
1656,28306.57770955795
1657,28846.361016162995
1658,28715.056541477636
1659,28930.455410723185
1660,28756.17717663921
1661,28678.19686476934
1662,28236.014085846396
1663,28535.954595180538
1664,28480.112283324586
1665,28501.489941785552
1666,28763.47239392072
1667,28816.102988470568
1668,28780.600636103612
1669,28775.405002054817
1670,29050.117170880705
1671,29017.65841911544
1672,29070.639240795743
1673,29024.12278453995
1674,29175.071114024093
1675,29253.09908782547
1676,29409.48461189624
1677,29582.15798040223
1678,30116.091720248492
1679,29322.473522542583
1680,29173.4997328392
1681,28679.670648236992
1682,29248.58555956917
1683,28893.454471343674
1684,28854.269843167334
1685,29191.938743448103
1686,29231.68418678339
1687,29157.531277173708
1688,28817.717045925358
1689,28562.293044079
1690,28753.4493934845
1691,29125.29679507415
1692,29118.319507725762
1693,29293.240515571644
1694,29043.8927617646
1695,29534.94905314073
1696,29648.473719778474
1697,29912.047791623994
1698,30133.53274743433
1699,29591.130093481326
1700,29948.509104868433
1701,29892.30509863448
1702,30276.057099153462
1703,30472.99213437511
1704,30805.6431033199
1705,31342.05403161131
1706,31545.14936594314
1707,31178.99628431571
1708,31021.127586626928
1709,31283.989150780864
1710,30852.84859910273
1711,31051.83316848553
1712,31015.441947737076
1713,30870.312819397604
1714,30771.418225598743
1715,30511.21392411425
1716,30649.594628093026
1717,30076.693563027806
1718,30074.82796815706
1719,29564.77204117505
1720,29873.647942743853
1721,30344.3324848493
1722,30597.163812450206
1723,31031.665873074828
1724,31042.638803120146
1725,29661.873812987666
1726,29759.32527732385
1727,30196.12956717036
1728,30387.13318237417
1729,30593.49372427893
1730,30677.373645243897
1731,30769.319211600276
1732,30772.803749074817
1733,30762.883516296177
1734,30605.900757008523
1735,30625.142781900115
1736,30743.47068904002
1737,31005.51812947686
1738,31063.926189561764
1739,31240.077324218786
1740,30962.08030683403
1741,30666.721200008535
1742,30103.01961065317
1743,30068.24709044091
1744,30059.98910081653
1745,30299.590207066853
1746,30093.139678750125
1747,30125.9378968818
1748,30234.088809102584
1749,30393.704989900743
1750,30217.549366832718
1751,30081.926580429616
1752,30145.33045846036
1753,29996.667583820596
1754,29784.619381041484
1755,29571.155210679557
1756,29560.91564168608
1757,29682.297707529127
1758,30058.850397326907
1759,30138.34161968753
1760,30263.963405123166
