,Profitloss
0,-0.29139677138112496
1,-0.36110374600686335
2,-0.27952382664794273
3,-0.25977998721951057
4,-1.138415942841453
5,-1.578905669078301
6,-1.6993720013738667
7,-2.65705130130911
8,-2.6880911468835977
9,-2.552884216894258
10,-2.3790120250625213
11,-1.4017948032742478
12,-1.2702113354042366
13,-1.324583523749423
14,-1.3589710794107202
15,-1.1238654362834
16,-2.047319593276009
17,-2.134884761851663
18,-2.2967220169302083
19,-2.1386839201516183
20,-2.049935791310764
21,-1.4174394288821723
22,-0.6213585324678195
23,-1.218480951282097
24,-1.2010999445253967
25,-0.6529097066190093
26,-1.176067601390307
27,-1.3005823650773296
28,-1.0967126223147217
29,-1.261738685325009
30,-1.31346135787761
31,-1.3631893177243892
32,-1.626679708154266
33,-1.7672365839510151
34,-1.6370481381914437
35,-2.0542777307067217
36,-1.607342322168237
37,-1.7324702476709364
38,-1.6758257783317743
39,-1.4163965731638362
40,-1.1838029857366372
41,-1.0311523263048739
42,-1.571330551779937
43,-1.802207718323523
44,-2.922267667969547
45,-3.8264012004850856
46,-3.8241283189831887
47,-3.752441214619484
48,-3.6496240994678186
49,-4.589349514718577
50,-3.6632895011406874
51,-3.5195421594234833
52,-1.7945871606388386
53,-1.5884789832451784
54,-1.488255910695302
55,-2.5364526296758116
56,-2.530876073370114
57,-2.4165278823058745
58,-2.118942047721206
59,-2.069355513857496
60,-1.9232178763851193
61,-1.942550417391542
62,-2.138045984495651
63,-1.7187113351761707
64,-1.6134290270762408
65,-1.150587935876135
66,-1.1787822588722796
67,-1.2114385724332322
68,-1.3468776420839879
69,-1.0758853189813955
70,-1.5619744296916926
71,-1.5352011639143237
72,-0.9647234048918873
73,-0.7093978110618515
74,1.7256196171663518
75,2.098848920285623
76,2.228290964719304
77,2.571768489223536
78,2.113156280770534
79,2.094954072375921
80,-1.65048990323855
81,-1.4241834836570932
82,-1.368963708656934
83,-2.110473886605324
84,-2.590618006023415
85,-2.535217665097056
86,-2.40128096057709
87,-2.2837895881859804
88,-2.8548098733449656
89,-2.846777407516221
90,-2.790786053960115
91,-2.0011241343260155
92,-2.28959053637362
93,-2.4811635841507695
94,-2.272125762017796
95,-1.0366179074260296
96,-0.6957801035175071
97,-0.6624672343889415
98,-0.47433514486238115
99,-0.6822633813718504
100,-0.8781794666527287
101,-0.967353312528485
102,-0.4266106661231617
103,-0.21035111348673974
104,-0.4804092867410015
105,-0.817468917893982
106,-1.2331708181624323
107,-1.3775796006265995
108,-1.13225039722199
109,-1.0796620825023528
110,-1.1867191876952177
111,-2.72157092140608
112,-2.2929804200255033
113,-1.8842490124555855
114,-2.0873559225911165
115,-2.05530428898395
116,-1.7834639180029588
117,-1.8678578690612957
118,-2.382490910374313
119,-2.7436193052989277
120,-3.2427736389457396
121,-3.4232639136090537
122,-3.9139414916291693
123,-3.2718784718172023
124,-3.750166743835359
125,-4.503097330174444
126,-4.733753168236266
127,-4.94875637022254
128,-4.0445902104675024
129,-3.642929053970556
130,-2.700960758076232
131,-3.0424382860073096
132,-3.445356996849691
133,-2.1511371342627594
134,-0.9251363208888863
135,-1.308109085874043
136,-1.0300011361643047
137,-0.7126547184167498
138,-0.935484733344083
139,-1.103481302499132
140,-1.6557067340206344
141,-2.771493028386618
142,-2.588873150231197
143,-2.5555441999703388
144,-2.5566696086550267
145,-2.628681718131809
146,-2.6109627085325604
147,-3.2252700824421887
148,-3.258162428773037
149,-3.3620320252760294
150,-2.5218126910070304
151,-2.7760211245616895
152,-2.7141201882996957
153,-2.4787692605724554
154,-2.2165563772458263
155,-2.1767988782173675
156,-2.600026119565413
157,-3.2417606049611747
158,-3.587236057510179
159,-4.126232824923848
160,-6.429569184028816
161,-7.070436168464944
162,-5.7134809956422945
163,-4.338578972255713
164,-4.376598767363737
165,-3.986081203357128
166,-5.501967160682608
167,-5.208386635338169
168,-4.540506456412475
169,-4.895791694777651
170,-4.513098058268894
171,-3.946411075509859
172,-4.547844072573238
173,-4.56871984236259
174,-5.233373190249557
175,-4.987210880588721
176,-4.4972365034250945
177,-4.55922033251186
178,-5.271950072417486
179,-5.649674791231485
180,-6.9334865953321945
181,-6.566574381184809
182,-7.472972998752225
183,-7.102686635150867
184,-7.79609435465013
185,-6.632172395987601
186,-4.881350229968817
187,-5.702864771079518
188,-3.884290934525947
189,-3.4638262848853185
190,-2.9707137694545693
191,-3.0513323999412756
192,-3.37885788677168
193,-2.54295433462306
194,-2.2118042268017724
195,-2.4167178746759777
196,-2.8084973788018663
197,-2.366638120077169
198,-2.3112976880803937
199,-2.744179744482278
200,-2.9010957963199746
201,-4.474049242962486
202,-4.716484887539584
203,-4.134060362788173
204,-3.1263871444673907
205,-2.4645944666459862
206,-2.109014526962494
207,-3.782401439715155
208,-2.9081841641287465
209,-2.8954527105252814
210,-3.184504721265724
211,-2.813655350452149
212,-2.826702114738233
213,-3.0076195362966907
214,-3.325871097366473
215,-3.3850835657404654
216,-3.238257772343456
217,-3.3610324388863466
218,-4.680841258689394
219,-4.5843909147931905
220,-4.711390893401591
221,-4.106390660340498
222,-2.0608311117017775
223,-2.397707859949072
224,-1.4397759014919354
225,-1.6482172963247166
226,-2.1640226156376396
227,-0.9332229487228227
228,-0.4790340179163022
229,-0.33558313190119593
230,-0.3552723865011598
231,-0.318761838712478
232,-0.7780300864414169
233,-1.2006803580175696
234,-1.5315047040687535
235,-1.055472155307502
236,-1.2991825959568826
237,-1.396174322933852
238,-1.680127517143759
239,-1.3778435167853043
240,-1.263065770598415
241,-1.4631077906572032
242,-1.9490713269059934
243,-1.4901552795651196
244,-0.33362756758259504
245,0.14808709759221994
246,0.00410393608878401
247,-0.10143071361445877
248,0.17127391215614463
249,-0.17108470385972518
250,-0.6632719841712542
251,-1.3430961828851506
252,-0.9676868874831102
253,-1.195402024528991
254,-3.346223018468175
255,-4.758372906995712
256,-4.285592167070518
257,-4.114204577886394
258,-4.980924092677041
259,-5.044879057148288
260,-9.79174165482033
261,-9.57332095190112
262,-10.67417015179668
263,-9.977808234887087
264,-9.385327761691652
265,-9.494846022914494
266,-9.361732592971395
267,-10.17771716578485
268,-10.1681152252173
269,-9.680558531053475
270,-9.490459100629867
271,-10.741117986447957
272,-11.284154342661301
273,-10.04351282398287
274,-9.618402302179662
275,-9.83585208388128
276,-10.41907119463964
277,-9.59367969460091
278,-10.370140007651951
279,-9.550230690440454
280,-8.344798641413387
281,-6.660361815891691
282,-5.689143071381164
283,-5.951913530078934
284,-4.725871132552717
285,-5.523962139672067
286,-6.039098589349246
287,-6.067824570577763
288,-2.787910831042728
289,-2.2525298597457555
290,-1.1621983055303597
291,-1.2725463411722426
292,-0.9663950735604332
293,-0.9003258329082331
294,-0.8624855222239103
295,-1.1543641961311857
296,-0.7214465446779172
297,-0.7752185359360286
298,-0.33381350356066486
299,-0.6445066358197749
300,-0.6299891437633098
301,-0.19391557654067082
302,-0.21905783513648247
303,0.506997347382554
304,0.47080273088837554
305,0.708080303523162
306,0.47187077113504117
307,0.24413709129218475
308,0.253004568837234
309,1.5392183694924233
310,1.9684451192955477
311,1.678458653204995
312,1.0308858315820846
313,0.9201985368527454
314,-0.5519825619793806
315,-0.39115981664499255
316,-0.7428273246905648
317,0.2792053636216929
318,1.2264039865857335
319,1.6135686650146086
320,2.145346096221412
321,2.0757284099389928
322,1.983965266262877
323,1.6272606184937644
324,2.6121282422884695
325,2.4307421400702633
326,2.349202701436326
327,2.030443574571028
328,2.402768749130768
329,2.4210554961858755
330,1.7788011396993264
331,1.8169486098281729
332,1.733857635639402
333,0.9210248453832781
334,0.2693556621304438
335,0.5962187823542298
336,0.20770178189437605
337,-0.35908658079354394
338,-1.3203187217254997
339,-1.0999521883107266
340,-1.538253134987444
341,-1.8078885069281458
342,-0.21678862838395707
343,0.2622962564460929
344,0.9070206601222486
345,0.6299659088602416
346,-0.23995622994982257
347,0.2374337345614208
348,0.15837789429999916
349,0.9142381019350276
350,1.125782706231715
351,1.2187665888075294
352,2.361678479449747
353,2.527830389414709
354,1.4155881947763405
355,1.5684930387188212
356,1.6037093536998226
357,1.7811831488679486
358,2.022588824058169
359,1.884433924494
360,1.6034856906110395
361,0.6533053423002144
362,0.6882529633249757
363,0.1315282183479427
364,0.13830659793359068
365,-1.0300219337633254
366,-0.3795903279350421
367,0.25663502271122685
368,0.2518904460196536
369,0.37241330881898627
370,0.5643613695185179
371,-3.845183433020749
372,-4.70404835676046
373,-3.5948798188284115
374,-2.405414554514862
375,-1.559722961004928
376,-1.3269919971782063
377,-2.104023167890323
378,-2.3743571515115636
379,-2.632543661924003
380,-2.7959313843219924
381,-1.8366200509539077
382,-2.053578740703843
383,-2.284839757791879
384,-2.6217106248833555
385,-2.4953905215615912
386,-2.7481492634119142
387,-3.3206208103189527
388,-3.5881424903559944
389,-3.6359565075696265
390,-3.988466551945713
391,-3.8238335153530922
392,-3.942157059580842
393,-3.7976712613048247
394,-2.9204264577911254
395,-3.445412549047422
396,-3.305135198788278
397,-3.5296189711652715
398,-3.476667805121658
399,-2.8648897747566626
400,-2.070958099624598
401,-2.1381198750877517
402,-1.208951428998839
403,-0.5610754229314674
404,-0.21174798470675604
405,-0.7649497044475706
406,-0.7168836958761693
407,-0.9407056464363017
408,-1.2747794410253976
409,-1.0087925192734493
410,-1.2356896047233334
411,-1.59880688417523
412,-1.4390157433794126
413,-1.6406955714452165
414,-1.664324743749479
415,-1.5366118077434043
416,-1.5968229814440238
417,-1.4712989766498485
418,-2.4399469969566767
419,-2.2246025922494805
420,-1.9326055014737498
421,-1.4649663206454666
422,-1.02815228485712
423,-0.8712588618128403
424,-1.2232869262196688
425,-1.4199773713247432
426,-1.9732549615176898
427,-2.00192371876754
428,-0.9753609019867882
429,-1.3740691286621143
430,-1.3027329568755075
431,-1.4673928794152191
432,0.38949777270227415
433,1.0379177111861537
434,0.44277184554550875
435,-0.037021474571319324
436,-0.1249265236986763
437,-0.11314504810532311
438,-0.5432624800135066
439,-0.24135800727014267
440,0.024056131385652435
441,0.29939216196088747
442,0.2895695064295989
443,-0.15489156935609705
444,-0.24242571258744627
445,-0.18262615042103914
446,-1.0455720811074598
447,-1.146445349771752
448,-1.5423006039069431
449,-1.6876076694599895
450,-2.1243155621176957
451,-1.8596513304814821
452,-1.97460400139563
453,-2.0090513751738204
454,-2.3175259021303796
455,-1.638838849163915
456,-1.6772063900111434
457,-2.7665071458983337
458,-2.8614805167554658
459,-2.816019464672981
460,-3.1823340730707694
461,-3.7126333518221255
462,-4.881038314457841
463,-4.882622294283712
464,-5.070476356396303
465,-3.5017392163686822
466,-4.760662194316323
467,-4.901145405676088
468,-5.757833189140649
469,-6.174939356286346
470,-6.554643407231708
471,-6.038752237061451
472,-5.1155574470185705
473,-4.683421726116177
474,-4.854350680588637
475,-4.167347806697796
476,-3.5529391289396695
477,-3.2521230219515918
478,-3.647804209166028
479,-3.776726920380735
480,-3.4281785968877876
481,-4.146996839238359
482,-4.578672576776366
483,-4.993270763598668
484,-4.51525134109464
485,-4.456103820808943
486,-4.06613591858862
487,-4.250073259906628
488,-3.7786827065365625
489,-4.150728176417584
490,-3.210245048085081
491,-3.913061561733644
492,-4.1166580660556225
493,-4.525787344112908
494,-4.297640415087589
495,-4.129368926093213
496,-3.994449164047864
497,-4.204595906306485
498,-3.5764738834339727
499,-3.4648446243476627
500,-3.933059500945957
501,-3.7483403427414963
502,-4.417188239009895
503,-3.765706264738522
504,-2.8914120652942077
505,-2.0410108858471165
506,-2.2291280163059923
507,-1.9297345117743725
508,-0.9052918760092288
509,-0.940234516304328
510,-0.6887583454035728
511,-0.42952120001805705
512,-0.3535767884420671
513,-0.7394881594691594
514,-0.6608473142105886
515,-0.0701151569665659
516,-0.1481576720587463
517,-0.2063002714220108
518,-0.240587174638629
519,-0.1235989914085911
520,-0.5307543117281099
521,-0.20528108659001454
522,0.6456276349860568
523,0.5551269045678486
524,0.6806658925017306
525,0.7993055001720206
526,0.7817277455871796
527,1.1375949906185179
528,2.384598867231724
529,2.62976206868224
530,2.506913028874247
531,2.988949784975614
532,3.382642136213998
533,3.2005559956725715
534,3.5114416221751377
535,3.399731404338513
536,3.7916440736977197
537,3.7655792280162803
538,3.314231722409855
539,1.7698641792556202
540,1.5953850619197185
541,1.7586095906117816
542,1.8506336208931273
543,1.6419351822750672
544,1.9326787240799392
545,1.9067626778161983
546,1.651218923367237
547,1.6438489768085152
548,1.8170768001240178
549,1.8434499803920756
550,1.806990011508569
551,2.0198326849561132
552,2.398754762692046
553,2.717530006689528
554,3.115652198335317
555,2.9801886291807245
556,2.5622340261935994
557,2.4957682102111356
558,2.4628404751541044
559,2.3266921829722564
560,2.3256891811895164
561,2.3731145364643824
562,2.486135950253132
563,2.743268866808246
564,2.788831303083139
565,2.7444888997347094
566,2.572495163728039
567,2.364762583969493
568,1.8990735807382642
569,1.6186924780211553
570,1.645633570929772
571,1.3324722174607562
572,1.1088111042947713
573,1.309922405449937
574,1.405477820267098
575,1.385934610010553
576,1.683373916750197
577,1.614118805856335
578,1.4118386975862762
579,1.9434176081965626
580,3.2137158674120148
581,3.0897391940958974
582,2.293539357623109
583,1.7171378794089032
584,1.6873401442744074
585,1.9943878537389104
586,2.367769487804905
587,2.002361909810779
588,2.2066225933425443
589,2.192313415908975
590,2.6517154431184187
591,2.1391885301700553
592,2.8795966041059717
593,3.883259642385606
594,3.599413448803479
595,4.229176506551324
596,3.1695581697578357
597,2.9264864085647435
598,4.113456783426406
599,5.354386547686674
600,5.421525607587463
601,5.351604101205298
602,5.409932747081947
603,5.692359467174635
604,5.65240523257986
605,4.542597925012837
606,4.578217159600961
607,4.624385453948454
608,4.585757742560692
609,4.462543004016362
610,4.815652477243204
611,4.454965646107789
612,3.708952540932664
613,3.6993505125931136
614,4.525589654836226
615,4.840950584111026
616,4.638450330090316
617,3.8947381259956115
618,3.960791029602273
619,4.0188688460450095
620,3.891293260955875
621,5.036449900021678
622,5.120812703875144
623,5.499891896862796
624,5.446861306303719
625,5.490076366434726
626,5.563465881046237
627,6.77747094934118
628,7.035409257172498
629,6.921176755335701
630,6.836116263098613
631,6.7240328446611874
632,6.94577429181733
633,7.199134475305691
634,7.271964441699796
635,7.482529655122283
636,7.781421377926145
637,8.059316577466614
638,7.952996390759415
639,8.552795630032684
640,7.873042175209166
641,9.211750105677385
642,10.130227290432092
643,9.975941298013824
644,10.321954273889645
645,10.311979832302809
646,11.165282274667309
647,11.406807614795822
648,11.397549263480178
649,11.750096226785178
650,11.521211273547994
651,11.395910975114454
652,11.533197869790035
653,11.46362419714826
654,11.57426296326065
655,10.914097252151912
656,10.26275004407946
657,10.40619468739501
658,10.659347622627946
659,10.534612740654792
660,9.76571638121908
661,8.846573588215566
662,8.379477557790072
663,8.825558151676027
664,8.446679089890852
665,8.90385088912986
666,9.394275808010622
667,9.147085459552052
668,9.171388263787584
669,8.481294183423804
670,9.08720880660252
671,9.712297909978052
672,10.012828771113602
673,10.124426667390086
674,10.218656859677555
675,11.43669806163361
676,11.74981146500349
677,12.06933396435732
678,11.89338132936757
679,12.892925876346917
680,13.445960968185355
681,13.488548517050369
682,12.850790536421952
683,12.69882367288131
684,12.084893124627726
685,12.198009091219198
686,12.138632453438959
687,11.854529978429774
688,11.66768783537606
689,11.832828187013966
690,12.10053325918734
691,12.17703781474997
692,12.538719040080949
693,11.61301202752476
694,11.510010846873664
695,11.415426285437213
696,11.882488721208627
697,12.692819908782415
698,12.664360706504162
699,12.460635592797864
700,11.555786533226552
701,12.290172558967715
702,12.336033679289926
703,12.357464340170598
704,12.027281332877138
705,12.075012341120273
706,13.12779828114019
707,12.846811116182844
708,11.452836322000248
709,11.865737339010106
710,11.045397199073449
711,10.578758383975861
712,11.128581279352122
713,11.518220489053288
714,11.430723199880255
715,11.422860687486768
716,11.786757710724704
717,11.74205278538929
718,11.476309044558587
719,11.26552342272995
720,11.159985061005573
721,10.74700106425066
722,10.587728982046185
723,9.92587440142918
724,10.95554711751947
725,11.089622178653812
726,11.623173623916694
727,11.596077464041855
728,12.155428776400656
729,11.824768235016524
730,11.481804791864691
731,10.812562563581253
732,11.704249895157858
733,11.93332691137452
734,11.688322002887364
735,11.84412766584475
736,10.73909965071076
737,11.62876394610397
738,12.502240690265376
739,12.153200290855338
740,12.254211550456674
741,11.77020662519077
742,11.432753210665103
743,11.480609047182444
744,12.965143368738264
745,12.62142821983472
746,12.429752670919548
747,12.686927866829144
748,13.126126051267196
749,13.293881995071244
750,13.0257042242087
751,13.552701163561531
752,13.557699855541383
753,14.342945986910195
754,14.741944286402543
755,15.14407737740413
756,15.297165318404392
757,15.140656819396492
758,15.47399100265714
759,15.421669454958863
760,15.725596180662249
761,16.44900042970907
762,16.085076620183436
763,16.100224026659426
764,16.025002184825986
765,16.001225864339297
766,16.114614355222212
767,16.524949020332215
768,16.046785317028657
769,15.872123702236586
770,16.932594678994818
771,16.762006350183878
772,16.211761899234677
773,16.5317666940229
774,16.451901185066053
775,15.943823486035447
776,15.327433266154266
777,15.824874714273474
778,16.357515974869386
779,14.511195055557957
780,13.784317584716632
781,16.532937039826724
782,16.693221140131943
783,17.23661889938526
784,18.914654280149755
785,18.69507667485013
786,18.587047915597577
787,18.736526331905566
788,18.004816657919665
789,18.572973371258563
790,18.699587471911293
791,17.275974274238457
792,16.70528775481619
793,14.919316815773232
794,14.920752466292297
795,15.821030228617738
796,16.005231413062383
797,15.93100128143574
798,16.597137574639696
799,16.901727168297075
800,17.605417258675725
801,16.670221524446525
802,17.392695699793805
803,17.876576583590897
804,17.383703555177643
805,16.45353433816281
806,16.464555647170485
807,18.156103073672792
808,16.745430591454923
809,16.240858031526308
810,17.24687657989199
811,16.24874303586825
812,16.14978370602369
813,17.418474197154964
814,17.586070520205443
815,17.002870294495253
816,17.42064120722031
817,17.48049734639059
818,17.024231140876967
819,17.931877105095207
820,16.876494721121983
821,16.354699152904175
822,15.88896752573261
823,17.238672090600726
824,17.559640635085483
825,17.954773795299552
826,18.092584119591137
827,18.043683407604917
828,17.711093256782796
829,17.33854131467849
830,17.848054757796938
831,17.848054757796938
832,18.295650137678933
833,18.8026912716597
834,18.958298488423896
835,18.690344081907085
836,18.10016701010411
837,18.074835675579813
838,18.24305743323469
839,18.409101087608004
840,19.303124218255906
841,19.34936340897757
842,20.0668707183266
843,20.570122783143717
844,20.234918808518863
845,19.85676950035895
846,20.754331168622
847,20.31956579760632
848,18.30846985215009
849,18.33944808280883
850,19.026310256705735
851,18.950495466583806
852,18.45423037045144
853,19.585299882621477
854,19.28762329528608
855,18.971591689247248
856,19.275317865358033
857,19.782921981005753
858,20.686445179075807
859,20.565316348647023
860,19.82696404345521
861,19.37667955852842
862,19.64031474642065
863,20.040482767280878
864,19.63166874747482
865,19.580406333557576
866,19.70747909366397
867,19.372152260347498
868,19.397149062481823
869,18.019338416336296
870,18.312323659842278
871,17.908221167778393
872,18.45350749943666
873,18.03004117386262
874,18.00993003844047
875,17.3428614895192
876,16.967811005890244
877,17.173675434484803
878,17.388648710801945
879,17.79725268289132
880,17.903186554566332
881,19.52112905236112
882,19.42934757088832
883,19.18081766149149
884,19.249742330858144
885,19.16605670060092
886,19.18482609765977
887,19.61669761652074
888,20.01622400401992
889,20.00750044894737
890,20.090113321792092
891,20.44678442008381
892,20.461576265107052
893,20.089638864180557
894,20.826793834825374
895,20.564497027259108
896,20.36064491421201
897,20.39361309360277
898,20.51576957420993
899,19.648320135413154
900,19.93878615652285
901,19.22810992355617
902,19.249641702569708
903,19.3438443482566
904,19.38088315239166
905,18.759171899776316
906,17.838086879998393
907,16.61861008955874
908,17.678276910241863
909,17.330520505558546
910,17.979812164041164
911,18.876390592426183
912,18.147741257799765
913,18.36941742319167
914,17.65478972622285
915,17.043169946686753
916,17.848341633823694
917,18.046238281116377
918,16.941237338637084
919,17.18405423760947
920,17.137322336837514
921,17.616219076343988
922,17.41311090872677
923,16.051496283224264
924,15.953115783227023
925,16.375543130628746
926,16.21103795729777
927,16.19879467122418
928,16.323512425408836
929,16.897712950898413
930,16.332188197899967
931,16.04852131145773
932,17.978877630169656
933,18.978018234783644
934,19.173538177133096
935,18.654649236206545
936,18.588104619109203
937,18.47778713970918
938,18.68556429842294
939,18.80433212587882
940,18.56429989131856
941,18.51237680184823
942,18.43593776010115
943,16.171277658994754
944,15.294358630806704
945,14.591106962329992
946,15.593079647107743
947,14.458895346102118
948,14.829546777403003
949,16.066799853087478
950,15.858818956713193
951,17.263249008849524
952,17.53403040832131
953,15.877003752862851
954,15.974093642377674
955,16.141924131844544
956,14.992250562630073
957,15.072871715981396
958,14.761703121415115
959,14.28504787446192
960,13.87521459269081
961,13.670451414665141
962,14.278079472793713
963,18.19186978761005
964,17.252651797742246
965,16.14243162254794
966,16.89763623411644
967,17.28200777278208
968,17.045992454096194
969,16.669196565369848
970,15.16006478017269
971,14.733279070446104
972,15.453087281384681
973,15.485068628532161
974,17.26401907208612
975,17.149582560385966
976,16.719302608582677
977,18.930269947903987
978,18.762367497663313
979,20.497580474209954
980,20.41423790325114
981,20.50731106399013
982,19.4593691088633
983,19.68371474269364
984,20.299700550471968
985,19.274236085347972
986,19.178210409899265
987,19.208037702686
988,19.094680629973393
989,19.203299900103875
990,19.67199110389979
991,19.31324688948619
992,18.64666356444884
993,17.302587099846377
994,17.742580403863606
995,17.245341838417595
996,17.060787031562107
997,16.671321483815447
998,16.43188027812632
999,17.029762799254012
1000,15.398396077132116
1001,16.78555060333975
1002,17.038541998009492
1003,15.438979790503016
1004,17.57900967476729
1005,18.004784029243524
1006,18.173673091236143
1007,18.679867030552376
1008,19.111367979318562
1009,18.307234891535586
1010,19.51965240667295
1011,20.86936869197491
1012,21.311785746895275
1013,20.459525122207566
1014,20.82392355028615
1015,18.946413055667712
1016,18.03015438637967
1017,18.0000679066914
1018,17.522188931118677
1019,17.01061916726494
1020,16.708463743236134
1021,17.17463933034178
1022,16.76219901092637
1023,16.71236583382587
1024,16.82474152849258
1025,16.991660758342707
1026,16.479427430983918
1027,15.9694956143831
1028,16.293109516955862
1029,16.206089025196178
1030,16.462909154663663
1031,17.4467480749962
1032,17.04444749942329
1033,17.028345137427237
1034,16.869120762166425
1035,16.27518517085502
1036,18.542340852516336
1037,17.848079504532578
1038,17.062737516317906
1039,16.53422000080107
1040,16.211950713384795
1041,16.1843867628372
1042,15.826649941637495
1043,15.689934656835591
1044,18.505860680692265
1045,19.2667071721224
1046,18.88474840525589
1047,18.627537168342556
1048,18.839855771130367
1049,19.08649315187345
1050,19.222957065182978
1051,19.612731056613097
1052,20.155969466574586
1053,20.38085720868046
1054,19.71354104612879
1055,19.77398934977639
1056,19.78689999520311
1057,18.726421430719586
1058,18.57596003477311
1059,19.033568040273295
1060,18.458005416472023
1061,18.46072116580988
1062,18.800290725874923
1063,19.4468442653019
1064,19.49768841406252
1065,20.443719529094384
1066,20.998279962763334
1067,20.915371512070834
1068,21.138771384729903
1069,20.682331671534126
1070,20.63754130152644
1071,20.13562985915327
1072,20.244642620419096
1073,20.459413255138625
1074,20.231880634325485
1075,20.4243455922132
1076,20.145832318514124
1077,20.36404965120242
1078,19.603927197215732
1079,18.79073563551208
1080,18.234830197186792
1081,17.97821933531778
1082,18.413307347135888
1083,18.551320666478578
1084,18.434660564729754
1085,18.58686332010111
1086,18.245507649424187
1087,17.616164367807798
1088,17.1600153650282
1089,17.041011963447804
1090,16.642133905417246
1091,17.602414238659957
1092,16.164681827330597
1093,17.482147535610927
1094,17.544921911749256
1095,17.89409671965401
1096,15.263136919057807
1097,14.571957644512024
1098,14.537332393421831
1099,14.736412761527728
1100,13.884938427295811
1101,13.97433736114644
1102,13.550799273491275
1103,13.348723032014709
1104,13.098504041574621
1105,14.507081646262666
1106,14.429194019091263
1107,13.14363795038329
1108,12.391787920204322
1109,12.23572821620047
1110,13.74870627026905
1111,13.102904904399072
1112,11.789145219635632
1113,10.534846742966897
1114,13.45687885900766
1115,12.511883026636262
1116,12.070034864589307
1117,12.893206014547353
1118,13.138328945355582
1119,13.895364357197826
1120,13.748739035969425
1121,14.125063695684537
1122,13.930542438559312
1123,14.354709526677745
1124,14.083747490074416
1125,14.181340376952667
1126,14.394391132498917
1127,14.775833745557222
1128,15.278884071909161
1129,15.399286483808062
1130,15.012521774090025
1131,14.929579648157087
1132,15.124883174100368
1133,15.4402309486386
1134,15.337054694814455
1135,15.261128508807676
1136,15.282432383086153
1137,15.048110954648486
1138,14.730635075475895
1139,14.436527850923309
1140,13.64539171236816
1141,13.760794533655197
1142,13.88898542746353
1143,13.79895463548233
1144,13.921501863841357
1145,13.688094416709218
1146,13.491121164553421
1147,12.958886269120518
1148,11.821710497523918
1149,11.167912564307848
1150,8.439183362033909
1151,8.937933605133107
1152,8.746134736500387
1153,10.06902066371891
1154,9.099979065057017
1155,8.110970102432514
1156,8.109344620441505
1157,7.480849161980685
1158,7.464451587093324
1159,7.394979100717314
1160,8.941525921823047
1161,9.11931856596524
1162,9.121807115944325
1163,8.405991618794562
1164,6.723911453656939
1165,7.24089954399072
1166,7.666223424267393
1167,7.644611000004464
1168,7.901111630571811
1169,7.908189014157663
1170,6.939892704067652
1171,7.114242264863813
1172,7.631425392032654
1173,7.284566610266974
1174,6.870200803063797
1175,7.576225586312191
1176,8.381883462069627
1177,8.603891878991977
1178,8.228177487703148
1179,8.700598557412897
1180,7.50771811713169
1181,7.349445046992353
1182,7.482049150273018
1183,7.760774749573218
1184,6.635462980191242
1185,5.199411071593207
1186,6.334756465619629
1187,6.4769198879037315
1188,5.690743678504373
1189,5.696009180376671
1190,5.266929761522432
1191,4.7577648516391235
1192,5.18080892198387
1193,5.083266907255646
1194,4.90044715497715
1195,3.797659838621237
1196,4.41438629663673
1197,5.278964590233803
1198,6.437813872777309
1199,6.480342112069404
1200,7.211762767493868
1201,7.461191807843148
1202,7.668940508194888
1203,7.481688445311918
1204,7.799634796286892
1205,7.681530399193837
1206,7.8539622822324295
1207,7.0282270128673385
1208,6.3031458870179025
1209,6.634137059695022
1210,6.456009201697688
1211,6.639108069561628
1212,6.815366934205014
1213,7.307020796143848
1214,8.723162876503675
1215,6.904052564950391
1216,6.742944863145062
1217,9.718350665990428
1218,9.981059455253494
1219,9.628831992032637
1220,9.39503814378526
1221,9.039492154606311
1222,8.585874978361963
1223,8.243370663461679
1224,8.743742906492912
1225,8.970848105191953
1226,9.218298946423564
1227,9.44145439502706
1228,9.624110426502263
1229,10.235598186597382
1230,9.32928782920477
1231,9.293599988709067
1232,10.917128119501186
1233,11.153299403132078
1234,10.23224081503944
1235,11.715428353421832
1236,12.176242584608389
1237,12.25471215712104
1238,10.786780684034492
1239,10.766069276786915
1240,11.455645908842605
1241,11.721966031511233
1242,11.51775285136738
1243,13.077731700674766
1244,13.400299616278799
1245,13.594781509219779
1246,13.972868241656178
1247,14.278741429944496
1248,14.109128653435278
1249,14.192250260226636
1250,14.120334975569214
1251,13.743923856423823
1252,13.81952989793984
