,cash
0,0.7091573052338387
1,0.8931069400821359
2,0.8184350702701614
3,0.8344828845471078
4,0.8830093508338118
5,0.5259654957335816
6,0.8245244709504914
7,0.7394870167336158
8,0.839202201930104
9,0.78703526490613
10,0.9551686170400395
11,0.8460456943115535
12,0.6854937139307835
13,0.6865902685314114
14,0.8402897856834324
15,0.7282510629714307
16,0.8410660434626818
17,0.8562842563320748
18,0.7747738953840851
19,0.8879970858332364
20,0.9762853810769606
21,0.9100584176244338
22,0.8818957060030483
23,0.8787252338970468
24,0.7819518172000218
25,0.6502588629726299
26,0.8907726256457058
27,0.8115253300134864
28,0.8270423826505557
29,0.8072373930651385
30,0.7689702395367397
31,0.8793955573653928
32,0.7959367045322747
33,0.749008087391325
34,0.5346897574590085
35,0.8880824950031132
36,0.9463136752252873
37,0.9099930587706428
38,0.8365547096745538
39,0.7634624289649427
40,0.815203643063586
41,0.9068884682935706
42,0.9115800129528229
43,0.8157236679265409
44,0.8681190681644209
45,0.6442221953132161
46,0.7628345617532698
47,0.8017624540128636
48,0.9091810901121171
49,0.8937602661604147
50,0.8727102788897411
51,0.8350250615697198
52,0.7474971485647677
53,0.9621604032942843
54,0.764837951509479
55,0.44096842649441415
56,0.6036213870096491
57,0.6404672642607607
58,0.824899752503436
59,0.39733774153035595
60,0.7609030593154354
61,0.7526755755069364
62,0.7105820654992759
63,0.7271882172669836
64,0.7142127013784482
65,0.6644894926310884
66,0.6290856560993602
67,0.786874612959823
68,0.8704130274889592
69,0.7173790795003318
70,0.8648156092297004
71,0.9353231344389581
72,0.816907411353527
73,0.5425453635844624
74,0.5875132833863266
75,0.8042773923761867
76,0.7929997285901899
77,0.902796592024166
78,0.7995491299508457
79,0.8547607850502102
80,0.525922289880802
81,0.8784006082732708
82,0.8483351011435184
83,0.7208887416774173
84,0.8967751822753891
85,0.7772928617944782
86,0.852233345904961
87,0.7085657290183942
88,0.9038612117088215
89,0.8696610724978946
90,0.8789175863448845
91,0.9262749180996229
92,0.9088386536256838
93,0.7155905142788813
94,0.6515393148519111
95,0.7171114688010528
96,0.8592130356277929
97,0.8144211679405632
98,0.8763114932326073
99,0.739229144888993
100,0.7459900732011988
101,0.7038341907847356
102,0.5364127921040903
103,0.7330985404101696
104,0.7151581394348466
105,0.9214297451400311
106,0.7740637727024293
107,0.5919675099255511
108,0.7298409240419065
109,0.8207342163642045
110,0.6686896541600641
111,0.5698815666254919
112,0.7982862308988061
113,0.8295571927023617
114,0.7610343589147115
115,0.6201806201115321
116,0.6988967086526374
117,0.6344355674024786
118,0.6914371678594041
119,0.9074286421067631
120,0.8060773823828117
121,0.8620669884594382
122,0.7968159821726358
123,0.7280083737314372
124,0.5688345152093395
125,0.6170296825385011
126,0.9354804419453543
127,0.8687172265318861
128,0.7161172388553374
129,0.575930511533556
130,0.7800129864639861
131,0.6763664293655959
132,0.3781679421240849
133,0.8875635926709616
134,0.7977181647484628
135,0.8377344881475823
136,0.8180805283332921
137,0.8825948350325927
138,0.908927169533278
139,0.8323096156516895
140,0.8717621989954741
141,0.6383258083020997
142,0.8095810133119472
143,0.7739655250279815
144,0.8800058197184482
145,0.8591353525267865
146,0.8456276562339
147,0.8796473639550729
148,0.8708530559704957
149,0.7399194614681761
150,0.7535964389231188
151,0.8494074495718059
152,0.8342743321390947
153,0.7059498291782852
154,0.7410568342700509
155,0.8581143498669475
156,0.9065645081277437
157,0.8351424878958089
158,0.7216521279465131
159,0.714632734751752
160,0.88361071818299
161,0.7199201484319103
162,0.9030092148461881
163,0.8682208630464865
164,0.6893194270464063
165,0.7697498568146919
166,0.7414611518078386
167,0.6553680423638871
168,0.7373790737859646
169,0.6176915735493309
170,0.9128028485653312
171,0.9251856280989108
172,0.9152136749989542
173,0.8417786757444087
174,0.7425975175883642
175,0.8778498243794376
176,0.9365006857756932
177,0.8703722335379301
178,0.8630547664093154
179,0.6839220934936182
180,0.8982654225905138
181,0.8805289073877205
182,0.8973245056055394
183,0.9249592607618421
184,0.7233202719929621
185,0.7466079776394341
186,0.7777330387577026
187,0.8558418726186466
188,0.8828555914421004
189,0.6204786963850119
190,0.8945991150719472
191,0.8110745842957618
192,0.8870604476594486
193,0.9106021347061131
194,0.7475944367136429
195,0.7483787341578517
196,0.8371479695300551
197,0.8440145986156836
198,0.6905155865860445
199,0.7526146349029829
200,0.8152478943789151
201,0.8283291901713253
202,0.7671097220480517
203,0.7815652631724552
204,0.5544945367481323
205,0.9202953225973957
206,0.798860453091749
207,0.6760243300105611
208,0.860082464061943
209,0.561937420925136
210,0.767402390197698
211,0.6941855300265369
212,0.5874569541254526
213,0.7486134967780654
214,0.7163790954578785
215,0.7823451319222787
216,0.7197725304016963
217,0.5457587633573009
218,0.6864422439304377
219,0.7919510880548601
220,0.7238995360285245
221,0.6311079902638759
222,0.8777191768462779
223,0.7347338316679108
224,0.6768475132196181
225,0.4129416700113724
226,0.831608531799652
227,0.8502572049143641
228,0.7115910729411757
229,0.9143586565019435
230,0.746902261532095
231,0.5116300985626554
232,0.7320715868191805
233,0.7995639342732737
234,0.8693124173581558
235,0.6524717586372643
236,0.6534893478518268
237,0.7852673902377029
238,0.6260144115307963
239,0.7716317673751034
240,0.8687469261864488
241,0.9284938114347198
242,0.9330027277400655
243,0.8482537704569948
244,0.7866723760651958
245,0.8027597587244824
246,0.7540677974363492
247,0.6298749386586723
248,0.8635019164185604
249,0.8962991520940589
250,0.8455938863282001
251,0.7768248608370918
252,0.7438929431011575
253,0.7754775956656835
254,0.849921117068662
255,0.7214583593623836
256,0.8272712843559903
257,0.7143256101909284
258,0.6497782388792571
259,0.7596518344902329
260,0.9206429319145809
261,0.7932168925299748
262,0.7761373316880815
263,0.7181326440463669
264,0.7777599679844277
265,0.7812990342737901
266,0.8353360245415874
267,0.9206260965742589
268,0.7459068940464563
269,0.8568110759118157
270,0.9655578482167759
271,0.7677133391524386
272,0.6301605969475209
273,0.6369444672521157
274,0.881707164342895
275,0.8331015479122654
276,0.8701523153445867
277,0.7843513453646482
278,0.6990680565660858
279,0.8389613445384788
280,0.6657000152572687
281,0.40487738592566785
282,0.48988521073080754
283,0.8366083569693951
284,0.6953786549097264
285,0.6885516066617998
286,0.5618401574364656
287,0.8987987382311527
288,0.7405823541092661
289,0.5549992189472661
290,0.8104826001195297
291,0.7143402526512677
292,0.9635838142572554
293,0.8311013401632937
294,0.8446446137403387
295,0.9196916572771394
296,0.7924817891212851
297,0.8674927118286779
298,0.7979152960069502
299,0.7149650196583537
300,0.777448735180155
301,0.5938328164613528
302,0.7989078144866308
303,0.6543938304454686
304,0.735002933935463
305,0.9409042944581385
306,0.8404420805144158
307,0.6583816852461977
308,0.6183688627878392
309,0.8683978575356468
310,0.8345923699924939
311,0.8629678246551213
312,0.8386731089208522
313,0.7181047284610081
314,0.831503154555854
315,0.6860073088564951
316,0.6996873737016558
317,0.8200759232731663
318,0.8862503256363079
319,0.6076995697820263
320,0.9138912348582011
321,0.7878810073683298
322,0.8223866692131987
323,0.6712471917278898
324,0.9543887827674318
325,0.8627817504732018
326,0.8140364225020206
327,0.8487986357821415
328,0.7858668383183338
329,0.6681516897719525
330,0.9112766609760594
331,0.8634430191183803
332,0.8621270153505642
333,0.8777598895169768
334,0.8120231848847617
335,0.9128685169749676
336,0.8535963590636131
337,0.8711044260406781
338,0.7020477951287333
339,0.8179670368238344
340,0.8102688888180856
341,0.9410202993918394
342,0.5818572268582729
343,0.7257952655521337
344,0.6731206754245113
345,0.8955914379925383
346,0.7627377862843091
347,0.62849588853949
348,0.7826075992002117
349,0.8273436535584967
350,0.7760026773367918
351,0.8931003700769508
352,0.6551604966944246
353,0.7424905476005574
354,0.7652405903612746
355,0.8224188802922237
356,0.7183707386140182
357,0.8992953969042724
358,0.8195065292317786
359,0.7376756819616194
360,0.856390654208984
361,0.8772075217401719
362,0.823354288151779
363,0.913424638117308
364,0.8194064580337582
365,0.7098770374803323
366,0.9249087197464216
367,0.8586071987682121
368,0.8112012595306158
369,0.8267075448538276
370,0.7609019788950664
371,0.5949211546971508
372,0.9174365614824724
373,0.6425712710939251
374,0.9144568556188652
375,0.8957604315772245
376,0.9039969441084341
377,0.894303650010285
378,0.706526969209535
379,0.7129297852580248
380,0.9566831002640448
381,0.8194088020341046
382,0.9008083522185615
383,0.8038934143990873
384,0.8324006673336041
385,0.7647911198068552
386,0.6706806711454331
387,0.802231325994087
388,0.8754542676816206
389,0.6045562302094853
390,0.8589959688512697
391,0.8759174145226837
392,0.8298909407566558
393,0.8310394119106769
394,0.7421219933738286
395,0.7894618211503162
396,0.7212099337923902
397,0.8487622895705812
398,0.9205789081622903
399,0.8890425895648636
400,0.7861194026473268
401,0.7365259262366499
402,0.7080596688103195
403,0.9027440070240345
404,0.7882537362448291
405,0.8952787745789965
406,0.8989197765654641
407,0.8725287790911873
408,0.8177236573168353
409,0.8799184218957998
410,0.6981979014277409
411,0.7076501383172669
412,0.8326970449499079
413,0.7095150138642239
414,0.7030915853474391
415,0.6390045344573608
416,0.9452195683722976
417,0.8032355733449004
418,0.8996695916514976
419,0.651406128547759
420,0.7976758792939702
421,0.8182564157222749
422,0.691129186115519
423,0.8389399136410276
424,0.8626007086714768
425,0.7826215411468582
426,0.9524599650807102
427,0.7571158310444157
428,0.8530504804958912
429,0.7715335666300057
430,0.8220762504368799
431,0.5177931864553533
432,0.8612436089593999
433,0.8279635691626934
434,0.9114504366101492
435,0.6136151411499964
436,0.7639225830732745
437,0.7554032751003661
438,0.9563092302814309
439,0.8339003791811463
440,0.776015285677103
441,0.8221985844715309
442,0.6339141656437373
443,0.8288907834361801
444,0.7487050112570154
445,0.68237893142719
446,0.7026936107478585
447,0.9301193146546239
448,0.8752223240389964
449,0.8560091992649512
450,0.7469573960705672
451,0.9245076720136836
452,0.8310923708110717
453,0.8568880673621768
454,0.7927281856438448
455,0.7252827942364636
456,0.8083528960961658
457,0.9411130211088885
458,0.7523074028038711
459,0.8350375575379623
460,0.688106982391414
461,0.7555868052384872
462,0.9626551769633978
463,0.6502800329398338
464,0.6352514633687599
465,0.793719992657709
466,0.8685795607471292
467,0.9047375144175163
468,0.7158152125086724
469,0.7670752681220484
470,0.5621480854535411
471,0.7106466046868546
472,0.6267126491368448
473,0.8005638585942271
474,0.9414144586844945
475,0.7865439091157513
476,0.7846180748830304
477,0.608758519556099
478,0.8864907612775593
479,0.7390375915331417
480,0.7269449065481731
481,0.60512017729253
482,0.7815294368766614
483,0.7495076224508361
484,0.7230390996957758
485,0.9422894521367766
486,0.8655589181721879
487,0.42150249442848703
488,0.42157821626037784
489,0.8810322205648359
490,0.35500145714396425
491,0.4166414046871789
492,0.7686127434085269
493,0.9838666351457299
494,0.8474523558709588
495,0.7737105623794817
496,0.7657792116278289
497,0.796748709395186
498,0.7782023739626275
499,0.7551537726799316
500,0.8660131791694498
501,0.7948519155774703
502,0.9031190349392116
503,0.823197628179517
504,0.5993669165489183
505,0.6622842487918003
506,0.9148948194418962
507,0.8178743261212199
508,0.8897991427869907
509,0.8543618278087952
510,0.6356212593308449
511,0.704884401913981
512,0.9178797917712017
513,0.5004272061315812
514,0.6510642575774829
515,0.6135299545951092
516,0.6641205484801415
517,0.8235709757580966
518,0.7704391868899378
519,0.7192213450029674
520,0.8997055258113512
521,0.8727690078121089
522,0.8074851252699021
523,0.8490759179165416
524,0.8822410368841344
525,0.7701522296385968
526,0.6758500757784639
527,0.9143442801716043
528,0.9711042601823012
529,0.6594195280092876
530,0.9014853906427793
531,0.8047285421047882
532,0.743616671496679
533,0.8397324413265199
534,0.9010852079486525
535,0.9251576874366019
536,0.8661102106288998
537,0.9036697388119355
538,0.5888855859144085
539,0.7610592806833014
540,0.7595276512517442
541,0.5151689862286211
542,0.6855567127737414
543,0.7099186042796166
544,0.6746283718027509
545,0.6601138982410183
546,0.8781576353342542
547,0.5982079655771146
548,0.8572978182459128
549,0.8580743993118302
550,0.4457383880442949
551,0.681489015354074
552,0.7210946867513376
553,0.8801186648437351
554,0.8373766946368415
555,0.7777530742340326
556,0.7641753933826558
557,0.5051098038169582
558,0.6799487004985798
559,0.4801072455470073
560,0.8671058199065366
561,0.7704696067777678
562,0.9304355518668695
563,0.6085674454657578
564,0.8612554931853622
565,0.8100278132837425
566,0.5738859273508461
567,0.8453656037123766
568,0.7624185920235266
569,0.8896806833198011
570,0.9380549468235183
571,0.8427496781699956
572,0.8710036132780026
573,0.7794964880571231
574,0.49855807370528615
575,0.8345360395832238
576,0.691616529036987
577,0.6218966386171327
578,0.8787437520883186
579,0.7350099740713932
580,0.7831756156678277
581,0.7902698531211764
582,0.8023008208270475
583,0.8977492778070444
584,0.9137302152374629
585,0.74888170060704
586,0.9289224536658914
587,0.5075046371491876
588,0.6030698976726445
589,0.9191936289933454
590,0.8414085459844123
591,0.8204571888035445
592,0.5887661275733619
593,0.7853922698217504
594,0.877008131555368
595,0.8534772352311157
596,0.8144597229211287
597,0.8340812482750785
598,0.7699880941585145
599,0.8569637047100298
600,0.7905708011521799
601,0.8181102008876168
602,0.7833442038821852
603,0.7177828352355575
604,0.8685913731157305
605,0.9329897795612261
606,0.7506277979281483
607,0.6387469812404232
608,0.8150461248898596
609,0.6827239803597224
610,0.6845832387957164
611,0.8030347200699841
612,0.9075941285156005
613,0.9390360050350292
614,0.7783009033684443
615,0.750900453841317
616,0.6931529822759003
617,0.8578622261300966
618,0.8210822194537227
619,0.6609742126991968
620,0.8908185168573806
621,0.6976478167586925
622,0.7135183364773011
623,0.860843318012529
624,0.6908942166106765
625,0.777251201267143
626,0.8377260046174378
627,0.7834809958679996
628,0.6956819905169231
629,0.8859385517374209
630,0.7432817324415572
631,0.6282209621119141
632,0.8557903536458035
633,0.7328908841931444
634,0.808118909149092
635,0.916724779388932
636,0.6583774787304707
637,0.6943042099171339
638,0.8658485295225351
639,0.8991547780244661
640,0.9542496718612128
641,0.7047376341764895
642,0.47167941177626205
643,0.8352954152825548
644,0.7516671550287666
645,0.7498365530770614
646,0.6085829191884042
647,0.7547086590349875
648,0.7169766363218871
649,0.622834728383357
650,0.6504805556582233
651,0.7328948675036664
652,0.872670933139039
653,0.7309421153430299
654,0.831973693664156
655,0.8810874991072881
656,0.7878166668164537
657,0.9091174727627476
658,0.5948578245992732
659,0.6769425828225499
660,0.8824463018778153
661,0.7667295472953563
662,0.6891212546981914
663,0.6335013127716468
664,0.8322347224339041
665,0.8361422128499303
666,0.5193736124359284
667,0.7270789271436243
668,0.8486671689864119
669,0.9218628697777509
670,0.6297705163275092
671,0.6596018364321291
672,0.8115017363767014
673,0.7072226743567779
674,0.8507611589615046
675,0.8962362042572602
676,0.9235144880813743
677,0.6958025585370081
678,0.7298720503516253
679,0.7575447157456996
680,0.7609382510834615
681,0.810281972827165
682,0.8514935190736868
683,0.49607919642300924
684,0.6173798319266639
685,0.8285138724619653
686,0.8538035946433564
687,0.896047050028934
688,0.8080192758635417
689,0.7325300580505659
690,0.8089801628888537
691,0.8743762574278634
692,0.6307439852706102
693,0.8302325680555638
694,0.9246304815846389
695,0.7576553336148792
696,0.616936461530786
697,0.6425119728596892
698,0.9214215499914197
699,0.7516132028428216
700,0.8543952416083108
701,0.7971551014444982
702,0.7482271266863558
703,0.5508836911685386
704,0.557597526956863
705,0.9224080341652827
706,0.7645159906058479
707,0.6395700411960978
708,0.6470431718603987
709,0.8503284563369212
710,0.8100097023212361
711,0.7280563438710006
712,0.8318410894896199
713,0.928807481613212
714,0.5999820188504981
715,0.8359514979131563
716,0.94178851863321
717,0.7510946244201137
718,0.8078709300299269
719,0.6057332954589105
720,0.779172826981771
721,0.5505202787136146
722,0.8717369105676861
723,0.8992475656884825
724,0.8431242155326617
725,0.7900972708425155
726,0.4409261750540548
727,0.7698293290519161
728,0.5744628285769693
729,0.7793842685143805
730,0.9099425372934592
731,0.8646692358905566
732,0.7752168642479466
733,0.6923943550004643
734,0.843418725403184
735,0.8072650837261692
736,0.9178978390815346
737,0.8784754994400985
738,0.9251573424573114
739,0.8985398863508306
740,0.8796007610491213
741,0.917832167197517
742,0.49748001187584023
743,0.7764372212774412
744,0.6709426302293477
745,0.6509206423483785
746,0.7786251796329164
747,0.8083355347613727
748,0.8677254391521594
749,0.6047782749231203
750,0.6392327734770048
751,0.8582305980338119
752,0.6347022930460583
753,0.9361687956018456
754,0.6726742270431575
755,0.8048489729100217
756,0.9490400646957147
757,0.9196683863972459
758,0.758818841230854
759,0.9158179479363239
760,0.7633006334459018
761,0.7672689114016615
762,0.8844715526930101
763,0.8051323351463715
764,0.7518032395113948
765,0.8600525557815902
766,0.7868223929431225
767,0.7943654418607092
768,0.760000056497519
769,0.604636578432118
770,0.8623627369020277
771,0.794847791347081
772,0.7420501091651602
773,0.7497418811996291
774,0.6523473979100909
775,0.956403870239617
776,0.9334572713524124
777,0.6253711103875634
778,0.8603035683309346
779,0.8977988330708859
780,0.7650273644108472
781,0.8404279011852842
782,0.8537428846828818
783,0.8411171218570755
784,0.9007708327175286
785,0.8760903605100212
786,0.7730983256224474
787,0.8163019786316734
788,0.6011769381713268
789,0.9333778074968113
790,0.7066465735913943
791,0.5934878260755005
792,0.8811326463353653
793,0.8388143485523175
794,0.6861127061894542
795,0.8095310712089597
796,0.553067009753761
797,0.7620985046355769
798,0.8500625616984158
799,0.6144924629801575
800,0.4305217861561194
801,0.7515642751379326
802,0.8257363855449367
803,0.895162218081191
804,0.5761565550295367
805,0.681443176288439
806,0.9155528621224901
807,0.7233584694285535
808,0.7027484040907779
809,0.8961320066295719
810,0.7864465195283693
811,0.8304452945981718
812,0.8355668474386634
813,0.5618942813356576
814,0.7061482735166539
815,0.8139636662827548
816,0.8203610333443282
817,0.6709151884713362
818,0.845584881983929
819,0.824580275385848
820,0.7379068111520185
821,0.6829152803297956
822,0.6199446028724845
823,0.7494993251774786
824,0.6311929012638764
825,0.597955339393119
826,0.5673800696317429
827,0.8580591771725277
828,0.9489610321772803
829,0.7513836915312312
830,0.7828430654167803
831,0.8991805819416241
832,0.8368714638259888
833,0.8453111723705887
834,0.8120641390715941
835,0.8465857399011134
836,0.7935427634746728
837,0.6348240091627498
838,0.9518184424466279
839,0.5677458506296713
840,0.8352598383736365
841,0.8578158247882931
842,0.65176226158364
843,0.8754225927668418
844,0.9093443454894239
845,0.7171484826595856
846,0.7176330636119935
847,0.5473476860944462
848,0.8755023040544341
849,0.7048727651330774
850,0.6151515802447878
851,0.8754609746556691
852,0.8427102594811636
853,0.9360966635978377
854,0.8163897443961309
855,0.8098444929046777
856,0.8897522739932051
857,0.9508501877761304
858,0.4579638783425696
859,0.802261926777787
860,0.7281607746073374
861,0.6860028898394179
862,0.7724749103993447
863,0.8154248366060156
864,0.8271616723799927
865,0.8940581619482281
866,0.7239812117422902
867,0.7610365849561693
868,0.8701146420955649
869,0.7428656294071738
870,0.8361432211073584
871,0.7000803839929086
872,0.7872020548479859
873,0.7156519053001403
874,0.7683632693957001
875,0.800898130634333
876,0.7549252266094415
877,0.840409019952165
878,0.6307563737589966
879,0.5172777886549206
880,0.7234054496984088
881,0.7208746692615062
882,0.9197011642125061
883,0.7055878755300334
884,0.8466369318523025
885,0.74414831114286
886,0.792952115304637
887,0.816572972856194
888,0.7951967409343602
889,0.6390692881085753
890,0.8851806923516882
891,0.7712317974961431
892,0.8381084228560195
893,0.5672844972288688
894,0.6415942727405693
895,0.8997145758869011
896,0.7253187035617494
897,0.5824039681628681
898,0.7065387586681203
899,0.7688749101013763
900,0.8409234268048171
901,0.8293490051893081
902,0.7919144777851316
903,0.6164370094992366
904,0.8740555630929443
905,0.5432129331280565
906,0.7714586678133545
907,0.8108065416862069
908,0.5350051181153694
909,0.7452601004118248
910,0.8182938806009715
911,0.67730985120802
912,0.9061053447485561
913,0.39934612754706206
914,0.6194437763794962
915,0.758168011247851
916,0.7418524854777078
917,0.8193071758028481
918,0.7841395614040784
919,0.8193836500475046
920,0.9436718943864011
921,0.9161276995789295
922,0.8493823269254432
923,0.681093317163854
924,0.6792393086177977
925,0.7991994928077036
926,0.776721115860286
927,0.7363297355095118
928,0.5829438606162513
929,0.7869230893023267
930,0.7658163346020241
931,0.8721189570987402
932,0.8588951376810494
933,0.6935029831001399
934,0.5134161853745595
935,0.657138703717785
936,0.8764199954009546
937,0.917927905927144
938,0.8552259813628516
939,0.9051636677265132
940,0.38666549485559537
941,0.8505176412751855
942,0.8711782126276799
943,0.8574118402867803
944,0.7093283719944925
945,0.8171395996936974
946,0.7793392917395527
947,0.802870398377542
948,0.7907734556318579
949,0.5113425408689459
950,0.8087071880929321
951,0.8769164389725657
952,0.8740274238659984
953,0.6329485708449529
954,0.8639031161799055
955,0.8108848640498079
956,0.8394820893424438
957,0.7752050947450632
958,0.7300797656064778
959,0.8723405417021124
960,0.7512728951051193
961,0.7605877684109965
962,0.7840260929838168
963,0.6972267415752177
964,0.6900511667185126
965,0.6728635317424525
966,0.6084609836486492
967,0.7976119933585745
968,0.7669266602635897
969,0.7943411356995933
970,0.7373216056604927
971,0.7696753956115215
972,0.9170883160979523
973,0.8415720509729766
974,0.9209949329938346
975,0.9033636552019793
976,0.975227414482208
977,0.8718734809666828
978,0.7244514194077625
979,0.7833190634386255
980,0.8210781115879564
981,0.7435284221947863
982,0.8678372270448795
983,0.9541873837894944
984,0.8467549538714652
985,0.7106248131704062
986,0.902821321224806
987,0.812504627701775
988,0.564737195602233
989,0.4978311212498391
990,0.7448075092065619
991,0.9358109953547762
992,0.7710828977047592
993,0.640911404025131
994,0.7370801487865187
995,0.8161367117237364
996,0.8135004919500911
997,0.6385880406848532
998,0.655227261018997
999,0.5243764044979443
1000,0.8428858332291571
1001,0.6766249606246728
1002,0.8102147188515723
1003,0.6212983582059993
1004,0.8098752816770306
1005,0.7221426921101941
1006,0.88291412069821
1007,0.7655973034998961
1008,0.6528544016165382
1009,0.8126969342135217
1010,0.8275889405589787
1011,0.8480303153738953
1012,0.6783281899063036
1013,0.7227414045604876
1014,0.8875239371415545
1015,0.6686120222976388
1016,0.6932342316890553
1017,0.9117334041656054
1018,0.8755046636216246
1019,0.5662134292964756
1020,0.7010703296898785
1021,0.8572614938801837
1022,0.7221644264798259
1023,0.6049474860679483
1024,0.8284945285152253
1025,0.8539374337356352
1026,0.8380971495867393
1027,0.7290210730666277
1028,0.8907110158823272
1029,0.7857659027076306
1030,0.7157400575778798
1031,0.9098736566298568
1032,0.6194253057015249
1033,0.841897834066416
1034,0.8881736521258689
1035,0.8177246032543112
1036,0.7311801466281237
1037,0.8223675181835466
1038,0.6930728099924988
1039,0.4756085065897506
1040,0.7179708438195793
1041,0.7651733148257044
1042,0.5945541166706475
1043,0.7319424338416483
1044,0.8113813933873049
1045,0.8249129055171278
1046,0.8203706568436496
1047,0.6522512401354434
1048,0.9132838196832902
1049,0.905402978854751
1050,0.7782859141369228
1051,0.7381375064093378
1052,0.8942849772773047
1053,0.42393059089419816
1054,0.9288044514812127
1055,0.9413746273968123
1056,0.7307274028682794
1057,0.8212825264709758
1058,0.8300274547827193
1059,0.8844523272488881
1060,0.777326757618182
1061,0.45964331153801924
1062,0.7348921254623592
1063,0.8129242535854048
1064,0.7974865732123494
1065,0.7287065110322755
1066,0.7875203301895494
1067,0.8840309665984566
1068,0.621776245030245
1069,0.8702163843726294
1070,0.8985737117868738
1071,0.895099480093458
1072,0.7363874149725536
1073,0.7438039230507205
1074,0.6338627300358642
1075,0.8481451580550711
1076,0.7739259786970769
1077,0.8801223719622021
1078,0.8451727636205467
1079,0.7755441476428253
1080,0.9102697912901467
1081,0.799860148943786
1082,0.8453729076961929
1083,0.8823006384507953
1084,0.6368801994108657
1085,0.715545226860514
1086,0.7536616087046347
1087,0.8952469827830855
1088,0.8204613864977972
1089,0.8563725439189248
1090,0.8467951136121024
1091,0.7373041455070184
1092,0.6760769280033714
1093,0.6117322649812498
1094,0.9691549000009606
1095,0.7990721488402998
1096,0.6344622174133627
1097,0.39583957977527945
1098,0.8084910286633707
1099,0.8419172130685284
1100,0.7112093058438486
1101,0.6583655905222391
1102,0.8133972138553526
1103,0.7367624462928065
1104,0.7697108126827755
1105,0.8223654550526258
1106,0.9021428699674158
1107,0.8293389600383158
1108,0.6437158673246911
1109,0.804784888225806
1110,0.8588402794921772
1111,0.8869311006291324
1112,0.815303852903088
1113,0.8231496006695861
1114,0.7523101519952282
1115,0.8557900394769484
1116,0.9302396722803993
1117,0.8468357266523675
1118,0.7140639788272071
1119,0.5497376543711456
1120,0.630780487599057
1121,0.6876554699412879
1122,0.7909445955204316
1123,0.9123737966694373
1124,0.8361394069045914
1125,0.8472904415859132
1126,0.6076613322333219
1127,0.8363517387480595
1128,0.8534608037305803
1129,0.8801042906289186
1130,0.7851486737334556
1131,0.8862695974269431
1132,0.8069017971070523
1133,0.7665708979151726
1134,0.8198708451710659
1135,0.7456834884752483
1136,0.7989336984677713
1137,0.8634796256167955
1138,0.7923796007663748
1139,0.46698342738041254
1140,0.6414559713911709
1141,0.8542644101368628
1142,0.8097826475608695
1143,0.6709783049539901
1144,0.4963854069663338
1145,0.8964250847298911
1146,0.8936998523167249
1147,0.8711348400480387
1148,0.6354059006062142
1149,0.623351948369346
1150,0.7859886219315015
1151,0.8584853427453808
1152,0.8636715626196281
1153,0.7449413477007896
1154,0.7656060918512002
1155,0.7532731976750315
1156,0.6124951678107903
1157,0.8459416136439022
1158,0.9274079288678714
1159,0.7870871075066365
1160,0.6857622597342352
1161,0.6370081725867079
1162,0.7944092740748528
1163,0.6680949999208626
1164,0.8287429016670564
1165,0.9136998707742531
1166,0.8538919128240644
1167,0.7539400260584287
1168,0.7441048891287444
1169,0.9322482095751661
1170,0.839349204720067
1171,0.9187338365444894
1172,0.7851707735103474
1173,0.7047957596521961
1174,0.84806259491996
1175,0.880726144242281
1176,0.763829801336822
1177,0.8274475855382226
1178,0.8031278741516733
1179,0.9323735958759981
1180,0.803262772948573
1181,0.7168809937476813
1182,0.6727486108167026
1183,0.6503643826764977
1184,0.8492426667466956
1185,0.8802975240021046
1186,0.7323569206699932
1187,0.8871570246071145
1188,0.9074234809986429
1189,0.6371957591217705
1190,0.7367636842618066
1191,0.8177433001161347
1192,0.6024269890342676
1193,0.8382465627021533
1194,0.891741152554596
1195,0.8496182651902817
1196,0.8040634312586737
1197,0.7789195746053074
1198,0.9371336619928974
1199,0.907519935212301
1200,0.6515619723311642
1201,0.855586073302652
1202,0.796787247956997
1203,0.8403142784451818
1204,0.9618487269231363
1205,0.7244238305646372
1206,0.8522996616638873
1207,0.7074230519904751
1208,0.8938941603731566
1209,0.7436913555480085
1210,0.837983142499736
1211,0.735766878512995
1212,0.8948287679774857
1213,0.8184564697711793
1214,0.7917910233170611
1215,0.9424538026015861
1216,0.6376938292276039
1217,0.7607312736101418
1218,0.8315575731328364
1219,0.6014370478471218
1220,0.8251193331873666
1221,0.6657421509706094
1222,0.8555582877732846
1223,0.7702934514161986
1224,0.7704668492922692
1225,0.5807993311342954
1226,0.8659525389289481
1227,0.7558442024027128
1228,0.6435000325678356
1229,0.9259301309601513
1230,0.7932875741190489
1231,0.7573712822630467
1232,0.5392740050548946
1233,0.6565377884277447
1234,0.6511067928675557
1235,0.765366522019274
1236,0.7851626714204704
1237,0.6835146660597352
1238,0.9087296418320719
1239,0.8412679742860487
1240,0.9064196870357949
1241,0.7121079690350098
1242,0.4398869309320209
1243,0.7325696118456815
1244,0.8581537845470336
1245,0.6298332122000669
1246,0.9439173989184074
1247,0.8116910445264329
1248,0.7545963209859318
1249,0.7866363809337196
1250,0.6793850382975464
1251,0.7682632946690124
1252,0.4876158740182381
1253,0.6709037156524664
1254,0.7896654901830945
1255,0.7934606394050469
1256,0.669113403839582
1257,0.8510811070771884
1258,0.7727795795112549
1259,0.7983645411791973
1260,0.46348453703389836
1261,0.6350456005993859
1262,0.6589278951344408
1263,0.9737486869007604
1264,0.5992169750576025
1265,0.6377659048041576
1266,0.7847786769845966
1267,0.7383144956726478
1268,0.7258563643231736
1269,0.7017007133151082
1270,0.7311952239876701
1271,0.5488618363888182
1272,0.7819042202692147
1273,0.704002967138064
1274,0.9322207195365588
1275,0.6306281767163496
1276,0.4871288057743297
1277,0.7804233119854984
1278,0.588088294746589
1279,0.7131918636401179
1280,0.789721852887272
1281,0.845351957663083
1282,0.9131690632968429
1283,0.8121921989725702
1284,0.8923019599985674
1285,0.648656204301064
1286,0.8754729831200041
1287,0.9236048787746123
1288,0.8087605300297028
1289,0.8492589836590841
1290,0.5830376730156694
1291,0.8795335103747642
1292,0.7987996979644417
1293,0.7251661986179212
1294,0.6259164927955556
1295,0.7216245334448309
1296,0.8709393795203723
1297,0.8305851263893224
1298,0.8265369727520271
1299,0.6076753350732057
1300,0.824174485614372
1301,0.6507869492740964
1302,0.860289971499115
1303,0.8394458835201152
1304,0.5053792633499647
1305,0.8425095399507996
1306,0.9142333966240412
1307,0.7808266421504749
1308,0.896745504380649
1309,0.7539096416455664
1310,0.7444013053148469
1311,0.8713584102337252
1312,0.8520304032613675
1313,0.8463006449278493
1314,0.5608682121772728
1315,0.5573648806746176
1316,0.672454027808309
1317,0.8276886345800178
1318,0.8652751774159173
1319,0.8221043465415245
1320,0.6792573023934997
1321,0.8401034044291568
1322,0.7937747212734777
1323,0.7436293669850681
1324,0.7004829590698161
1325,0.7407316537180964
1326,0.8028948857195758
1327,0.7727464395788981
1328,0.8314225718092297
1329,0.7158442582003727
1330,0.7985532967315676
1331,0.868071162704673
1332,0.957648547654508
1333,0.8549112611881231
1334,0.826378181701643
1335,0.7130374435492625
1336,0.654796778131354
1337,0.8574390622450774
1338,0.6788495956776935
1339,0.8805467892494904
1340,0.8793988626787134
1341,0.6929628822480456
1342,0.7965918133509479
1343,0.7971815502628528
1344,0.8189461851900298
1345,0.8281721918179098
1346,0.8142770504655804
1347,0.8064108582614249
1348,0.8115117961583884
1349,0.8696423634623689
1350,0.6848458557324305
1351,0.7196614445437389
1352,0.6552310034436801
1353,0.7679492628032046
1354,0.7314476968343079
1355,0.8603383619283115
1356,0.827809078188379
1357,0.8654047416713146
1358,0.8960214502119168
1359,0.8905029693226478
1360,0.8517249949035146
1361,0.8509306225986677
1362,0.7620017642815667
1363,0.8622543995629941
1364,0.9518049932012347
1365,0.9197047828607229
1366,0.6055391972060742
1367,0.9053614851913115
1368,0.7563301396424467
1369,0.6410880791188465
1370,0.712007379265009
1371,0.9157737252301061
1372,0.9054697956927957
1373,0.8010705030026878
1374,0.8068834504531742
1375,0.46642901623068783
1376,0.743598950822029
1377,0.9286293231688922
1378,0.6945772635668452
1379,0.7965576214956787
1380,0.5061199700876587
1381,0.8432525279015414
1382,0.6249942925164851
1383,0.8557101205330141
1384,0.9202197380515276
1385,0.6517028357242456
1386,0.8025310780812943
1387,0.8744918296613864
1388,0.9189846155203703
1389,0.783466140297562
1390,0.7912323679695911
1391,0.9345260344840816
1392,0.744750140210685
1393,0.8687128310332792
1394,0.5801317165463575
1395,0.8013822194835482
1396,0.7457779261481955
1397,0.9169934419713036
1398,0.8773355245515625
1399,0.6953610839325002
1400,0.9410350311228851
1401,0.8325963801338349
1402,0.8513576444475461
1403,0.7757013162354223
1404,0.5679521105435118
1405,0.866631554894171
1406,0.7054207256117592
1407,0.4477227484136539
1408,0.7073499717147343
1409,0.7956185836944252
1410,0.8024289742792338
1411,0.8844698834381688
1412,0.9188071870691165
1413,0.8322561131979767
1414,0.8500885141957677
1415,0.7025322490707477
1416,0.6868420456973878
1417,0.7702383337648522
1418,0.7692491411362719
1419,0.6764474824622333
1420,0.7193514984890385
1421,0.8225312275718528
1422,0.8309796671338882
1423,0.6065000532947065
1424,0.8051868832850877
1425,0.826060913205739
1426,0.7620207677598184
1427,0.655004471146808
1428,0.796208784259326
1429,0.5999784230029233
1430,0.7989614268160121
1431,0.8375412310743787
1432,0.843516413870542
1433,0.7380523719218487
1434,0.8515325774941019
1435,0.6214625664792991
1436,0.7128921390896893
1437,0.9335577069277172
1438,0.8124818671514534
1439,0.7099532677093292
1440,0.6642064349203552
1441,0.8446908143943903
1442,0.8102926577417089
1443,0.9193041013934657
1444,0.8524973357856563
1445,0.895063248433758
1446,0.7336931231665106
1447,0.8893453382426728
1448,0.7506532386550262
1449,0.7382704682279775
1450,0.7244191150810366
1451,0.8462785996780563
1452,0.8453830337921446
1453,0.8731861491542201
1454,0.9029803784789922
1455,0.7854538851359526
1456,0.8547622583621235
1457,0.7327352009457462
1458,0.8853160217330096
1459,0.8199126091233061
1460,0.748142084198091
1461,0.8123062458412613
1462,0.7375124697290178
1463,0.7716276387439824
1464,0.8339626755569043
1465,0.9160888588583502
1466,0.4644660755232459
1467,0.8438001994950278
1468,0.7629905484107589
1469,0.7986513646653921
1470,0.8565795844137347
1471,0.8159656162795481
1472,0.6939283341551278
1473,0.8725904562763713
1474,0.747973030393413
1475,0.724249002602092
1476,0.601969400898067
1477,0.6494690034277264
1478,0.7514171041855352
1479,0.766816009583762
1480,0.9261994955474705
1481,0.8071720550404606
1482,0.4620698337488216
1483,0.564709404270794
1484,0.6872499436059517
1485,0.8193392128080754
1486,0.893397680232919
1487,0.7459229374075224
1488,0.7698312752718415
1489,0.9372489863399185
1490,0.9050752525015408
1491,0.9111894912000421
1492,0.74982911311139
1493,0.8213033421615943
1494,0.7441139851112667
1495,0.8347298028730016
1496,0.8491439863014943
1497,0.8844836692420873
1498,0.8729264576881226
1499,0.8161493701547692
1500,0.8356545675512017
1501,0.8945333709830963
1502,0.803154763875715
1503,0.6877385186584708
1504,0.8948654652047108
1505,0.8917127414991579
1506,0.8421071954878625
1507,0.8839022481471123
1508,0.6669745089426795
1509,0.7486435067899135
1510,0.7613534319644425
1511,0.8877926857066737
1512,0.6773919783375069
1513,0.5757127491049607
1514,0.6066280651220872
1515,0.9491708230275846
1516,0.6806130802594493
1517,0.8989633340743285
1518,0.8551334680033612
1519,0.46126510728346826
1520,0.9393549545670824
1521,0.7346171276791947
1522,0.48804797762758045
1523,0.7138765273668811
1524,0.8365814462556285
1525,0.9357674999832724
1526,0.769054120888624
1527,0.8238088069577344
1528,0.8792606477679389
1529,0.8212424448539628
1530,0.8430144312501905
1531,0.7789045659521507
1532,0.5443033115760646
1533,0.9653307079672104
1534,0.7101959963453172
1535,0.8964117896600768
1536,0.7156873920113237
1537,0.6949374596598752
1538,0.891346379497531
1539,0.7997971567200222
1540,0.8325405272478469
1541,0.8335396705424616
1542,0.8382764024457764
1543,0.7241644157528484
1544,0.8561157578678701
1545,0.7815261001122673
1546,0.8959910066707243
1547,0.8464921977822947
1548,0.7207825548190342
1549,0.8214698645051738
1550,0.7821465679604768
1551,0.7169812067333973
1552,0.9554008042038162
1553,0.7087897141197372
1554,0.7811684788529152
1555,0.8018221708996754
1556,0.9459330582539328
1557,0.7745599530308791
1558,0.8227278735220325
1559,0.8745985636966765
1560,0.7879682425046214
1561,0.9446863342985111
1562,0.6176662598611692
1563,0.5836697636514709
1564,0.7951597194256181
1565,0.7870014679080698
1566,0.8745604367728799
1567,0.6047678542746724
1568,0.8557307839152961
1569,0.8475032032520475
1570,0.7590711037327831
1571,0.6902615987068067
1572,0.866560633079755
1573,0.8588224933561565
1574,0.9138266008897109
1575,0.8871342567146759
1576,0.8449206261551058
1577,0.7128982130106346
1578,0.6744528225993072
1579,0.8472313825813492
1580,0.8450588444500436
1581,0.8973141915580192
1582,0.8895348919997852
1583,0.7850370466569321
1584,0.7832052275051516
1585,0.8172566644545417
1586,0.9419996938682657
1587,0.8901294252432003
1588,0.8454531069112102
1589,0.7943482036966577
1590,0.8310286970486397
1591,0.6801379757152294
1592,0.9162285330455894
1593,0.7686782511670536
1594,0.9260774227962508
1595,0.6825687489253015
1596,0.6573730753452799
1597,0.9115057961826732
1598,0.8210040879337334
1599,0.9487468912952881
1600,0.8029856866112706
1601,0.6179759439018739
1602,0.7308487817579172
1603,0.67189500895019
1604,0.8664490354626121
1605,0.42610239514302417
1606,0.7776344094006292
1607,0.7516430324397031
1608,0.6764088792732945
1609,0.6826225336453318
1610,0.8251966904782541
1611,0.8905769989867885
1612,0.8911464919604279
1613,0.7569792926046716
1614,0.8354499060142657
1615,0.7723268802573803
1616,0.906139843835015
1617,0.5290530426045119
1618,0.6974946340774634
1619,0.882037803930349
1620,0.840290771095336
1621,0.7563367860020646
1622,0.960416766614345
1623,0.9177073201819191
1624,0.8183403420083151
1625,0.7852688778406518
1626,0.9013351010164751
1627,0.915843376896675
1628,0.8957971359334644
1629,0.7438798636556908
1630,0.796434618442993
1631,0.8583339610412895
1632,0.8741713481142639
1633,0.6686709913326492
1634,0.6227434715897195
1635,0.6872275958463941
1636,0.7892939782361951
1637,0.6683436915865395
1638,0.915572820127844
1639,0.7748880718724219
1640,0.9227805333395479
1641,0.807504553237311
1642,0.8374821369148927
1643,0.8858146320933258
1644,0.6502827144549609
1645,0.7690003634133273
1646,0.8372460664765881
1647,0.6433123880039014
1648,0.7475444055486399
1649,0.9279969057645978
1650,0.6415320068076468
1651,0.7457208538565948
1652,0.46886902963971233
1653,0.8401312838846765
1654,0.7391564096414658
1655,0.6554803419505074
1656,0.8489764814486576
1657,0.918606048347414
1658,0.7930890259745584
1659,0.7712704378678469
1660,0.8309572070977722
1661,0.5357745465301003
1662,0.7559519412719332
1663,0.8110360643702961
1664,0.7305919567775464
1665,0.726203774912936
1666,0.885511317890524
1667,0.7852703641062297
1668,0.8291762623214264
1669,0.8401371455929995
1670,0.7886418635947372
1671,0.9194136434192287
1672,0.6137411793606394
1673,0.9007472832748745
1674,0.8287920764410339
1675,0.9247122913164425
1676,0.7730576436829972
1677,0.8706094507624161
1678,0.8416902930318272
1679,0.8924281920861507
1680,0.8931729460609457
1681,0.9523414582811954
1682,0.6654702750374019
1683,0.8099164551781874
1684,0.6053544598972065
1685,0.9102234192341746
1686,0.8985730148206655
1687,0.6393171716926719
1688,0.9321919069174158
1689,0.822574270881125
1690,0.6288099307854121
1691,0.8893856210178577
1692,0.7072156830809087
1693,0.9571989269873761
1694,0.8416053189660258
1695,0.885899015764979
1696,0.6818671324364367
1697,0.5745890847115716
1698,0.9497252215061222
1699,0.791922005170436
1700,0.8782830199064244
1701,0.7157390819007321
1702,0.8693236151033484
1703,0.7662690561578995
1704,0.7762884765764267
1705,0.8722503617480662
1706,0.8525619748929818
1707,0.7345854540086273
1708,0.6944154478045957
1709,0.6122031686585668
1710,0.6473235411337036
1711,0.8133539476416388
1712,0.8400800862971654
1713,0.6071244281529857
1714,0.8879532959727279
1715,0.8711546944822657
1716,0.7282704363468548
1717,0.5637450375684312
1718,0.7490899927745065
1719,0.7848664748786989
1720,0.8503570465848078
1721,0.7424037227203635
1722,0.8014867100405901
1723,0.8805515968582867
1724,0.8862415876323224
1725,0.7381225179651238
1726,0.8345048945181862
1727,0.9129063778600429
1728,0.8261796771552279
1729,0.874950326922019
1730,0.7795029723118233
1731,0.8409396737473408
1732,0.8014407022642515
1733,0.7784870173971976
1734,0.8535268300770146
1735,0.9179426274156786
1736,0.7809479081062413
1737,0.7188813696672212
1738,0.7880031302557351
1739,0.8407126715419744
1740,0.7243364437083266
1741,0.8022711843913231
1742,0.8526864865808719
1743,0.8896360073532111
1744,0.7921837898418662
1745,0.7479162588782516
1746,0.8823944654241637
1747,0.9549429021123028
1748,0.714772767050069
1749,0.802963393438543
1750,0.733520210558339
1751,0.7246576746181467
1752,0.9332805118029139
1753,0.8334209495859137
1754,0.6689371059453368
1755,0.7249480207769865
1756,0.5575434653623799
1757,0.9250103307848687
1758,0.8669424170466778
1759,0.6327758273525764
1760,0.6989050679160402
