,Portfolio Value
0,11971.55016384614
1,11940.037812401344
2,11879.047849539862
3,11981.79149845996
4,12400.745198407933
5,12848.397514911376
6,12742.340710168128
7,12992.213851014436
8,12947.02369712901
9,12942.171630164856
10,12900.921209695776
11,12997.151022892009
12,12946.47686805241
13,12955.339698270483
14,12773.597856801945
15,12793.687038110402
16,12904.725251861986
17,12804.177625700057
18,12922.072097456048
19,12891.961627053726
20,12640.450427581953
21,12683.79347472564
22,12630.641286782058
23,12829.750736463055
24,12919.665822355193
25,12910.373311704116
26,12987.7808932947
27,13016.773719964629
28,13046.649000748139
29,13029.147366402549
30,13036.487325392914
31,12671.249431023723
32,12856.800441386666
33,12711.354016648256
34,12828.972976295825
35,13007.957945929242
36,13018.212666435056
37,12978.595659467954
38,12941.742623801027
39,12838.647868738411
40,12936.933603438238
41,12930.542557124707
42,12728.418873887536
43,12723.827086809302
44,12671.877489616243
45,12876.018886426577
46,12878.084933748183
47,12602.371443558157
48,12499.16700375852
49,12555.669420739338
50,12682.83178928474
51,12628.858090374186
52,12652.157323906002
53,12171.835422054563
54,11980.39803681464
55,11942.104010929817
56,11685.169745821375
57,11669.79998277679
58,11478.189694147608
59,11615.200623784045
60,11697.742539891646
61,11660.707121314259
62,11440.251097480963
63,11347.358581507684
64,11318.125705405626
65,11413.026105352268
66,11569.13152880376
67,11173.459187657965
68,11134.413664057894
69,11111.976240344231
70,10956.523158236192
71,11101.280470884267
72,11113.204637866584
73,11416.620222822521
74,11467.173806558461
75,11444.465835391808
76,11461.64425017804
77,11405.04143345191
78,11448.901286758644
79,11860.419800881602
80,11879.984671677325
81,11952.385762763673
82,11959.030324036357
83,12013.664782562559
84,11897.181143334534
85,11737.548188830211
86,11827.911231920149
87,11876.997359528452
88,11980.81479378499
89,11958.717226407205
90,12054.005972592278
91,11781.197600293746
92,11805.886950650547
93,11876.551724281908
94,11790.637012040183
95,11605.611789024068
96,11670.958813436866
97,11660.56890704514
98,11605.122592078567
99,11603.7623185179
100,11622.410199593805
101,11748.482541590849
102,11704.90360449689
103,11771.264221037494
104,11896.837515850046
105,12026.651237021353
106,12030.585289999977
107,12011.490202738616
108,12136.866528825063
109,12013.193998465264
110,11922.052864218851
111,11935.949628640132
112,11999.12137243753
113,12031.265208140841
114,12163.005880346402
115,12135.057407717017
116,12082.103790649815
117,12063.738033809122
118,12149.473312495835
119,12152.479563914829
120,12095.788549631467
121,12081.556781876901
122,12158.426477904919
123,12186.337692420288
124,12090.329465430274
125,12114.598495628597
126,11875.559400182687
127,11816.980177855396
128,11860.845473771686
129,11777.172261612468
130,11771.179711083973
131,11739.029239216397
132,11644.23218587071
133,11611.154799465712
134,11346.584757375245
135,11473.111709796618
136,11435.69927335419
137,11465.546577557076
138,11509.223776826379
139,11511.2623024942
140,11442.176780402155
141,11406.426312860367
142,11681.725298307043
143,11670.973792736779
144,11534.700511351948
145,11513.315847917676
146,11535.098841690398
147,11507.640416460225
148,11584.448392178596
149,11502.519992313726
150,11633.662239193374
151,11640.630482275474
152,11602.618269720397
153,11795.422587090254
154,11947.048581546871
155,11923.093156706565
156,11999.624296227163
157,12094.833891300657
158,12086.285537891574
159,11995.70306879669
160,12005.599121424782
161,12167.545471707681
162,12175.1427783556
163,12134.418708823196
164,12008.929946234648
165,12033.28719203188
166,11928.807317461538
167,11899.886028810317
168,12152.030797944817
169,12231.47972556092
170,12259.602042172417
171,12096.872164397006
172,12138.359207706846
173,12046.567027656456
174,11942.264528429514
175,11814.824470369305
176,11914.176179091344
177,11874.560422859959
178,11930.187447717391
179,11966.745234721071
180,11846.178968991586
181,11831.502846720747
182,12078.759438969322
183,11911.531842506936
184,11934.220903334024
185,11971.650730623096
186,11914.249424101181
187,11847.414567018848
188,11796.293336205748
189,11904.725514539135
190,11896.387085394199
191,11765.314490184763
192,12035.806441629466
193,12015.403079928154
194,11949.86386006511
195,11814.214866401206
196,11781.332566103036
197,11708.354298537231
198,11783.340362409013
199,11749.432264399968
200,12027.191101859933
201,12155.265390842229
202,12167.654951357725
203,12190.219771648062
204,12194.296696218404
205,12386.196283611365
206,12426.096082017579
207,12474.992091294278
208,12843.22972972992
209,13009.42552864651
210,13098.664327288696
211,13191.257465524817
212,13187.173133894632
213,13250.072787633882
214,13329.931839632252
215,13503.783599480783
216,13483.061864680094
217,13554.721702550905
218,13611.711542012252
219,13538.289862074209
220,13546.715949242729
221,13580.500286256938
222,13688.229182145833
223,13687.897049281826
224,13747.101725686138
225,13881.652414411019
226,13765.582130161143
227,13856.08197982654
228,14018.062115603063
229,13884.681527647848
230,13980.685202197968
231,13969.21301213663
232,13986.388754776828
233,14058.788836384338
234,14087.377929992253
235,14217.145020802645
236,13918.72050027187
237,13911.654604390405
238,13718.193482543746
239,13552.247975465176
240,13479.085862454262
241,13820.294928444624
242,14038.977383197403
243,14040.256645212503
244,14038.076221468182
245,13977.35791364287
246,14030.045273244958
247,14035.686741809102
248,14052.642718912095
249,13942.455502492168
250,13859.121483157678
251,13860.796501051691
252,13767.894855262384
253,13683.843853974508
254,13861.328160938496
255,13912.57088767461
256,13774.496671068206
257,13761.982110799661
258,13875.858750108215
259,13760.037566732895
260,13736.36356130601
261,13816.909840043141
262,14133.978052280392
263,14120.69937090249
264,14216.000258440617
265,14354.945025533596
266,14660.716260007815
267,14593.99197591198
268,14498.205257569625
269,14530.463674655515
270,14596.024338243156
271,14803.966772133163
272,15072.478226761134
273,15063.134790678912
274,15018.22008081415
275,14996.699278893098
276,15007.75406884943
277,15064.225955270496
278,14997.533026341122
279,15007.372649583642
280,14992.586148426255
281,15120.338885918341
282,15267.245556034582
283,15311.363575827894
284,15539.898346450907
285,15623.81677651851
286,15484.003945126915
287,15818.914946148934
288,15890.50342468502
289,15860.269157858369
290,15967.955804777494
291,15891.80918003352
292,15885.45218182248
293,16498.223422967
294,16275.41878290233
295,16363.268270245013
296,16152.883891624246
297,16150.233947177718
298,16248.569643170513
299,16231.689100653104
300,16322.508703446023
301,16331.22258298819
302,16389.764107302486
303,16612.508262988064
304,16581.279048929093
305,16557.24592713292
306,16551.799851114894
307,16334.111194516872
308,16222.590089749308
309,16314.906389997037
310,16445.055147134124
311,16353.254235753302
312,16196.447444222686
313,16290.044996828143
314,16316.270092117597
315,16368.194642054234
316,16542.776993026877
317,16362.782030466715
318,16460.972780518718
319,16570.965131771853
320,16551.516401473687
321,16577.364919875883
322,16550.698379178328
323,16282.457903275912
324,16744.617156426746
325,16903.49842301348
326,16850.023950697567
327,16871.12523029015
328,16878.823228268517
329,16617.811273105228
330,16521.442796185747
331,16562.163121036378
332,16333.285790277057
333,16495.903124199667
334,16599.040805638
335,16425.139722917047
336,16566.720775478967
337,16570.273271890946
338,16730.288366833163
339,16684.74862912897
340,16682.205693349308
341,16612.604062025006
342,16809.89328518593
343,16898.297358391086
344,16928.50613253682
345,16921.976966043665
346,16826.061746297924
347,16806.496369149216
348,16783.25583933944
349,16733.67591508805
350,16899.255767411727
351,16816.705773533235
352,16760.92645269136
353,16736.86469861034
354,16610.606912463227
355,16678.866234915407
356,16504.864357592083
357,16507.07929231828
358,16414.61299959822
359,16368.375835431594
360,16418.63209241834
361,16433.615433461215
362,16369.234385872718
363,16119.123171328221
364,16184.751453571796
365,16268.961238843744
366,16600.79676408453
367,16512.5665979829
368,16556.00680573882
369,16533.527434407606
370,16310.086559567653
371,16204.916681363246
372,16186.108601058291
373,16038.802498693734
374,16081.009594447025
375,16195.068377972166
376,16219.202320881384
377,16289.727153636837
378,16676.039679390884
379,16471.287755031906
380,16583.455069980453
381,16685.89323967562
382,17127.593936027562
383,17245.534973414597
384,17181.44865900853
385,17262.40164174259
386,17267.295002270206
387,17291.68710342318
388,17237.338220228194
389,17364.85560588731
390,17300.334901323004
391,17050.51282544718
392,16741.603554469635
393,16813.863006272215
394,16686.292825041397
395,16668.0264339137
396,16709.746756027973
397,16714.469699725312
398,16866.17617892195
399,17063.764096859388
400,16804.35118438057
401,16631.780925633124
402,16772.305025146146
403,16742.72587992514
404,16848.332834867553
405,16786.945712851484
406,16772.008009331752
407,17148.503784526256
408,17095.089615538458
409,17003.991881736198
410,16727.709526789706
411,16471.87193065997
412,15823.692856653899
413,15940.011327813729
414,16622.679871974644
415,16866.84803166955
416,17473.798078251733
417,17154.84170443493
418,17001.544868788176
419,17669.3372479256
420,17552.963184172888
421,17414.536184646662
422,17835.789685162046
423,17656.801660737292
424,17846.45225160425
425,18157.573449586547
426,18022.96000491484
427,18224.41547647244
428,18260.610796692916
429,18216.94550470805
430,17828.027002652187
431,17776.245881996132
432,17712.79465615346
433,17863.714865034577
434,17663.858271334087
435,17716.278720138565
436,16663.864639221858
437,17004.021059405422
438,17391.547809514042
439,17678.296083985828
440,18339.8989836837
441,18431.492914164257
442,17851.324896653052
443,17673.810526616035
444,17607.532952387202
445,17809.27818230554
446,17841.077741217836
447,17449.711284530003
448,17465.108958622965
449,17712.96097734862
450,17632.23129784221
451,17796.42049777336
452,17863.730613212567
453,17912.479869206793
454,18218.48552119098
455,18169.78514262917
456,18314.46701579194
457,18402.811825188626
458,18590.967487589827
459,18414.449653906464
460,18450.474246737947
461,18677.21021410473
462,18637.537580340326
463,18456.416416517553
464,18385.66113758915
465,18346.28016554711
466,18526.22094138035
467,18706.064112148637
468,18555.902230268708
469,18462.111888459334
470,18568.871735050416
471,18811.000207672107
472,19054.61602399839
473,19354.743348639997
474,19504.057830322075
475,19517.296276591154
476,19539.95893503433
477,19386.6896265236
478,19450.928143061465
479,19580.678590439526
480,19320.315876676403
481,19181.80169221668
482,19223.207191823825
483,19026.12615758136
484,19320.94377831891
485,19279.131919268635
486,19475.4669902587
487,19003.060228194554
488,19193.06460621606
489,18924.8670957281
490,19303.67076381896
491,19715.878282815658
492,20051.42994967552
493,19839.90852371746
494,19582.202442427973
495,19730.212221539805
496,19772.222355757276
497,19846.561226969807
498,19835.861274122086
499,19786.396903586236
500,19939.641722647197
501,19850.27187016517
502,19738.699412710717
503,19314.36954299228
504,19368.992050370078
505,19224.298657815838
506,18813.98552570519
507,18554.580796443755
508,18678.84006356686
509,18528.63458736347
510,17733.600135981185
511,17896.873015183708
512,17402.639989804593
513,17309.478185659274
514,17331.458908049222
515,17447.765289230418
516,18245.014058247907
517,17986.238069784675
518,17670.759200675173
519,17603.644076264038
520,17722.97644626024
521,18091.31728316278
522,18174.268627272424
523,17700.010735893127
524,17649.202359568048
525,17415.69394279815
526,17431.259278502508
527,17673.11469883978
528,17795.782235371924
529,17803.142963279377
530,17180.85235451029
531,17413.87078654352
532,17486.20255555363
533,17724.211997714603
534,17382.8429320306
535,17533.744950491273
536,17703.66806853906
537,17691.50685365643
538,18010.184692233703
539,18036.608144509646
540,17555.880936476584
541,17563.104149623974
542,17555.298264602967
543,17641.993677445906
544,17815.13846866822
545,17676.264714609475
546,17603.03455062667
547,17415.05651012565
548,17512.583028005738
549,17419.249942568793
550,17395.650721910915
551,17584.787578174375
552,17495.596163548205
553,17484.789352056465
554,17410.00746898804
555,17270.66601812441
556,17377.472492814424
557,17950.889726021313
558,17935.54605644748
559,17849.728127042265
560,17942.822899469404
561,17898.4601918822
562,18043.62804645362
563,18170.575567395244
564,18728.09542737734
565,18814.19181878048
566,18782.10386130598
567,18654.541182237543
568,19591.93084877621
569,19077.641562881796
570,18950.873701657794
571,18634.49316062494
572,18885.811365168756
573,19058.536496376964
574,18985.89056475362
575,19053.587582951877
576,19066.0430635341
577,19060.02914838738
578,19039.58818110902
579,18875.511558242106
580,18711.434178970296
581,18757.01909800873
582,18556.710492701375
583,18397.945989681815
584,18310.23160138683
585,18006.12397721267
586,18395.87971246541
587,18255.991663379562
588,18209.587527265725
589,18163.483759334813
590,18081.92736247746
591,18332.16990921756
592,18424.53014524888
593,18107.828762435493
594,18082.40316477341
595,18020.50956182903
596,18415.095797405804
597,18211.44441520526
598,17984.77806690263
599,17983.182760263124
600,18136.380139886205
601,18292.55239007795
602,18406.083171722843
603,18761.51625859995
604,18934.12177212722
605,19293.67959407669
606,19268.721693160638
607,19695.453418388945
608,19802.84997395386
609,19699.398080358907
610,19780.193584075372
611,19570.828874692786
612,19659.24433402078
613,19655.604172295025
614,19537.07512989794
615,19535.74163632755
616,19565.65175005998
617,19473.228309911457
618,19590.904471625472
619,19353.883496098228
620,19472.250403667484
621,19419.28428222388
622,19566.35471885062
623,19706.959242350276
624,19107.60406763779
625,18586.43237377851
626,19325.466821815466
627,19570.303725168218
628,19745.95394076084
629,19725.39479049362
630,19564.060630860302
631,19981.867087193234
632,20683.85315729803
633,20905.059767586823
634,21005.100173219944
635,20965.05319425138
636,20870.66013356777
637,20852.15412137023
638,20934.31280365226
639,21048.570084560874
640,21069.356648398665
641,21101.808757208546
642,21075.001191867264
643,20907.798077465777
644,20948.272204329493
645,20928.950338238887
646,20915.02320149305
647,20886.448861966415
648,21041.57184518039
649,21046.333890349586
650,20911.80069480367
651,20957.319747105157
652,20951.59886178662
653,21097.801535547827
654,20869.34609847082
655,20682.479417282044
656,20702.79774686208
657,20596.20925030251
658,20594.153939726162
659,20567.82161753234
660,20434.050165073524
661,20379.472015477255
662,20351.071993540958
663,20368.754139967583
664,20487.948675108357
665,20443.460792118563
666,20483.08457585734
667,20122.86427578914
668,20082.943970015192
669,20116.195023336368
670,19971.706798376214
671,19986.959371333513
672,19384.773511573552
673,19585.51279720396
674,19661.418413709558
675,19462.951798042544
676,19326.532406974256
677,19045.993195543917
678,19114.51192144174
679,18920.73648453965
680,18933.27046430825
681,19149.20442051221
682,19235.614927304552
683,19322.297008747595
684,19477.404298068937
685,19603.966112711572
686,19850.31574743479
687,19788.234255521624
688,19700.626043205597
689,19702.596502210257
690,19841.684118572386
691,19664.96115424092
692,20173.803665542357
693,20232.864664351895
694,20185.469523656757
695,20179.645045592137
696,20124.131387339003
697,20191.177304860677
698,20092.84567700961
699,19948.758988314163
700,19793.355945341522
701,19771.26526046225
702,19721.660928819507
703,19557.151029687582
704,19606.78641705484
705,19591.5453152833
706,19658.774513041502
707,19534.997491200895
708,19836.049675317845
709,19673.52205332579
710,19679.530552498778
711,19665.538787996964
712,19544.302798132223
713,19390.149625153306
714,19445.019949604553
715,19285.14522035682
716,18991.419958709015
717,19323.42050047946
718,19720.012347115047
719,19876.610209508937
720,20797.87967721471
721,20813.900376920734
722,21039.744995839
723,21288.256790336032
724,21123.53008570854
725,21009.858025205347
726,21198.508526407848
727,21015.366637954547
728,21373.94418644083
729,21438.50755643665
730,21335.031875584646
731,21394.420626434006
732,21281.324111209855
733,21287.59812941551
734,21010.585156938985
735,21180.98101893673
736,21314.794924416357
737,21542.334952548437
738,21578.750080633832
739,21791.84307978873
740,22119.34419209183
741,22316.717113506562
742,22386.001722137866
743,22395.422362394558
744,22397.040839647605
745,22661.788121493075
746,22641.7578467376
747,22848.217877310115
748,22967.563873770647
749,22739.03872735879
750,22748.218426539897
751,22806.217332454493
752,22794.72140687264
753,22588.346907588777
754,22645.26829806493
755,22529.31003090504
756,22646.139081950907
757,22670.76624125725
758,23100.437922438683
759,23164.340994891478
760,23989.57659129005
761,24099.48109889138
762,23820.035609590715
763,23939.700259511308
764,23945.86083750595
765,23950.556750759763
766,24050.25377860447
767,24264.449893156212
768,24264.37641034484
769,24173.404772885697
770,24277.558287474218
771,24473.12346567988
772,24460.035113451806
773,24351.016337348105
774,24393.051542089375
775,24554.170211931752
776,24614.259673349636
777,24946.220718555323
778,24914.3904375767
779,24759.79024959804
780,24776.633709060545
781,25060.218255044874
782,25227.754583748163
783,25345.389640950714
784,25306.67507964277
785,25596.429945783682
786,25574.91373800359
787,25663.8252026326
788,25680.004536285454
789,25894.850677699833
790,25841.657401880857
791,25794.600995401728
792,26750.038872472593
793,26831.709964345107
794,26738.03179226679
795,26792.05134529057
796,26784.187793847726
797,25885.11684786217
798,25459.672912606104
799,25413.72726953801
800,25594.88324853943
801,25723.048657058855
802,26227.775845347394
803,26156.582696673737
804,26254.160633757027
805,26446.081940377262
806,26196.843278591834
807,26268.566576411104
808,26269.845912384008
809,26146.40520155832
810,26216.468514522196
811,26022.350645290182
812,25978.981070901835
813,26005.74914911135
814,26033.37264250055
815,26062.944120070366
816,26097.609063721735
817,25920.860727584033
818,26262.536263114154
819,26527.330347252442
820,26376.302289861684
821,26513.57300343069
822,26638.424945516752
823,26561.590531940623
824,26456.059944820314
825,26568.549558078797
826,26456.301140925698
827,25228.725518533603
828,25259.949107332555
829,25178.965397640273
830,25057.590483147607
831,25127.817925340758
832,25275.675930021738
833,25330.473635915623
834,25675.77310793325
835,25765.366522156753
836,25777.198919223723
837,25757.127427356907
838,25818.251392685823
839,25924.50687878663
840,26270.695088544155
841,25951.199555972787
842,25041.16632913651
843,25238.89396274607
844,25026.33619461606
845,24861.59068005846
846,24793.703017895685
847,24926.736307808846
848,24906.783501706
849,24944.428615005778
850,25645.349468864744
851,25820.6833009059
852,25954.174622911436
853,26017.855288787847
854,26081.724205599727
855,26315.53921195466
856,25958.812432225975
857,25779.411929192414
858,25721.20576347896
859,25736.160915778455
860,25928.786990440778
861,25553.148087268724
862,25367.351531486467
863,25365.245512025762
864,25342.95634021109
865,25242.307286239396
866,25002.58990631168
867,25206.994438529466
868,25363.47660067813
869,25205.865548719885
870,24048.05232399377
871,23915.589413227077
872,23850.77597635395
873,24910.276650652304
874,24903.41926695867
875,24679.18465689715
876,24912.36112391378
877,24774.30126610963
878,24949.932374000335
879,24738.838959267683
880,24611.8217195309
881,24533.99622581804
882,24727.151474489616
883,24591.305684184834
884,24482.617404772438
885,24159.596960805768
886,24233.765304356664
887,24363.814053273396
888,24582.822734684967
889,24571.15231750776
890,24515.83150010095
891,24373.818583300985
892,24331.936889547746
893,24407.973314651757
894,24341.629810990697
895,24540.53467370138
896,24289.44475487279
897,24284.147363914937
898,24304.212349926962
899,24472.08725200798
900,24922.1344087384
901,24935.618997588917
902,24951.366780223547
903,24680.575654603832
904,24615.160353048934
905,24985.24626303095
906,24942.124573660032
907,24848.262322350605
908,24555.336583482254
909,24652.546821583474
910,24821.525431523063
911,24743.20475077496
912,24692.702521320687
913,24432.75598600589
914,24264.27826553858
915,24252.43498885437
916,24487.036492864536
917,24553.988629435604
918,24101.42725346281
919,24077.044166336378
920,24173.18488188884
921,24366.69514747055
922,25808.875438016017
923,25919.813762989295
924,26069.49071357037
925,26001.765177721536
926,25978.5642240501
927,25968.028558829297
928,25709.101697654067
929,25405.51375550429
930,25411.744209942888
931,25757.13157599074
932,25527.959772872433
933,25511.9172890491
934,25357.040591203408
935,25374.93795721391
936,25461.766128012827
937,25340.438967667873
938,25209.892362067825
939,25200.703063469577
940,25206.996726234273
941,25391.414732594916
942,25391.190152690986
943,25543.53398234675
944,25638.09782317912
945,25316.3528543676
946,25367.165488190854
947,25580.35668076008
948,25260.229937038646
949,24936.1932023547
950,25242.37753890371
951,25254.108770985415
952,25332.04198746918
953,25631.36774844367
954,25589.58580709031
955,25525.60047091584
956,25425.583176029482
957,25508.80189486796
958,25656.181515658966
959,25776.53975683028
960,25852.038755128706
961,25864.799016664943
962,25922.068194658525
963,25957.092012618225
964,25650.67393738145
965,25645.41625723628
966,25654.613201376866
967,25814.88976665456
968,25893.525382128457
969,25755.940570176088
970,25978.750609021616
971,26143.008084805828
972,26003.294137908742
973,26257.289099900085
974,26394.947779201153
975,26372.889153406308
976,26200.478623511357
977,26463.131230404717
978,26396.14419794515
979,26407.475098395746
980,26525.65456777408
981,26410.9546135149
982,26338.328940976455
983,26383.008440802685
984,26409.16983369886
985,26841.679754020217
986,27627.06216703366
987,27713.212338466805
988,28031.04197031685
989,27872.75029909067
990,27803.055068853057
991,27895.870623365132
992,28144.58025611442
993,28265.060266472887
994,27982.00148530283
995,28222.28489997647
996,27931.51063339986
997,28389.283160993557
998,28328.099455628275
999,27909.90491027866
1000,27768.693310158105
1001,27961.44298875418
1002,27905.502227848516
1003,27836.086525630315
1004,27861.62377496246
1005,27775.87118792544
1006,27647.289901579614
1007,28183.2655623725
1008,28419.98209454335
1009,28023.547245151254
1010,28182.235331144577
1011,28304.02294570597
1012,27760.630787713155
1013,27718.665451683373
1014,28002.26499835881
1015,28304.082405090183
1016,28103.20635521447
1017,27952.272676652945
1018,28001.778507190502
1019,28241.075736033963
1020,28458.758651489457
1021,28364.865323519138
1022,28441.133920738088
1023,28739.03443218857
1024,28925.127700431087
1025,28769.42890859492
1026,28678.640596470097
1027,28223.60978644295
1028,28043.459716816844
1029,27542.07315168045
1030,26608.17357053407
1031,26979.390570947573
1032,26499.958210296765
1033,26008.314457913213
1034,26241.407174292108
1035,26602.219994717285
1036,26916.737073031247
1037,27167.867763920167
1038,27016.92659474373
1039,27031.75060733632
1040,26700.306868741896
1041,26413.446384900515
1042,26513.919874571704
1043,26925.36948051111
1044,27221.828657807084
1045,26958.463962050428
1046,26918.501573490154
1047,26598.20982316843
1048,26992.23955711288
1049,27275.20970999959
1050,27287.31657996452
1051,27053.664437256302
1052,26942.36044569492
1053,27292.315172563904
1054,27393.472583556137
1055,27290.95207319619
1056,26891.512633761697
1057,26742.156611244616
1058,26857.68891237658
1059,26493.951681265426
1060,26792.365097174195
1061,27002.387963047724
1062,26370.723184731727
1063,25962.27642717677
1064,26626.977926038715
1065,26290.369712499625
1066,26329.25533305892
1067,26425.530767272056
1068,25662.71639577949
1069,25707.30308340054
1070,26042.5415881617
1071,26058.84178496288
1072,23772.908367707798
1073,23886.472066956423
1074,24121.762893482275
1075,24047.35583095442
1076,24833.67892057394
1077,24845.33361919423
1078,25273.32128664213
1079,25337.238453303733
1080,25342.532241085202
1081,25144.300220997295
1082,25002.2417891008
1083,24958.29561397196
1084,24143.768036237263
1085,24285.435421392693
1086,24360.721248259593
1087,24502.590390603753
1088,24430.609539529087
1089,24174.31819461082
1090,24160.532974503207
1091,24528.8803018979
1092,24690.73963720405
1093,24577.340960662405
1094,24676.203142237926
1095,24989.223146265995
1096,24994.87842438604
1097,25038.514650196063
1098,25122.59638527935
1099,25093.691163811618
1100,25279.18377279086
1101,25303.584350960205
1102,25615.173844315294
1103,25528.52641565993
1104,25454.96482798037
1105,25376.817719875664
1106,25424.458669485488
1107,25527.730292003067
1108,25277.905893824092
1109,25584.02893272532
1110,25482.49701524243
1111,25359.058092525513
1112,25476.93230248695
1113,25430.28872079865
1114,25428.08736785879
1115,25953.546153241357
1116,26108.38863601594
1117,26050.57168104536
1118,26179.28804653818
1119,26132.620675026992
1120,26391.05048356536
1121,26653.485164938505
1122,26310.23971968973
1123,26546.04539861972
1124,26629.08726666367
1125,26742.391798144807
1126,27022.627763124838
1127,26745.291191850076
1128,26149.639411022006
1129,26039.681227002373
1130,25959.54962578951
1131,25991.53245365326
1132,26016.049340993242
1133,25933.475195001174
1134,26167.298745844495
1135,26268.416747417024
1136,26452.931361785857
1137,26424.523779497595
1138,26370.481191316307
1139,26698.266290161704
1140,26822.98511544258
1141,26713.539937496564
1142,26735.26833279828
1143,26739.810967902467
1144,26818.610993296712
1145,26710.945495971748
1146,26720.257036526316
1147,26710.5542742915
1148,26941.190895450134
1149,26992.672751321432
1150,26780.765372896214
1151,26737.873968646145
1152,26500.407789740253
1153,26259.514090934685
1154,26446.929480877767
1155,26311.621216540094
1156,26086.440924599912
1157,26215.438397777427
1158,26305.234194372217
1159,25944.525997440713
1160,26013.806319616204
1161,26084.60000012928
1162,26437.91263716577
1163,26435.554547386662
1164,26645.482763044936
1165,26891.543652414148
1166,27013.917097724287
1167,27137.437926773942
1168,27186.5827836877
1169,27199.997322608266
1170,27386.647279516365
1171,27441.35401430855
1172,27655.051533464277
1173,27658.211826788815
1174,27711.07943803301
1175,27934.616375137906
1176,28066.043770717944
1177,28146.5413268797
1178,28227.309585876294
1179,28559.195755106797
1180,28677.50318508936
1181,28409.081702676078
1182,28273.823988794786
1183,28287.780028419853
1184,27980.581214965525
1185,27818.13294743865
1186,28064.508398482838
1187,28004.718086483044
1188,28101.613922419714
1189,27929.69116760498
1190,27843.578423784602
1191,27796.11731851948
1192,27910.5898782529
1193,27991.888751213377
1194,28073.672411203992
1195,28042.61307709805
1196,28319.410939220452
1197,28161.206418821203
1198,27786.15117000246
1199,26790.186086942642
1200,26821.50591170366
1201,26953.265685344828
1202,26655.937962226606
1203,26408.74472425226
1204,26803.825892459667
1205,26581.309033225723
1206,27084.448852261085
1207,27143.70529677124
1208,27107.80722355294
1209,27325.137663182584
1210,27179.59608432566
1211,27153.237458829648
1212,26858.94006858705
1213,27421.941899954785
1214,26548.227706358954
1215,26560.149013739618
1216,27014.951799702434
1217,27322.109868998927
1218,27812.85641075583
1219,27752.244964301506
1220,28181.95723892699
1221,28271.167887896718
1222,28609.64755490897
1223,28466.068317037098
1224,28134.118534419842
1225,27663.44370221147
1226,27700.45650607998
1227,27695.086373139817
1228,27438.093806473727
1229,27795.078404545464
1230,27453.77784812066
1231,26666.683553531995
1232,26678.72562285603
1233,26851.978590738465
1234,27067.11552302618
1235,27308.048909385787
1236,28034.997000332816
1237,28062.88135190763
1238,27976.858469252984
1239,28822.43093657852
1240,28343.276009613193
1241,28548.654948860265
1242,28189.903309718356
1243,28332.60431004339
1244,28527.206995562687
1245,28949.94562665625
1246,28829.19911790128
1247,28330.88384983237
1248,27778.527731641076
1249,27825.168216893046
1250,27382.593926948593
1251,26959.530599542923
1252,26310.906294359585
1253,25979.692921697766
1254,27183.614646939088
1255,27424.1289361292
1256,27485.69771597169
1257,27727.59129539041
1258,27756.967766389367
1259,27973.14651821548
1260,28720.342083012434
1261,29153.669460621928
1262,29322.774753504476
1263,29254.676883728753
1264,29446.878522693984
1265,29394.94938748792
1266,29194.116100493055
1267,29878.253780777286
1268,29560.09023419078
1269,29968.5897031641
1270,30046.46595446741
1271,29843.773973783558
1272,29583.7838158322
1273,29498.620041742382
1274,29661.202222138243
1275,29873.250993903956
1276,29604.356506016968
1277,29703.16873272986
1278,29929.33168471588
1279,30118.58971610023
1280,29928.072966320702
1281,29940.61084578724
1282,29943.383398394093
1283,29592.33415154761
1284,29717.595916494094
1285,29703.008291379672
1286,30138.95876766738
1287,30145.56156346056
1288,30256.45471706757
1289,30480.074852346756
1290,30586.824563164027
1291,30486.041087374924
1292,30362.264234116585
1293,30513.03593717054
1294,30637.714725973365
1295,30659.223590953836
1296,30815.407808537246
1297,30764.9907413569
1298,30949.64415824697
1299,30689.717469186377
1300,30766.38857615762
1301,30591.239875437488
1302,30330.863908262145
1303,31523.220934956247
1304,31804.337788961333
1305,32119.99677637667
1306,32380.161202352807
1307,32135.77468027385
1308,32143.20656783991
1309,32421.50007985966
1310,32463.569519688623
1311,32518.53026934657
1312,32850.38928760391
1313,32601.489099177583
1314,32635.12057927947
1315,32936.87386296921
1316,32752.3563839114
1317,32929.982144021065
1318,33028.97400338039
1319,33141.170056519186
1320,33056.42147344172
1321,32788.18359538453
1322,32936.383570165206
1323,33091.34515255654
1324,33137.008645932496
1325,32854.90641217858
1326,32952.923183072635
1327,32335.056003663285
1328,32328.905867749814
1329,32494.65661642198
1330,32289.37407011212
1331,31672.073657403856
1332,31688.097963123088
1333,31433.003023608446
1334,31691.195815860527
1335,31800.988173398393
1336,31727.34135221441
1337,31776.742218617554
1338,31813.825093604293
1339,32008.588963961727
1340,31785.018507673896
1341,32080.72916065993
1342,32305.92668096616
1343,32403.314335954143
1344,32130.129780507745
1345,32190.084216276526
1346,32272.03327857586
1347,32553.70819855944
1348,31459.499407935058
1349,31544.44744071481
1350,31684.86226935494
1351,32110.62770568927
1352,32131.651286687553
1353,32156.453385161716
1354,32635.925200521575
1355,32619.553633728985
1356,32641.17052004536
1357,32670.649754989372
1358,32610.390089962682
1359,31620.922780145134
1360,31879.930206165995
1361,31769.43959708588
1362,31959.5169276891
1363,32577.435915714243
1364,32578.71576706109
1365,32898.16387922539
1366,33388.955750630834
1367,33181.03524245912
1368,33107.91663190791
1369,33157.57261562116
1370,33442.85551147115
1371,33626.48445457945
1372,33994.80972661107
1373,34268.95949975894
1374,34341.93037024099
1375,34713.41261052853
1376,34880.67304671219
1377,34715.67100476456
1378,34733.84372652271
1379,34494.42604479818
1380,34548.411838344524
1381,34443.648952032
1382,34396.25488470822
1383,34510.96192756736
1384,34948.653138993424
1385,34607.9277210386
1386,34585.27558742625
1387,34678.834771956084
1388,34777.546482683334
1389,35001.054874050846
1390,34865.23721890395
1391,34974.87887762733
1392,34700.75666357071
1393,34794.42108901414
1394,34941.96889411766
1395,34712.20269665556
1396,34691.344499879866
1397,34628.76708259331
1398,34788.382902236684
1399,34669.25957541335
1400,35010.807261591915
1401,34963.20870393875
1402,35612.721982254225
1403,35236.95907069348
1404,35171.40971932231
1405,34805.91310570231
1406,33915.64218157454
1407,34440.026757149186
1408,34190.72215560944
1409,34319.37547927513
1410,34313.121684601785
1411,34117.81141540655
1412,34493.66993209087
1413,33872.60812137846
1414,34000.47528439307
1415,34159.35019234113
1416,34354.9946894324
1417,34100.71325919855
1418,34491.27467408384
1419,34900.39934955876
1420,34234.377576190825
1421,34695.8999856409
1422,36213.70404517949
1423,36546.98356452554
1424,36813.69630040128
1425,36618.26925399111
1426,36279.43098744609
1427,36016.390467237354
1428,36549.56487509326
1429,36744.2057598581
1430,36289.20645000726
1431,36050.758177179545
1432,35541.11122400643
1433,35385.22573150059
1434,35593.485133553455
1435,35547.639807119216
1436,35773.759331099405
1437,35791.27543161997
1438,35382.539847617154
1439,35575.51063367005
1440,34850.71264951737
1441,34675.31975572425
1442,34602.66686180156
1443,34484.61894412102
1444,34209.92472227721
1445,34439.99511684028
1446,34038.19760139101
1447,34083.414465345515
1448,34628.33293587582
1449,34811.7827063915
1450,34954.63675500795
1451,34799.4260306126
1452,35232.30894997054
1453,35356.55223494819
1454,35421.52082891091
1455,35497.32160147869
1456,35653.81242874481
1457,35681.384519713356
1458,35974.19174241516
1459,36041.63762273907
1460,36123.36387352653
1461,36033.735665070926
1462,35810.38909396444
1463,35701.07358869902
1464,35665.39547936463
1465,36003.59270325566
1466,35787.56610822568
1467,36049.535015876514
1468,35895.8260365376
1469,35799.18534168828
1470,35877.55869628634
1471,35965.717188054885
1472,36118.8733994339
1473,36291.20257089404
1474,36133.09297952291
1475,35977.78642000141
1476,36226.32717357811
1477,36381.222149328874
1478,36243.48905060072
1479,36336.510116733785
1480,36525.3874026118
1481,36364.715954094776
1482,36291.49903682093
1483,36244.86551140116
1484,36211.1089945466
1485,36283.639194416246
1486,36378.15355074986
1487,36388.69086930799
1488,36352.5246960325
1489,36158.61487056712
1490,36046.859275229624
1491,36207.92837599217
1492,35862.033600597875
1493,36055.617848916074
1494,36109.6221405451
1495,36281.35590794728
1496,36165.18693456093
1497,36187.186982816405
1498,35580.03410290653
1499,35784.10825217086
1500,35691.89682109393
1501,35513.81988564244
1502,35559.43741736197
1503,35652.020055867935
1504,35542.93461168867
1505,35652.4896645857
1506,35549.39149284081
1507,35388.59662441617
1508,35390.959770322675
1509,35236.61054215546
1510,34944.48932712426
1511,33938.17970155338
1512,33810.11622364847
1513,33764.5619400054
1514,33888.55292324377
1515,34297.685642237826
1516,34131.90496209272
1517,34370.3854021368
1518,34617.092472001415
1519,34520.27292067961
1520,34663.311211886794
1521,34740.64957452127
1522,34991.196244513456
1523,34850.62379388032
1524,34868.30819551608
1525,34401.475578160265
1526,34270.8550084195
1527,34402.87952293583
1528,34226.03702012146
1529,33867.659136422044
1530,33564.0068790058
1531,33235.84751894055
1532,33445.4555747029
1533,33887.93665823689
1534,34019.22595795161
1535,33633.261108017105
1536,33770.6402695903
1537,33608.56138470189
1538,33860.84774808872
1539,34289.27852938472
1540,34402.53338989981
1541,34756.32969994681
1542,35264.79045829093
1543,35362.04050707383
1544,35019.81552337806
1545,34366.441595428216
1546,33624.311125735236
1547,33700.31640499685
1548,32744.549450969254
1549,32220.16073234546
1550,35044.00767915626
1551,34455.32803630433
1552,36122.73811958286
1553,35824.46661792207
1554,35018.25107214821
1555,33742.475630244604
1556,34715.29380075136
1557,33818.66179708925
1558,32512.82392851396
1559,34953.6061916116
1560,33928.132027161686
1561,35383.15262433979
1562,34980.17866165475
1563,34778.778581677114
1564,33317.7795223987
1565,32724.297417419235
1566,33468.94217183109
1567,33744.50825222609
1568,35066.782132049426
1569,34088.12865956053
1570,34792.41364834747
1571,34538.96181367783
1572,34769.77453219117
1573,35285.721403266885
1574,35210.285914522625
1575,37311.05150299502
1576,37353.26586890617
1577,37655.77275408698
1578,37198.83371226034
1579,37202.542190249405
1580,38552.10142658167
1581,38343.188360332046
1582,39606.615139730275
1583,39809.3180469768
1584,39570.925877828675
1585,38616.88277790176
1586,39305.07241628658
1587,39221.0952111534
1588,39608.30237163452
1589,39479.53574434555
1590,38793.48721546619
1591,38703.717238014695
1592,38615.68339402691
1593,38486.93460925184
1594,38902.89072022924
1595,39004.45020528636
1596,38757.31854503471
1597,38394.47406951836
1598,38452.11492709795
1599,38990.12169904836
1600,38454.670434410014
1601,38167.916623004705
1602,38008.286727694904
1603,38044.1702366099
1604,38322.51077864606
1605,38276.63972628487
1606,38362.94532178415
1607,38173.508340796536
1608,38316.583816897415
1609,38400.558899405696
1610,38494.02984649532
1611,38973.56623454526
1612,39045.490379249015
1613,39008.877681202095
1614,38863.07854354474
1615,38726.80711700075
1616,38548.54698617689
1617,38593.13595805051
1618,38411.812988120146
1619,38227.526869358364
1620,38343.08469421308
1621,37654.48148043439
1622,37562.55765785529
1623,37433.136522305176
1624,37887.997782711536
1625,37849.42406241319
1626,37910.7243238105
1627,38624.98714849568
1628,39156.24685311836
1629,39083.405332462804
1630,38639.550935599895
1631,38997.79773841817
1632,38428.14434487923
1633,38836.232875302754
1634,39133.068130530824
1635,39190.22076025042
1636,39357.40146114689
1637,39873.764517234464
1638,40376.38153751975
1639,40348.08970928441
1640,41131.17784644734
1641,40550.966707835294
1642,39657.90860720047
1643,40164.57207790092
1644,40215.51919550879
1645,39906.36059023858
1646,40080.26101728683
1647,40402.44881405226
1648,40233.874616728295
1649,40205.31926566542
1650,39661.44373990157
1651,39299.92637379946
1652,40061.97419490044
1653,39916.560293288945
1654,39522.29285537751
1655,39539.08048247732
1656,39288.812503640045
1657,39756.57587565901
1658,40088.378038280585
1659,39753.40989847823
1660,39865.62527913916
1661,39623.23846847676
1662,39203.83019072212
1663,38626.68413595257
1664,39086.45545758265
1665,39189.1511668632
1666,39206.89324195771
1667,39519.5560077838
1668,39595.5714459469
1669,39315.197492288666
1670,39206.06621549696
1671,39382.360537686734
1672,39346.557701658065
1673,39511.849269091974
1674,39327.799028716865
1675,39545.13705203307
1676,39542.132671604035
1677,39674.57486384528
1678,39804.24380142327
1679,40532.1419626954
1680,39642.78765430245
1681,39434.57276750045
1682,38766.52467346795
1683,39391.94708876207
1684,38506.34436270548
1685,38467.327276028
1686,39470.955735728494
1687,39497.09025609172
1688,39334.01788895057
1689,39154.118901467155
1690,38799.28026799826
1691,38893.53056934189
1692,39444.109501762585
1693,39400.95846474908
1694,39527.75998023541
1695,39595.47413159185
1696,40271.23963836746
1697,40428.53913680393
1698,41131.870804504404
1699,41666.60192568894
1700,40554.18152348581
1701,41136.81571061704
1702,40820.07916423555
1703,41398.61231640336
1704,41722.185626130646
1705,42132.39835935439
1706,42552.16244345633
1707,42749.716681704806
1708,42356.86305346533
1709,42089.3722530499
1710,42371.733906001115
1711,41899.08301211643
1712,42332.45162872666
1713,42185.37830270622
1714,42269.90863710725
1715,42143.182702837476
1716,41909.99536934375
1717,41890.625730899475
1718,41082.748721889
1719,41075.07684544606
1720,40632.76860580939
1721,40684.086357743734
1722,41439.85999206979
1723,42592.566165086944
1724,43048.27829589765
1725,42930.66594436568
1726,40991.08267743923
1727,41190.56890867043
1728,41689.50307130992
1729,41964.79631175549
1730,42168.867440341586
1731,42365.91141741114
1732,42255.42563469218
1733,42279.002329517476
1734,42074.144166803584
1735,41885.876885509584
1736,41824.54771681486
1737,41931.51448646466
1738,42111.47195258108
1739,42522.04463200639
1740,42925.819936270185
1741,42975.80478844941
1742,42519.14436705442
1743,42079.44462220647
1744,42055.87519242531
1745,42040.8357795014
1746,42277.93584615879
1747,41967.30886200157
1748,41976.31851366701
1749,41816.10345951046
1750,42612.089460988595
1751,42386.999501188555
1752,42266.76482704482
1753,42744.58740138462
1754,42555.90709242181
1755,42123.07685423027
1756,42185.454407207515
1757,42165.30980843773
1758,42154.83711574509
1759,42437.39880166001
1760,42468.95524942497
1761,42863.38792487145
