,Profitloss
0,0.4033116718197505
1,0.5640471717416773
2,0.40734556284303114
3,1.7329505243846022
4,2.389486906843974
5,4.15371183768245
6,3.798719879928547
7,5.9394161900342635
8,5.475837292407815
9,5.9422189161568495
10,5.2027757744402825
11,6.427470049277595
12,6.573079209492327
13,6.916094552942509
14,6.248825834700922
15,5.538102642319354
16,6.757072476904669
17,6.703372623554693
18,7.241049883684902
19,6.822086966457519
20,5.779937292400739
21,5.7554584883728
22,5.46299980569096
23,5.63503422050653
24,7.044771463616506
25,7.14196379765486
26,7.099382502813345
27,8.392451158381142
28,7.240778872472964
29,6.371315928245136
30,6.987252298645208
31,5.441118273439427
32,6.555451199044948
33,7.079486817511249
34,8.035323926591875
35,8.56238698372973
36,8.178983450710975
37,7.556752700276603
38,6.9091262214145965
39,6.683303906912008
40,7.910458536309095
41,7.943921830194367
42,7.515664628617125
43,7.020774729818413
44,6.502640998222864
45,7.57704240918351
46,7.514357607163258
47,6.202799036913009
48,5.741962962585445
49,6.155527188798149
50,7.524491320504523
51,7.470001035079643
52,6.9888392535086385
53,5.280194420770012
54,3.5202334678707814
55,2.37550800439974
56,1.5868058911140848
57,1.682354653394702
58,0.6819608655283194
59,2.9243697943291735
60,3.5636781913796822
61,3.404944538969512
62,2.006310124331412
63,1.5608733829469479
64,1.3683820428638693
65,0.8097838211426067
66,2.5559738138654753
67,0.17440285189083138
68,-0.31671888156367123
69,-1.260660463301111
70,-2.031596793845891
71,-1.432256824908562
72,-1.0604405436359543
73,0.8209519214656513
74,1.8273025769351303
75,0.6815836832588573
76,0.9001999548891026
77,-0.09378913112956244
78,-0.31616076153528905
79,1.5241861324032824
80,1.5006915485593408
81,2.2763304516964844
82,3.205002593124373
83,4.209889734865824
84,4.136776069378256
85,3.434586305203746
86,2.5511955935472175
87,3.4311090550697587
88,4.696558283544872
89,4.585334216524739
90,5.52867767817018
91,3.201835924602281
92,2.6542940269678628
93,2.820019046922906
94,2.2072658241631515
95,1.2198376446755033
96,1.786293239740555
97,1.1280036406721372
98,2.4975122693896123
99,2.3983104986080583
100,2.7116950751733038
101,2.759795813162591
102,2.340441796476478
103,3.4075267143419907
104,4.178962690186694
105,4.398861614779803
106,3.926787857510994
107,4.743962235737786
108,5.265464537157527
109,4.859343271481076
110,4.542742561425106
111,4.815823232690586
112,5.226597387833709
113,5.546974939199778
114,6.059716541885618
115,5.906505392040384
116,6.1464366685457295
117,6.0211089777356674
118,5.837922276852492
119,6.069535526520098
120,5.950506511540232
121,5.690343944705667
122,6.16470459164451
123,6.231596423273356
124,5.823491297736694
125,5.745473525576195
126,4.665699858137118
127,3.5532311899756586
128,3.7427183295635658
129,3.1686764340151052
130,3.115240259753649
131,3.1391521712534676
132,1.944671213165483
133,1.2274667923282356
134,0.20312543750631296
135,1.357397415578654
136,1.6978065173337775
137,1.6845254494726847
138,2.220453502621522
139,1.6621623291913634
140,1.3374406992636922
141,1.239821831921839
142,2.339140280920393
143,2.612065339725911
144,1.500732296714058
145,1.1621642105093644
146,1.9466161565280915
147,1.5894985437151288
148,1.6701442356853224
149,1.4396439397020622
150,1.6761379875464888
151,2.2182727660629897
152,1.9593609554162672
153,3.020845689412255
154,3.7843883765155573
155,3.9195263025276095
156,4.090448197333907
157,4.340567428753994
158,4.08643981249639
159,3.3464414208440596
160,3.615497312871474
161,5.063802612619828
162,5.894515015848589
163,5.670897705907696
164,5.308047491470824
165,5.430319029958297
166,4.931063001783009
167,4.619901793824321
168,4.305918796070385
169,4.266465274664544
170,4.741535602856839
171,3.825654450251692
172,3.9908326417836593
173,3.486698487885165
174,2.749147305601407
175,2.0471144533862784
176,2.677132908030555
177,2.411788903170242
178,2.7228666053326744
179,2.9624219181076272
180,1.938640554400095
181,1.9703816395262974
182,3.0073298561858586
183,2.5876382145750165
184,3.175450320336637
185,3.588024360585118
186,2.798026975875745
187,2.2059803674064016
188,1.5574278523692753
189,1.9981727195623744
190,2.1995260882010426
191,1.6282372342364182
192,2.474636695820309
193,2.253018562086928
194,1.3719876313633694
195,1.0539697527208736
196,1.675424109495638
197,2.6762348867625185
198,4.831090189424736
199,4.065577079091498
200,4.43172543785828
201,5.390068914914492
202,5.407161690561435
203,6.79824207961206
204,6.864429443422404
205,8.160997011458093
206,8.524181526724117
207,8.372630477792065
208,11.945846954993922
209,13.291652658936703
210,13.677257134056319
211,13.582988482059054
212,13.564880536550628
213,13.87503291166723
214,14.280204810505825
215,15.007514463722082
216,15.055171731285055
217,15.431577241737603
218,15.157140455620887
219,14.469018501501019
220,14.540234812249997
221,14.513768521912551
222,15.292358433150577
223,15.427798078989618
224,15.750802138710473
225,17.334390742383764
226,16.33086358335907
227,17.17793642207488
228,17.401880415712135
229,16.86485443849952
230,17.093704949527645
231,17.093615778447923
232,16.841278732360742
233,17.263321311383905
234,18.17881468450682
235,18.82087955057341
236,18.009156217141474
237,17.61411236517283
238,17.027946506295155
239,15.95458083807182
240,15.741381694152823
241,17.438880627153218
242,18.066094599827643
243,17.986410548340316
244,17.55385518235011
245,15.041673671883405
246,15.813013421839027
247,16.754198411839383
248,16.916757564292652
249,16.370202365530485
250,16.417485371509667
251,16.693010584240888
252,16.898792414230247
253,15.914623741705247
254,17.14973713354855
255,16.623635009779036
256,16.16098116142077
257,16.76698057884083
258,18.088501574132287
259,17.92671836249
260,16.81709431670393
261,17.463100714459667
262,18.72299454548003
263,18.73634536992814
264,18.8159431766763
265,19.84141524937948
266,21.111895525222213
267,21.160139643726737
268,20.548757820972984
269,20.505997242477704
270,19.895731111562554
271,19.363796329831075
272,18.486327679532245
273,17.425042306847782
274,18.32977248728951
275,18.373625027699326
276,18.572363645377465
277,18.837936635490514
278,18.640012539666117
279,18.503743726882416
280,18.63152938523518
281,19.399937891008356
282,19.88970268668837
283,20.373660744613666
284,21.40284787477318
285,21.771800605386773
286,20.935541879513696
287,22.90252034146294
288,23.682169704840828
289,23.08888436075889
290,24.19407074336839
291,23.917198410045426
292,23.90223550312751
293,25.606628286150436
294,24.96371982178833
295,24.796913499550712
296,24.712897050777837
297,24.994788894587195
298,24.97140974481795
299,24.74083432460641
300,25.488142594233576
301,25.88718225713005
302,25.854581200565008
303,27.395150620967424
304,26.90649344196363
305,26.205324812893082
306,25.97621585119345
307,25.19486841301688
308,24.725101772958837
309,26.379339328928687
310,26.326266548445698
311,25.544609116061423
312,24.7475391070223
313,24.50080243688646
314,24.383484480411965
315,24.788123368792945
316,25.67855389952736
317,25.900324420740084
318,26.492254198752207
319,28.690745964546306
320,28.392478407496302
321,28.902002399851124
322,29.7169252248908
323,29.326031561729327
324,30.740150585921523
325,32.02668785729556
326,31.607155595847324
327,31.561847517095877
328,31.405651110759926
329,29.50356184138887
330,28.87439351654426
331,29.730354704720252
332,28.314635164578107
333,28.691543541570375
334,29.84567321395597
335,28.59451245812337
336,29.708386984908586
337,30.2275561533202
338,30.818679770013112
339,31.11239399415735
340,31.245991125853067
341,30.975744373476367
342,31.87309969898704
343,31.897679490510743
344,32.136166287603515
345,32.357029198771414
346,32.83475962297848
347,32.40774677775513
348,32.16274788334326
349,32.03293261720388
350,32.239205546328705
351,32.32524859781205
352,32.95350958909149
353,32.80500884854749
354,32.306285146533575
355,32.65187879604432
356,31.94797074448403
357,32.67566113948739
358,31.988601645213333
359,31.70851425274592
360,31.44591776556136
361,31.62562957678854
362,31.424686005964976
363,30.843024564173138
364,30.970432969174077
365,31.4040907970087
366,32.60393392574288
367,32.22962107893827
368,32.705167773515555
369,32.72835727537338
370,31.34557941060121
371,31.04521769749935
372,30.897358188534053
373,29.664145548710017
374,30.876192052635766
375,30.966876736995562
376,31.346441386308975
377,32.415494891494625
378,32.683687207534184
379,31.653555476998974
380,32.297661077065754
381,32.379473006886236
382,33.90926645841201
383,35.36622584773112
384,34.93449981088412
385,35.53141378443048
386,35.36902253059721
387,35.03194959519267
388,34.46690570399396
389,34.64723919275412
390,34.27558091298937
391,32.83683984048351
392,31.34437595168491
393,31.70343131420552
394,31.09620561876443
395,30.868966028290235
396,31.259537230920653
397,31.159402915752498
398,33.06584513783166
399,33.478178555366256
400,31.41487604336046
401,30.484993649680824
402,31.144517705101915
403,31.24185075219179
404,32.39669301740089
405,32.597960314924435
406,31.935763970580243
407,34.6041233764375
408,34.4143582570027
409,33.9315628498009
410,32.42479264101581
411,31.422238362565725
412,28.869491133196725
413,30.500391303130293
414,33.1489740017441
415,35.03456619723093
416,37.05360360985757
417,35.79141057062354
418,35.47148287892583
419,38.568237878847775
420,36.29538989671195
421,36.2339463039546
422,37.5989751901449
423,36.98603154517317
424,39.193131758738886
425,40.97283918190588
426,40.15584856830441
427,41.14036013199711
428,40.95948433673939
429,40.767100450922044
430,39.48790257240593
431,37.36605839299292
432,37.091590814893216
433,36.691278308667094
434,35.30921360072594
435,33.52426222466305
436,29.319563344401246
437,31.253129228738395
438,35.56309935295505
439,38.083705424100536
440,40.69929702715511
441,38.88442671453507
442,35.829252164110855
443,34.6834058394899
444,32.923034492884625
445,33.4239923082357
446,33.82260118853013
447,32.547153492899625
448,34.12957285472411
449,36.49458634283238
450,34.920247454597366
451,35.888317928363776
452,34.94908522032964
453,34.82372284194803
454,35.34800955544875
455,35.717612529150536
456,36.52682584931857
457,38.150188838184775
458,39.121266180054825
459,37.973975646000426
460,38.141841060965476
461,39.15374925017987
462,38.95546754251136
463,38.04046264198242
464,37.9322394718232
465,32.2011203316098
466,34.181847408202
467,35.29142593882864
468,34.32232411961298
469,33.73827414565056
470,34.82642865000363
471,35.05845577921318
472,36.9985570925516
473,38.192058935129225
474,38.09430444911881
475,37.13949419527973
476,37.09527544659608
477,36.68367930543069
478,37.92710809702513
479,38.37219266599228
480,37.558320281362924
481,36.8808251652792
482,37.42641658863977
483,35.33487639172159
484,36.09870699547202
485,35.63359829191703
486,36.59113060400936
487,35.97379464708261
488,36.672509793457664
489,35.634388122371696
490,36.53970747230038
491,38.6719492396957
492,39.649574942708995
493,38.88004528731068
494,38.37624371257582
495,38.2708036956575
496,36.98207403544163
497,37.50520946986502
498,36.95628251624867
499,37.22096935603045
500,37.60186089929505
501,37.102786007251055
502,36.88008242609533
503,35.204278150093145
504,35.36746496625962
505,34.800408882644504
506,32.3361923006283
507,31.965226764471243
508,31.170131569352666
509,29.72807378195723
510,26.276987403009034
511,27.34381444986962
512,25.764693229864566
513,24.099111562955635
514,24.56402231079622
515,24.3661416751354
516,27.366444395226598
517,26.826302930982003
518,25.658448941754575
519,25.18214712543625
520,22.07163381827817
521,23.30174189247498
522,24.367801806118173
523,22.580052991241708
524,22.689328301096733
525,24.21204988986665
526,23.67560159567743
527,23.6328840594072
528,24.273637136714775
529,24.293742945058682
530,21.765459895458015
531,23.26579123516972
532,24.674967053364384
533,26.015867509594194
534,24.544216473094327
535,25.27548661163541
536,25.85592438833315
537,24.969822960136746
538,26.13898366175682
539,26.12144499727802
540,26.14628078728778
541,25.748212460958708
542,26.461191138319684
543,25.790429381454814
544,25.358325177147776
545,25.106150908080437
546,25.69122413862084
547,24.752184525140542
548,23.632006366633696
549,23.53318841743306
550,24.667683298751864
551,23.724956392779074
552,22.116450147917742
553,21.147155934813643
554,20.76767166721105
555,21.88862058032319
556,23.809240764127825
557,24.045432267893908
558,23.26908785490125
559,24.433025571427656
560,23.77083389782717
561,24.15837623054258
562,23.70192434900178
563,25.692622789266363
564,26.11511845311818
565,26.20152607936701
566,26.137452201082322
567,30.705041454021064
568,29.845083167171047
569,29.027994354622866
570,28.39141424874998
571,29.23206888838852
572,30.028651527034334
573,29.73148162880701
574,29.387689945554698
575,29.433383343016573
576,28.9741793039078
577,29.814853217144478
578,29.432270545447324
579,29.028118347311384
580,28.92474302709671
581,28.064419708418843
582,27.474427113987176
583,27.117862649749135
584,27.084988888598225
585,27.977500480262574
586,26.912942116998863
587,25.222300727427573
588,25.963155034767137
589,26.088867638667978
590,27.084637470235418
591,27.374657806045445
592,25.93602993439168
593,25.894703264254538
594,27.06280686569853
595,28.52957981235098
596,28.078433110088973
597,28.982000316263743
598,28.334618975678772
599,29.123085565181018
600,30.69653025344263
601,30.92844505382302
602,31.68165740854598
603,31.116174569371147
604,32.28859081731661
605,32.24459710399606
606,32.5233077713349
607,33.662856367176055
608,32.45400099755844
609,32.67143578916776
610,31.509923313109777
611,31.69869339771556
612,31.189155326562567
613,30.65533661801738
614,30.47606046241711
615,30.378837699922776
616,30.238742928413842
617,30.520082890287025
618,29.277797853488895
619,29.8954739808281
620,29.535378605222597
621,29.989342450461898
622,31.613028477576634
623,29.934810365274345
624,27.90568655143315
625,29.45972197388609
626,30.50892975505537
627,31.08499661281334
628,31.58666932068961
629,30.956921401842187
630,32.26135956379124
631,32.68036604215039
632,33.641580017861905
633,33.33955353126172
634,33.326130649910034
635,32.39953893162881
636,32.22817494626924
637,32.91672213717685
638,33.045320068674336
639,32.54749393770793
640,34.44378890476485
641,34.84987387894283
642,34.30222475091283
643,34.31041481535304
644,34.524128154613145
645,35.25593587920932
646,34.991270521501704
647,35.933658656020675
648,35.84430061814583
649,35.39094671327525
650,36.18081429896955
651,35.89953682905007
652,36.17280999228512
653,35.050290011647924
654,34.418861532567725
655,33.29736829168988
656,32.324572159094075
657,32.263373456492126
658,32.042414872047864
659,31.010292927337744
660,30.45132616813091
661,30.320320618328566
662,30.299473991654715
663,33.20241367282022
664,33.1707053432984
665,33.38027457007202
666,32.322679888982364
667,32.657048624935946
668,32.78629243602782
669,32.63641205994614
670,32.69184335027373
671,32.55425295001437
672,33.03751161777895
673,33.687078733498744
674,33.1687393485161
675,32.723861050000004
676,31.743135134053844
677,32.67102654202287
678,31.899207633533354
679,32.23341314419883
680,32.387822704085664
681,33.332080330099515
682,33.955431347839024
683,34.60206169269517
684,35.318614518875414
685,36.43818504167744
686,36.33580305703894
687,36.25048769251937
688,36.39110784447581
689,38.53294956033577
690,38.114926103164024
691,38.88574151884225
692,39.415473339921945
693,38.87954985469941
694,39.48720280382829
695,39.137414264000526
696,40.3969839309237
697,39.7418557100973
698,38.0170238221434
699,37.14971432815744
700,36.961583710468496
701,35.879801682911314
702,35.69834418948587
703,36.5886602674639
704,36.27333714779246
705,36.52403771442132
706,36.22098539232639
707,36.40474335249699
708,35.995435201971816
709,36.016476767049596
710,35.92365922778744
711,35.97484737575905
712,35.90569482753392
713,37.1736787697309
714,36.02929407458693
715,34.40565753506304
716,36.31583226225716
717,38.31831812671207
718,38.32353455559727
719,43.19179103345243
720,43.466872117256685
721,43.38999464805313
722,43.53282134126524
723,42.895705450543645
724,41.91003047542969
725,43.64151541235224
726,42.98250798999783
727,44.39687789589413
728,43.90598829980814
729,43.905646697868114
730,44.32474757294755
731,43.344022040645584
732,43.30182455771299
733,42.375978392176016
734,41.53052530424184
735,42.30474767225414
736,43.32384633094064
737,44.27394653396897
738,42.47130712248921
739,42.77980580823508
740,42.009542345487105
741,42.0957761804295
742,42.350777239323456
743,42.695947936487364
744,43.53346580246917
745,42.91077444271774
746,42.13586647202996
747,42.62419254592022
748,41.74514277403569
749,42.36293036306931
750,42.89324941292314
751,42.740508256522666
752,42.28239523787476
753,42.62013094583696
754,41.94017603843028
755,42.786436636779726
756,42.977132468759564
757,43.741116604519114
758,44.962051826117786
759,48.41273227071912
760,48.68314405474115
761,47.382564602013886
762,48.088305719093725
763,48.15825785417294
764,46.961546553794456
765,47.47306142534751
766,48.27696978214924
767,48.176758546825816
768,48.241336993175985
769,48.57281090580958
770,49.52146436836116
771,49.43621698292484
772,49.8154627345627
773,48.71755122961827
774,49.85934670887679
775,50.87920014547718
776,49.76037378592342
777,49.593470007471694
778,49.35244765016522
779,48.82447345936865
780,50.351483960377344
781,50.44477136717445
782,50.01634912851618
783,49.815071074772035
784,50.415961577671744
785,49.764098636694264
786,49.531209168098435
787,49.62788863050203
788,50.251664839482956
789,49.92500461933089
790,50.10183351278714
791,52.88959133892064
792,53.69958589149142
793,53.436274796014494
794,53.47924145396221
795,53.35100355029705
796,54.61034536370421
797,53.818068845211876
798,53.50606774737368
799,54.34469092850547
800,54.99162863936584
801,58.654182167022675
802,59.226750335997224
803,59.20536462886217
804,59.66077233843843
805,58.525697388099694
806,58.40818638298073
807,58.564521350297305
808,56.30532262303565
809,56.47914408838031
810,55.76639460519195
811,55.955562881440414
812,56.029941052208045
813,55.91563897084764
814,55.85960610937695
815,55.45035960730529
816,54.34279422176998
817,55.79195332931359
818,56.7489736887117
819,55.79675786128868
820,54.8826697216584
821,56.18859233486917
822,55.20569394855741
823,54.94906470620178
824,55.65645640086841
825,56.48394538569504
826,52.50079951206328
827,52.44684154174193
828,51.94926250257967
829,51.42638347694035
830,51.393926827113724
831,51.712920394405536
832,51.87444713929368
833,51.42919607121779
834,51.815521526103424
835,51.85428916610548
836,51.76300165433132
837,51.661354277621776
838,51.49046389823759
839,52.112986993713875
840,51.19257840307736
841,49.834639051451916
842,50.50959618833313
843,49.969707834321284
844,49.37585933220689
845,48.94241182912549
846,49.65922249247075
847,49.8106355610993
848,50.680470771725325
849,54.11834963461561
850,54.956416043774034
851,56.01249436566875
852,56.61420174132048
853,57.228527681086995
854,57.32986075627571
855,56.10427770406741
856,54.920365078256324
857,54.56236993928854
858,54.54522221994185
859,55.31941024222058
860,53.094106005833595
861,52.5516891445033
862,51.44503825373255
863,51.667399121114556
864,51.41739077986352
865,50.513612979433645
866,51.25795463493057
867,51.818138530334544
868,51.92361278388664
869,51.03447943510362
870,52.49429770705025
871,53.201225329373834
872,56.701124466448796
873,57.216232135691605
874,57.40249203952323
875,56.91850732940959
876,55.51059667378016
877,56.86948705493875
878,55.00773506090339
879,54.17403834783665
880,54.161468072423524
881,55.06846004008506
882,54.72981792941545
883,55.9444184340554
884,55.578101121377046
885,56.30554081144186
886,56.71490888118764
887,56.77483142756594
888,57.034336434083556
889,55.94668954725257
890,56.014330798116504
891,55.88951040227441
892,56.980956912350365
893,57.14416911329221
894,58.677121678894984
895,57.319568064300405
896,58.56856180000922
897,57.167619730371186
898,58.17900631806967
899,57.505847900593345
900,55.938918925133606
901,54.926505404811145
902,55.02117175979178
903,55.81683797715038
904,56.70228116029254
905,56.266237574710765
906,56.06734496694625
907,54.01080732749355
908,54.688579322135396
909,55.556075665832694
910,55.57912889050041
911,54.92623564059043
912,54.049750591085946
913,53.87427107795666
914,53.77287003459828
915,54.9098859593989
916,54.843035685180475
917,54.899141451155195
918,54.15991558636
919,54.75377566856254
920,55.158248718331016
921,59.76607651210814
922,59.505234799491014
923,59.69599314744336
924,58.90795415473524
925,59.08900282576426
926,58.552626170081545
927,57.14016841329468
928,55.53819595756097
929,55.00943340376083
930,55.17126413771063
931,54.089661828756206
932,53.87775961107919
933,53.62485021928194
934,53.16795100543628
935,52.38166263045083
936,52.43549704844839
937,50.94432621203866
938,50.51471695891425
939,50.320506518509056
940,50.74964763284049
941,51.86755025163458
942,53.21343659013753
943,52.655064764522265
944,51.868536010360614
945,52.24776167837517
946,52.173856057012166
947,52.469592177602074
948,52.19046432938876
949,52.47018146691349
950,51.353352492553306
951,51.764835823485434
952,52.38341278573526
953,53.202658014805614
954,52.85874965316493
955,52.68906858613971
956,52.37422159201164
957,52.364840049406915
958,52.125195447129414
959,52.292896131134455
960,52.48803108923457
961,52.892749902160084
962,53.13509106501031
963,52.41983135160175
964,52.07768219311546
965,50.30093558681881
966,49.78985315459084
967,49.190763685392014
968,49.318302706170705
969,50.16658206290183
970,49.01316853364408
971,48.28043077533506
972,49.1141678637375
973,50.08628407054656
974,49.334005840269946
975,49.37993277803465
976,49.94762222634173
977,49.505858367754655
978,46.877736173283544
979,46.88775710917999
980,46.901634856968855
981,46.80102727124085
982,46.48337920881811
983,45.568935918606556
984,45.62569301485997
985,46.942247065408196
986,46.57026031957188
987,44.996277383350545
988,45.007316246265304
989,45.03903539033212
990,45.457252912044055
991,46.210307787921124
992,46.49631086710973
993,45.73722320536204
994,46.83774346283771
995,46.01755374964311
996,46.192774192647136
997,45.102654744931044
998,45.70333943817464
999,45.28593033840209
1000,46.331666421237
1001,46.09447527245503
1002,45.91749985012594
1003,46.43909319940873
1004,45.92601956933502
1005,45.62051941009273
1006,48.420078701185076
1007,48.45476324023821
1008,47.373266757497554
1009,47.95448096257113
1010,48.3334620438955
1011,46.47344305403851
1012,46.62478190067516
1013,45.12402559282525
1014,45.51570218435354
1015,44.6250274742432
1016,43.98373099290305
1017,44.71783463240282
1018,45.2612817360808
1019,45.61784248766878
1020,45.83407570114635
1021,46.126257574017295
1022,45.71679553023023
1023,46.201728082521875
1024,45.408322838552586
1025,44.960559349781114
1026,43.99892052920122
1027,43.70490955893038
1028,42.34093250252889
1029,42.05353083963301
1030,43.402467647274555
1031,42.52766693766792
1032,41.317651275200085
1033,41.61047336105996
1034,43.18654809052263
1035,43.41457968686415
1036,43.48261655709735
1037,42.28163843173378
1038,42.46255820708753
1039,42.24921349232027
1040,41.91632476793232
1041,42.13814515732632
1042,43.23286362374177
1043,43.103526554798364
1044,42.72837213938019
1045,42.13492710838476
1046,41.26778593845606
1047,42.90556719700329
1048,44.871706997594686
1049,44.92695421717614
1050,45.18181896837905
1051,45.48413361691674
1052,46.20775695674346
1053,46.30578628784849
1054,46.375943877734294
1055,45.45992160517584
1056,44.125935852277905
1057,44.6482390932549
1058,42.87681685636804
1059,43.233338856134566
1060,43.98957950844826
1061,42.260112254772885
1062,41.19725206138103
1063,42.93693804052301
1064,42.33575036698867
1065,42.308355535624884
1066,41.609960430412876
1067,40.33935346918038
1068,40.88168793793299
1069,41.84676928662587
1070,41.53631375712863
1071,34.87082630568257
1072,35.685937004847325
1073,37.36531119690463
1074,36.515392169262206
1075,38.44693160425607
1076,38.59963697453293
1077,38.73774242806396
1078,38.82717826765039
1079,38.56240185560515
1080,37.998448341775905
1081,37.643700511800304
1082,37.47740395982553
1083,34.587185616604984
1084,34.94825510864772
1085,34.72152461941689
1086,34.936070138730145
1087,34.34766632417918
1088,33.791061243862465
1089,33.908802008035074
1090,34.759969865563804
1091,34.59648482318107
1092,35.037837285632904
1093,35.03842240733444
1094,35.81855015905053
1095,36.33816702110695
1096,37.00688008937458
1097,37.41538474757227
1098,37.42114849754441
1099,37.300065931817514
1100,37.08246881345101
1101,37.77636183772914
1102,37.2444493816418
1103,37.12351063023209
1104,37.128602806694055
1105,37.189074801818656
1106,38.17725585079052
1107,37.45527165723787
1108,37.900025146357194
1109,38.10080292234177
1110,37.8907300614824
1111,37.96742883349216
1112,38.150203457004686
1113,38.21923079602565
1114,38.48553762498068
1115,39.120306755391844
1116,38.71078635546081
1117,39.34068449934056
1118,39.315664689087406
1119,41.31483668306568
1120,41.498106444363515
1121,40.51179362590715
1122,41.014685847506186
1123,41.24160415516096
1124,40.767634265489995
1125,41.64334407841326
1126,40.59196414982353
1127,38.13466178511171
1128,37.47458396812438
1129,37.6553220334539
1130,38.40181672785603
1131,39.46191016595699
1132,39.25462271280939
1133,39.870196370914556
1134,40.695896838983714
1135,41.14301665635536
1136,40.40686970440706
1137,40.458538363214004
1138,40.924772305313574
1139,40.405977779214176
1140,40.361120084363186
1141,40.43357722246517
1142,40.515705976390116
1143,40.37132694571828
1144,39.93398732090827
1145,39.817736721931695
1146,39.83346154201699
1147,40.43622036082986
1148,40.3302717622686
1149,39.678849758709234
1150,39.64599126589909
1151,38.40880420884369
1152,37.88068274085197
1153,37.27913009684725
1154,36.535974611401855
1155,35.844620927457235
1156,36.584155761604165
1157,36.93866639037755
1158,37.391571300279345
1159,37.425635987522995
1160,37.664288572073936
1161,38.421353321658145
1162,38.62999784840315
1163,39.17018294856172
1164,39.69400998916832
1165,39.850029861019486
1166,40.153363764559245
1167,40.07282388175351
1168,39.90254698142011
1169,40.38311844257463
1170,41.5767433593504
1171,42.350579469647776
1172,42.46080945140554
1173,42.24560035330629
1174,42.373404264151304
1175,42.34000499917301
1176,42.5634915617036
1177,41.48478929273094
1178,39.63202996961446
1179,39.20354495851066
1180,38.278904539714254
1181,38.09681308584227
1182,38.639135898587455
1183,39.00738931793055
1184,38.44689480487029
1185,38.894719925185875
1186,38.57134659279167
1187,39.05297562069943
1188,38.19006931935856
1189,38.13230524922315
1190,37.80139057448832
1191,38.680717859507155
1192,39.539186791604486
1193,39.560717412689606
1194,39.43428381541341
1195,39.89068059409506
1196,39.94006115432873
1197,37.97418341634609
1198,37.343103892371474
1199,36.748046481433306
1200,37.58618498795716
1201,36.632812247185576
1202,35.34216842873803
1203,35.818345436871724
1204,35.507634352504105
1205,37.60128094679573
1206,37.674954187138646
1207,37.31937114244539
1208,38.24919323795388
1209,37.77255993667743
1210,37.68551688250304
1211,35.17173233761235
1212,37.409685152279295
1213,37.21244228680052
1214,36.892602110116
1215,35.52481870850694
1216,37.957128941415434
1217,40.01774991307092
1218,39.48135406694313
1219,40.32728020232725
1220,40.08790581977695
1221,40.3527298827469
1222,40.17020709458017
1223,38.76223417322895
1224,36.77308231486573
1225,37.24111641070922
1226,37.448016610303256
1227,37.92015475551291
1228,38.63488683124634
1229,37.53484677816565
1230,37.05620820104134
1231,37.32915140874478
1232,37.636618327480754
1233,39.3092675997825
1234,39.20812873332877
1235,38.43761926691602
1236,37.91851838395648
1237,37.583260078157466
1238,39.7914375608593
1239,38.339241671083734
1240,38.1572438747962
1241,37.73944785836396
1242,38.29522556917886
1243,38.43765034384317
1244,39.5970034575376
1245,39.39321418964359
1246,38.67861245826128
1247,37.862123600479755
1248,37.534599898550304
1249,36.679003570444976
1250,35.98585479890979
1251,34.191705757536916
1252,34.05938490109828
1253,36.13300072704473
1254,36.34517581188392
1255,36.303544844459054
1256,37.15907293989898
1257,37.1412509298324
1258,40.40489464309556
1259,42.69121379602563
1260,43.865692871956256
1261,44.203998137780395
1262,43.57887526850366
1263,44.32696483715923
1264,44.11517251727148
1265,43.47081111930138
1266,46.679486650162794
1267,45.558413207878615
1268,46.53553890075837
1269,46.44004132428729
1270,45.95950984416828
1271,44.99637011729987
1272,45.984066072750586
1273,47.30545714105956
1274,47.68395326175134
1275,46.91153459185535
1276,47.25599631718212
1277,47.535826427589065
1278,48.7321040990369
1279,48.10786355048653
1280,48.00746359390744
1281,48.01953774905068
1282,47.33364787896075
1283,47.89692777957421
1284,47.59414611996693
1285,48.1517184316711
1286,47.98412635406149
1287,49.23854701642658
1288,49.573311252665306
1289,49.53528686257107
1290,49.355482661455575
1291,49.12827662818478
1292,49.94314152346182
1293,50.898622751996456
1294,50.29999634630946
1295,50.96262229873432
1296,50.60273951061094
1297,51.531379578884604
1298,50.19305090277098
1299,50.0138146108285
1300,49.08657142637425
1301,48.67093176479753
1302,48.51834188171373
1303,49.398737804461135
1304,49.770707870629295
1305,49.84772080266491
1306,49.464439963561404
1307,49.71253793900274
1308,50.09604669342631
1309,50.121062963149086
1310,50.434892523385535
1311,50.814039161330896
1312,49.9910118441339
1313,50.318702971853746
1314,50.84275562753404
1315,50.256429178292784
1316,50.14424785392333
1317,50.26541876582176
1318,50.236572220334175
1319,50.590628534472756
1320,49.46751438965078
1321,48.99719415159276
1322,49.79819725702701
1323,49.62966041704484
1324,48.89567361821354
1325,49.20139046966261
1326,48.03755574965154
1327,47.061491799991195
1328,46.36724941027117
1329,45.81162185666343
1330,44.37210326962686
1331,44.19703534216141
1332,44.017479417225026
1333,44.93249404902981
1334,43.981114400395604
1335,44.2036849560258
1336,44.68632162601294
1337,44.360256976434286
1338,45.530613019274035
1339,46.794235651814176
1340,47.89104542444318
1341,48.929977393365085
1342,49.77974661048621
1343,48.86725541947408
1344,48.663629025151536
1345,48.296148369656834
1346,47.66149406442493
1347,45.437994074682145
1348,45.60911996423047
1349,45.550336687429315
1350,46.5523288757086
1351,46.33831053494237
1352,46.10581642534714
1353,47.27681419144565
1354,47.4293781727581
1355,48.34971951630265
1356,48.9785176211885
1357,48.98355866205941
1358,46.81317500221891
1359,47.334762886242565
1360,47.27090846174602
1361,47.7389008595962
1362,48.8566194896354
1363,48.60336237477896
1364,48.04248402923237
1365,48.52414418711864
1366,46.62306941866197
1367,45.88923734991886
1368,46.01524580021747
1369,46.321202189162555
1370,46.986890838449646
1371,49.12626547351107
1372,50.329073934857234
1373,50.57603110402622
1374,51.2950676655971
1375,52.340104867831094
1376,51.508879584303145
1377,51.85503119183868
1378,51.01252051483498
1379,50.6000178689352
1380,50.715474211992294
1381,50.9610337242117
1382,50.723841747904494
1383,51.374599227878015
1384,50.79236513896377
1385,49.66278343411672
1386,50.083865392102126
1387,50.05997623128238
1388,48.926389717887496
1389,48.32233579699259
1390,48.98544768497843
1391,48.24156436481155
1392,48.423189977199584
1393,48.98660064389606
1394,48.616808767167875
1395,49.1871646558653
1396,47.63465586671589
1397,47.94596854127877
1398,47.77701381451782
1399,48.44937150737578
1400,48.5029286456004
1401,51.16120810592566
1402,50.90554901176893
1403,50.872426178067045
1404,50.200896042722135
1405,48.92974017099969
1406,49.814468415940794
1407,48.73412387608218
1408,49.11741745142053
1409,49.37904536432267
1410,49.702150854750386
1411,49.87945140281036
1412,48.99005225070232
1413,48.78974853931559
1414,50.09638485474379
1415,50.77098298777716
1416,50.58478634425852
1417,51.53880598415896
1418,51.311950123044106
1419,49.89590337365974
1420,50.35967415990568
1421,49.18098924040386
1422,49.7057921575651
1423,50.2122290980211
1424,49.90259082693138
1425,49.03373169093441
1426,47.800764762303416
1427,48.710062629055464
1428,48.69788838338201
1429,48.569834996133544
1430,48.11326465249215
1431,48.41672277848368
1432,47.05795486768793
1433,47.22788816761236
1434,48.233543133209245
1435,48.64387140799724
1436,48.3650849604873
1437,48.139387647346354
1438,49.9417309322737
1439,48.29746348643458
1440,47.92512682450487
1441,46.96848303336771
1442,46.31970797885761
1443,45.82040921710253
1444,46.61019539487836
1445,46.45975543966194
1446,46.02579484283882
1447,46.999210321415674
1448,46.99581724069291
1449,46.93046351838317
1450,46.759053844422446
1451,46.898088267320205
1452,47.46945038166499
1453,47.64592477882768
1454,48.372192895771036
1455,48.97218085160646
1456,48.7690066537432
1457,48.38074341350536
1458,48.5774246547219
1459,49.00348472326319
1460,48.95420212664901
1461,48.71732168062615
1462,48.39779109062832
1463,48.42515753671797
1464,49.63062481616547
1465,51.37759719903367
1466,51.527753893272354
1467,51.666099706492474
1468,51.48972360547375
1469,51.934320350098126
1470,51.78509350209115
1471,51.55355042463194
1472,51.150188551573585
1473,52.30879482848074
1474,52.18968002797473
1475,52.8287558341223
1476,53.45235912439436
1477,52.57248243672166
1478,53.06322049350707
1479,53.46312961030386
1480,53.70783794522707
1481,54.161045082039315
1482,53.92730504175838
1483,54.09038003812008
1484,56.848199626540776
1485,56.74470922060924
1486,56.8989539023856
1487,56.91464771803179
1488,57.04134786530173
1489,56.86427467204618
1490,57.282567500538576
1491,56.8439654306951
1492,57.04297647391348
1493,57.168265036681795
1494,57.53818297039983
1495,57.14955002002415
1496,56.10339693763136
1497,55.5226644113638
1498,56.07796998074961
1499,55.5297980154488
1500,55.46393008647077
1501,55.44464780814362
1502,55.03834153609319
1503,55.06285896269026
1504,55.60187396209662
1505,54.36707358141473
1506,54.18572223254132
1507,54.055202400683335
1508,53.71382405980354
1509,53.06344731696615
1510,49.41283655097006
1511,49.118170944573116
1512,49.020685308388366
1513,48.72162672503839
1514,49.55661819591859
1515,48.71005644114928
1516,49.067644161257576
1517,51.585410911785104
1518,51.06667772133482
1519,51.106734764398844
1520,51.05400282931962
1521,50.186243993441536
1522,50.11131862356657
1523,49.98096167373936
1524,49.184285209430925
1525,48.81457026539471
1526,49.02902194970806
1527,48.260917492310206
1528,47.23790874464535
1529,47.19793530602432
1530,47.130847796882705
1531,47.65841835606328
1532,48.86041057303871
1533,48.75593682685007
1534,47.914410665285544
1535,48.41709111578603
1536,49.010112562989924
1537,48.85610199699837
1538,50.09626115216845
1539,50.32244755365465
1540,50.721194749605104
1541,52.28930709900197
1542,52.46128035995565
1543,51.619370313587474
1544,50.547361679011885
1545,49.79731198498916
1546,50.16077919139359
1547,49.06579262574453
1548,48.83348550547106
1549,50.91264619324745
1550,50.269770890969376
1551,51.71716815798673
1552,50.91654381770749
1553,49.604002892606246
1554,47.25846760919605
1555,49.33057412986748
1556,47.97602963691916
1557,45.51545773752306
1558,49.32111573755786
1559,47.99845846952928
1560,47.33235829386786
1561,45.523071522886525
1562,45.276019698838745
1563,45.56737159497959
1564,43.45211404751104
1565,46.23747819190667
1566,47.52724949456775
1567,49.95002221996365
1568,47.65165084614957
1569,49.432154393719664
1570,49.97656088094335
1571,50.50679699630478
1572,52.10042429551351
1573,52.988857544738366
1574,56.919120365053224
1575,57.65647763900592
1576,58.18355707616987
1577,57.766112733519435
1578,58.38583807904416
1579,59.80440465666448
1580,59.66445044041877
1581,61.96602014275292
1582,64.071204821823
1583,64.56333452274596
1584,63.96907255687332
1585,64.66552599446113
1586,65.04184812346072
1587,65.83542909316336
1588,65.62513175879315
1589,63.13101383941782
1590,62.30887659060451
1591,63.16042449700896
1592,63.00286170025986
1593,64.66319428443366
1594,63.58684471652569
1595,62.45776043309639
1596,62.63700747497205
1597,62.365698577008175
1598,64.07254337170944
1599,63.149468693229885
1600,63.007052582117055
1601,62.27863192156098
1602,62.82737991518444
1603,62.98681971275113
1604,62.24481947549132
1605,63.94608766983008
1606,64.12093082490881
1607,64.45382497059838
1608,64.10831171078308
1609,63.90038153077966
1610,64.86198751345309
1611,65.42904864071963
1612,65.35760611197914
1613,64.98689441845957
1614,64.1616684251594
1615,62.124861581956026
1616,61.97930046051985
1617,62.47713512353528
1618,61.79231684174962
1619,61.80867836668546
1620,60.6433976288445
1621,61.23243206140572
1622,61.85852009410746
1623,62.658407353860525
1624,62.98219342185156
1625,63.477878820633116
1626,66.79698058534302
1627,68.41410481466039
1628,67.37299300037276
1629,66.42397341092534
1630,67.14466176555025
1631,65.62446310414691
1632,66.06523882843291
1633,66.71506390807842
1634,66.13020058769617
1635,67.95127716531466
1636,68.52824983388246
1637,68.84587690117473
1638,68.70775429122138
1639,68.55672143660128
1640,67.39745168059241
1641,65.67244153171703
1642,66.73437654913566
1643,67.22788832471034
1644,66.07537079961254
1645,67.1863816078509
1646,69.68846951614553
1647,68.62756844334629
1648,68.03742242022363
1649,66.2718316927015
1650,65.21815531317611
1651,66.59791308588873
1652,65.91616027943674
1653,64.80475556343492
1654,65.84992880466534
1655,65.03121154236959
1656,66.4491841435857
1657,65.5931976617539
1658,64.52638981099011
1659,64.36222288857509
1660,64.20443591268771
1661,63.05512482464775
1662,62.41174837776278
1663,63.017872823846965
1664,63.76048470782143
1665,63.440955677136834
1666,64.63891060028861
1667,64.67990893345682
1668,64.00977948432907
1669,63.636111564454836
1670,62.995047710728194
1671,62.963388164481216
1672,63.55070364552267
1673,62.76761662656936
1674,63.08574990035103
1675,62.870873531497004
1676,64.0960799245172
1677,62.396323394968256
1678,63.67792354382964
1679,61.95374308808721
1680,61.435585796518225
1681,61.06712082472485
1682,61.82334373799749
1683,60.18394839185417
1684,60.04970237444387
1685,62.425621101931306
1686,61.63378400829394
1687,60.884603771948065
1688,61.079392766101414
1689,59.61115223028046
1690,58.989856544637355
1691,59.747157176097154
1692,59.25466205090255
1693,58.793781584434136
1694,59.50473106276235
1695,61.37853854017048
1696,60.091231920429024
1697,61.115638576399036
1698,62.357233101552964
1699,60.62525024575931
1700,62.607214668020376
1701,60.927031281375044
1702,61.77747170399726
1703,63.00771562006309
1704,64.32775361199018
1705,65.34491691791875
1706,65.0784319105756
1707,63.4404622295057
1708,62.07837466224406
1709,62.13009635413758
1710,60.95528872647884
1711,61.757637133116795
1712,61.426586216826486
1713,62.35730397477186
1714,61.97757840109319
1715,62.30445449706876
1716,61.3596986474356
1717,60.78209789171085
1718,60.79512062486998
1719,60.62057299307904
1720,59.59393677815261
1721,59.850512200504525
1722,63.10912883422455
1723,60.04246809140257
1724,59.28522162437373
1725,58.2580052744037
1726,59.15933293128506
1727,59.016996382062345
1728,58.77938145059074
1729,58.89551704854843
1730,59.673624210294385
1731,58.82304399039371
1732,58.698611556519495
1733,58.201612687221306
1734,58.333617820368524
1735,58.03191948805133
1736,57.67537310314068
1737,57.91036582991622
1738,59.0886783430115
1739,59.86628717863951
1740,60.38458508798983
1741,58.71040194673056
1742,59.014787624197915
1743,59.13166299446602
1744,59.08267657981661
1745,58.972089843539656
1746,57.95655359464587
1747,58.52882344468235
1748,58.235406736403576
1749,61.4321617849517
1750,61.14640970792529
1751,61.12478387851543
1752,62.194262273673154
1753,62.22502800032652
1754,61.57480240810456
1755,62.100938620466394
1756,62.07012070772855
1757,61.80879436931337
1758,61.330866218739956
1759,61.09547671357558
1760,61.608225879851155
