,Portfolio Value
0,11859.957660275875
1,11857.60921691106
2,11848.553722622884
3,11965.740961328567
4,11780.615055193248
5,11424.312021753904
6,11436.428680333323
7,11210.268770326296
8,11205.905293495762
9,11229.501813979932
10,11314.470088274793
11,11552.137344264775
12,11599.417575916732
13,11639.034479900038
14,11559.58587287942
15,11575.34245989997
16,11305.513755648582
17,11258.744622783763
18,11187.69956442987
19,11232.54549459154
20,11278.831890596797
21,11429.582706809722
22,11527.411547262403
23,11384.408957185122
24,11451.279216064428
25,11641.872969458302
26,11441.121100411934
27,11277.47304276087
28,11460.053700004399
29,11377.560691048384
30,11409.569641640363
31,11391.41217256995
32,11424.948250365262
33,11324.323947109688
34,11373.715106643453
35,11225.671763603696
36,11317.030897485543
37,11306.726252905359
38,11293.256082494157
39,11421.669396753809
40,11486.598499895706
41,11644.355936088668
42,11533.85805644566
43,11439.854513054903
44,11181.540519830629
45,11001.99643644463
46,11001.053510341406
47,11034.397612450786
48,11069.90458160005
49,10919.187416299275
50,11393.383562327761
51,11373.559716187558
52,11516.197988460004
53,11673.928468329304
54,11645.04963522528
55,11462.148503431124
56,11432.567391270177
57,11507.754600398708
58,11589.850109997022
59,11612.846622570964
60,11614.759205012399
61,11577.039848355536
62,11499.329557992238
63,11556.345930775073
64,11731.280662243124
65,11920.689419295797
66,11843.533307216556
67,11839.858510394966
68,11776.160617036736
69,11843.444287489481
70,11619.10228016364
71,11637.796954254307
72,11670.111678080571
73,11722.03597006044
74,12095.528139212624
75,12231.196483073247
76,12367.63753110703
77,12480.605950248348
78,12337.897028643938
79,12333.108560085035
80,11911.51666006768
81,11994.834781565773
82,12006.869205374249
83,11722.450523906102
84,11548.557914667657
85,11603.095482532626
86,11663.27748246863
87,11785.151522951895
88,11628.571895908033
89,11649.643030377054
90,11669.072140984925
91,11830.419988735217
92,11724.28610427378
93,11640.345910763695
94,11716.752549929903
95,12143.991472860427
96,12216.259416984949
97,12141.974650862001
98,12220.53541468885
99,12182.75061296393
100,12148.963149805697
101,12248.900552513882
102,12380.98839571762
103,12517.253973388662
104,12472.482861660112
105,12423.895039528463
106,12333.901669788236
107,12282.07659941405
108,12409.284232698214
109,12443.897428959028
110,12436.876560863584
111,12209.284124477224
112,12253.175392560946
113,12473.244451346567
114,12484.664082508109
115,12522.278841731928
116,12601.155836857923
117,12655.517797324646
118,12510.561056675815
119,12412.539538280733
120,12170.799862821175
121,12064.496388005602
122,11974.558599851185
123,12144.074526729197
124,12032.51488267499
125,11723.905293577613
126,11626.70651565403
127,11501.62194713948
128,11789.987591556253
129,11927.96017626623
130,12146.593595871334
131,12055.810689707712
132,11801.193457816136
133,12016.913431230412
134,12274.232471356485
135,12256.816382464935
136,12389.03877128756
137,12515.252669310903
138,12518.80957496459
139,12386.697979706812
140,12192.646033259309
141,11297.39127161041
142,11388.577046390066
143,11504.724856059805
144,11552.749665944
145,11462.056513235188
146,11476.445001685355
147,11370.253259402154
148,11322.128207584075
149,11346.12375929857
150,11457.224330774992
151,11158.771505616147
152,10984.764425885514
153,11066.46901464865
154,11152.111666737686
155,11211.424318658537
156,11109.95787833826
157,10825.352692715938
158,10668.358054926253
159,10458.824012559035
160,9809.592744695372
161,9558.476287423338
162,9844.183828942154
163,10346.864456037056
164,10339.291955642357
165,10223.684204437734
166,9925.45889299935
167,10016.052935302958
168,10085.58786052126
169,9951.221008497056
170,10031.347323568938
171,10140.650206562721
172,9921.669808622457
173,9880.136537948732
174,9724.484185809528
175,9748.3242129564
176,10175.917060285065
177,10065.495152760697
178,9840.591829538775
179,9730.782631020717
180,9430.851285963101
181,9347.25669024259
182,9174.862623573401
183,9328.0114094398
184,9226.609529500976
185,9469.468332676184
186,9728.918232275068
187,9531.531123560002
188,9927.748935994952
189,9993.183639480802
190,10055.137699730221
191,9923.166474986678
192,9758.15190579707
193,9942.975549199462
194,10046.145650689708
195,10090.792433135488
196,9914.369071683162
197,10079.643081198963
198,10100.633651713175
199,10159.245162173156
200,10105.296250110256
201,9835.728314611624
202,9921.659869797095
203,10121.278168654422
204,10357.714990901144
205,10679.696428919899
206,10765.623774420668
207,10483.21499946064
208,10932.767444582818
209,11077.277977505575
210,10967.996205589643
211,11029.995733238413
212,11028.333205184808
213,10991.591649675802
214,10795.772896794233
215,10834.897916998165
216,10901.396599093294
217,10859.535828552387
218,10580.586002203134
219,10759.52635483722
220,10709.639626899345
221,11111.821622393258
222,11529.55369826495
223,11440.551815852996
224,11644.475919535915
225,11544.798147637193
226,11374.653785250239
227,11583.065846547113
228,11843.373225757736
229,11792.71676998137
230,11885.174584760542
231,11896.573421415713
232,11790.722551497656
233,11724.102832482085
234,11536.602987379221
235,11518.41264928559
236,11432.198475153793
237,11286.05672298371
238,11171.17116270095
239,11298.817281626134
240,11329.582479745517
241,11228.70684636992
242,11026.335253331144
243,11253.924718577558
244,11313.487398534366
245,11398.461083092327
246,11347.491187527921
247,11310.39240562603
248,11397.726184859133
249,11228.905780848661
250,11102.908398109925
251,10840.60752118634
252,10873.104715523474
253,10751.358752949347
254,10358.82362703097
255,10092.142966479147
256,10235.447244773019
257,10234.059653070772
258,9910.701494405705
259,9972.152555067956
260,9286.708266495387
261,9383.2392170481
262,9169.431639716233
263,9329.338702255222
264,9451.840692703496
265,9334.13374038401
266,9356.163609985633
267,9049.10826060301
268,9028.466868317775
269,9184.06363451037
270,9154.99937201954
271,8761.20760931887
272,8634.758697012214
273,8865.824312494235
274,8667.224557323472
275,8577.083852174694
276,8392.459710482664
277,8601.057716851583
278,8466.40840826217
279,8804.858451567161
280,9018.162290311508
281,9182.94289475346
282,9424.082537788894
283,9449.198603787514
284,9733.87972086996
285,9403.926543569602
286,9350.731758871265
287,9302.520489292747
288,9847.203617002255
289,9871.898256731321
290,10168.389343938234
291,10162.628173380095
292,10274.414498870588
293,10322.073055623718
294,10335.955961544185
295,10222.080012435965
296,10448.215693504502
297,10428.583066670564
298,10703.194683165053
299,10620.194091829977
300,10605.730301672793
301,10703.849061302493
302,10708.86694452184
303,10835.07754664258
304,10816.92427025913
305,10885.99411138336
306,10753.27195573473
307,10655.560141184556
308,10661.660257327982
309,10901.226327132445
310,11050.559265815013
311,11018.337857390232
312,10931.402522442466
313,10883.496487355993
314,10576.87601338468
315,10635.310317788671
316,10467.593145119004
317,10665.478630025613
318,10825.132934555964
319,10953.397744842016
320,11288.019976324806
321,11314.730845182075
322,11340.614771360551
323,11261.789936317144
324,11549.413584931208
325,11522.489953286156
326,11492.023596069816
327,11394.70700181746
328,11411.476023749943
329,11419.185698754667
330,11336.872596315976
331,11357.203773428968
332,11419.94327945167
333,11247.256346970624
334,10993.196773915355
335,11042.179885988022
336,10953.724612808383
337,10799.22684582806
338,10709.423848496313
339,10712.545718296285
340,10582.181076960156
341,10464.22150328153
342,10739.666183622685
343,11131.572778309062
344,11259.837011205502
345,11193.982285533497
346,11045.918843784584
347,11166.770404061192
348,11132.157033133046
349,11314.351103962705
350,11379.623381661942
351,11480.68832832077
352,11899.355324250468
353,11872.88181826562
354,11681.571659662757
355,11723.02400995031
356,11683.101316647775
357,11746.698005605278
358,11729.128962609768
359,11647.94473994831
360,11594.991134863732
361,11206.870490202855
362,11225.492151131897
363,11027.123436555055
364,11022.042456997788
365,10886.963261607376
366,10829.180018120771
367,11124.841080934142
368,11207.258915353981
369,11281.111403035435
370,11391.38137495398
371,10666.574553516431
372,10463.923891280063
373,10718.988902465953
374,11109.312124521079
375,11331.242519447671
376,11416.018783915126
377,11114.03998135767
378,11008.814176808924
379,11002.98126889836
380,10817.260841067184
381,11192.262413943205
382,11138.664576686817
383,11086.086729198403
384,11036.702629839776
385,11068.695464975503
386,11087.95222065036
387,10910.465028575241
388,10844.586635067182
389,10685.586768863694
390,10623.564095489393
391,10653.520259018733
392,10657.193994570292
393,10731.593550893791
394,10833.682470913973
395,10639.851451740142
396,10713.799048915684
397,10658.803309178445
398,10709.691427457314
399,10795.194883658114
400,10999.046457677927
401,10949.253586824496
402,11032.000079250263
403,11191.418600283832
404,11231.832525396709
405,11073.694667973334
406,11174.384711548952
407,11153.788516580755
408,11043.867208405083
409,11158.8171070731
410,11108.055265057235
411,10925.35620881875
412,10942.878485038516
413,10855.252598104267
414,10865.101929009972
415,10911.511665699592
416,10885.284685144781
417,10925.281419364117
418,10708.329085759411
419,10781.55588159095
420,10959.088174362685
421,11177.606437619175
422,11259.9332895665
423,11317.810001014002
424,11181.843489268345
425,11175.510009007528
426,11003.790642550342
427,10984.65786368584
428,11154.739647770759
429,11043.126240300004
430,11079.38601392071
431,11078.554431803614
432,11573.45635837449
433,11697.962543800426
434,11568.559304087352
435,11436.55344271493
436,11340.583333953256
437,11298.924258757917
438,11177.689517732173
439,11221.77221925544
440,11249.514109364794
441,11358.788116684464
442,11357.500041790234
443,11192.06792822404
444,11121.066487317283
445,11138.113749995391
446,10916.72506420195
447,10872.050249654534
448,10769.150741419859
449,10701.949341529567
450,10600.014810634588
451,10670.494391050242
452,10631.63038385747
453,10657.595969401693
454,10670.369264883013
455,10862.009009030793
456,10787.226675630245
457,10370.522269754843
458,10319.81898098031
459,10334.559852950923
460,10337.646484157809
461,10178.310775587539
462,9914.746635029696
463,9909.909494810101
464,9856.410518973305
465,10136.35431443601
466,10000.916628716252
467,9897.46874413381
468,9718.315605292326
469,9614.487687677203
470,9531.951722097729
471,9597.253866519412
472,9758.33391706364
473,9857.743401960586
474,9816.616102865324
475,9962.291075003126
476,10016.120245365793
477,10048.00219464795
478,10000.665977623032
479,10043.516632775563
480,10148.423477658962
481,10008.231892441478
482,9854.184651925332
483,9756.480257164254
484,9903.776517142704
485,9936.07580857699
486,10123.917343737232
487,10075.37401003225
488,10203.104420498134
489,10111.02227207617
490,10287.807443853933
491,10153.130515188426
492,10044.586318556645
493,9879.491866467744
494,9855.44286294818
495,9917.302319442742
496,9935.289498803364
497,9887.131719388879
498,9979.230848236148
499,10006.871770876804
500,9953.71776994704
501,9992.553640380771
502,9903.476182219238
503,10133.705027675938
504,10404.54741282974
505,10611.88786101281
506,10559.269903111715
507,10731.543192950943
508,10889.826719733965
509,10861.542545316988
510,10888.042285552738
511,10990.05630194489
512,10960.740474042566
513,10911.42480632877
514,10924.22818690454
515,10995.416668725262
516,10995.037574259104
517,10978.72279139694
518,10977.505657886411
519,10962.415822452256
520,10886.861956305023
521,10954.186484584938
522,11057.97193590294
523,10991.528231308794
524,11025.238762243966
525,11104.299770056945
526,11129.613792602599
527,11223.954758227963
528,11736.886262826423
529,11768.43111794586
530,11717.048082596266
531,11796.065882296603
532,11926.37886136262
533,11926.879641000694
534,12003.27813852276
535,11925.53119339416
536,11996.15398205377
537,11977.256597412437
538,11893.134469213008
539,11575.793284819163
540,11513.477127062
541,11576.108975271378
542,11625.828494142126
543,11558.67004304045
544,11585.91101213262
545,11561.801946512312
546,11533.377584793356
547,11535.181585610999
548,11574.950207173784
549,11593.044706156803
550,11579.575421665886
551,11610.860032317672
552,11663.155078571976
553,11915.984353140571
554,11976.090432984767
555,11951.063798821096
556,11690.89700348625
557,11631.439120076713
558,11622.485471664982
559,11586.621974314221
560,11565.004820382113
561,11601.252606169044
562,11657.031688620858
563,11680.352857860184
564,11690.668867690063
565,11726.457572474425
566,11692.963550835731
567,11603.35126222774
568,11506.6142557678
569,11433.233088220592
570,11455.994378791594
571,11384.655341684957
572,11378.787261282958
573,11460.605195387217
574,11513.870916434767
575,11535.650931954518
576,11738.566677704603
577,11753.140469441867
578,11696.36677878613
579,11879.071940739614
580,12279.367503773845
581,12226.996500297766
582,12092.926784893752
583,11954.961152907032
584,11945.951713418639
585,11995.855951346242
586,12025.373467998366
587,11693.799950431636
588,11768.669737542317
589,11777.323143196947
590,11944.02869204621
591,11902.211056668719
592,12077.177308404956
593,12220.55441364765
594,12145.063096018628
595,12471.829823158772
596,12385.244993153512
597,12265.735506427605
598,12409.235626932608
599,12668.34221259829
600,12712.027005544012
601,12689.11213739936
602,12722.706620355832
603,12891.40259980689
604,12881.809631340322
605,12593.985016916191
606,12629.715532133687
607,12639.36217781061
608,12629.838145831767
609,12573.759865411688
610,12706.034480728564
611,12459.104549563455
612,12237.59165619927
613,12209.811552043957
614,12239.433197372753
615,12301.185690484173
616,12237.253119908313
617,12010.776207928438
618,12107.2859634363
619,12133.647168848656
620,12044.968996281303
621,12163.70705027215
622,12143.568678474912
623,12197.465798505695
624,12108.965938342517
625,12063.681915503726
626,12119.11683586381
627,12398.233863126927
628,12485.743730611803
629,12538.792615047565
630,12467.08773787023
631,12418.00545770704
632,12509.66778881427
633,12548.813581348313
634,12647.41289415245
635,12787.491454867017
636,12884.49973866508
637,12930.332183798695
638,12953.92708794169
639,13079.5433382661
640,12916.5814119723
641,13175.681544926887
642,13153.929672981914
643,13084.85098525093
644,13368.9470948777
645,13363.04767741854
646,14145.455019858957
647,14330.327040212724
648,14310.945785907594
649,14368.025946588576
650,14519.1159923714
651,14467.943581210915
652,14546.504856924155
653,14484.28338396555
654,14537.583271487922
655,14327.498313714612
656,14169.134861893413
657,14220.9832674794
658,14257.774222160966
659,14245.151458765296
660,13969.637338101425
661,13850.073033686487
662,13784.48179397103
663,13929.824522718696
664,13776.977873136366
665,14002.850747802138
666,14239.420414672406
667,14050.390930316145
668,14050.049712353073
669,14055.225493014193
670,14267.861735670529
671,14641.087859979514
672,14609.143882321525
673,14612.86614222468
674,14782.65574539989
675,14763.222199588861
676,14976.682680302023
677,15101.800474255704
678,15016.474740778525
679,15241.938241753942
680,15414.786921423209
681,15522.154273613218
682,15372.838527312531
683,15336.2280555996
684,15239.436204802056
685,15291.898531982952
686,15137.943770145532
687,15042.41170085928
688,15127.705440589492
689,15099.786701313196
690,15310.531591559276
691,15334.441732070536
692,15377.083392687407
693,15201.19243587268
694,15180.124959494755
695,15159.375013922778
696,15286.502374572763
697,15601.729646682012
698,15589.989278459092
699,15508.817889246951
700,15508.090179689098
701,15840.68260494426
702,15768.719110872886
703,15754.568509210401
704,15654.544720109458
705,15676.35192533206
706,15939.783952666716
707,15879.188816140553
708,15424.197690726493
709,15384.116067557694
710,14923.071224189724
711,14767.549981987302
712,15098.664685481763
713,15163.060173836693
714,15080.34449306361
715,15064.350276409516
716,15208.177637075165
717,15164.540439190907
718,15078.591318433673
719,14993.4353225116
720,14916.27668862122
721,14802.41380207119
722,14697.685349935808
723,14420.126694967608
724,14798.079056739636
725,14823.737218982393
726,14977.944648621611
727,15107.207386984868
728,15330.233448853447
729,15179.28517130393
730,15057.548182323084
731,14954.603257976873
732,15180.234022157269
733,15098.69945979989
734,14909.806929580292
735,15019.428317694925
736,14770.287847837062
737,14961.243376680794
738,15196.290456202903
739,15097.607684926727
740,15117.004945981915
741,15046.776802062319
742,14928.316676785344
743,14890.505946205585
744,15332.919488972253
745,15169.83436189227
746,15110.737166839599
747,15310.374290801352
748,15357.87802164867
749,15352.204724501662
750,15236.480893558102
751,15316.385478637894
752,15324.442567805323
753,15577.828366699503
754,15697.39504558571
755,15902.000772329779
756,15992.254974766747
757,16130.939572735726
758,16255.329973898966
759,16140.558970412123
760,16324.585500756948
761,16522.304109625617
762,16512.341429121087
763,16463.213270401153
764,16431.359906977836
765,16443.600126317207
766,16545.26591616672
767,16829.064773751103
768,16717.860003456903
769,16743.825008051812
770,17084.355577423805
771,16851.02781324299
772,16431.330037686123
773,16583.38430503915
774,16357.55035387941
775,15863.353759501058
776,15306.94433699816
777,15433.892075855078
778,15581.2238053081
779,15039.286496383702
780,14813.710201485754
781,15295.650028172055
782,15434.93412673529
783,15865.408281010834
784,16249.456452805684
785,16143.496140225561
786,16134.017534827499
787,16213.56771024703
788,16055.710578679267
789,16384.042531900453
790,16441.77572351056
791,16219.707172239854
792,16193.720807953705
793,15865.157745741111
794,15781.46428073717
795,16054.655719745038
796,16177.480050341499
797,16097.4564468654
798,16146.322830656285
799,16324.359422331563
800,16549.180545471405
801,16216.754700007958
802,16514.1072172501
803,16729.454564015887
804,16540.492337759948
805,16092.8898228037
806,16017.109066697221
807,16448.238636751932
808,15966.411300748076
809,15641.873400258246
810,16032.670707978643
811,15634.159574456484
812,15250.733110364241
813,15407.42107087671
814,15316.033681339039
815,15090.150087675225
816,15180.335429692344
817,15205.379338609508
818,14960.639641533988
819,15258.906009669605
820,15244.417511347103
821,15125.306226952016
822,15099.629236218925
823,15316.388543788311
824,15404.07222143987
825,15623.944162620253
826,15679.526490495493
827,15653.815420234243
828,15509.868943476675
829,15422.50067969038
830,15545.33222519645
831,15545.33222519645
832,15754.050463328298
833,15877.971436118929
834,15874.510539764893
835,15826.172756012034
836,15707.999097359523
837,15697.712129614983
838,15732.789086214892
839,15793.313601515445
840,16126.479246501298
841,16201.962943659797
842,16469.338889056038
843,16578.31632799852
844,16567.07776865873
845,16436.87554018033
846,16617.990414192645
847,16492.01774423122
848,15714.139681749977
849,15621.764002537464
850,15828.522410576363
851,15727.801876606049
852,15599.196164976738
853,15884.216467170929
854,15773.892701532932
855,15613.29277606841
856,15772.092763126286
857,16016.950519612736
858,16607.84734137028
859,16571.319046176908
860,16361.155201280637
861,16235.646508390935
862,16382.853229964461
863,16481.813595845135
864,16342.245287765305
865,16400.811213931283
866,16446.45676292678
867,16350.36427298209
868,16354.669763982327
869,15819.815298711204
870,15920.957719935588
871,15763.473494569123
872,15832.06126089777
873,15438.202548535937
874,15441.718276427004
875,15150.076627179089
876,14983.246298925329
877,15096.109343559008
878,15180.389025312796
879,15331.085866138237
880,15458.779858668462
881,15922.223815812682
882,16213.64654957769
883,16165.330614658482
884,16185.351613610861
885,16429.01229760845
886,16357.342713624124
887,16547.11914790845
888,16714.19931212944
889,16706.40073136367
890,16521.288553733728
891,16487.711046865228
892,16486.55131452102
893,16404.51988140908
894,16666.754994027946
895,16552.305841617497
896,16386.778617623506
897,16248.746270949663
898,16186.116742822252
899,15677.063132338688
900,15705.22530061904
901,15738.771794835393
902,15651.544763874073
903,15527.319842605099
904,15470.274010635705
905,15337.554921123228
906,15166.052907188257
907,14878.313450848927
908,14995.492162215405
909,14755.3210561312
910,14854.635688877608
911,15122.775343146928
912,15008.820101810537
913,15068.240920500697
914,14948.008781045693
915,14735.545963015598
916,14898.414530250173
917,15035.969593699689
918,14788.98154331003
919,14942.573390658752
920,14919.561307220407
921,14994.908140300444
922,14937.427246920717
923,14348.424545529655
924,14352.287830063084
925,14445.081883723358
926,14409.57462176881
927,14476.729652906131
928,14565.2416354123
929,14770.929802587269
930,14587.30175957173
931,14539.736071239633
932,14987.211338077683
933,15232.986931345811
934,15259.67661286901
935,15080.215165957636
936,15041.940825927999
937,14842.03545829442
938,14924.323594976391
939,14898.51467907614
940,14833.749463763274
941,14458.002085763406
942,14437.818627110895
943,14122.041277004071
944,13857.978029140806
945,13604.079560744722
946,13919.332750353073
947,13485.193871211262
948,13593.337555308757
949,13917.439142047871
950,13830.080070708282
951,14107.387584248518
952,14121.146630156241
953,13761.9857169723
954,13829.065826500235
955,13850.947202062302
956,13554.454660217398
957,13382.656071530553
958,13396.576606219314
959,13271.453275854123
960,13147.439404506553
961,13138.426637629567
962,13329.45385277009
963,14130.1236115756
964,13826.06217716783
965,13617.40307135147
966,13798.939366701525
967,13916.967174391928
968,13813.286298382485
969,13623.104720057378
970,13299.731700014318
971,13223.618109039173
972,13353.802275149259
973,13317.660007540775
974,13519.541491135966
975,13391.403316139222
976,13071.135493063974
977,13449.239053505684
978,13342.233641133018
979,13750.167873888186
980,13688.326868033251
981,13802.950990638392
982,13416.085534267053
983,13667.702056939197
984,13925.10344114139
985,13518.203727179814
986,13430.945636405038
987,13425.571732877554
988,13401.871182133731
989,13476.935588296092
990,13657.7026761023
991,13618.249265241619
992,13527.21347076751
993,13360.509357119354
994,13452.72607503838
995,13243.552186742376
996,13091.53356375044
997,12952.370917448608
998,12897.670811447657
999,13155.923637464632
1000,12812.491620793713
1001,13302.610147036548
1002,13432.878396921773
1003,12801.666385164153
1004,13348.993669195857
1005,13516.702905160873
1006,13567.758621413574
1007,13824.461762089035
1008,14012.60045014881
1009,13829.689660774236
1010,14158.254421902895
1011,14187.307684672174
1012,14321.163369475053
1013,14086.333587170619
1014,14304.782349658608
1015,13751.959844889843
1016,13397.153962656625
1017,13375.745372984886
1018,13452.866056171733
1019,13411.260017346254
1020,13328.704019045013
1021,13548.386391062544
1022,13544.921072195792
1023,13538.048337467095
1024,13533.517172441596
1025,13560.781161791689
1026,13388.477704939636
1027,13201.513488227114
1028,13189.982757073154
1029,13106.823674539435
1030,13155.682240204233
1031,13391.456017383716
1032,13240.449597642815
1033,13179.681227978195
1034,13213.675849350808
1035,13078.503513453139
1036,13430.55568815815
1037,13110.810159804827
1038,12867.531787889373
1039,12837.169250574883
1040,12765.59234338476
1041,12741.283208737312
1042,12604.130696677665
1043,12555.033999491687
1044,12933.876846044106
1045,13102.199003968308
1046,12984.473546915191
1047,12776.820730370542
1048,12943.94986722229
1049,12985.315100180549
1050,13030.113500852469
1051,13094.741614682749
1052,13366.660035956822
1053,13419.789538052546
1054,13287.513389382168
1055,13297.861460155862
1056,13297.73201418811
1057,13072.498010169906
1058,13025.172864006025
1059,13121.61291503663
1060,12905.207434677624
1061,12912.824786584593
1062,13055.246595579516
1063,13364.957955052882
1064,13399.62813706554
1065,13489.749934735188
1066,13694.944314563265
1067,13695.039347967335
1068,13835.491380276813
1069,13647.00052864727
1070,13578.808320296452
1071,13484.372227139798
1072,13511.107218946758
1073,13474.806709555422
1074,13499.547457218498
1075,13594.1686021002
1076,13461.445181302304
1077,13478.140161159907
1078,13463.29416518433
1079,13203.86936075296
1080,13096.545394614408
1081,13039.893565568938
1082,13126.16550257642
1083,13149.86433090375
1084,13092.436093867484
1085,13139.666949363698
1086,13013.517755269684
1087,12852.491851662562
1088,12729.590553836315
1089,12618.405690932936
1090,12499.526035907009
1091,12578.472473886948
1092,12271.71774271166
1093,12400.21473297187
1094,12426.681732127221
1095,12501.071602770999
1096,11958.535649159943
1097,11649.366188957492
1098,11630.434029988748
1099,11596.816132447702
1100,11171.799524075042
1101,11216.129563997401
1102,11110.991028411592
1103,11010.261665226379
1104,10945.349101429127
1105,11055.16554617252
1106,10994.273913475223
1107,10838.872864759684
1108,10923.907498108336
1109,10899.678583299661
1110,11150.3521885049
1111,11199.540029208927
1112,10963.388415778209
1113,10743.862919196537
1114,11329.65815594781
1115,11186.575054668405
1116,11177.14625094242
1117,11365.886640138513
1118,11428.681954989857
1119,11521.345810800005
1120,11458.866955048998
1121,11541.341276299823
1122,11411.771353618118
1123,11552.296368961815
1124,11529.789323213314
1125,11595.490595349642
1126,11637.71111387367
1127,11709.933690595408
1128,11788.385323145549
1129,11760.82787032832
1130,11680.530579818129
1131,11740.131925640188
1132,11771.022534403917
1133,11830.523877872798
1134,11736.118952520537
1135,11724.01360147537
1136,11698.452488905623
1137,11640.805065765056
1138,11561.819113036541
1139,11420.913511483874
1140,11244.356448181137
1141,11379.225196143852
1142,11456.293225411624
1143,11388.523401372015
1144,11399.952152370082
1145,11327.527108327198
1146,11230.028367747991
1147,11045.05997384527
1148,10857.186584086248
1149,10762.77616125181
1150,10308.403282843508
1151,10436.139438916294
1152,10408.951536203025
1153,10608.005050839129
1154,10347.438004881407
1155,10188.418694967178
1156,10283.969647020738
1157,10090.485932131149
1158,10069.136860868037
1159,10140.712862470438
1160,10455.316915813419
1161,10579.48445196961
1162,10569.349678865634
1163,10451.648405647138
1164,10196.909077629247
1165,10312.920187959662
1166,10375.43584126067
1167,10376.827226640402
1168,10407.636477691982
1169,10499.685951926733
1170,10355.57563731836
1171,10409.431727835748
1172,10552.28275959244
1173,10429.417511288731
1174,10508.920370767923
1175,10827.50881313308
1176,11024.74280096314
1177,11036.369886598928
1178,10964.85018068295
1179,11053.589271957226
1180,10683.963448550387
1181,10572.356207626335
1182,10651.002894603811
1183,10522.17040290443
1184,10253.364100206225
1185,10021.216632845895
1186,10247.090739385876
1187,10377.540811339808
1188,10068.377308424444
1189,10092.169907541216
1190,9945.069665291361
1191,9899.669270607581
1192,9913.484926984005
1193,9887.09111822498
1194,9769.339802620436
1195,9568.758760641887
1196,9654.456694907685
1197,9934.191692710368
1198,10078.216955335682
1199,10094.204953444541
1200,10309.186926189526
1201,10345.307815914157
1202,10376.516605747296
1203,10240.369408852677
1204,10284.384503626656
1205,10263.83852204258
1206,10341.685665542584
1207,9934.263348640305
1208,9864.713511387878
1209,9967.927981511706
1210,9871.713202726552
1211,9901.677719944575
1212,9917.152981142455
1213,10111.729956343574
1214,10511.64902447367
1215,10130.66687939419
1216,10101.608923864795
1217,10749.076601476389
1218,10892.17452246973
1219,10646.599281503342
1220,10584.905694680892
1221,10498.417632274299
1222,10451.703828528787
1223,10303.082074719423
1224,10357.555001585064
1225,10489.687728819341
1226,10581.459572344094
1227,10680.557495477024
1228,10753.945188502534
1229,10899.01340899874
1230,10691.801442410448
1231,10608.523490794567
1232,10797.595049349373
1233,10916.638905108104
1234,10647.579269365424
1235,10786.524925367175
1236,10982.985117807913
1237,10981.97752787846
1238,10796.633142377195
1239,10788.790477058305
1240,10921.839820785266
1241,11048.55838692406
1242,10964.064623493712
1243,11269.980269477992
1244,11366.95180508874
1245,11524.394282434641
1246,11661.672178862973
1247,11697.0302374833
1248,11675.072991057514
1249,11708.153767579899
1250,11698.46352671014
1251,11583.471211546168
1252,11624.254442913005
