,Profitloss
0,-1.1670194977010384
1,-1.186589859074505
2,-1.2620523114759585
3,-0.28549198892861005
4,-1.828207873389598
5,-4.797399818717474
6,-4.696427663888969
7,-6.581093580614194
8,-6.617455887535318
9,-6.420818216833901
10,-5.712749264376726
11,-3.7321887977935453
12,-3.338186867360571
13,-3.00804600083302
14,-3.67011772600484
15,-3.5388128341669156
16,-5.787385369595144
17,-6.1771281434686465
18,-6.769170296417759
19,-6.395454211737162
20,-6.009734245026688
21,-4.753477443252319
22,-3.938237106146636
23,-5.129925356790654
24,-4.5726731994631065
25,-2.984391921180818
26,-4.657324163233878
27,-6.02105797699275
28,-4.499552499963344
29,-5.186994241263465
30,-4.9202529863303095
31,-5.0715652285837525
32,-4.792097913622817
33,-5.630633774085936
34,-5.2190407779712285
35,-6.452735303302537
36,-5.691409187620467
37,-5.777281225788677
38,-5.8895326458820225
39,-4.819421693718262
40,-4.278345834202446
41,-2.9637005325944266
42,-3.8845161962861585
43,-4.667879057875812
44,-6.820495668078097
45,-8.316696362961418
46,-8.324554080488289
47,-8.04668656291011
48,-7.750795153332913
49,-9.006771530839375
50,-5.0551369806019935
51,-5.220335698437017
52,-4.0316834294999655
53,-2.717262763922468
54,-2.9579197064560026
55,-4.482095804740627
56,-4.728605072748526
57,-4.102044996677434
58,-3.4179157500248136
59,-3.2262781452419675
60,-3.210339958230013
61,-3.5246679303705286
62,-4.1722536833980195
63,-3.6971172435410593
64,-2.239327814640635
65,-0.6609215058683615
66,-1.3038891065286995
67,-1.3345124133752773
68,-1.865328191360538
69,-1.3046309375876586
70,-3.1741476653029954
71,-3.018358714547442
72,-2.74906934932857
73,-2.316366916162993
74,0.7960678267718624
75,1.926637358943717
76,3.0636460925585807
77,4.005049585402887
78,2.8158085720328074
79,2.775904667375295
80,-0.737361166102668
81,-0.04304348695189919
82,0.05724337811874314
83,-2.312912300782488
84,-3.762017377769522
85,-3.3075376455614536
86,-2.806020979428092
87,-1.7904039754008672
88,-3.0952342007663947
89,-2.919641413524554
90,-2.7577321584589587
91,-1.4131667605398635
92,-2.2976157977184997
93,-2.997117410302541
94,-2.3603954172508157
95,1.1999289405035585
96,1.8021618082079138
97,1.183122090516675
98,1.837795122407071
99,1.522921774699415
100,1.241359581714141
101,2.074171270949021
102,3.174903297646847
103,4.310449778238845
104,3.937357180500922
105,3.5324586627371923
106,2.782513914901963
107,2.350638328450416
108,3.4107019391517834
109,3.6991452413252413
110,3.6406380071965394
111,1.7440343706435435
112,2.1097949380078918
113,3.9437037612213954
114,4.0388673542342435
115,4.35232368109939
116,5.009631973816031
117,5.462648311038709
118,4.2546754722984526
119,3.437829485672772
120,1.4233321901764517
121,0.5374699000466832
122,-0.21201166790678627
123,1.200621056076634
124,0.2709573556249234
125,-2.300789220186561
126,-3.1107790362164156
127,-4.153150440504339
128,-1.750103403697889
129,-0.6003318644480893
130,1.2216132989277817
131,0.46508908089759604
132,-1.6567211848655283
133,0.14094526025343335
134,2.2852705946373675
135,2.140136520541125
136,3.241989760729669
137,4.293772244257532
138,4.323413124704922
139,3.222483164223444
140,1.6053836104942487
141,-5.855072736579925
142,-5.095191280082778
143,-4.127292866168286
144,-3.727086117133327
145,-4.482862389706765
146,-4.362958319288701
147,-5.247889504982051
148,-5.648931603466034
149,-5.448968672511912
150,-4.523130576875067
151,-7.0102374531987754
152,-8.460296450954052
153,-7.779424877927921
154,-7.065736110519283
155,-6.571464011178851
156,-7.417017680514492
157,-9.788727560700517
158,-11.097016208947885
159,-12.843133228674708
160,-18.25339379420523
161,-20.34603093813885
162,-17.96513475881538
163,-13.77612953302454
164,-13.839233702980358
165,-14.802631629685559
166,-17.287842558338752
167,-16.53289220580868
168,-15.953434495656161
169,-17.073158262524537
170,-16.405438970258846
171,-15.49458161197732
172,-17.319418261479523
173,-17.665528850427226
174,-18.962631784920603
175,-18.763964892029993
176,-15.200691164291126
177,-16.12087372699419
178,-17.99506808717688
179,-18.91014474149403
180,-21.40957261697416
181,-22.106194247978415
182,-23.542811470221658
183,-22.26657158800167
184,-23.11158725415853
185,-21.087763894365132
186,-18.925681397707773
187,-20.570573970333317
188,-17.268758866708733
189,-16.723469670993317
190,-16.207185835581484
191,-17.30694604177768
192,-18.682067451691076
193,-17.141870423337814
194,-16.282119577585764
195,-15.91006305720427
196,-17.380257735973647
197,-16.002974323341977
198,-15.82805290239021
199,-15.339623648557033
200,-15.789197915747867
201,-18.035597378236467
202,-17.319501085024214
203,-15.656015261213152
204,-13.685708409157126
205,-11.002529759000845
206,-10.286468546494431
207,-12.63987500449466
208,-8.893604628476515
209,-7.689350187453536
210,-8.600031620086313
211,-8.083368889679898
212,-8.097223290126598
213,-8.403402919368318
214,-10.035225860048058
215,-9.709184025015293
216,-9.155028340889215
217,-9.503868095396772
218,-11.828449981640555
219,-10.337280376356494
220,-10.753003109172122
221,-7.401486480056185
222,-3.920385847792085
223,-4.662068201225034
224,-2.9627006705340464
225,-3.7933487696900525
226,-5.211218456248012
227,-3.47445127877406
228,-1.305223118685539
229,-1.727360250155241
230,-0.956878460328825
231,-0.8618881548690616
232,-1.743978737519536
233,-2.2991430626492892
234,-3.861641771839819
235,-4.013227922620077
236,-4.731679373718389
237,-5.949527308469083
238,-6.906906977492088
239,-5.843189319782216
240,-5.586812668787355
241,-6.427442946917338
242,-8.113872888907125
243,-6.21729401185368
244,-5.720938345546955
245,-5.012824307563946
246,-5.437573437267318
247,-5.746729953116425
248,-5.018948459507222
249,-6.425785159594488
250,-7.475763349083964
251,-9.661603990113832
252,-9.390794037304385
253,-10.405343725422112
254,-13.676469774741918
255,-15.898808612673776
256,-14.704606293558175
257,-14.716169557743575
258,-17.41082087995246
259,-16.89872870776703
260,-22.61076444587178
261,-21.8063398579325
262,-23.5880696690314
263,-22.255510814539825
264,-21.234660894137537
265,-22.21555216346659
266,-22.031969916786387
267,-24.590764494974916
268,-24.762776097351868
269,-23.46613637908025
270,-23.70833856650384
271,-26.98993658900942
272,-28.043677524898214
273,-26.118130729214716
274,-27.77312868897106
275,-28.52430123187756
276,-30.0628357459778
277,-28.324519026236807
278,-29.446596597815244
279,-26.626179570273656
280,-24.84864758073744
281,-23.475475877054496
282,-21.465978851759214
283,-21.256678301770716
284,-18.884335659417005
285,-21.633945470253323
286,-22.077235342739453
287,-22.47899592256044
288,-17.93996985831454
289,-17.734181193905652
290,-15.263422133848048
291,-15.311431888499206
292,-14.379879176078425
293,-13.982724536469016
294,-13.867033653798455
295,-14.81599989636696
296,-12.931535887462486
297,-13.095141111078634
298,-10.806710973624556
299,-11.498382568083521
300,-11.618914152726722
301,-10.801257822479226
302,-10.759442128984665
303,-9.707687111311836
304,-9.858964414507254
305,-9.283382405138674
306,-10.389400368877254
307,-11.2036654901287
308,-11.152831188933487
309,-9.156447273896296
310,-7.912006118208225
311,-8.180517855081405
312,-8.904978979646117
313,-9.304195938700055
314,-11.859366555127659
315,-11.372414018427735
316,-12.770057124008293
317,-11.12101141645323
318,-9.790558878700296
319,-8.721685459649875
320,-5.933166863959949
321,-5.710576290149372
322,-5.494876905328738
323,-6.151750530690469
324,-3.754886792239931
325,-3.9792503892820297
326,-4.233136699418205
327,-5.044108318187835
328,-4.904366468750476
329,-4.8401191770444445
330,-5.526061697366869
331,-5.3566352214252655
332,-4.833806004569407
333,-6.272863775244797
334,-8.390026884038704
335,-7.9818342834331535
336,-8.71896155993015
337,-10.006442951432836
338,-10.754801262530723
339,-10.728785680864284
340,-11.815157691998701
341,-12.798154139320594
342,-10.50278180314429
343,-7.236893514091147
344,-6.168024906620817
345,-6.7168142872208625
346,-7.950676301795134
347,-6.943579966156732
348,-7.232024723891284
349,-5.713740800310796
350,-5.169805152817142
351,-4.327597263993588
352,-0.8387056312461061
353,-1.0593181811198393
354,-2.65356950281036
355,-2.3081332504140795
356,-2.6408223612685355
357,-2.110849953289351
358,-2.2572586449186027
359,-2.9337938337640757
360,-3.375073876135559
361,-6.609412581642882
362,-6.454232073900856
363,-8.10730469537454
364,-8.1496461916851
365,-9.275306153271867
366,-9.756833182326908
367,-7.292990992215486
368,-6.606175705383488
369,-5.990738308038046
370,-5.071821875383497
371,-11.1118787206964
372,-12.800634239332808
373,-10.675092479450388
374,-7.422398962324339
375,-5.5729790046027405
376,-4.866510134040613
377,-7.3830001553527485
378,-8.259881859925633
379,-8.308489425846998
380,-9.856159657773468
381,-6.7311465504733
382,-7.177795194276526
383,-7.615943923346635
384,-8.027478084668537
385,-7.760871125204149
386,-7.600398161246991
387,-9.079458095206316
388,-9.628444707773486
389,-10.953443592802559
390,-11.470299204255053
391,-11.220664508177226
392,-11.190050045247556
393,-10.570053742551744
394,-9.719312742383558
395,-11.334571235498814
396,-10.718341259035968
397,-11.176639090179618
398,-10.752571437855718
399,-10.040042636182378
400,-8.341279519350609
401,-8.756220109795866
402,-8.066666006247802
403,-6.738178330968059
404,-6.401395621694094
405,-7.719211100222223
406,-6.88012740375874
407,-7.051762361827041
408,-7.967773263290978
409,-7.009857441057498
410,-7.432872791189704
411,-8.955364926510413
412,-8.80934595801236
413,-9.539561682464438
414,-9.457483924916898
415,-9.070736119170064
416,-9.289294290460159
417,-8.95598817196569
418,-10.763924285338245
419,-10.153700986742088
420,-8.674265213644293
421,-6.853279686506875
422,-6.167222586945842
423,-5.684916658216643
424,-6.817970922763794
425,-6.870749924937258
426,-8.30174464541381
427,-8.461184469284678
428,-7.043836268577008
429,-7.973947997499964
430,-7.671783217327421
431,-7.678713068303223
432,-3.554530346879259
433,-2.5169788016631167
434,-3.595339132605402
435,-4.695387977375576
436,-5.495138883722861
437,-5.842297843684019
438,-6.852587352231887
439,-6.48523150620467
440,-6.2540490886267115
441,-5.343432360962808
442,-5.3541663184147215
443,-6.732767264799666
444,-7.324445939022639
445,-7.182385416705072
446,-9.027291131650417
447,-9.399581252878885
448,-10.257077154834516
449,-10.817088820586939
450,-11.666543244711768
451,-11.079213407914645
452,-11.403080134521094
453,-11.186700254985894
454,-11.080256125974897
455,-9.48325825807672
456,-10.106444369747958
457,-13.578981085376308
458,-14.00150849183075
459,-13.878667892075647
460,-13.852945965351593
461,-15.180743536770514
462,-17.37711137475253
463,-17.41742087658249
464,-17.86324567522245
465,-15.530380713033253
466,-16.659028094031235
467,-17.521093798884912
468,-19.014036622563946
469,-19.879269269356637
470,-20.567068982518933
471,-20.022884445671572
472,-18.680550691136343
473,-17.852138316995113
474,-18.194865809455628
475,-16.98090770830728
476,-16.532331288618384
477,-16.266648377933745
478,-16.6611168531414
479,-16.304028060203635
480,-15.42980435284198
481,-16.598067562987683
482,-17.8817945672889
483,-18.695997856964553
484,-17.46852902381081
485,-17.199368261858417
486,-15.634022135523063
487,-16.038549916397915
488,-14.974129829182225
489,-15.741481066031914
490,-14.268271301217217
491,-15.390579040096453
492,-16.295114012027955
493,-17.6709011127688
494,-17.87130947543183
495,-17.35581400464381
496,-17.2059208433053
497,-17.607235671759348
498,-16.839742931365432
499,-16.609401909359967
500,-17.052351917108
501,-16.728719663493575
502,-17.471031814839687
503,-15.552458102700516
504,-13.295438226418844
505,-11.567601158226582
506,-12.006084140735707
507,-10.570473392075474
508,-9.251444002216957
509,-9.48714545569177
510,-9.266314287060517
511,-8.416197483792587
512,-8.660496049645284
513,-9.07145994726024
514,-8.964765109128836
515,-8.371527760622822
516,-8.374686881174132
517,-8.510643405025498
518,-8.520786184279904
519,-8.646534812897865
520,-9.276150364124803
521,-8.715112628458854
522,-7.850233867475498
523,-8.403931405760057
524,-8.123010314633616
525,-7.464168582858788
526,-7.253218394978345
527,-6.467043681433637
528,-2.192614476446475
529,-1.9297406837844977
530,-2.3579326450311133
531,-1.6994509808616387
532,-0.6135094886448367
533,-0.6093363249942141
534,0.027317821023009614
535,-0.6205733883820064
536,-0.03205014955192098
537,-0.18952835489635111
538,-0.8905460898915973
539,-3.5350559598403053
540,-4.054357274483333
541,-3.532425206071854
542,-3.1180958821489524
543,-3.677749641329575
544,-3.4507415655615103
545,-3.6516504457307253
546,-3.8885201267220393
547,-3.873486786575009
548,-3.542081606885128
549,-3.3912941153599774
550,-3.50353815278428
551,-3.2428330640194014
552,-2.807041011900202
553,-0.700130390495235
554,-0.19924639179360604
555,-0.40780167649085985
556,-2.575858304281242
557,-3.071340666027389
558,-3.1459544027918174
559,-3.4448168807148294
560,-3.624959830149055
561,-3.322894948591304
562,-2.858069261492846
563,-2.6637261844984716
564,-2.577759435916138
565,-2.2795202293797945
566,-2.558637076368908
567,-3.3054061481021746
568,-4.111547868601672
569,-4.7230575981617395
570,-4.533380176736712
571,-5.127872152625368
572,-5.176772822642017
573,-4.494956705106523
574,-4.051075696376937
575,-3.86957556704568
576,-2.178611019128307
577,-2.0571627546511095
578,-2.5302768434489087
579,-1.0077338271698877
580,2.3280625314487047
581,1.8916375024813803
582,0.7743898741146005
583,-0.3753237257747344
584,-0.45040238817800615
585,-0.03453373878131716
586,0.2114455666530457
587,-2.551667079736364
588,-1.927752187147358
589,-1.8556404733587772
590,-0.4664275662815909
591,-0.8149078610940053
592,0.6431442367079709
593,1.8379534470637449
594,1.2088591334885601
595,3.9319151929897656
596,3.210374942945937
597,2.2144625535633677
598,3.410296891105058
599,5.569518438319099
600,5.9335583795334434
601,5.742601144994652
602,6.022555169631927
603,7.42835499839074
604,7.34841359450269
605,4.949875140968252
606,5.247629434447387
607,5.328018148421743
608,5.248651215264721
609,4.781332211764067
610,5.883620672738021
611,3.8258712463621336
612,1.9799304683272512
613,1.748429600366297
614,1.9952766447729475
615,2.5098807540347767
616,1.9771093325692712
617,0.08980173273698266
618,0.8940496953024901
619,1.1137264070721464
620,0.3747416356775224
621,1.3642254189345948
622,1.1964056539575996
623,1.6455483208807964
624,0.9080494861876343
625,0.5306826291977318
626,0.9926402988650773
627,3.318615526057722
628,4.047864421765013
629,4.489938458729714
630,3.892397815585258
631,3.4833788142253352
632,4.247231573452237
633,4.573446511235946
634,5.395107451270431
635,6.562428790558483
636,7.3708311555423345
637,7.752768198322468
638,7.949392399514088
639,8.996194485550824
640,7.638178433102505
641,9.797346207724056
642,9.616080608182621
643,9.040424877091091
644,11.407892457314173
645,11.358730645154512
646,17.87879183215797
647,19.419392001772696
648,19.25788154922994
649,19.733549554904805
650,20.99263326976166
651,20.56619651009095
652,21.220873807701302
653,20.702361533046254
654,21.14652726239934
655,19.395819280955106
656,18.07612384911177
657,18.508193895661673
658,18.81478518467472
659,18.709595489710807
660,16.413644484178548
661,15.417275280720721
662,14.870681616425241
663,16.08187102265579
664,14.808148942803046
665,16.690422898351144
666,18.661836788936714
667,17.086591085967882
668,17.083747602942267
669,17.12687910845161
670,18.898847797254415
671,22.009065499829283
672,21.742865686012713
673,21.77388451853901
674,23.188797878332412
675,23.0268516632405
676,24.80568900251685
677,25.848337285464208
678,25.137289506487704
679,27.01615201461618
680,28.45655767852673
681,29.35128561344349
682,28.106987727604427
683,27.80190046333
684,26.995301706683804
685,27.432487766524606
686,26.149531417879434
687,25.353430840493996
688,26.064212004912445
689,25.831555844276632
690,27.58776326299397
691,27.78701443392113
692,28.142361605728404
693,26.676603632272332
694,26.501041329122966
695,26.328125116023138
696,27.387519788106363
697,30.0144137223501
698,29.916577320492443
699,29.24014907705792
700,29.23408483074248
701,32.0056883745355
702,31.40599259060739
703,31.288070910086674
704,30.45453933424549
705,30.636266044433835
706,32.831532938889296
707,32.32657346783794
708,28.534980756054097
709,28.200967229647446
710,24.3589268682477
711,23.06291651656085
712,25.822205712348012
713,26.35883478197245
714,25.669537442196756
715,25.53625230341263
716,26.73481364229304
717,26.371170326590885
718,25.654927653613946
719,24.945294354263336
720,24.302305738510157
721,23.353448350593254
722,22.480711249465067
723,20.1677224580634
724,23.317325472830298
725,23.531143491519945
726,24.816205405180103
727,25.893394891540567
728,27.751945407112053
729,26.494043094199426
730,25.479568186025702
731,24.621693816473943
732,26.501950184643896
733,25.822495498332422
734,24.248391079835763
735,25.1619026474577
736,23.08573206530886
737,24.67702813900661
738,26.635753801690853
739,25.81339737438939
740,25.975041216515947
741,25.38980668385267
742,24.4026389732112
743,24.087549551713217
744,27.77432907476878
745,26.41528634910224
746,25.92280972366332
747,27.58645242334461
748,27.98231684707224
749,27.935039370847182
750,26.970674112984195
751,27.636545655315793
752,27.703688065044354
753,29.815236389162525
754,30.811625379880915
755,32.51667310274815
756,33.268791456389565
757,34.42449643946439
758,35.46108311582472
759,34.504658086767684
760,36.0382125063079
761,37.68586758021346
762,37.60284524267572
763,37.19344392000961
764,36.92799922481529
765,37.0300010526434
766,37.87721596805602
767,40.24220644792587
768,39.31550002880753
769,39.53187506709843
770,42.36962981186505
771,40.425231777024905
772,36.927750314051025
773,38.1948692086596
774,36.31291961566174
775,32.19461466250881
776,27.557869474984663
777,28.615767298792317
778,29.84353171090084
779,25.32738746986418
780,23.44758501238129
781,27.463750234767126
782,28.62445105612741
783,32.21173567509028
784,35.41213710671403
785,34.52913450187969
786,34.4501461235625
787,35.1130642520586
788,33.79758815566056
789,36.53368776583712
790,37.01479769592133
791,35.164226435332125
792,34.947673399614196
793,32.209647881175925
794,31.512202339476403
795,33.78879766454199
796,34.812333752845824
797,34.14547039054501
798,34.55269025546903
799,36.03632851942968
800,37.909837878928364
801,35.1396225000663
802,37.617560143750836
803,39.412121366799056
804,37.83743614799957
805,34.10741519003082
806,33.47590888914351
807,37.06865530626611
808,33.053427506233966
809,30.34894500215204
810,33.60558923315536
811,30.28466312047069
812,27.089442586368673
813,28.395175590639244
814,27.63361401115865
815,25.75125073062687
816,26.502795247436197
817,26.71149448841257
818,24.671997012783244
819,27.15755008058005
820,27.03681259455919
821,26.044218557933462
822,25.830243635157714
823,27.636571198235927
824,28.367268511998912
825,30.199534688502116
826,30.662720754129104
827,30.448461835285357
828,29.24890786230563
829,28.52083899741984
830,29.54443520997041
831,29.54443520997041
832,31.28375386106914
833,32.3164286343244
834,32.28758783137411
835,31.88477296676695
836,30.89999247799602
837,30.814267746791522
838,31.106575718457428
839,31.61094667929538
840,34.38732705417748
841,35.01635786383164
842,37.24449074213365
843,38.15263606665433
844,38.05898140548942
845,36.97396283483607
846,38.48325345160537
847,37.433481201926824
848,30.95116401458313
849,30.181366687812194
850,31.90435342146969
851,31.06501563838373
852,29.99330137480616
853,32.36847055975773
854,31.449105846107763
855,30.11077313390342
856,31.434106359385705
857,33.47458766343947
858,38.39872784475234
859,38.09432538480757
860,36.342960010671966
861,35.29705423659113
862,36.52377691637052
863,37.348446632042794
864,36.18537739804422
865,36.673426782760686
866,37.053806357723175
867,36.25303560818407
868,36.28891469985271
869,31.831794155926694
870,32.67464766612991
871,31.362279121409365
872,31.933843840814745
873,28.65168790446615
874,28.680985636891698
875,26.250638559825745
876,24.86038582437775
877,25.80091119632506
878,26.50324187760662
879,27.759048884485303
880,28.823165488903847
881,32.68519846510569
882,35.11372124648076
883,34.711088455487335
884,34.87793011342384
885,36.90843581340375
886,36.31118928020103
887,37.89265956590373
888,39.28499426774535
889,39.22000609469725
890,37.67740461444773
891,37.397592057210225
892,37.38792762100851
893,36.70433234507566
894,38.88962495023289
895,37.93588201347915
896,36.55648848019588
897,35.406218924580536
898,34.884306190185434
899,30.642192769489075
900,30.87687750515866
901,31.156431623628265
902,30.429539698950613
903,29.394332021709157
904,28.91895008863088
905,27.812957676026894
906,26.38377422656881
907,23.98594542374106
908,24.962434685128375
909,22.961008801093328
910,23.788630740646745
911,26.02312785955774
912,25.073500848421148
913,25.568674337505804
914,24.566739842047447
915,22.79621635846332
916,24.15345441875143
917,25.299746614164075
918,23.241512860916913
919,24.521444922156267
920,24.32967756017006
921,24.957567835837025
922,24.478560391005978
923,19.57020454608045
924,19.60239858385904
925,20.375682364361314
926,20.07978851474008
927,20.639413774217765
928,21.377013628435826
929,23.091081688227245
930,21.560847996431075
931,21.164467260330277
932,24.893427817314027
933,26.941557761215094
934,27.163971773908415
935,25.66845971631364
936,25.34950688273332
937,23.683628819120162
938,24.369363291469924
939,24.154288992301165
940,23.614578864693936
941,20.48335071469505
942,20.31515522592413
943,17.683677308367262
944,15.483150242840061
945,13.367329672872685
946,15.9944395862756
947,12.376615593427175
948,13.27781296090631
949,15.978659517065585
950,15.25066725590234
951,17.561563202070985
952,17.67622191796867
953,14.68321430810251
954,15.242215220835288
955,15.42456001718584
956,12.953788835144975
957,11.522133929421274
958,11.638138385160946
959,10.595443965451024
960,9.561995037554617
961,9.48688864691305
962,11.078782106417417
963,17.751030096463328
964,15.217184809731933
965,13.478358927928902
966,14.991161389179375
967,15.974726453266076
968,15.110719153187379
969,13.525872667144823
970,10.831097500119302
971,10.196817575326445
972,11.281685626243831
973,10.980500062839793
974,12.66284575946639
975,11.595027634493515
976,8.926129108866455
977,12.076992112547359
978,11.185280342775151
979,14.584732282401536
980,14.069390566943763
981,15.024591588653259
982,11.800712785558765
983,13.897517141159966
984,16.042528676178236
985,12.651697726498456
986,11.924546970041995
987,11.87976444064629
988,11.682259851114418
989,12.3077965691341
990,13.814188967519181
991,13.485410543680153
992,12.726778923062575
993,11.337577975994616
994,12.10605062531982
995,10.362934889519803
996,9.096113031253662
997,7.936424312071733
998,7.480590095397144
999,9.632696978871923
1000,6.770763506614275
1001,10.855084558637905
1002,11.940653307681437
1003,6.680553209701268
1004,11.241613909965476
1005,12.6391908763406
1006,13.064655178446438
1007,15.203848017408617
1008,16.771670417906748
1009,15.247413839785295
1010,17.98545351585745
1011,18.227564038934794
1012,19.34302807895878
1013,17.386113226421827
1014,19.2065195804884
1015,14.599665374082015
1016,11.642949688805215
1017,11.464544774874042
1018,12.107217134764436
1019,11.760500144552122
1020,11.072533492041781
1021,12.903219925521192
1022,12.874342268298268
1023,12.817069478892451
1024,12.779309770346625
1025,13.0065096815974
1026,11.570647541163638
1027,10.012612401892618
1028,9.91652297560961
1029,9.223530621161968
1030,9.63068533503526
1031,11.595466811530963
1032,10.337079980356801
1033,9.830676899818291
1034,10.113965411256732
1035,8.987529278776151
1036,11.921297401317933
1037,9.25675133170689
1038,7.229431565744782
1039,6.9764104214573575
1040,6.379936194873004
1041,6.1773600728109335
1042,5.034422472313871
1043,4.625283329097396
1044,7.782307050367554
1045,9.1849916997359
1046,8.203946224293258
1047,6.473506086421188
1048,7.866248893519079
1049,8.21095916817125
1050,8.584279173770582
1051,9.122846789022908
1052,11.388833632973515
1053,11.831579483771225
1054,10.729278244851393
1055,10.815512167965524
1056,10.814433451567584
1057,8.937483418082536
1058,8.543107200050205
1059,9.346774291971926
1060,7.543395288980204
1061,7.6068732215382795
1062,8.7937216298293
1063,11.37464962544068
1064,11.663567808879494
1065,12.414582789459905
1066,14.124535954693872
1067,14.125327899727779
1068,15.295761502306782
1069,13.725004405393904
1070,13.156736002470426
1071,12.369768559498318
1072,12.592560157889654
1073,12.29005591296184
1074,12.496228810154154
1075,13.284738350835013
1076,12.178709844185875
1077,12.317834676332563
1078,12.194118043202762
1079,10.032244672941326
1080,9.137878288453404
1081,8.665779713074496
1082,9.384712521470151
1083,9.582202757531256
1084,9.103634115562365
1085,9.497224578030817
1086,8.445981293914029
1087,7.104098763854694
1088,6.0799212819692805
1089,5.153380757774473
1090,4.162716965891744
1091,4.8206039490579
1092,2.264314522597166
1093,3.3351227747655754
1094,3.5556811010601708
1095,4.175596689758332
1096,-0.3455362570004783
1097,-2.921948425354226
1098,-3.0797164167604363
1099,-3.3598655629358154
1100,-6.9016706327079795
1101,-6.53225363335499
1102,-7.408408096570063
1103,-8.247819456446848
1104,-8.788757488090615
1105,-7.873620448562335
1106,-8.381050721039806
1107,-9.676059460335972
1108,-8.967437515763866
1109,-9.169345139169494
1110,-7.080398429125834
1111,-6.670499756592275
1112,-8.63842986851493
1113,-10.467809006695516
1114,-5.586182033768239
1115,-6.7785412110966226
1116,-6.857114575479828
1117,-5.284277998845721
1118,-4.760983708417854
1119,-3.988784909999954
1120,-4.50944204125835
1121,-3.8221560308348113
1122,-4.901905386515681
1123,-3.7308635919848676
1124,-3.9184223065557133
1125,-3.3709117054196547
1126,-3.0190740510527614
1127,-2.4172192450382712
1128,-1.7634556404537594
1129,-1.993101080597337
1130,-2.6622451681822645
1131,-2.165567286331771
1132,-1.9081455466340214
1133,-1.4123010177266804
1134,-2.199008728995522
1135,-2.2998866543719187
1136,-2.5128959257864736
1137,-2.9932911186245303
1138,-3.651507391362152
1139,-4.825720737634387
1140,-6.297029598490522
1141,-5.173123365467902
1142,-4.53088978823647
1143,-5.095638321899876
1144,-5.000398730249311
1145,-5.6039407639400185
1146,-6.416430268766737
1147,-7.957833551289428
1148,-9.523445132614594
1149,-10.310198656234915
1150,-14.096639309637427
1151,-13.032171342364219
1152,-13.258737198308124
1153,-11.59995790967393
1154,-13.771349959321611
1155,-15.096510875273516
1156,-14.300252941493852
1157,-15.912617232240422
1158,-16.090526159433026
1159,-15.494059479413014
1160,-12.87235903488818
1161,-11.837629566919905
1162,-11.922086009453048
1163,-12.90292995294051
1164,-15.025757686422947
1165,-14.058998433669478
1166,-13.53803465616108
1167,-13.526439777996647
1168,-13.26969601923349
1169,-12.502617067277221
1170,-13.703536355680335
1171,-13.254735601368761
1172,-12.064310336729678
1173,-13.088187405927243
1174,-12.425663576933976
1175,-9.770759890557667
1176,-8.127143325307163
1177,-8.030250945008932
1178,-8.626248494308753
1179,-7.886756067023115
1180,-10.966971262080117
1181,-11.897031603113872
1182,-11.241642544968244
1183,-12.315246642463084
1184,-14.55529916494812
1185,-16.48986139295088
1186,-14.607577171784369
1187,-13.52049323883493
1188,-16.096855763129636
1189,-15.898584103823199
1190,-17.124419455905326
1191,-17.502756078270153
1192,-17.387625608466628
1193,-17.607574014791826
1194,-18.58883497816304
1195,-20.260343661317602
1196,-19.54619420910262
1197,-17.215069227413593
1198,-16.014858705535985
1199,-15.881625387962151
1200,-14.09010894842061
1201,-13.789101534048697
1202,-13.529028285439203
1203,-14.663588259561022
1204,-14.296795803111205
1205,-14.468012316311828
1206,-13.81928612047847
1207,-17.214472094664124
1208,-17.794054071767683
1209,-16.933933487402452
1210,-17.735723310612062
1211,-17.486019000461873
1212,-17.357058490479538
1213,-15.73558369713689
1214,-12.40292479605275
1215,-15.577776005048417
1216,-15.819925634460041
1217,-10.424361654363434
1218,-9.231878979418918
1219,-11.278339320805475
1220,-11.792452544325894
1221,-12.513186397714183
1222,-12.902468095593445
1223,-14.14098271067148
1224,-13.687041653457799
1225,-12.58593559317216
1226,-11.821170230465883
1227,-10.995354204358133
1228,-10.383790095812218
1229,-9.174888258343827
1230,-10.901654646579606
1231,-11.595637576711948
1232,-10.020041255421896
1233,-9.028009124099135
1234,-11.270172755288133
1235,-10.112292288606872
1236,-8.475124018267389
1237,-8.483520601012827
1238,-10.028057146856707
1239,-10.093412691180792
1240,-8.984668160122776
1241,-7.9286801089661685
1242,-8.632794804219069
1243,-6.083497754350065
1244,-5.275401624260501
1245,-3.9633809797113173
1246,-2.819398509475224
1247,-2.5247480209724893
1248,-2.707725074520717
1249,-2.4320519368341786
1250,-2.512803944082165
1251,-3.471073237115263
1252,-3.131212975724962
