,Portfolio Value
0,11868.359103751958
1,11861.39799745223
2,11900.223667606151
3,11973.745230795927
4,11895.356573203351
5,11732.980627974133
6,11730.808079132084
7,11669.20922238951
8,11677.803246545649
9,11664.296065588815
10,11670.113481843253
11,11819.359237174824
12,11835.77427105406
13,11853.789393300241
14,11892.167722344437
15,11898.806736262575
16,11655.83745591218
17,11643.179668472652
18,11623.104943821327
19,11620.094972298099
20,11630.398727925756
21,11703.956509861058
22,11716.145393405655
23,11630.796419942828
24,11653.239907627465
25,11745.297528914782
26,11627.743592402836
27,11516.1901234574
28,11614.508803604145
29,11527.254365298006
30,11535.189332886535
31,11532.093397913704
32,11563.119423201293
33,11512.999231872065
34,11531.846226986901
35,11460.425200958392
36,11493.65242461854
37,11499.204878077153
38,11495.981315256946
39,11528.68409829569
40,11544.525088574404
41,11727.906508455151
42,11675.544021951704
43,11593.251980422587
44,11335.322954954558
45,11253.377028321542
46,11242.491393467903
47,11252.277365998007
48,11289.395887998959
49,11230.094193285542
50,11385.52056033423
51,11396.937824376466
52,11493.241606335207
53,11545.448202040681
54,11468.540988473764
55,11230.302683290744
56,11204.483401487934
57,11227.348003200384
58,11270.116058412143
59,11250.742876110344
60,11170.506896234605
61,11144.867564269192
62,11143.825457622064
63,11161.699677991639
64,11273.594201756774
65,11387.189330794743
66,11359.189525568607
67,11355.986279693185
68,11341.31816345064
69,11385.896928925398
70,11271.397581137295
71,11275.158642903865
72,11274.54085878874
73,11300.200821328874
74,11310.61936071368
75,11343.35088455032
76,11357.801895428955
77,11393.291392121453
78,11316.249287474828
79,11314.45588984387
80,11214.111366081188
81,11251.876731250379
82,11268.122421576456
83,11193.14081779807
84,11134.330034112993
85,11140.423568396825
86,11163.546862337042
87,11192.78596748033
88,11071.55317737867
89,11051.76868473769
90,11070.742057860974
91,11163.320376363106
92,11119.875689230945
93,11165.025429384337
94,11169.310512831136
95,11263.932360170897
96,11304.210190046824
97,11281.515281070688
98,11317.765860592295
99,11299.601686299273
100,11298.41182267886
101,11336.147048608018
102,11377.93696704305
103,11422.472884643807
104,11399.776876617456
105,11323.873889466382
106,11288.957652355904
107,11271.164900586311
108,11298.59092507293
109,11325.817826838786
110,11311.526630928813
111,11213.006318199257
112,11211.808869855604
113,11319.060468717775
114,11320.785910248016
115,11335.819923167954
116,11354.388737566282
117,11379.149586237814
118,11324.05458859181
119,11290.458114161156
120,11175.24363922485
121,11151.709202002006
122,11100.439143701917
123,11132.38698967318
124,11096.002699812752
125,11061.137331318858
126,11040.88512073992
127,10968.366638729076
128,11108.590273780286
129,11137.623651559225
130,11192.486630714106
131,11135.420490323722
132,11053.712040503218
133,11199.744730555913
134,11291.48964278321
135,11262.475032917746
136,11318.29767800348
137,11393.189535228998
138,11369.56987502466
139,11311.248445051915
140,11280.258366511885
141,10813.627522675872
142,10833.433639226621
143,10899.11891593497
144,10961.763563141445
145,10838.47363801705
146,10871.383666759833
147,10855.190707502676
148,10820.279776583227
149,10789.487332285678
150,10821.003715127108
151,10743.278985526016
152,10498.65525876459
153,10588.538719481103
154,10577.29457737528
155,10564.507798414956
156,10511.992335209927
157,10420.522979616675
158,10325.480523739221
159,10214.250413920607
160,10027.832726474215
161,9927.215024299543
162,10050.134267359264
163,10122.114544104825
164,10118.772333357989
165,10149.905598355757
166,10015.389757875577
167,10073.028912780248
168,10126.942809264196
169,10038.43858712681
170,10069.553770703245
171,10107.126771229694
172,10050.585611161752
173,10058.68001924362
174,9927.869961056816
175,9940.64358788536
176,10084.577049021838
177,10025.381797613121
178,9865.665606053055
179,9839.41393191032
180,9705.686088481965
181,9660.981623714342
182,9560.192958771291
183,9598.339019413444
184,9566.767188947426
185,9709.16460780746
186,10015.376159082354
187,9909.678366310945
188,10017.983589084612
189,10068.695745634574
190,10081.084182790515
191,10047.90624148437
192,10007.20060664746
193,10109.92012713754
194,10131.38810873123
195,10147.73258022058
196,10088.18533145049
197,10083.381628549749
198,10085.499432593966
199,10061.319013926242
200,10046.877189572779
201,9965.539423016271
202,9841.3681102477
203,9903.917084569222
204,9987.865504492598
205,10124.377692016067
206,10146.099017353543
207,9960.620805319213
208,10126.978078710443
209,10151.144159158523
210,10095.021260541214
211,10091.953956004023
212,10085.508610084522
213,10078.18999758698
214,9967.725105536556
215,9973.07758819998
216,9986.810814640361
217,9961.77102761984
218,9794.9666215443
219,9872.115178120022
220,9825.343375418768
221,9986.517569936483
222,10163.987942046193
223,10146.941561825657
224,10250.381431038883
225,10223.059120323856
226,10133.890557348022
227,10226.300486732267
228,10350.690714075952
229,10368.99199143553
230,10337.823960385605
231,10245.46916231302
232,10242.698365227192
233,10201.657251477642
234,10128.685499035086
235,10107.078128818393
236,10082.306318775532
237,9993.998709124005
238,9842.498263585674
239,9886.478692079194
240,9907.695681479803
241,9895.50000916578
242,9763.985514692122
243,9889.864573193834
244,9905.68783099321
245,9906.159405240229
246,9901.10008414822
247,9878.536996352985
248,9891.714340760094
249,9751.609671782624
250,9716.607705963837
251,9585.973521430455
252,9561.827403474572
253,9471.944990203096
254,9223.944235245363
255,9081.03505940943
256,9144.379695449354
257,9126.662998206002
258,8997.912993025539
259,9112.257242826028
260,8655.720641234811
261,8696.609039143128
262,8574.612648545726
263,8684.215470596162
264,8727.119201716072
265,8681.878865176304
266,8699.230235914347
267,8355.05438263977
268,8344.374226595412
269,8533.09545546325
270,8502.830916714918
271,8183.441282290591
272,8107.326467869774
273,8265.744606916876
274,8241.78673379105
275,8125.373392175821
276,8004.147882946451
277,8138.678473252647
278,8081.930749162759
279,8316.585221331694
280,8469.160238682645
281,8609.559523641172
282,8766.778124271312
283,8774.61757558077
284,8933.576760076814
285,8812.966991311772
286,8816.356424927064
287,8763.144110387282
288,9056.955086240983
289,9078.461574477391
290,9196.075072405078
291,9168.921153419064
292,9235.13397587025
293,9254.822574311733
294,9261.2136710776
295,9225.726553499602
296,9354.714030666215
297,9347.97466326576
298,9415.948403393502
299,9347.740356778104
300,9326.893436241406
301,9404.140338861216
302,9405.592732660483
303,9529.992919371249
304,9522.159431414959
305,9549.068140685948
306,9495.959105513844
307,9457.79286731567
308,9462.330075302305
309,9591.812226351658
310,9664.12878129516
311,9615.963567841918
312,9596.450983303968
313,9573.080308005588
314,9524.37929482878
315,9536.805214791904
316,9435.267946771544
317,9516.078463833737
318,9584.299194825104
319,9627.75889854855
320,9731.943428760613
321,9728.924055724185
322,9716.879997508495
323,9666.774465495397
324,9776.921866464792
325,9774.295970219362
326,9754.388688644078
327,9699.76647114979
328,9707.798964729645
329,9710.874262680998
330,9682.024763243237
331,9690.607008451916
332,9696.613928291166
333,9596.305247781793
334,9466.528967806198
335,9482.05404360751
336,9445.058995734467
337,9357.941741914972
338,9288.649653929073
339,9261.6602834673
340,9225.785384836567
341,9172.992940124343
342,9339.785578882096
343,9406.71380704382
344,9466.140783904837
345,9444.215067798175
346,9402.748194000356
347,9430.473658827672
348,9426.039172484052
349,9662.545280435801
350,9672.638933438007
351,9715.349493777552
352,9831.399377779991
353,9800.712838780215
354,9728.447487037247
355,9732.28872597292
356,9699.863029289167
357,9719.105797305032
358,9625.789846194937
359,9624.678860845315
360,9611.052420375352
361,9481.669071435532
362,9481.67196181214
363,9419.818281043164
364,9420.166017413685
365,9492.087854000369
366,9506.731288845835
367,9607.27303834459
368,9552.304148687641
369,9616.274699490994
370,9661.058802258796
371,9541.126152037821
372,9481.077766545155
373,9560.026823330936
374,9663.99395628091
375,9724.549000407596
376,9737.682601109016
377,9672.59110526296
378,9568.40509585308
379,9574.952340782382
380,9461.999573877327
381,9549.786521485215
382,9513.627294722464
383,9489.020165975307
384,9501.823975314337
385,9531.876912092273
386,9586.23453161525
387,9490.78873464294
388,9460.47085488666
389,9447.532553063997
390,9398.6560037112
391,9390.111968377456
392,9377.198996020048
393,9403.164989375644
394,9428.29271605156
395,9206.756884416061
396,9240.837227535496
397,9210.571882903854
398,9243.561379764426
399,9279.265145282225
400,9404.948815044405
401,9379.762019060798
402,9475.888464034495
403,9500.106326025098
404,9528.543408607311
405,9467.824762858047
406,9549.680531828222
407,9544.051718227069
408,9507.503435274415
409,9543.029426834722
410,9475.449522030418
411,9418.604705915495
412,9433.591482641152
413,9389.36652684756
414,9385.010413421562
415,9411.707899052803
416,9406.373866428548
417,9398.561429621755
418,9293.619881720198
419,9357.12507911963
420,9390.470543603486
421,9478.578082139102
422,9521.105666496149
423,9543.342227587525
424,9516.149165254623
425,9526.611964750271
426,9474.836843551606
427,9457.111299440903
428,9559.501561713767
429,9539.40182991876
430,9547.892029056795
431,9546.179376292945
432,9627.538351245646
433,9678.45599433496
434,9610.215426918014
435,9550.506434002147
436,9548.843230857525
437,9505.566003009862
438,9438.50984116469
439,9453.930494311931
440,9456.540444507256
441,9532.8022477786
442,9533.368065575418
443,9466.662094957428
444,9431.88157989613
445,9435.530307318604
446,9340.982167291777
447,9333.594515623641
448,9297.924129876805
449,9291.10327067698
450,9276.218498911025
451,9310.96401104002
452,9317.006503278184
453,9338.624487110557
454,9325.784135327687
455,9362.29028338801
456,9260.693616987608
457,9086.920194961345
458,9074.786342868389
459,9109.89122754414
460,9125.397218754293
461,9095.981576695758
462,8915.53348903248
463,8909.330807860073
464,8891.37946108438
465,9025.720479461632
466,8997.828519539935
467,8958.465738816942
468,8761.999913222891
469,8678.98726315684
470,8625.004559288056
471,8661.6363822463
472,8748.60640476025
473,8840.665031136696
474,8810.613204562065
475,8929.103885974353
476,8953.392492465635
477,8963.335065616211
478,8933.738025384033
479,8938.9157501749
480,8989.31271436432
481,8919.653799309048
482,8850.648457535826
483,8821.224378243227
484,8916.119752683131
485,8929.09987749297
486,9024.397972233886
487,9016.151575144057
488,9046.1681914968
489,9009.873678703625
490,9092.147823560883
491,9057.743469745637
492,9009.098109300938
493,8960.179760058389
494,8982.366927759804
495,8998.461834241489
496,8977.075456341816
497,8957.628774931041
498,8978.316874692486
499,9019.746336044494
500,9010.337156609265
501,9032.822390527574
502,9013.86119418754
503,9087.127099793935
504,9199.120638457767
505,9246.89465440358
506,9224.094745412469
507,9276.102001796944
508,9364.331286103561
509,9360.72008051827
510,9376.615822465565
511,9359.679332835447
512,9343.017650682752
513,9317.99075300442
514,9317.616658812261
515,9266.29321709339
516,9246.763191359918
517,9240.177143145696
518,9228.611948299531
519,9251.756515577108
520,9193.33162813383
521,9239.029803171548
522,9286.032944462371
523,9265.455578893938
524,9264.61167857152
525,9287.244222806343
526,9259.266652259685
527,9267.157768053949
528,9504.440894939069
529,9520.63267678256
530,9533.86691376772
531,9562.102983978311
532,9622.086759248563
533,9614.628245326703
534,9668.033508741704
535,9571.932023208095
536,9659.900802863463
537,9648.815254397517
538,9634.145391661565
539,9520.275089672754
540,9509.617218422063
541,9534.978849517474
542,9553.496248738853
543,9531.456582491712
544,9576.29338855564
545,9566.06383335277
546,9564.292569609508
547,9564.97831284066
548,9570.116874824856
549,9573.11369153699
550,9568.181011647703
551,9579.198788177762
552,9593.341338874892
553,9707.563432772682
554,9715.064060427654
555,9702.298980386746
556,9603.81659495826
557,9586.355116536724
558,9579.010514085288
559,9570.308363719074
560,9563.419916166918
561,9574.418725464255
562,9581.785745270632
563,9589.413825874846
564,9594.611714006267
565,9581.17053744902
566,9559.309216548463
567,9515.285372152674
568,9437.153198634887
569,9418.808078594238
570,9457.06977557299
571,9443.992934136255
572,9446.931572649475
573,9539.153747119042
574,9555.831597159333
575,9597.611044972096
576,9719.010711414525
577,9728.137219929678
578,9689.809197364058
579,9734.035906252979
580,9857.911442899105
581,9843.349820979343
582,9795.611052767235
583,9547.723224064377
584,9543.349896097365
585,9538.900319492299
586,9537.304167988705
587,9342.931185790028
588,9363.326418282004
589,9369.260028758901
590,9506.221002383734
591,9506.288695678226
592,9520.595863244956
593,9627.147071158848
594,9617.391413098998
595,9773.675868962631
596,9722.2988396719
597,9677.111827848152
598,9764.748010762942
599,9893.15331460262
600,9896.899499452971
601,9901.780133047403
602,9928.450055722602
603,10032.47850921305
604,10024.723303572115
605,9938.13187489334
606,9960.218433926639
607,9963.191617951183
608,9959.17554516491
609,9950.627188932165
610,10004.412448202469
611,9922.553881557425
612,9871.605229579496
613,9844.946726592856
614,9874.216063403188
615,9895.907758912905
616,9888.355928290566
617,9831.016315802404
618,9839.694002882075
619,9865.35107134348
620,9751.104357264834
621,9844.578757574187
622,9872.690165468362
623,9891.49632394106
624,9891.460929059662
625,9889.150516395941
626,9938.378996096912
627,10021.629362042191
628,10080.441887823537
629,10113.238594174718
630,10103.653918377682
631,10079.27738892384
632,10124.787081780816
633,10131.549008469308
634,10157.607809686764
635,10212.323585543256
636,10260.022940537661
637,10257.64762780461
638,10257.82461434494
639,10317.478689038053
640,10273.888215858855
641,10495.87169280063
642,10610.712222897411
643,10581.461043046445
644,10747.457019725214
645,10746.972261515932
646,10847.043099486176
647,10937.394726492064
648,10922.375507525863
649,11006.21196731068
650,11022.813683049166
651,11004.667321531198
652,11027.013421596239
653,11051.848096305313
654,11063.563465253857
655,10965.722438454177
656,10952.824759987128
657,10964.53024604758
658,10980.629006279913
659,10972.662244054838
660,10886.070633764655
661,10839.436628066655
662,10847.719704558287
663,10869.737798359432
664,10830.755509671526
665,10868.884940042244
666,10891.603880614313
667,10814.771733170252
668,10804.4378702176
669,10891.242669178744
670,10994.830123762182
671,11053.961770708424
672,11028.816671153567
673,11028.117702639685
674,11035.335817079509
675,11065.37471748275
676,11208.163733666537
677,11276.723293384097
678,11255.476824541522
679,11340.216840656976
680,11418.776220142045
681,11428.128279234386
682,11347.84227599775
683,11335.710361006295
684,11332.45057320608
685,11351.35740931848
686,11332.488763559006
687,11304.082975756597
688,11394.59336296044
689,11379.00392418919
690,11409.694987636143
691,11413.61070290902
692,11488.653903734332
693,11445.088795402226
694,11460.042680458644
695,11326.51596874582
696,11361.756544469328
697,11457.249113813301
698,11442.930710180313
699,11417.307278460128
700,11385.434070009338
701,11458.601592454708
702,11409.094424625531
703,11408.389878323345
704,11385.903671573677
705,11394.785979178569
706,11528.591110134283
707,11510.292151281077
708,11428.395699055756
709,11449.303298870185
710,11224.410808246339
711,11204.077709910884
712,11229.952131835998
713,11264.190103827023
714,11248.092836706332
715,11245.867145602862
716,11277.975366168532
717,11254.539002323574
718,11203.570870825406
719,11168.278785133789
720,11186.55138879349
721,11144.398680871782
722,11124.011907778804
723,11051.147019065997
724,11122.61668873226
725,11129.523267411225
726,11270.741390289566
727,11264.837477835892
728,11316.21972239056
729,11276.906726709063
730,11267.31586746891
731,11200.521448256519
732,11246.097933079676
733,11217.03668446471
734,11122.005694134172
735,11162.59764840503
736,11041.28676092032
737,11116.999070039301
738,11165.449360382034
739,11134.870293156699
740,11163.75918140731
741,11161.58856790465
742,11123.424718063136
743,11077.219346022524
744,11283.98648996343
745,11209.514351401447
746,11207.643432310946
747,11347.869867823418
748,11367.541017768632
749,11355.75074210782
750,11345.306632477615
751,11355.024268474801
752,11360.72756660209
753,11435.278562813248
754,11470.771743483056
755,11524.23311753295
756,11539.65565319925
757,11589.861963584051
758,11614.978238657943
759,11562.75819741732
760,11599.786475079556
761,11693.841351493416
762,11772.623931991151
763,11744.369848059943
764,11729.57537436823
765,11732.337110963348
766,11785.068763997104
767,11920.23391451817
768,11907.658591693787
769,11913.639390357448
770,12026.653639245418
771,11955.689304557716
772,11775.55363198943
773,11836.571053312602
774,11755.538844229435
775,11682.02848631866
776,11549.639206671714
777,11591.328423505118
778,11570.506634354097
779,11515.740103798722
780,11440.865402944346
781,11566.103331398519
782,11596.147290193523
783,11662.214707860217
784,11791.945436188102
785,11769.933358828355
786,11728.98670474076
787,11739.954263888842
788,11754.09939735581
789,11871.913242739309
790,11901.310548789128
791,11805.067145691037
792,11781.082038201159
793,11678.12369987256
794,11670.962326377654
795,11805.529574702392
796,11839.155557205464
797,11818.165774379266
798,11900.145432281683
799,11941.752097150906
800,12016.81157549727
801,11941.776582415916
802,12107.325851946376
803,12164.519588012594
804,12078.767667151711
805,11957.30578152853
806,11951.002174172892
807,12057.656063511797
808,11696.764276372467
809,11529.895957819183
810,11695.808777358732
811,11557.709675455364
812,11519.87799072086
813,11585.336057942728
814,11558.143022760858
815,11442.494970944632
816,11501.133182700098
817,11500.598655115862
818,11414.710605605831
819,11505.858256117703
820,11543.004796942769
821,11468.24039835021
822,11482.303386351357
823,11619.280172911424
824,11634.668567986208
825,11671.880578026316
826,11700.118418398346
827,11687.458720650086
828,11663.940265339854
829,11644.429007689403
830,11663.095202537444
831,11663.095202537444
832,11719.794783971805
833,12024.46535268766
834,12038.115714475492
835,12019.587078858076
836,11959.29581287613
837,11873.290530523858
838,11867.185137029475
839,11902.820307418451
840,12038.249434100784
841,12085.527052946241
842,12192.75292540802
843,12286.891927895053
844,12273.615540164386
845,12240.030222840443
846,12281.71284621688
847,12211.779249217816
848,12034.494672716399
849,12023.71982015663
850,12103.253488713133
851,12001.840399645916
852,11962.319345185082
853,12085.041639334444
854,12052.609418857184
855,12018.688604412904
856,12038.783614053564
857,12241.842136254827
858,12638.970220511233
859,12632.311439470452
860,12607.590272172309
861,12585.155876815421
862,12623.564346205258
863,12728.812446729806
864,12679.18530127568
865,12701.29539206026
866,12719.023725338324
867,12665.754672137982
868,12626.374662847807
869,12497.22854466187
870,12539.935995161242
871,12490.480213269413
872,12564.450265491741
873,12434.903416092215
874,12436.196023623997
875,12364.950041550084
876,12319.274798943185
877,12344.993656545299
878,12364.786539131477
879,12378.970220939578
880,12389.336727549848
881,12546.077217728893
882,12726.55701576728
883,12717.53559694331
884,12724.706507664243
885,12781.969146112046
886,12691.451988072062
887,12698.13347180791
888,12754.079674678089
889,12751.285265852124
890,12728.719452502844
891,12664.368696960311
892,12669.850765271061
893,12620.117180706107
894,12668.612984208197
895,12624.396068793483
896,12619.898370415582
897,12638.135905722766
898,12643.298130529281
899,12495.034137315788
900,12575.1580155909
901,12558.710331816555
902,12498.383345716633
903,12492.602604088497
904,12488.994086316465
905,12424.382793253268
906,12393.629281867064
907,12154.30502976683
908,12200.881376041927
909,12135.740531812216
910,12173.75982236705
911,12307.52739476775
912,12308.624851516
913,12318.593062774598
914,12234.42119137602
915,12172.00119905229
916,12292.148312116684
917,12424.088359545898
918,12268.985074151338
919,12284.04961326249
920,12274.303721454424
921,12297.1965537961
922,12280.402113195378
923,12092.498963023321
924,12085.024641842025
925,12108.70576283514
926,12079.100373057614
927,12077.364449695277
928,12137.776476521629
929,12166.815395226642
930,12065.025476533305
931,12055.317919032728
932,12165.117271982563
933,12271.337944518906
934,12300.877142948277
935,12231.43991270848
936,12225.35532512512
937,12152.312085207592
938,12191.111595210285
939,12190.365017745678
940,12155.01762427792
941,12080.740101234736
942,12053.753662735939
943,11991.997114958278
944,11889.00324520133
945,11821.521701416861
946,11859.46852571836
947,11668.4587734909
948,11694.12238761089
949,11799.518458022429
950,11773.416233316331
951,11985.149551196511
952,11967.675479002768
953,11920.280259180134
954,12036.19367759092
955,11985.658991815759
956,11881.102152423122
957,11856.614914839332
958,11942.107716139097
959,11889.169020505837
960,11784.338445301357
961,11805.65449092006
962,11962.497946484205
963,12379.658472466048
964,12334.055497637666
965,12243.221522828126
966,12282.865008728397
967,12301.107652579893
968,12186.145863845395
969,12101.098289486132
970,11933.5573310137
971,11866.511268971979
972,11901.808213549943
973,11979.552828376649
974,12282.560232225575
975,12219.145392039856
976,12189.28341418657
977,12286.184315655046
978,12258.410583044595
979,12419.00548646161
980,12400.703193815882
981,12407.24014554929
982,12293.87930961926
983,12344.473855285643
984,12450.89149099044
985,12351.16451043027
986,12269.290163955464
987,12299.530407984825
988,12290.637053791768
989,12336.208367229257
990,12412.880893113184
991,12383.852249340538
992,12373.152364469757
993,12306.1105354437
994,12338.99528508205
995,12261.22309772402
996,12156.732741316107
997,12046.833857900878
998,12016.637200946407
999,12140.58783782028
1000,12016.089999555501
1001,12018.28713979786
1002,12102.700332022825
1003,11972.528669503363
1004,12220.149364149749
1005,12315.212994621892
1006,12330.027065164075
1007,12419.144942261531
1008,12570.813647963307
1009,12486.272908127394
1010,12808.46581010597
1011,12761.364755343084
1012,12821.797021937124
1013,12768.984049077815
1014,12837.424081137293
1015,12513.351571915213
1016,12294.445943668987
1017,12271.508870386999
1018,12297.048731465158
1019,12283.003725912113
1020,12241.692706067628
1021,12356.436775628325
1022,12310.625530098252
1023,12289.045831707635
1024,12330.369810949254
1025,12339.950289414715
1026,12263.420132999574
1027,12170.00476579671
1028,12198.210473914933
1029,12166.49290322218
1030,12205.819824850849
1031,12336.586496214806
1032,12218.807831865963
1033,12280.215430818815
1034,12294.839750081985
1035,12256.306634547438
1036,12306.680619947247
1037,12173.368207232734
1038,11994.65515814287
1039,11977.925571325597
1040,11927.839012251463
1041,11905.928454165256
1042,11833.881194029764
1043,11792.204458608394
1044,11996.942035738564
1045,12080.964654162879
1046,12052.521029973246
1047,11964.597387278234
1048,12001.363264639795
1049,12022.3120002708
1050,12051.255842407525
1051,12073.077283833441
1052,12204.101540038235
1053,12229.705289966398
1054,12141.312953428194
1055,12153.32063695664
1056,12150.806454182855
1057,12062.31783382006
1058,12027.151990247688
1059,12046.652630357166
1060,11930.620475948193
1061,11927.157071568006
1062,12003.509735421838
1063,12100.592581802166
1064,12109.481836396579
1065,12136.998069683497
1066,12261.553082165698
1067,12250.871925570496
1068,12354.041987902958
1069,12232.83384458772
1070,12175.459131431555
1071,12162.688639783657
1072,12169.654481063148
1073,12169.278452225795
1074,12145.787508551597
1075,12150.999794116888
1076,12162.452185675978
1077,12166.399560843536
1078,12128.002281599984
1079,12047.210350968706
1080,11986.271352368189
1081,11992.222792787068
1082,12041.955520736028
1083,12057.691767244964
1084,12049.396325845262
1085,12072.43223617555
1086,12013.85985001415
1087,11955.943760649812
1088,11937.145277841266
1089,11896.67961811133
1090,11853.131815958304
1091,11948.780308266525
1092,11891.427006644228
1093,11988.930784836615
1094,12000.053127782388
1095,12023.666013790633
1096,11582.850297123698
1097,11187.232383889648
1098,11241.577905681726
1099,11219.573123492428
1100,11027.280716816682
1101,11044.054612900301
1102,10976.349587364573
1103,10944.38096710197
1104,10881.006448488926
1105,10889.3267415402
1106,10836.800795743147
1107,10766.118042074811
1108,10752.926900689537
1109,10732.634878087918
1110,10817.330811940776
1111,10802.750596406766
1112,10762.955248470373
1113,10626.665505467301
1114,10814.363867842436
1115,10715.727279173625
1116,10672.246513814427
1117,10728.556076728906
1118,10755.55104607025
1119,10775.900483097259
1120,10736.765606445655
1121,10809.82061111211
1122,10771.997079876828
1123,10834.148040573164
1124,10832.03810445395
1125,10865.662205179491
1126,10887.56229943538
1127,10921.662316869992
1128,10919.606097119227
1129,10851.142401435252
1130,10740.511726710238
1131,10754.654338089487
1132,10756.139842845372
1133,10807.45178671933
1134,10801.815487703385
1135,10776.008390349303
1136,10771.304669841167
1137,10733.031775795094
1138,10717.742297851299
1139,10701.269699248389
1140,10639.233605556657
1141,10774.33324958102
1142,10798.114235959167
1143,10676.826994542127
1144,10674.997322479641
1145,10636.747937791157
1146,10606.797610661535
1147,10536.398879759443
1148,10455.064201803454
1149,10425.074989463505
1150,10109.714694843386
1151,10113.133274166983
1152,10101.930977999838
1153,10164.56219638948
1154,10067.781687098468
1155,10035.049205673755
1156,10011.87304701218
1157,9914.15598291376
1158,9907.911091146572
1159,9939.952129881052
1160,10074.332014391499
1161,10167.342597915658
1162,10125.130967654668
1163,10081.586550536693
1164,10014.426588563318
1165,10051.05236884783
1166,10059.026651997716
1167,10046.870888242029
1168,10069.385835042223
1169,10095.671000798922
1170,9978.131640675554
1171,9988.609912413267
1172,10046.410283561441
1173,9987.173637549356
1174,10025.491192956866
1175,10078.882910055025
1176,10137.976385382804
1177,10156.073900500454
1178,10129.37472000839
1179,10183.99168388471
1180,10013.004074167035
1181,9968.779218242
1182,9978.111515795958
1183,9996.97457033505
1184,9838.016234313258
1185,9789.14500676808
1186,9810.10311848026
1187,9850.867807270195
1188,9744.397697493347
1189,9786.212747896552
1190,9767.927101330377
1191,9727.167793699433
1192,9746.625518135783
1193,9738.525048139103
1194,9712.139574145207
1195,9647.200191227306
1196,9707.26049171623
1197,9822.615681888676
1198,9875.17021718396
1199,9890.032450446004
1200,10000.800686925455
1201,10006.359620801633
1202,10020.670465552055
1203,9894.636262723663
1204,9909.686312904456
1205,9918.170403234748
1206,9961.861044208857
1207,9771.48672448913
1208,9708.757915595774
1209,9803.119570120196
1210,9732.153648395959
1211,9751.89553571233
1212,9758.416653418066
1213,9912.503555200998
1214,10060.208708973943
1215,9782.75168628967
1216,9772.605648918665
1217,10108.900072054685
1218,10168.45166096574
1219,9970.192707921602
1220,9919.88817671351
1221,9830.219422305905
1222,9806.65937260538
1223,9777.635330825282
1224,9771.185198712354
1225,9764.978440417353
1226,9766.662634826818
1227,9839.264710199865
1228,9905.377543423583
1229,9959.106359701662
1230,9910.949116254807
1231,9879.536145094995
1232,9978.649332012079
1233,10005.978960364373
1234,9860.511034141979
1235,9880.656144297689
1236,10026.991091491895
1237,10001.644423803398
1238,9980.239626805598
1239,9971.282498936835
1240,10055.023274366406
1241,10088.896036866337
1242,10054.075567058975
1243,10087.70268531425
1244,10157.498108192627
1245,10190.725458753883
1246,10244.03094459338
1247,10276.9680577565
1248,10210.002166342374
1249,10231.043227646622
1250,10251.63927057125
1251,10200.551509781324
1252,10205.56071681415
