,Profitloss
0,-1.0970074687336795
1,-1.1550166878980805
2,-0.8314694366154063
3,-0.21878974336727586
4,-0.8720285566387376
5,-2.2251614335488945
6,-2.243266007232625
7,-2.75658981342074
8,-2.6849729454529236
9,-2.797532786759882
10,-2.7490543179728877
11,-1.505339690209806
12,-1.368547741216164
13,-1.2184217224979865
14,-0.8986023137963595
15,-0.8432771978118758
16,-2.8680212007318295
17,-2.9735027627278976
18,-3.140792134822279
19,-3.16587523084918
20,-3.080010600618699
21,-2.467029084491179
22,-2.3654550549528697
23,-3.076696500476439
24,-2.889667436437793
25,-2.12252059237682
26,-3.102136729976368
27,-4.031748971188332
28,-3.2124266366321264
29,-3.9395469558499485
30,-3.873422225945544
31,-3.8992216840524674
32,-3.6406714733225543
33,-4.058339734399452
34,-3.901281441775817
35,-4.496456658680059
36,-4.219563128178838
37,-4.173292682690388
38,-4.200155706192121
39,-3.9276325142025947
40,-3.7956242618799596
41,-2.267445762873743
42,-2.70379981706913
43,-3.3895668298117743
44,-5.538975375378685
45,-6.221858097320487
46,-6.312571721100813
47,-6.231021950016613
48,-5.921700933342011
49,-6.415881722620487
50,-5.120661997214759
51,-5.025518130196116
52,-4.222986613873281
53,-3.7879316496609916
54,-4.42882509605197
55,-6.414144305910474
56,-6.629304987600548
57,-6.438766639996796
58,-6.082366179898813
59,-6.243809365747133
60,-6.912442531378293
61,-7.126103631090064
62,-7.13478785314946
63,-6.9858360167363465
64,-6.053381652026879
65,-5.1067555767104755
66,-5.3400872869282745
67,-5.366781002556797
68,-5.489015304578004
69,-5.117525592288352
70,-6.071686823855882
71,-6.040344642467788
72,-6.045492843427169
73,-5.8316598222593825
74,-5.744838660719342
75,-5.47207596208067
76,-5.351650871425373
77,-5.055905065654553
78,-5.697922604376437
79,-5.712867584634418
80,-6.549071949323437
81,-6.234360572913511
82,-6.098979820196204
83,-6.723826518349418
84,-7.213916382391727
85,-7.163136930026459
86,-6.970442813857991
87,-6.726783604330588
88,-7.737056855177748
89,-7.901927627185923
90,-7.74381618449188
91,-6.972330196974119
92,-7.33436925640879
93,-6.958121421797192
94,-6.922412393073863
95,-6.13389699857586
96,-5.798248416276463
97,-5.987372657744272
98,-5.685284495064202
99,-5.8366526141727215
100,-5.846568144342834
101,-5.532107928266516
102,-5.18385860797459
103,-4.812725961301611
104,-5.001859361521199
105,-5.634384254446811
106,-5.925352897034131
107,-6.073625828447405
108,-5.84507562439226
109,-5.618184776343449
110,-5.737278075593233
111,-6.558280681672857
112,-6.568259417869971
113,-5.674496094018544
114,-5.660117414599863
115,-5.534833973600383
116,-5.380093853614321
117,-5.173753448018214
118,-5.632878428401577
119,-5.912849048657032
120,-6.872969673126262
121,-7.069089983316612
122,-7.496340469150697
123,-7.230108419390168
124,-7.5333108348937365
125,-7.823855572342852
126,-7.992623993834003
127,-8.596944677257701
128,-7.428414385164284
129,-7.186469570339793
130,-6.72927807738245
131,-7.204829247302314
132,-7.885732995806515
133,-6.668793912034065
134,-5.904252976806578
135,-6.146041392352119
136,-5.680852683304327
137,-5.05675387309169
138,-5.253584374794507
139,-5.739596291234039
140,-5.9978469457342865
141,-9.886437311034403
142,-9.72138633977816
143,-9.17400903387524
144,-8.651970307154622
145,-9.67938634985791
146,-9.405136110334722
147,-9.5400774374777
148,-9.831001861806444
149,-10.087605564286017
150,-9.824969040607435
151,-10.472675120616536
152,-12.511206176961753
153,-11.762177337657477
154,-11.855878521872665
155,-11.962435013208705
156,-12.40006387325061
157,-13.162308503194375
158,-13.954328968839825
159,-14.881246550661608
160,-16.434727279381544
161,-17.273208130837137
162,-16.248881105339464
163,-15.649045465793133
164,-15.67689722201676
165,-15.417453347035359
166,-16.538418684370193
167,-16.058092393497937
168,-15.608809922798372
169,-16.346345107276584
170,-16.087051910806295
171,-15.77394357308588
172,-16.245119906985394
173,-16.17766650630317
174,-17.26775032452653
175,-17.161303434288655
176,-15.961857924818013
177,-16.455151686557322
178,-17.78611994955788
179,-18.004883900747338
180,-19.119282595983623
181,-19.491819802380483
182,-20.33172534357257
183,-20.013841504887964
184,-20.276940092104788
185,-19.090294934937845
186,-16.538532007647046
187,-17.419346947408787
188,-16.516803424294903
189,-16.094202119711888
190,-15.990965143412373
191,-16.267447987630245
192,-16.606661611271168
193,-15.750665607187164
194,-15.571765760573086
195,-15.435561831495171
196,-15.931788904579246
197,-15.971819762085426
198,-15.954171395050288
199,-16.15567488394798
200,-16.27602342022685
201,-16.953838141531076
202,-17.988599081269165
203,-17.46735762858981
204,-16.767787462561678
205,-15.630185899866111
206,-15.449174855387138
207,-16.994826622339886
208,-15.60851601074631
209,-15.407132007012315
210,-15.87482282882321
211,-15.900383699966481
212,-15.954094915962314
213,-16.015083353441828
214,-16.935624120528704
215,-16.8910200983335
216,-16.77657654466366
217,-16.98524143650134
218,-18.375278153797503
219,-17.732373515666477
220,-18.122138538176934
221,-16.779020250529307
222,-15.300100482948388
223,-15.44215365145286
224,-14.580154741342643
225,-14.807840663967864
226,-15.550912022099816
227,-14.780829277231112
228,-13.74424404936706
229,-13.59173340470391
230,-13.851466996786622
231,-14.621090314058161
232,-14.6441802897734
233,-14.986189571019647
234,-15.59428750804095
235,-15.774348926513394
236,-15.980780676870566
237,-16.71667742396662
238,-17.97918113678605
239,-17.612677566006717
240,-17.43586932100164
241,-17.537499923618494
242,-18.633454044232323
243,-17.584461890051383
244,-17.45260140838991
245,-17.44867162299809
246,-17.49083263209816
247,-17.678858363725126
248,-17.569047160332552
249,-18.736586068478132
250,-19.028269116968023
251,-20.11688732141288
252,-20.318104971045237
253,-21.06712508164087
254,-23.13379803962198
255,-24.324707838254746
256,-23.796835871255382
257,-23.944475014949983
258,-25.017391724787174
259,-24.064522976449766
260,-27.868994656376568
261,-27.528258007140604
262,-28.544894595452284
263,-27.631537745031988
264,-27.27400665236607
265,-27.651009456864127
266,-27.506414700713776
267,-30.374546811335257
268,-30.46354811170491
269,-28.890871204472912
270,-29.143075694042352
271,-31.804655980911743
272,-32.43894610108522
273,-31.11879494235936
274,-31.318443885074576
275,-32.288555065201486
276,-33.29876764211291
277,-32.17767938956128
278,-32.65057709031034
279,-30.695123155569213
280,-29.423664677644624
281,-28.25367063632357
282,-26.9435156310724
283,-26.87818687016025
284,-25.55352699935989
285,-26.558608405735228
286,-26.530363125607803
287,-26.973799080105987
288,-24.525374281325142
289,-24.346153546021743
290,-23.36604106329102
291,-23.592323721507803
292,-23.040550201081246
293,-22.876478547402222
294,-22.82321940768667
295,-23.11894538750332
296,-22.044049744448213
297,-22.100211139451996
298,-21.533763305054144
299,-22.1021636935158
300,-22.27588803132162
301,-21.632163842823193
302,-21.620060561162635
303,-20.583392338572924
304,-20.64867140487534
305,-20.424432160950435
306,-20.8670074540513
307,-21.185059439036092
308,-21.147249372480793
309,-20.06823144706952
310,-19.465593489207002
311,-19.86697026798402
312,-20.02957513913359
313,-20.224330766620092
314,-20.630172543093504
315,-20.526623210067463
316,-21.372767110237135
317,-20.699346134718855
318,-20.13084004312413
319,-19.76867584542874
320,-18.90047142699489
321,-18.925632868965124
322,-19.026000020762545
323,-19.44354612087169
324,-18.525651112793394
325,-18.547533581505316
326,-18.71342759463268
327,-19.16861274041842
328,-19.10167529391962
329,-19.076047810991682
330,-19.31646030630636
331,-19.244941596234032
332,-19.194883930906947
333,-20.030789601818388
334,-21.112258601615018
335,-20.98288296993742
336,-21.291175035546107
337,-22.01715215070856
338,-22.594586217257728
339,-22.8194976377725
340,-23.118455126361948
341,-23.558392165630483
342,-22.168453509315867
343,-21.610718274634834
344,-21.11549346745969
345,-21.298207768348544
346,-21.643765049997032
347,-21.412719509769396
348,-21.4496735626329
349,-19.478789329701662
350,-19.39467555468327
351,-19.038754218520392
352,-18.071671851833404
353,-18.327393010164872
354,-18.929604274689606
355,-18.897593950225666
356,-19.167808089256944
357,-19.007451689124732
358,-19.78508461504219
359,-19.794342826289036
360,-19.90789649687207
361,-20.986091071370574
362,-20.986066984898834
363,-21.50151432464029
364,-21.498616521552627
365,-20.899267883330264
366,-20.777239259618042
367,-19.93939134712841
368,-20.397465427602988
369,-19.864377504241716
370,-19.491176647843368
371,-20.49061539968482
372,-20.991018612123714
373,-20.333109805575532
374,-19.46671703099241
375,-18.96209166327003
376,-18.852644990758193
377,-19.395074122808666
378,-20.263290867890994
379,-20.208730493480154
380,-21.15000355102228
381,-20.418445654289876
382,-20.719772543979463
383,-20.924831950205768
384,-20.81813353904719
385,-20.567692399231053
386,-20.11471223653959
387,-20.9100938779755
388,-21.162742875944495
389,-21.270562057800024
390,-21.677866635740006
391,-21.749066930187865
392,-21.856675033166262
393,-21.640291755202966
394,-21.43089403290367
395,-23.27702596319948
396,-22.99302310387087
397,-23.245234309134545
398,-22.97032183529646
399,-22.672790455981463
400,-21.625426541296623
401,-21.835316507826686
402,-21.034262799712543
403,-20.83244728312419
404,-20.595471594939074
405,-21.101460309516273
406,-20.419328901431477
407,-20.46623568144109
408,-20.77080470604654
409,-20.474754776377313
410,-21.03792064974652
411,-21.511627450704207
412,-21.38673764465707
413,-21.755278942937007
414,-21.791579888153656
415,-21.56910084122664
416,-21.61355111309543
417,-21.67865475315204
418,-22.553167652331684
419,-22.023957674003082
420,-21.746078803304293
421,-21.01184931550748
422,-20.65745277919876
423,-20.47214810343728
424,-20.698756956211472
425,-20.611566960414407
426,-21.043026303736625
427,-21.190739171325813
428,-20.337486985718613
429,-20.504984750677004
430,-20.434233091193377
431,-20.4485051975588
432,-19.77051373961961
433,-19.346200047208672
434,-19.91487144234989
435,-20.41244638331544
436,-20.426306409520624
437,-20.78694997491781
438,-21.34575132362758
439,-21.217245880733905
440,-21.195496295772863
441,-20.559981268511674
442,-20.555266120204852
443,-21.111149208688097
444,-21.40098683419892
445,-21.37058077234496
446,-22.158481939235198
447,-22.220045703136325
448,-22.517298917693296
449,-22.57413941102516
450,-22.698179175741462
451,-22.408633241333163
452,-22.35827913934847
453,-22.178129274078685
454,-22.285132205602608
455,-21.98091430509991
456,-22.827553191769933
457,-24.27566504198879
458,-24.37678047609676
459,-24.084239770465498
460,-23.95502317704755
461,-24.20015352753535
462,-25.703887591396
463,-25.75557660116605
464,-25.905171157630168
465,-24.785662671153062
466,-25.01809567050054
467,-25.346118843192155
468,-26.983334056475904
469,-27.675106140359674
470,-28.124962005932865
471,-27.819696814614158
472,-27.094946626997917
473,-26.3277914071942
474,-26.57822329531613
475,-25.590800950213723
476,-25.388395896119707
477,-25.305541119864905
478,-25.55218312179972
479,-25.50903541520917
480,-25.089060713630673
481,-25.669551672424607
482,-26.244596187201452
483,-26.489796847973114
484,-25.699002060973907
485,-25.590834354225244
486,-24.796683564717615
487,-24.86540354046619
488,-24.615265070860005
489,-24.917719344136458
490,-24.232101470325972
491,-24.518804418786356
492,-24.92418242249218
493,-25.331835332846765
494,-25.146942268668305
495,-25.012818047987594
496,-25.1910378638182
497,-25.35309354224132
498,-25.180692710895958
499,-24.83544719962921
500,-24.913857028256125
501,-24.726480078936884
502,-24.884490048437158
503,-24.273940835050535
504,-23.340661346185275
505,-22.942544546636825
506,-23.13254378822942
507,-22.699149985025468
508,-21.963905949136986
509,-21.993999329014425
510,-21.861534812786964
511,-22.002672226371278
512,-22.14151957764373
513,-22.350077058296502
514,-22.353194509897822
515,-22.78088985755509
516,-22.943640072000683
517,-22.9985238071192
518,-23.09490043083724
519,-22.902029036857428
520,-23.38890309888475
521,-23.00808497357043
522,-22.616392129480246
523,-22.78787017588385
524,-22.79490267857066
525,-22.60629814328048
526,-22.83944456450263
527,-22.773685266217093
528,-20.79632587550776
529,-20.661394360145337
530,-20.551109051935658
531,-20.315808466847407
532,-19.815943672928636
533,-19.87809795561081
534,-19.433054093819134
535,-20.233899806599208
536,-19.50082664280447
537,-19.59320621335402
538,-19.715455069486964
539,-20.664374252727047
540,-20.75318984648281
541,-20.541842920687714
542,-20.38753126050956
543,-20.5711951459024
544,-20.19755509536967
545,-20.282801388726924
546,-20.29756191992077
547,-20.291847392994498
548,-20.249026043126193
549,-20.224052570525085
550,-20.265158236269144
551,-20.173343431851986
552,-20.055488842709234
553,-19.103638060227645
554,-19.04113282976955
555,-19.14750849677712
556,-19.968195042014504
557,-20.113707362193967
558,-20.1749123826226
559,-20.24743030234105
560,-20.30483403194234
561,-20.21317728779788
562,-20.151785456078063
563,-20.088218117709612
564,-20.044902383281105
565,-20.156912187924835
566,-20.339089862096138
567,-20.705955232061058
568,-21.357056678042607
569,-21.50993267838135
570,-21.191085203558412
571,-21.30005888219788
572,-21.275570227921037
573,-20.507052107341316
574,-20.368070023672225
575,-20.019907958565863
576,-19.008244071545622
577,-18.932189833919345
578,-19.25159002196618
579,-18.883034114558505
580,-17.85073797584079
581,-17.97208482517214
582,-18.369907893606374
583,-20.435639799463523
584,-20.47208419918862
585,-20.50916400423084
586,-20.522465266760793
587,-22.142240118416435
588,-21.97227984764997
589,-21.92283309367582
590,-20.78149164680222
591,-20.780927536014783
592,-20.661701139625364
593,-19.773774407009604
594,-19.855071557508353
595,-18.552701091978076
596,-18.980843002734172
597,-19.35740143459873
598,-18.62709991030882
599,-17.557055711644843
600,-17.525837504558574
601,-17.48516555793831
602,-17.26291620231165
603,-16.396012423224583
604,-16.460639136899047
605,-17.18223437588883
606,-16.998179717278006
607,-16.973403183740142
608,-17.00687045695909
609,-17.078106758898628
610,-16.629896264979426
611,-17.312050987021454
612,-17.736623086837533
613,-17.95877727839287
614,-17.71486613830676
615,-17.534102009059126
616,-17.59703393091194
617,-18.074864034979964
618,-18.002549975982706
619,-17.78874107213766
620,-18.740797022793053
621,-17.961843686881775
622,-17.727581954430317
623,-17.570863967157823
624,-17.571158924502818
625,-17.590412363367157
626,-17.180175032525735
627,-16.486421982981735
628,-15.996317601470523
629,-15.723011715210689
630,-15.802884013519314
631,-16.006021758968004
632,-15.626774318493197
633,-15.570424929422433
634,-15.353268252610297
635,-14.897303453806199
636,-14.499808828852823
637,-14.519603101628253
638,-14.51812821379217
639,-14.021010924682898
640,-14.384264867842877
641,-12.534402559994739
642,-11.577398142521577
643,-11.82115797461295
644,-10.437858168956549
645,-10.441897820700575
646,-9.60797417094853
647,-8.855043945899466
648,-8.98020410395114
649,-8.281566939077656
650,-8.143219307923621
651,-8.294438987240015
652,-8.108221486698008
653,-7.9012658641223865
654,-7.803637789551187
655,-8.618979679548522
656,-8.726460333440599
657,-8.628914616270167
658,-8.494758281000724
659,-8.561147966209681
660,-9.282744718627878
661,-9.67136143277788
662,-9.602335795347605
663,-9.418851680338058
664,-9.743704086070615
665,-9.425958832981296
666,-9.236634328214056
667,-9.87690222358124
668,-9.963017748186665
669,-9.239644423510462
670,-8.376415635315148
671,-7.883651910763135
672,-8.093194407053605
673,-8.099019144669285
674,-8.03886819100409
675,-7.788544020977084
676,-6.598635552778854
677,-6.027305888465861
678,-6.204359795487324
679,-5.498192994525198
680,-4.843531498816301
681,-4.765597673046784
682,-5.434647700018758
683,-5.53574699161421
684,-5.562911889949329
685,-5.405354922346007
686,-5.562593637008284
687,-5.799308535361691
688,-5.0450553086629935
689,-5.174967298423416
690,-4.919208436365475
691,-4.88657747575817
692,-4.261217468880563
693,-4.624260038314787
694,-4.499644329511298
695,-5.6123669271181615
696,-5.318695462755596
697,-4.522924051555821
698,-4.642244081830727
699,-4.855772679498937
700,-5.121382749922187
701,-4.511653396210768
702,-4.924213128120569
703,-4.930084347305453
704,-5.117469403552699
705,-5.043450173511932
706,-3.928407415547641
707,-4.080898739324357
708,-4.7633691745353595
709,-4.589139176081791
710,-6.463243264613839
711,-6.63268575074264
712,-6.417065568033342
713,-6.131749134774811
714,-6.265893027447234
715,-6.284440453309481
716,-6.01687194859557
717,-6.2121749806368864
718,-6.636909409788283
719,-6.931010123885095
720,-6.77873842672091
721,-7.130010992735148
722,-7.29990076850997
723,-7.907108174450029
724,-7.3115275938978375
725,-7.253972771573125
726,-6.077155080920282
727,-6.126354351367569
728,-5.698168980078666
729,-6.025777277424471
730,-6.105701104425753
731,-6.662321264529014
732,-6.282517224336026
733,-6.524694296127409
734,-7.31661921554857
735,-6.978352929958087
736,-7.989276992330662
737,-7.358341083005826
738,-6.954588663483053
739,-7.209414223694177
740,-6.968673488272426
741,-6.986761934127916
742,-7.304794016140537
743,-7.68983878314563
744,-5.966779250304743
745,-6.587380404987941
746,-6.602971397408785
747,-5.434417768138189
748,-5.270491518594733
749,-5.368743815768163
750,-5.455778062686534
751,-5.374797762709993
752,-5.327270278315909
753,-4.706011976556268
754,-4.410235470974532
755,-3.964724020558752
756,-3.836202890006246
757,-3.417816970132903
758,-3.2085146778504825
759,-3.6436816881889933
760,-3.3351127076703624
761,-2.5513220708881956
762,-1.8948005667404066
763,-2.130251266167138
764,-2.2535385469314106
765,-2.230524075305429
766,-1.7910936333574656
767,-0.664717379015245
768,-0.7695117358851089
769,-0.7196717470212666
770,0.22211366037847569
771,-0.3692557953523634
772,-1.8703864000880754
773,-1.3619078890616532
774,-2.0371762980880392
775,-2.649762614011164
776,-3.753006611069043
777,-3.405596470790684
778,-3.579111380382527
779,-4.035499135010645
780,-4.659454975463784
781,-3.6158055716790094
782,-3.365439248387303
783,-2.8148774344981864
784,-1.733788031765815
785,-1.9172220097637083
786,-2.2584441271603306
787,-2.167047800926325
788,-2.0491716887015787
789,-1.0673896438390895
790,-0.8224120934239298
791,-1.6244404525746936
792,-1.8243163483236735
793,-2.682302501062006
794,-2.7419806135195457
795,-1.620586877480068
796,-1.3403703566211345
797,-1.5152852135061234
798,-0.8321213976526409
799,-0.4853991904091193
800,0.14009646247725716
801,-0.4851951465340343
802,0.894382099553126
803,1.3709965667716206
804,0.6563972262642492
805,-0.3557851539289114
806,-0.4083152152258962
807,0.4804671959316442
808,-2.526964363562778
809,-3.9175336848401465
810,-2.5349268553438997
811,-3.6857527045386362
812,-4.001016743992825
813,-3.455532850477261
814,-3.6821414769928507
815,-4.6458752421280725
816,-4.157223477499183
817,-4.161677874034487
818,-4.877411619951411
819,-4.117847865685809
820,-3.808293358810255
821,-4.431330013748247
822,-4.3141384470720245
823,-3.172665225738136
824,-3.0444286001149345
825,-2.7343285164473707
826,-2.499013180013787
827,-2.604510661249282
828,-2.800497788834555
829,-2.963091602588308
830,-2.807539978854634
831,-2.807539978854634
832,-2.3350434669016207
833,0.20387793906382345
834,0.31763095396244445
835,0.16322565715063408
836,-0.33920155936558727
837,-1.055912245634516
838,-1.1067905247543752
839,-0.8098307715129094
840,0.31874528417319414
841,0.7127254412186756
842,1.6062743784001743
843,2.3907660657920937
844,2.2801295013698875
845,2.0002518570036987
846,2.3476070518073433
847,1.7648270768151342
848,0.2874556059699884
849,0.19766516797190548
850,0.8604457392761056
851,0.015336663715981302
852,-0.3140054567909778
853,0.7086803277870368
854,0.4384118238098589
855,0.15573837010753877
856,0.32319678377970007
857,2.0153511354569
858,5.324751837593622
859,5.2692619955871045
860,5.0632522681025804
861,4.876298973461846
862,5.196369551710478
863,6.073437056081721
864,5.659877510630662
865,5.844128267168824
866,5.991864377819356
867,5.547955601149845
868,5.219788857065066
869,4.143571205515584
870,4.499466626343684
871,4.087335110578438
872,4.703752212431178
873,3.624195134101793
874,3.6349668635333066
875,3.0412503462507123
876,2.6606233245265454
877,2.8749471378774816
878,3.039887826095633
879,3.1580851744964944
880,3.2444727295820597
881,4.550643481074101
882,6.054641798060656
883,5.979463307860922
884,6.039220897202036
885,6.5164095509337105
886,5.762099900600526
887,5.817778931732587
888,6.283997288984078
889,6.260710548767712
890,6.072662104190374
891,5.536405808002587
892,5.582089710592175
893,5.167643172550895
894,5.5717748684016355
895,5.203300573279024
896,5.1658197534631745
897,5.317799214356378
898,5.360817754410685
899,4.125284477631563
900,4.792983463257494
901,4.655919431804634
902,4.153194547638606
903,4.105021700737477
904,4.0749507193038825
905,3.5365232771105592
906,3.280244015558864
907,1.2858752480569224
908,1.6740114670160677
909,1.1311710984351464
910,1.447998519725413
911,2.562728289731253
912,2.5718737626333477
913,2.654942189788323
914,1.953509928133501
915,1.4333433254357653
916,2.4345692676390307
917,3.5340696628824775
918,2.2415422845944777
919,2.3670801105207584
920,2.2858643454535255
921,2.4766379483008416
922,2.3366842766281426
923,0.7708246918610051
924,0.7085386820168793
925,0.9058813569595037
926,0.6591697754801062
927,0.6447037474606399
928,1.1481373043469079
929,1.3901282935553594
930,0.5418789711108651
931,0.46098265860607945
932,1.3759772665213665
933,2.2611495376575474
934,2.507309524568968
935,1.9286659392373284
936,1.8779610427093196
937,1.2692673767299212
938,1.592596626752374
939,1.5863751478806476
940,1.2918135356493332
941,0.6728341769561386
942,0.44794718946614687
943,-0.06669070868101645
944,-0.9249729566555898
945,-1.48731915485949
946,-1.1710956190136734
947,-2.7628435542425
948,-2.548980103242582
949,-1.670679516479756
950,-1.8881980556972433
951,-0.12375374002907558
952,-0.2693710083102707
953,-0.6643311734988888
954,0.30161397992434225
955,-0.11950840153533981
956,-0.9908153964739874
957,-1.1948757096722273
958,-0.48243569884085513
959,-0.9235914957846925
960,-1.7971796224886982
961,-1.619545908999498
962,-0.3125171126316273
963,3.163820603883738
964,2.7837958136472274
965,2.0268460235677077
966,2.357208406069966
967,2.509230438165777
968,1.5512155320449583
969,0.8424857457177692
970,-0.5536889082191632
971,-1.1124060919001755
972,-0.8182648870838083
973,-0.17039309686125437
974,2.3546686018797836
975,1.8262116003321394
976,1.577361784888076
977,2.3848692971253804
978,2.153421525371635
979,3.4917123871800904
980,3.3391932817990133
981,3.393667879577422
982,2.448994246827163
983,2.870615460713699
984,3.7574290915870057
985,2.9263709202522525
986,2.2440846996288677
987,2.4960867332068704
988,2.421975448264746
989,2.8017363935771478
990,3.4406741092765314
991,3.1987687445044877
992,3.1096030372479877
993,2.550921128697503
994,2.824960709017077
995,2.176859147700161
996,1.3061061776342253
997,0.39028214917398163
998,0.13864334122004607
999,1.1715653151689986
1000,0.13408332962916436
1001,0.15239283164882877
1002,0.8558361001901993
1003,-0.22892775413864141
1004,1.8345780345812468
1005,2.6267749551824426
1006,2.7502255430339684
1007,3.492874518846101
1008,4.756780399694227
1009,4.052274234394937
1010,6.73721508421643
1011,6.344706294525704
1012,6.848308516142687
1013,6.408200408981801
1014,6.978534009477433
1015,4.277929765960109
1016,2.453716197241551
1017,2.262573919891664
1018,2.4754060955429757
1019,2.3583643826009304
1020,2.0141058838968995
1021,2.970306463569372
1022,2.58854608415211
1023,2.408715264230299
1024,2.753081757910447
1025,2.8329190784559533
1026,2.1951677749964427
1027,1.4167063816392433
1028,1.6517539492911126
1029,1.3874408601848298
1030,1.7151652070904078
1031,2.804887468456707
1032,1.8233985988830304
1033,2.3351285901567875
1034,2.456997917349879
1035,2.135888621228643
1036,2.5556718328937134
1037,1.4447350602727838
1038,-0.044540348809418706
1039,-0.18395357228668807
1040,-0.6013415645711451
1041,-0.7839295486228637
1042,-1.3843233830853063
1043,-1.7316295115967217
1044,-0.02548303551196396
1045,0.674705451357327
1046,0.4376752497770475
1047,-0.29502177268138086
1048,0.011360538664950681
1049,0.18593333559000502
1050,0.4271320200627038
1051,0.6089773652786734
1052,1.7008461669852926
1053,1.91421074971998
1054,1.1776079452349597
1055,1.2776719746386611
1056,1.256720451523785
1057,0.5193152818338209
1058,0.22626658539739442
1059,0.38877191964306057
1060,-0.5781627004317169
1061,-0.6070244035999428
1062,0.029247795181985836
1063,0.838271515018052
1064,0.9123486366381606
1065,1.1416505806958188
1066,2.179609018047479
1067,2.0905993797541322
1068,2.950349899191318
1069,1.9402820382310004
1070,1.462159428596288
1071,1.3557386648638037
1072,1.413787342192907
1073,1.4106537685482978
1074,1.2148959045966468
1075,1.2583316176407289
1076,1.3537682139664886
1077,1.386663007029476
1078,1.066685679999857
1079,0.3934195914058858
1080,-0.11440539693176044
1081,-0.06481006010776724
1082,0.3496293394668948
1083,0.48076472704137174
1084,0.4116360487105286
1085,0.6036019681295857
1086,0.115498750117915
1087,-0.3671353279182332
1088,-0.5237893513227898
1089,-0.8610031824055842
1090,-1.2239015336807935
1091,-0.4268307644456293
1092,-0.9047749446314368
1093,-0.09224345969487402
1094,0.0004427315199118098
1095,0.1972167815886161
1096,-3.4762475239691892
1097,-6.77306346758626
1098,-6.3201841193189505
1099,-6.503557304229767
1100,-8.105994026527652
1101,-7.96621155916416
1102,-8.530420105295223
1103,-8.796825274150255
1104,-9.324946262592281
1105,-9.255610487165
1106,-9.693326702140437
1107,-10.282349649376577
1108,-10.392275827587182
1109,-10.561376015934021
1110,-9.855576567160206
1111,-9.977078363276949
1112,-10.308706262746892
1113,-11.44445412110583
1114,-9.880301101313037
1115,-10.702272673553125
1116,-11.06461238487978
1117,-10.595366027259113
1118,-10.370407949414584
1119,-10.200829307522842
1120,-10.526953279619544
1121,-9.918161574065742
1122,-10.233357667693099
1123,-9.715432995223638
1124,-9.733015796217082
1125,-9.452814956837575
1126,-9.27031417137183
1127,-8.98614735941674
1128,-9.00328252400644
1129,-9.573813321372892
1130,-10.495735610748014
1131,-10.377880515920934
1132,-10.365501309621894
1133,-9.93790177733892
1134,-9.984870935805123
1135,-10.19993008042247
1136,-10.239127751323608
1137,-10.558068535040876
1138,-10.685480851239182
1139,-10.822752506263422
1140,-11.339719953694516
1141,-10.213889586824843
1142,-10.015714700340272
1143,-11.026441712148937
1144,-11.041688979336318
1145,-11.360433851740359
1146,-11.610019911153879
1147,-12.196676002004647
1148,-12.874464984971212
1149,-13.124375087804129
1150,-15.752377542971786
1151,-15.723889381941813
1152,-15.817241850001352
1153,-15.295315030087675
1154,-16.10181927417943
1155,-16.37458995271871
1156,-16.567724608231828
1157,-17.38203347571866
1158,-17.43407424044523
1159,-17.167065584324558
1160,-16.047233213404176
1161,-15.272145017369521
1162,-15.623908602877767
1163,-15.986778745527563
1164,-16.546445095305685
1165,-16.241230259601412
1166,-16.174777900019034
1167,-16.276075931316424
1168,-16.088451374648137
1169,-15.86940832667565
1170,-16.848902994370384
1171,-16.761584063222777
1172,-16.279914303654653
1173,-16.77355302042203
1174,-16.454240058692783
1175,-16.00930908287479
1176,-15.516863455143293
1177,-15.36605082916288
1178,-15.58854399993007
1179,-15.133402634294091
1180,-16.558299381941378
1181,-16.92683984798333
1182,-16.849070701700352
1183,-16.691878580541243
1184,-18.016531380722856
1185,-18.423791610266004
1186,-18.249140679331166
1187,-17.909434939415036
1188,-18.796685854222105
1189,-18.44822710086207
1190,-18.600607488913525
1191,-18.940268385838056
1192,-18.778120682201806
1193,-18.845624598840804
1194,-19.06550354878994
1195,-19.606665073105777
1196,-19.106162569031415
1197,-18.14486931759437
1198,-17.706914856800328
1199,-17.583062912949966
1200,-16.659994275621205
1201,-16.613669826653055
1202,-16.494412787066203
1203,-17.544697810636144
1204,-17.419280725796206
1205,-17.348579973043766
1206,-16.98449129825952
1207,-18.57094396259058
1208,-19.093684036701887
1209,-18.30733691566503
1210,-18.898719596700342
1211,-18.734203869063915
1212,-18.679861221516113
1213,-17.395803706658352
1214,-16.164927425217137
1215,-18.477069280919412
1216,-18.561619592344456
1217,-15.75916606621096
1218,-15.262902825285495
1219,-16.91506076731998
1220,-17.334265194054087
1221,-18.081504814117455
1222,-18.27783856162184
1223,-18.51970557645598
1224,-18.573456677397047
1225,-18.625179663188717
1226,-18.611144709776518
1227,-18.006127415001128
1228,-17.455187138136807
1229,-17.007447002486153
1230,-17.40875736454327
1231,-17.67053212420837
1232,-16.84458889989934
1233,-16.61684199696356
1234,-17.829074715483518
1235,-17.661198797519262
1236,-16.441740904234216
1237,-16.652963134971678
1238,-16.83133644328668
1239,-16.905979175526376
1240,-16.208139380279952
1241,-15.925866359447182
1242,-16.216036941175204
1243,-15.93581095571458
1244,-15.354182431728102
1245,-15.077287843717645
1246,-14.633075461721834
1247,-14.358599518695836
1248,-14.916648613813555
1249,-14.741306436278157
1250,-14.569672745239581
1251,-14.995404085155627
1252,-14.95366069321541
