,cash
0,0.8807747107627641
1,0.9330966602909178
2,0.8367722781141752
3,0.8384080014051437
4,0.7511144624178407
5,0.8436117416823108
6,0.8752849071447109
7,0.8791637123326924
8,0.7681726742981224
9,0.8726602807468222
10,0.7831740388703341
11,0.8994052904233135
12,0.8747114036892212
13,0.8915524982519795
14,0.872260764108774
15,0.8249071435103659
16,0.8620932016534493
17,0.8106561003044874
18,0.861887462641411
19,0.8033417944068881
20,0.8754869895613948
21,0.8237659327371094
22,0.6853117257741429
23,0.8503333415386397
24,0.8848110202202496
25,0.6873646085932117
26,0.8335508409529593
27,0.7314654499483545
28,0.9079951907684075
29,0.8438525817051515
30,0.8263040341620291
31,0.8161950116664632
32,0.7993005383095265
33,0.7397481087724815
34,0.9071734402336408
35,0.8963671992553434
36,0.8826827796889904
37,0.8330152714093965
38,0.7961764554728818
39,0.8139909345978965
40,0.8139015761278671
41,0.857924840898694
42,0.9419350203750793
43,0.8103968064859142
44,0.828077896690961
45,0.8425084460718902
46,0.8640669071667019
47,0.7684562864056856
48,0.8217627797597562
49,0.8178811254717897
50,0.786429996197075
51,0.861647294137488
52,0.9003983472382175
53,0.8663835702059449
54,0.7639360225035735
55,0.843363617971622
56,0.8451181624406072
57,0.831926376171789
58,0.837781716994507
59,0.8345289181841506
60,0.8474072783288299
61,0.8286859981556215
62,0.8958378010139476
63,0.8919877651160768
64,0.7147051508599677
65,0.8987119896862942
66,0.8145653628345062
67,0.7242417127107204
68,0.850821317804034
69,0.8167724471564973
70,0.7750576433818248
71,0.7500229721502542
72,0.8837882994891837
73,0.8366508187813047
74,0.8492599246049395
75,0.7450446977263743
76,0.9280307317164149
77,0.7817825139204756
78,0.8625431138454307
79,0.861814875739169
80,0.8953579144167421
81,0.9102399199992531
82,0.8358437796339323
83,0.8799261805735855
84,0.7474944208708365
85,0.7491674603578565
86,0.8145714542409279
87,0.8289436058792591
88,0.8794028075937621
89,0.9179938404653311
90,0.7873720966678849
91,0.8026846041511766
92,0.8339439871878571
93,0.8563793246020045
94,0.8427548518647113
95,0.8776072876692441
96,0.877271959430783
97,0.7916437588055937
98,0.8873124936671845
99,0.8910970652898638
100,0.7544876855670811
101,0.9225082851407128
102,0.8913294741393246
103,0.8025880658340561
104,0.8869097343839537
105,0.8320698032964042
106,0.6711352983398103
107,0.8600671696429587
108,0.838785259067995
109,0.8181159126056287
110,0.9092038873801115
111,0.8953327843803998
112,0.8716182078716188
113,0.881381155257302
114,0.7511589441967079
115,0.8753393403740111
116,0.7857002943071478
117,0.8996940830436586
118,0.8476965540243456
119,0.8705539049403824
120,0.8901822774938437
121,0.8435994504726587
122,0.8430180255295413
123,0.8620510900098995
124,0.8376166524103076
125,0.8178712103194236
126,0.8335318054620376
127,0.8330421138501272
128,0.8560727335904142
129,0.8672607226044022
130,0.8424383428536131
131,0.85271352927178
132,0.8692061808054774
133,0.8343021541571405
134,0.8707623698303988
135,0.7144915555117571
136,0.7850509846243857
137,0.8269192596201551
138,0.8887236521496997
139,0.8042650024326148
140,0.8694731233122515
141,0.8408352107946883
142,0.898125175868597
143,0.7660812498789166
144,0.8214644346876614
145,0.8385615249154796
146,0.8105702303439487
147,0.8323976597386674
148,0.8016646070405424
149,0.7937575265598548
150,0.8251064452335427
151,0.8894077784148039
152,0.8447661571503119
153,0.7954225797667412
154,0.8277491801833802
155,0.8710588025526229
156,0.832882682547342
157,0.7798488326029509
158,0.8287588873524682
159,0.7483824983935354
160,0.8960528735294311
161,0.8939136154752344
162,0.8539250104965312
163,0.8422489957235548
164,0.8524756752468985
165,0.6944081546549667
166,0.8008210554528408
167,0.8759805499854841
168,0.8604424398602512
169,0.8817342417505011
170,0.8922459268381454
171,0.9029558348365408
172,0.8188336861965013
173,0.8726031676857112
174,0.8041745742889826
175,0.8384102952241222
176,0.6332747927241352
177,0.8257878006803288
178,0.81086928613277
179,0.8926386743729924
180,0.6581644143388545
181,0.8855399136545444
182,0.8915602691894056
183,0.8449286816399112
184,0.8197825646276626
185,0.8542926669377591
186,0.8711034372892671
187,0.8742023716746912
188,0.8688075579947458
189,0.8560987864566789
190,0.8375786216466374
191,0.8654205214291733
192,0.8766436563626663
193,0.8408856562787244
194,0.8870034087799519
195,0.8124731627480603
196,0.8531256306382924
197,0.752619944243155
198,0.8421556661557323
199,0.8795667076654193
200,0.8642115331527397
201,0.9166493051939751
202,0.8430370592619395
203,0.8891059883168746
204,0.8637537278423607
205,0.8524770658080211
206,0.8042072244905242
207,0.8651632129874014
208,0.8926865864585343
209,0.8863114807209245
210,0.8476854740743601
211,0.8459591004992008
212,0.9114338974811941
213,0.7688734188461911
214,0.8557440290468348
215,0.8172579778094066
216,0.86735985555753
217,0.7519972542814086
218,0.9154802693619083
219,0.8604341433439753
220,0.8935355461457808
221,0.8155060731847854
222,0.8368324007466301
223,0.9041184619251376
224,0.8037576626624949
225,0.8804530433478154
226,0.9264161291641528
227,0.9199222042775105
228,0.8003243877869908
229,0.7615994529151754
230,0.7366381790503027
231,0.8097607616796916
232,0.8509342634563991
233,0.8845860322608334
234,0.7946548531139258
235,0.8552787305305426
236,0.8393758607285056
237,0.8329178484742604
238,0.7357363670470933
239,0.7379285230989006
240,0.8061144712574049
241,0.9196403058139136
242,0.8682437518197318
243,0.8055408798962294
244,0.7913752997958841
245,0.7469986377329366
246,0.8611856770080074
247,0.8829148834007992
248,0.7986809506877267
249,0.9240731352464814
250,0.8683572760751074
251,0.8345797835861304
252,0.8860620318363772
253,0.8909879876492967
254,0.8538771425943558
255,0.9174071494439681
256,0.7642576843144703
257,0.9071906038363517
258,0.8009042570180627
259,0.7134417181633409
260,0.8574535322882127
261,0.7790770002926116
262,0.826244479245974
263,0.8622877878386022
264,0.8956478236663462
265,0.7993437880037476
266,0.7981999720232116
267,0.8453936677730712
268,0.847607325695913
269,0.8729347714992544
270,0.8523933008855336
271,0.8695417140189836
272,0.8584623585347222
273,0.8326606162940504
274,0.8615764070382802
275,0.7789481417985045
276,0.8979990871853599
277,0.7728180947257278
278,0.8859967505687512
279,0.8626568285024486
280,0.8332745858033261
281,0.8330253646331727
282,0.7001612051639119
283,0.9025776791019422
284,0.8273995031535125
285,0.8736200145808891
286,0.8533245339191642
287,0.8402225369497764
288,0.8305670594875855
289,0.8862505342441525
290,0.869123481214289
291,0.9209687277266423
292,0.8418368915244705
293,0.8806542355511664
294,0.8440232735687034
295,0.805183331257735
296,0.800564050590822
297,0.760426299232328
298,0.860746589450881
299,0.8727314689664134
300,0.8602353433426847
301,0.8008172893479552
302,0.7522952083720434
303,0.9228899060294624
304,0.86084808082273
305,0.8885786549355046
306,0.9033619609912965
307,0.8233471842571227
308,0.8719884935096262
309,0.8356070364221604
310,0.8339722215080376
311,0.8995543761107
312,0.8123645698316362
313,0.7632111520004655
314,0.8634809853679041
315,0.705666264334745
316,0.7888749880042697
317,0.8699950181304472
318,0.8248470227323936
319,0.8957218282561458
320,0.8128460496839034
321,0.8839044042872981
322,0.8966249641656491
323,0.8901123717635802
324,0.8225199850833802
325,0.7812262884297615
326,0.8248093653776138
327,0.8500789901990079
328,0.8409957950644396
329,0.8971916315227523
330,0.8470993720344606
331,0.7028024114219379
332,0.804510491209097
333,0.8749319282347406
334,0.8088912719551679
335,0.810570029111579
336,0.809902877179652
337,0.8705340536710834
338,0.8199423212483546
339,0.8848169570158048
340,0.870314441192908
341,0.8627336655033041
342,0.7720731722729473
343,0.8064144334521179
344,0.8434096086167442
345,0.8579013027188089
346,0.8644097312224572
347,0.8581565826833465
348,0.8330622416984422
349,0.841959261907188
350,0.7456277149500944
351,0.8269833497660231
352,0.8902614474119819
353,0.8904445269223051
354,0.8800699872364793
355,0.7646889007801898
356,0.7272939301842759
357,0.8508021876162446
358,0.890704823292827
359,0.8579069605764869
360,0.8815521939664827
361,0.9120384127240263
362,0.8431903149092842
363,0.9050333842332404
364,0.7759882833239651
365,0.8573391986541496
366,0.7525295350424891
367,0.8613576426779
368,0.8451263810808979
369,0.8638534612879408
370,0.8825482887481736
371,0.8614433366712432
372,0.956723062536821
373,0.8928817536227864
374,0.8286493551443945
375,0.7865474452454285
376,0.7821343387346824
377,0.7159126222634725
378,0.8451744087539457
379,0.9231866570668876
380,0.8132261083544975
381,0.8210001842658365
382,0.8644840968527235
383,0.8642571988314562
384,0.9096667415264534
385,0.9317883096148383
386,0.8431757143109476
387,0.8385190699564412
388,0.8295665806291884
389,0.8739814266206408
390,0.8454192563074511
391,0.7214487728678235
392,0.7851667746100637
393,0.8529266400353097
394,0.9094706916851151
395,0.7838998097953884
396,0.9126976110555537
397,0.8309370735079217
398,0.7554996294201508
399,0.8475759501588949
400,0.8266428883058371
401,0.8706070947152592
402,0.7710572654447697
403,0.8747126611592868
404,0.8395746820342905
405,0.7304717376706933
406,0.837002396127496
407,0.8369578360201047
408,0.7885904555144159
409,0.8226201080209705
410,0.8333805931034796
411,0.8683441255472553
412,0.855017521582371
413,0.8651988231979846
414,0.781786680493474
415,0.851352524121384
416,0.7839305990272509
417,0.8489683154343013
418,0.8232693012693678
419,0.9214290647665858
420,0.8225641164665725
421,0.8136017046750457
422,0.8988882747221503
423,0.7566333185300426
424,0.8881582694714533
425,0.8222062843980991
426,0.8429140418243156
427,0.7634821734419317
428,0.8324008805752423
429,0.7530411815735585
430,0.8313589826959609
431,0.8305761007843201
432,0.8033628009292861
433,0.7946074217285016
434,0.7955117354091462
435,0.8550828229499885
436,0.7525928184614363
437,0.8834392477182175
438,0.7986237800435532
439,0.7794463817383518
440,0.8440742800904975
441,0.8076131822124346
442,0.834732773713817
443,0.8415762928615406
444,0.8356945167201637
445,0.8493123244935843
446,0.7673645290223763
447,0.7916006522248918
448,0.8284212006360311
449,0.8817449429243139
450,0.8396390351275798
451,0.89073286646668
452,0.8549639986180001
453,0.791435604178915
454,0.8862253621196035
455,0.8877486240544357
456,0.7081812131824657
457,0.8653675429566265
458,0.8558746443524883
459,0.8559836629522573
460,0.8045913257140206
461,0.7165603507814099
462,0.8617499300963417
463,0.8751734223207674
464,0.8546338957195988
465,0.8061488228890628
466,0.8601994808423866
467,0.7381681919751586
468,0.7830790040103416
469,0.8800739328082876
470,0.8922479821458065
471,0.9158872519906109
472,0.7957903336330927
473,0.831516536089315
474,0.8183000969672528
475,0.8281117414780099
476,0.7912891841280337
477,0.817561676032431
478,0.882835412969841
479,0.8783847849516229
480,0.7805080594019067
481,0.892534441636453
482,0.8836595718809978
483,0.8168889050308376
484,0.8350413272655998
485,0.7792592270139319
486,0.8076675358959148
487,0.7909721328216961
488,0.8384383787836504
489,0.8895997649030176
490,0.8669237761059243
491,0.8175957341423336
492,0.7372016293227707
493,0.8218963605897843
494,0.8626388972180183
495,0.856568811445633
496,0.8435068260997716
497,0.7972831259613172
498,0.8515511833421815
499,0.8266998464512221
500,0.9130720612064926
501,0.8133366559979438
502,0.8392950660395134
503,0.7478916698044611
504,0.6473675681386628
505,0.7803689665248464
506,0.8977014061243491
507,0.7568509963687449
508,0.7876722039406047
509,0.8029631521300791
510,0.8602909047572019
511,0.882466214671116
512,0.9026810093642831
513,0.8095275786148414
514,0.8107695274502154
515,0.8861286212313351
516,0.7752678556613285
517,0.8370112104428711
518,0.8221565672176597
519,0.840716003146148
520,0.8629300673207986
521,0.7973328130482866
522,0.8916354202532073
523,0.8584203795306861
524,0.8665056660011708
525,0.91822011389343
526,0.9180568106608827
527,0.9281814066538288
528,0.7667364762996828
529,0.9104855807353228
530,0.9343846294255098
531,0.8668736805442641
532,0.8640105456624535
533,0.9556364840402508
534,0.8610284876822109
535,0.8579540511964341
536,0.9095143273831918
537,0.9328756651299419
538,0.9428180938977566
539,0.9184928380792106
540,0.8217570407559825
541,0.780100812221868
542,0.8967626727894775
543,0.784791806963741
544,0.8262184923801926
545,0.838755762012213
546,0.9155836414683285
547,0.8793635737290928
548,0.8860293937176558
549,0.8055855445740523
550,0.8433272030655682
551,0.8319546046726796
552,0.7954170797207545
553,0.7234515706589147
554,0.8903199023319882
555,0.7350877687939983
556,0.8908630573824318
557,0.8243352050980408
558,0.8659085658971974
559,0.8615873261953989
560,0.866370497934095
561,0.7959162845079778
562,0.8587732457378693
563,0.7610294033657908
564,0.8585977948971354
565,0.8806922328066591
566,0.857589646568158
567,0.8563788763800679
568,0.733148646260367
569,0.8481284479062354
570,0.8137755442359322
571,0.8076179727070215
572,0.8155042873360064
573,0.8719888459168939
574,0.8229550583231076
575,0.8404352711785426
576,0.8765489520269205
577,0.8472678184625901
578,0.8602330832274021
579,0.8614274058742873
580,0.8956561876694004
581,0.8476384690816867
582,0.9194929309317549
583,0.8318246500028889
584,0.880382785342927
585,0.9078915079148926
586,0.8487225808777742
587,0.8725577610180788
588,0.783879408135046
589,0.7953014722290755
590,0.6784832949685313
591,0.7469575536925454
592,0.7665033861865372
593,0.875912265895002
594,0.8601447283288972
595,0.841034174858265
596,0.8666759549659807
597,0.9126895917056103
598,0.8212223722569661
599,0.8388713730814639
600,0.8453239611528588
601,0.9038048486348151
602,0.8975853124738016
603,0.9080260491488613
604,0.8434409112861776
605,0.9249163136916336
606,0.7699389536588297
607,0.7722390096531175
608,0.8600512789256379
609,0.8242536952250763
610,0.8649723149373373
611,0.9054504115300696
612,0.7560978699360091
613,0.7242910325104175
614,0.8517076901475035
615,0.8871823400876564
616,0.8515125486133223
617,0.8865338137863301
618,0.8513276022524006
619,0.8386047722258466
620,0.850294075656436
621,0.8677387236590888
622,0.8682529835166937
623,0.7972513859562094
624,0.7765326659110733
625,0.8690917853863397
626,0.8435712175528398
627,0.9409298234145289
628,0.824400921551971
629,0.8506118273901514
630,0.8557062038353814
631,0.8628071801208299
632,0.8612857165134378
633,0.7835879089914943
634,0.9058519448685075
635,0.7778871830669178
636,0.8418960932401411
637,0.8548962024957395
638,0.8153452179422536
639,0.8925082089535815
640,0.8853293319221339
641,0.8599747692804066
642,0.8600015850927254
643,0.9178407143455564
644,0.7954910381136101
645,0.8159700402990447
646,0.8383263090175216
647,0.836558969884293
648,0.8087690715675271
649,0.845496633738019
650,0.828561004535678
651,0.7947662892564941
652,0.8005614525567931
653,0.834734703129763
654,0.9374024582236606
655,0.7698325740206591
656,0.8218582289479638
657,0.8856262637544209
658,0.9314278072940071
659,0.8026607267333389
660,0.8935643681275317
661,0.8035125075148394
662,0.8619296030101099
663,0.860335817802501
664,0.905870839502839
665,0.7782069656666729
666,0.8065773869032647
667,0.8441434129512135
668,0.8378032002447026
669,0.7829439425700367
670,0.8829397133543475
671,0.8365169222177933
672,0.8606227399591482
673,0.8337904646277791
674,0.8850132987539551
675,0.9180006563198739
676,0.835383751390801
677,0.7231570427978288
678,0.8428336220897621
679,0.6917921855913164
680,0.7455570026309403
681,0.8160672275579306
682,0.7594111811693536
683,0.7888882246853847
684,0.8071377685681955
685,0.849856475705561
686,0.8523181414170181
687,0.893300660615432
688,0.8491526046587164
689,0.861265891800883
690,0.746584360201224
691,0.9264243597384625
692,0.9148939335248554
693,0.7867280510828915
694,0.8950467384864137
695,0.865925579243012
696,0.8384591250905665
697,0.683916807858787
698,0.8291331306625698
699,0.8649441742557374
700,0.673815643964935
701,0.9073032843383563
702,0.8714513300040294
703,0.9007944729291363
704,0.8263380305567521
705,0.8517293693707466
706,0.8363147136719392
707,0.8473649206543549
708,0.8280193279503667
709,0.8280139791598045
710,0.8533903624535838
711,0.8958863960168617
712,0.7641544727365959
713,0.8535168528319069
714,0.9206086462188399
715,0.8296505311389658
716,0.8282593938318957
717,0.8287825529261967
718,0.7139339781414029
719,0.8173409000406777
720,0.7382044016445017
721,0.872965291530893
722,0.9023105410910495
723,0.8279682684415495
724,0.9023368693763045
725,0.9095912607013399
726,0.8234474408041353
727,0.8098059884236961
728,0.9401947777652006
729,0.8237763827560691
730,0.8409328340465713
731,0.8827932672924487
732,0.7701404678064653
733,0.794484140544363
734,0.847856797889613
735,0.8474212296280419
736,0.8008941769263382
737,0.8362868869505871
738,0.8577449557534502
739,0.8549052394496385
740,0.926464306227187
741,0.8895472796858405
742,0.8422192794143805
743,0.8338289310138721
744,0.9058105465051275
745,0.8420985865261177
746,0.7777827865151067
747,0.8050117126098638
748,0.8709546716592096
749,0.7713642155523927
750,0.8358377483123712
751,0.8293765715598742
752,0.8783446148268167
753,0.8031664642741979
754,0.9263832919485231
755,0.8533171717757263
756,0.8532564305181404
757,0.8596023718488442
758,0.7639721051816962
759,0.8232561054428291
760,0.8536511811223366
761,0.8208633286356903
762,0.8447874624639522
763,0.8626659206426606
764,0.8243885707902279
765,0.8612960498740659
766,0.898803405857313
767,0.9110208528135146
768,0.9026262302432053
769,0.7498132291434881
770,0.8577594320266958
771,0.8303542961063747
772,0.871657794626146
773,0.8405495773779444
774,0.8984796799669813
775,0.7667081433813011
776,0.8490765907842428
777,0.7762898741563754
778,0.8227809047077759
779,0.9565410831564646
780,0.8139633700047828
781,0.8763242798639699
782,0.8944652026789118
783,0.8685840376717958
784,0.8804670989353204
785,0.93256643849225
786,0.8927126562580947
787,0.6960929177557419
788,0.724767291281429
789,0.8261932596621768
790,0.853096603517039
791,0.8778812628987285
792,0.8709121524019385
793,0.6819173929824758
794,0.8075952653914151
795,0.7941601715130955
796,0.6968397381893909
797,0.7268694303021599
798,0.7698668968413441
799,0.9019701005455278
800,0.783376547045754
801,0.8299767450849355
802,0.8683908935954047
803,0.8931359762688972
804,0.834261745612112
805,0.8694873086966509
806,0.8307948382332558
807,0.8309844191125902
808,0.8688341530264516
809,0.7915935695069044
810,0.883804184333003
811,0.7191724846663515
812,0.780424438490963
813,0.758544011492717
814,0.8025909640766888
815,0.7916472993911022
816,0.8227885072874452
817,0.8330421454404928
818,0.9067467465191522
819,0.9071038179037207
820,0.8723708108121351
821,0.7030444178271631
822,0.8409200902188058
823,0.8025628966126813
824,0.8028107804171268
825,0.8551502703950864
826,0.8556741733040742
827,0.7683658617430433
828,0.8107905449198549
829,0.7311548436808631
830,0.8032571242623425
831,0.8931907545773007
832,0.8929792790131484
833,0.8910361006035511
834,0.8544153855012393
835,0.7872347683826734
836,0.7951050688649883
837,0.8226922007828331
838,0.7946786569728659
839,0.7735520963769639
840,0.8619773037951837
841,0.8453002549007583
842,0.8540636458060379
843,0.7246914275824106
844,0.8332208772340987
845,0.937668090450218
846,0.9460837320298394
847,0.796547058980704
848,0.8766052252043066
849,0.7545262188328644
850,0.9060114547389564
851,0.8663184120466659
852,0.8716721568007799
853,0.8814293535600815
854,0.8119625039032338
855,0.8727210030772131
856,0.8625265334160801
857,0.8074112083690904
858,0.7528709228165761
859,0.7796113044234858
860,0.8748774814926585
861,0.7789541524655517
862,0.7653722602216881
863,0.8071259511475418
864,0.8170019619944027
865,0.8271280539274908
866,0.8351462705625976
867,0.861557342731768
868,0.8534069376540335
869,0.8796964908889754
870,0.8416266946937216
871,0.9103340826171428
872,0.8622164827628245
873,0.7560234424001632
874,0.8155548533710016
875,0.8859922188291913
876,0.8381752262988483
877,0.8127490340262171
878,0.9115851861850387
879,0.8964988633656921
880,0.8971346558087758
881,0.8877841258884486
882,0.8523473433988016
883,0.8679746299981814
884,0.9248213607317951
885,0.843655062184827
886,0.8241397669700508
887,0.82113850489477
888,0.8010142721275407
889,0.8104792014818495
890,0.7815700816591676
891,0.82194573063764
892,0.7524523716432518
893,0.891645258443075
894,0.9141432772709727
895,0.8550179707752763
896,0.8474768850412996
897,0.7740905181493363
898,0.8552382999228118
899,0.827295983388102
900,0.8508370903416163
901,0.8988137029845766
902,0.767749437964703
903,0.864874102473455
904,0.9020971005520011
905,0.8599824277896527
906,0.7547779595521152
907,0.8702180921405075
908,0.7840458592200406
909,0.8638706476585578
910,0.8645687891939589
911,0.9235691412829782
912,0.8113307806260355
913,0.8284349416587503
914,0.7562850589704146
915,0.8268673657162485
916,0.8141521007394771
917,0.8661651549090875
918,0.8536389751639071
919,0.782812154070897
920,0.8432435068364115
921,0.7515664372001538
922,0.8864557797829575
923,0.873486126578655
924,0.850505560674452
925,0.8403561113573125
926,0.8300345556323879
927,0.86271620632506
928,0.8883972967447631
929,0.7898938330956046
930,0.78991587444677
931,0.9173591018112255
932,0.8494471571386089
933,0.8749815520057398
934,0.9236946278768039
935,0.7261470934775268
936,0.8191408867011486
937,0.7850569696985772
938,0.8950440043347212
939,0.8695547160551287
940,0.8650114198492873
941,0.7864627946089213
942,0.8729241104954542
943,0.840899954684922
944,0.9181057286642224
945,0.859958094427042
946,0.8880079137004818
947,0.7837219285350793
948,0.771185126528
949,0.8286253452523098
950,0.8384844085125182
951,0.7385834853214814
952,0.8939593814181385
953,0.7575601918098254
954,0.8391609146171577
955,0.8277605353202452
956,0.8513289191823199
957,0.7795561835532827
958,0.8562369828429557
959,0.7866305319435433
960,0.9105861536664321
961,0.8571830535618943
962,0.8430260990911687
963,0.8501261117194747
964,0.8887503745442777
965,0.7324614077899901
966,0.7803382260765236
967,0.9093859370293959
968,0.8468912447626855
969,0.8584533322101758
970,0.8166202053000929
971,0.8538873777898562
972,0.7871221752710542
973,0.789760650293717
974,0.8811679968654071
975,0.8037595310705651
976,0.8472022064174293
977,0.730299890093603
978,0.7819654104149518
979,0.8711354044128989
980,0.8472682225327981
981,0.9262467478324293
982,0.8849491173669889
983,0.7488211358814144
984,0.7267987178363383
985,0.8460606005761325
986,0.8671226178757285
987,0.77344619231397
988,0.8032451182582343
989,0.8738393795729881
990,0.8601569288746062
991,0.8732062787549515
992,0.8573570327998526
993,0.8944366016319238
994,0.8099156659947849
995,0.7901312830870005
996,0.8061088474306974
997,0.7869378326190742
998,0.8162761418514206
999,0.7887256943037244
1000,0.8594363896777151
1001,0.7245559361794017
1002,0.9156983192147552
1003,0.866915764566354
1004,0.9296898164875768
1005,0.8038598700690361
1006,0.7717934530070392
1007,0.8921709464991423
1008,0.8863938717598663
1009,0.8869498404021557
1010,0.8563646480520607
1011,0.8308827391134869
1012,0.9160607132518921
1013,0.8936852842149142
1014,0.8995210302762965
1015,0.792426574653719
1016,0.7843860067945263
1017,0.8854850545144213
1018,0.8780392732821439
1019,0.8066587041544204
1020,0.8844334917645058
1021,0.8193858928723718
1022,0.7295635981862011
1023,0.800946040816865
1024,0.9119270742320675
1025,0.8698697833484743
1026,0.7541148526073124
1027,0.8848096666534266
1028,0.8303441814490345
1029,0.8348280505111136
1030,0.7539826054455269
1031,0.8079973451071315
1032,0.7975505587113642
1033,0.8582873007645959
1034,0.8709482460189684
1035,0.8134074660923318
1036,0.6727068000940071
1037,0.794331197661796
1038,0.8592208353050712
1039,0.8034317992895558
1040,0.8612400521518794
1041,0.871931485953416
1042,0.726082715121669
1043,0.8870206433465866
1044,0.8819132833395716
1045,0.8647427224908648
1046,0.7436444315079836
1047,0.7986505275601208
1048,0.9085443006273635
1049,0.772793880972082
1050,0.8323247032954236
1051,0.8192612110748768
1052,0.8099375586149903
1053,0.8445377779766101
1054,0.8737847023481617
1055,0.8201173485970877
1056,0.7804726481129464
1057,0.8399104167265553
1058,0.7861295168167518
1059,0.8457781213483653
1060,0.778759446955182
1061,0.6980612266358771
1062,0.8521788124197985
1063,0.7478013992263404
1064,0.8625506432483103
1065,0.8696764536203496
1066,0.811090929370588
1067,0.849471639451466
1068,0.7732893103321518
1069,0.7834238586499199
1070,0.8486286496399962
1071,0.8865811720356567
1072,0.83000835705423
1073,0.813701889103666
1074,0.7801622498169847
1075,0.9256653890951548
1076,0.8307630110199808
1077,0.8056536163919641
1078,0.8547824503403363
1079,0.8066332110729791
1080,0.793295655376947
1081,0.7945780497105194
1082,0.8287291935957269
1083,0.8396205943261882
1084,0.8573433488175785
1085,0.8420281161912418
1086,0.8710005087343817
1087,0.7511317765390931
1088,0.8806237329320286
1089,0.8718806240649927
1090,0.8444088847509786
1091,0.9149038894280361
1092,0.7278419807487425
1093,0.7947971061465614
1094,0.7146825267958186
1095,0.8075966796736616
1096,0.8218341541591123
1097,0.8996911203010468
1098,0.7867972284348355
1099,0.854163265181239
1100,0.8437324023938223
1101,0.8388420004570319
1102,0.8833465347553393
1103,0.8836831638382322
1104,0.9086468919405571
1105,0.8836411371195041
1106,0.8589330183113731
1107,0.8600889306856034
1108,0.8882922567130807
1109,0.8737445115295359
1110,0.844967809404121
1111,0.7900907095184045
1112,0.8150469249802053
1113,0.8581099190182483
1114,0.8766534876939803
1115,0.7987297082803331
1116,0.75895322113097
1117,0.8649919552780324
1118,0.688472647429707
1119,0.8195456624808604
1120,0.9097970231690808
1121,0.874478095175308
1122,0.8430450919261275
1123,0.8409203987329222
1124,0.8827773442757259
1125,0.7723510435602555
1126,0.8039089043005635
1127,0.8473227050669585
1128,0.7853885838343388
1129,0.9302618900655197
1130,0.8702719416660718
1131,0.7976570663670042
1132,0.7579274975898435
1133,0.6939297631522097
1134,0.8419844787933611
1135,0.7892093815342155
1136,0.7121073847697024
1137,0.795456606189361
1138,0.8139600064710568
1139,0.8601319231840291
1140,0.8345542020062147
1141,0.8032495040761064
1142,0.8289958541937308
1143,0.8909557059775459
1144,0.7583499537081485
1145,0.7878521092320195
1146,0.8535727742939633
1147,0.8523023658349109
1148,0.8466838448437695
1149,0.8137389217981916
1150,0.794038652683937
1151,0.8416527181279508
1152,0.880075582797077
1153,0.7169943178283508
1154,0.8341752484410343
1155,0.791914260513131
1156,0.8333550576142887
1157,0.8772030196009509
1158,0.9251068879733952
1159,0.8537773423625605
1160,0.7814263250620829
1161,0.7689908845773862
1162,0.8271251756118835
1163,0.819659764375947
1164,0.9209549041161766
1165,0.8710553772806656
1166,0.8330491528905651
1167,0.8696490416407644
1168,0.853448099413669
1169,0.8787965335103796
1170,0.8373311777082826
1171,0.7883464373976706
1172,0.8363383859540258
1173,0.7860740290699545
1174,0.801182241273553
1175,0.7833128753089876
1176,0.794218566162142
1177,0.846071894616568
1178,0.8548489982232504
1179,0.8171657012852873
1180,0.8859229540562568
1181,0.7628305919081377
1182,0.9196623755818694
1183,0.8506475809589328
1184,0.7442173064742491
1185,0.8172070674039863
1186,0.9067876335850573
1187,0.8484380597870602
1188,0.853410030177746
1189,0.8925886971759908
1190,0.8471761072590096
1191,0.8562040034986799
1192,0.8799051159532684
1193,0.9183650403499084
1194,0.7582608176377471
1195,0.8065956675870735
1196,0.8482214670031236
1197,0.8381787039290354
1198,0.8356084576507801
1199,0.8034489082335264
1200,0.7753570086336286
1201,0.8261784331473193
1202,0.7987484520441793
1203,0.822411801724025
1204,0.7270628482939958
1205,0.8945784142856986
1206,0.8611747715410905
1207,0.8705996625359853
1208,0.8081919770052645
1209,0.8372697081823863
1210,0.8871297489421546
1211,0.8063877992229795
1212,0.855025260887932
1213,0.8407135661195525
1214,0.8225812391410978
1215,0.9039473574163961
1216,0.8536403613234794
1217,0.8146886160196348
1218,0.8713629510368636
1219,0.9399016328450629
1220,0.8489086317487871
1221,0.8815803810714788
1222,0.7957569852477158
1223,0.8188294759621989
1224,0.8241422521974532
1225,0.7596734517107244
1226,0.7968479554204815
1227,0.8243882803645503
1228,0.7205039328158929
1229,0.885133674647377
1230,0.9088360763900528
1231,0.8292159667971902
1232,0.8809526931398741
1233,0.8695453786514807
1234,0.8727732033768695
1235,0.9026707834162662
1236,0.8125355188017451
1237,0.8892787394166001
1238,0.8533598536943237
1239,0.8823353587071651
1240,0.8732118637547228
1241,0.8622991777796776
1242,0.8536327620792463
1243,0.8189392691464159
1244,0.7961733864304172
1245,0.8495938612021154
1246,0.7253629331146872
1247,0.8507652074288277
1248,0.8050264669278369
1249,0.8636852232544246
1250,0.9195835717362438
1251,0.8720141494020138
1252,0.8742907930804045
1253,0.831450105579564
1254,0.7919265158465454
1255,0.8515703301168133
1256,0.8769256553678643
1257,0.7478571425147489
1258,0.7374646095108027
1259,0.842961608646505
1260,0.6895381439998772
1261,0.8007737709347175
1262,0.7998623064252189
1263,0.7937117427710125
1264,0.7993659764947437
1265,0.8559076236294091
1266,0.8532385348996189
1267,0.8558531620472263
1268,0.808368684203317
1269,0.8250630342272975
1270,0.8105507458971817
1271,0.8329980603024211
1272,0.8383258805698629
1273,0.8922884318550974
1274,0.9070053711886416
1275,0.907286127295655
1276,0.9223962443534012
1277,0.8111943464551217
1278,0.8147447515943531
1279,0.7966559904910261
1280,0.8169015371114476
1281,0.8288777166436309
1282,0.8864445730075364
1283,0.8408849197616407
1284,0.8108179087130972
1285,0.8538681792147252
1286,0.9077445311994239
1287,0.874282700999832
1288,0.8826429323936587
1289,0.8018398641415553
1290,0.8198304526133283
1291,0.7028447240854582
1292,0.8416466173426927
1293,0.9041268024296164
1294,0.8880500679421662
1295,0.8781380001792746
1296,0.8107093240762328
1297,0.8259705421170306
1298,0.8271029767782406
1299,0.8066502737497679
1300,0.8109837650363838
1301,0.7989722923142185
1302,0.790938555717755
1303,0.8562066221942319
1304,0.7900559394173537
1305,0.8731975068303559
1306,0.8757150507828925
1307,0.8249672391306088
1308,0.8914764700845578
1309,0.8027034105173952
1310,0.8382677664296746
1311,0.8541228124775129
1312,0.8630389712853019
1313,0.8632650664576683
1314,0.8198454258836236
1315,0.7916789953194157
1316,0.8377686153617608
1317,0.8198190151198403
1318,0.8248592179616587
1319,0.7371968460687508
1320,0.871294882120176
1321,0.7482783301538518
1322,0.7470234372601157
1323,0.8589582958980119
1324,0.9187175411017161
1325,0.735667090412227
1326,0.8964836033379904
1327,0.8097995912262593
1328,0.8611613167490747
1329,0.8210821714063636
1330,0.8168795656268651
1331,0.9005293573990549
1332,0.7796680595806361
1333,0.8610294491607078
1334,0.9122732193695803
1335,0.8418885212236134
1336,0.8427338708140998
1337,0.8479291770431451
1338,0.8507174580169328
1339,0.8853684116667223
1340,0.8084511861016804
1341,0.6315925101567809
1342,0.7723718420981455
1343,0.807983773793243
1344,0.8441133013753296
1345,0.8780855739169059
1346,0.8412823463326831
1347,0.6839998843825721
1348,0.7734641152330812
1349,0.8650172857076849
1350,0.917318571198523
1351,0.7198760246023045
1352,0.8877593766293168
1353,0.8871289240705006
1354,0.8643937613830621
1355,0.8392452914570405
1356,0.8816995321632883
1357,0.8344595535408427
1358,0.843621379185035
1359,0.8137414462673712
1360,0.8444182508155818
1361,0.8901885297250494
1362,0.9117691045640202
1363,0.887612092858922
1364,0.8739038809139468
1365,0.8718461070734661
1366,0.8662281571018658
1367,0.8477348935956032
1368,0.8421778847655387
1369,0.8651238400394078
1370,0.7917982313617866
1371,0.8883695458467419
1372,0.8877145043393726
1373,0.8873426175449097
1374,0.7902469323775088
1375,0.8227999121479793
1376,0.8480633871380249
1377,0.8168559460885972
1378,0.8559415033533876
1379,0.8495656886069672
1380,0.9130376524152958
1381,0.875277631088137
1382,0.8327005427248863
1383,0.8861150198334969
1384,0.8735963346979589
1385,0.8318223594516752
1386,0.8297903997518168
1387,0.8666852216193855
1388,0.8575280123121998
1389,0.8393171139274774
1390,0.8210908028068143
1391,0.8361091017015297
1392,0.8067768918557155
1393,0.9068318081528698
1394,0.8727264961839337
1395,0.8817563997442457
1396,0.7649798425743501
1397,0.8559225602503843
1398,0.8907720678664676
1399,0.8699569930315695
1400,0.8760968643819976
1401,0.8695437780919881
1402,0.8709821755541214
1403,0.9227936577726975
1404,0.7806599626875163
1405,0.7650827099689386
1406,0.8999819675603266
1407,0.7874124453754484
1408,0.9110585180819407
1409,0.8680139981515262
1410,0.8921186654197673
1411,0.8905916679406704
1412,0.7496205395089086
1413,0.782614274683172
1414,0.7589711670613889
1415,0.902301506944484
1416,0.8592589965422982
1417,0.9417160682008613
1418,0.8207312647715969
1419,0.8991137527188937
1420,0.8837737910777547
1421,0.8091411939615146
1422,0.7604258293665903
1423,0.9388615156626241
1424,0.8146638255617324
1425,0.8206634554197678
1426,0.839648742628008
1427,0.9235687129056871
1428,0.9004966123721012
1429,0.8794609951913713
1430,0.8969396526597928
1431,0.7795858749419212
1432,0.8160437362846104
1433,0.8982294801286109
1434,0.8163751937782002
1435,0.7942079247313614
1436,0.803315059340849
1437,0.7794045343060462
1438,0.8063807454544945
1439,0.869740352641255
1440,0.8840370251807985
1441,0.8676844762584871
1442,0.826193211038905
1443,0.823059978402987
1444,0.8779125673340059
1445,0.8162873191187563
1446,0.8387664177638375
1447,0.8368630839268678
1448,0.8927892725819156
1449,0.9186062305284038
1450,0.88253702511822
1451,0.8594598758167128
1452,0.7958625852838366
1453,0.7783794255779514
1454,0.8538392740680856
1455,0.7819200792633344
1456,0.8108416123459917
1457,0.7974653450514176
1458,0.8462725128307624
1459,0.8571367096331389
1460,0.8788881358446019
1461,0.8908851238962525
1462,0.8468348067465711
1463,0.7845073985295432
1464,0.8207053682337575
1465,0.9175721585317661
1466,0.8750029097393015
1467,0.8266061967337492
1468,0.8303357158989438
1469,0.7875535733898834
1470,0.8529263486730022
1471,0.8246715110957765
1472,0.7663170957033085
1473,0.891912763999574
1474,0.8283285932334918
1475,0.776295461300041
1476,0.7534012648903119
1477,0.8509954252217564
1478,0.8512957234821686
1479,0.8016561358728391
1480,0.7930507830611712
1481,0.8674052329067942
1482,0.8613095584442527
1483,0.8277825894468773
1484,0.810268281008018
1485,0.8158458725572831
1486,0.7961128641833196
1487,0.8244686495863184
1488,0.8532969443996198
1489,0.8816728511031376
1490,0.8485732980854408
1491,0.896769604801804
1492,0.8544069410345941
1493,0.8543002697929548
1494,0.8829658509612421
1495,0.8482527430101272
1496,0.8692762679592174
1497,0.8504614513123347
1498,0.8101790105831573
1499,0.8897676433713074
1500,0.8584721187459055
1501,0.7862452085670086
1502,0.7857774135883919
1503,0.938685940481545
1504,0.7717216984141851
1505,0.7792894413814393
1506,0.8699427631001851
1507,0.8571562169371955
1508,0.8639532765539915
1509,0.8857569271158285
1510,0.8363919846500565
1511,0.8418938355180693
1512,0.8366250356622377
1513,0.8351701715623955
1514,0.8320885874026954
1515,0.8442492139250171
1516,0.8328157988662627
1517,0.836614726492923
1518,0.819345666117212
1519,0.8682361789762221
1520,0.8393169657419256
1521,0.8539318814407604
1522,0.8268317432994846
1523,0.8541544266420489
1524,0.8119559409545322
1525,0.7902440064980016
1526,0.8056259063580534
1527,0.8936999750557301
1528,0.8628306392209079
1529,0.8587996965325878
1530,0.8598423864186728
1531,0.8520162541243325
1532,0.8502604181043947
1533,0.8496211285987515
1534,0.8391815693195477
1535,0.8512204719744991
1536,0.813159053625037
1537,0.8259995968668394
1538,0.8244916218830912
1539,0.8299031067434877
1540,0.8507146856665808
1541,0.8502918616091446
1542,0.9177444253213707
1543,0.9125968245932988
1544,0.9146595078840023
1545,0.8252956210589015
1546,0.8948223528556111
1547,0.8986217695255342
1548,0.8446082488766421
1549,0.8013438093803448
1550,0.8153758511801837
1551,0.8683708833034227
1552,0.886726928071131
1553,0.7920924168769341
1554,0.8711710219201757
1555,0.7815229402824301
1556,0.8135467823022057
1557,0.8035612266681448
1558,0.7184857241207472
1559,0.8769961980752262
1560,0.8178081679268225
1561,0.7947228525982896
1562,0.7240139033419842
1563,0.7999954056113978
1564,0.7997376274436432
1565,0.7593607368412266
1566,0.8866451623958996
1567,0.7955395140296149
1568,0.9010375211978097
1569,0.8937295931685539
1570,0.8446902667231817
1571,0.7734994506491271
1572,0.8670790568931629
1573,0.9193990185222898
1574,0.9126092758892905
1575,0.9365268789354603
1576,0.8567435581098949
1577,0.8225890022683188
1578,0.7752250610289021
1579,0.8190850082132547
1580,0.8271451452322539
1581,0.7540744068979743
1582,0.9128663612160636
1583,0.8697104376792312
1584,0.8734932027974095
1585,0.8431990864682083
1586,0.8015006365733429
1587,0.6853054646436066
1588,0.8498083054123475
1589,0.9006453345005295
1590,0.8022664594916907
1591,0.8676405546596923
1592,0.8115749674993366
1593,0.824712772454961
1594,0.8865021786379899
1595,0.8362701651941361
1596,0.8247117365979129
1597,0.9150650413228117
1598,0.8152355100437019
1599,0.81806362475062
1600,0.8467611604167203
1601,0.7888496273535286
1602,0.7469595275461025
1603,0.8115122181609689
1604,0.8460298805654016
1605,0.8881361680987125
1606,0.8055021012332475
1607,0.8395383211936653
1608,0.7483883696490233
1609,0.8384850526926072
1610,0.8447079730286731
1611,0.9000527664018584
1612,0.8861703441851969
1613,0.7882709596607106
1614,0.8028780382875608
1615,0.7608451695878035
1616,0.8542070411754709
1617,0.8728113349238652
1618,0.8816843757393504
1619,0.9233407265191798
1620,0.7711571602345884
1621,0.8755372663849488
1622,0.8630532927049178
1623,0.8678196183629491
1624,0.8211109289689952
1625,0.8062314257799847
1626,0.8534963094159621
1627,0.8157482133855607
1628,0.8456988869816235
1629,0.8234799389859166
1630,0.8532042712521145
1631,0.909529690276759
1632,0.7774931149608163
1633,0.8312234386651254
1634,0.8659596510146719
1635,0.8651060787607594
1636,0.8564847427379181
1637,0.8546322080204728
1638,0.7751319235735744
1639,0.8290885188069299
1640,0.8878190319142056
1641,0.8890786879221966
1642,0.8512626048269022
1643,0.8655937801737167
1644,0.9033817453893821
1645,0.8220105711416467
1646,0.7618479891392853
1647,0.850647514654253
1648,0.9024267476708192
1649,0.7924923765778386
1650,0.8662117658822935
1651,0.9099034598425628
1652,0.916877614383807
1653,0.6884503218898536
1654,0.8663224816017212
1655,0.8238283056849166
1656,0.9094231586175726
1657,0.9072199903602488
1658,0.7458801497438305
1659,0.8369304454003126
1660,0.7122611413912829
1661,0.8549446446176439
1662,0.9093599425309186
1663,0.703007703031668
1664,0.8341481618435654
1665,0.7947331414451485
1666,0.8124823756787989
1667,0.8549485981690387
1668,0.8259462771839742
1669,0.8126204896704871
1670,0.8075678000542429
1671,0.8437231193280822
1672,0.7608708128802791
1673,0.8669634528332647
1674,0.8111637941478194
1675,0.889108751966622
1676,0.8633776915193929
1677,0.786090807479891
1678,0.8479039293434061
1679,0.8942472701259297
1680,0.9009421427365067
1681,0.9088139985960946
1682,0.8079475584781116
1683,0.8202591576048287
1684,0.8443153904391979
1685,0.7691799495234446
1686,0.790347512041301
1687,0.8018413162950143
1688,0.8553385120781178
1689,0.8010090595144106
1690,0.8858830916293055
1691,0.797184082029839
1692,0.8787918944129136
1693,0.8258650045198143
1694,0.8445478101683899
1695,0.8360431304791835
1696,0.7881055164211781
1697,0.8515530643284989
1698,0.8441975498355477
1699,0.8519722925572536
1700,0.8982583018540601
1701,0.8988230628165514
1702,0.8249177505449183
1703,0.7995453500519604
1704,0.7974047067837194
1705,0.8938843172588965
1706,0.8485366739929429
1707,0.8440271725146936
1708,0.8947393297685828
1709,0.7985786811055675
1710,0.7246097673590434
1711,0.7491791130205933
1712,0.8249644547931232
1713,0.869687345164549
1714,0.845127190599212
1715,0.7966802916032221
1716,0.7913404689674834
1717,0.781726168171093
1718,0.8318356750525544
1719,0.8747205979012322
1720,0.8561077983344269
1721,0.7774770681025541
1722,0.7941799245692956
1723,0.8678028928967395
1724,0.904608371183374
1725,0.7553716445472549
1726,0.8037408963457016
1727,0.7899022041216024
1728,0.8139377371864802
1729,0.8998597710479743
1730,0.8007221141238472
1731,0.8792384043419577
1732,0.8570115059204175
1733,0.7946946031255017
1734,0.8994826240857663
1735,0.8282430087995969
1736,0.8313658326384479
1737,0.774309624828538
1738,0.84614065348767
1739,0.7796517135987526
1740,0.7832377732601167
1741,0.7708097083331359
1742,0.8507010639648488
1743,0.8563971371599234
1744,0.8147020501481471
1745,0.9142738278406372
1746,0.9260812880821341
1747,0.7986677889506522
1748,0.8232184753658928
1749,0.8408345083505997
1750,0.8666308239689123
1751,0.8960440106784295
1752,0.8825785945346377
1753,0.8962637420941992
1754,0.8117081742158201
1755,0.8066391603405998
1756,0.8553199449443106
1757,0.8557370311279636
1758,0.8053177721050242
1759,0.8261616694995016
1760,0.8156881052061955
