,Portfolio Value
0,12084.2026400791
1,12037.300631434879
2,11985.002606450973
3,12027.097285800224
4,12332.959525356251
5,12364.668055408098
6,12180.284902431089
7,12295.41450379218
8,12251.703621667632
9,12246.337141134492
10,12071.823035944299
11,11985.767408256736
12,11905.03752127385
13,11869.261973676408
14,11823.199233884958
15,11870.054953619274
16,12033.954469948374
17,11921.915639981002
18,11991.408913095676
19,11953.412807658386
20,11769.909965422263
21,11797.058036585046
22,11770.364988490574
23,11925.208248407174
24,11935.063334970293
25,11933.83482677996
26,11990.55383357721
27,12062.72167446439
28,11932.70317057048
29,11919.995505841678
30,11928.91257972713
31,11842.551544774662
32,11864.679012312074
33,11823.701279411089
34,11891.93613864785
35,11981.295686297366
36,11940.275165910693
37,11941.413037682201
38,11959.211929921528
39,11898.621839856833
40,11966.990479163493
41,11968.019274185277
42,11776.759008518446
43,11786.426632063893
44,11808.600756272484
45,11839.714526508324
46,11869.648870451767
47,11775.062608831508
48,11685.71964257643
49,11712.377884779222
50,11891.753356313655
51,11854.363128334817
52,11832.636411950163
53,11648.737196362312
54,11565.90646640382
55,11498.330067884506
56,11405.075092298826
57,11390.578165526498
58,11263.422569999548
59,11405.99707746582
60,11417.495798294914
61,11376.076945332265
62,11179.578436171218
63,11144.666315822711
64,11145.875012794311
65,11282.90520400516
66,11386.920189877052
67,11236.47889448921
68,11201.449240180282
69,11075.689401737593
70,11022.445070190552
71,11066.715732384915
72,11073.492731569952
73,11121.023204137056
74,11151.206928800755
75,11192.638059704108
76,11224.089437203174
77,11200.574294921986
78,11210.057246625372
79,11265.440073299236
80,11268.952963670474
81,11269.464371001393
82,11264.901074039319
83,11301.159568830466
84,11224.42751524596
85,11184.342595559734
86,11358.686546897028
87,11515.416861883903
88,11718.009322903461
89,11700.846637997021
90,11654.154512337565
91,11509.180630432855
92,11495.205282152008
93,11530.414878840833
94,11460.218333511677
95,11302.65188826937
96,11330.147942555936
97,11327.128478697878
98,11381.069379404298
99,11392.50339676232
100,11393.714549136597
101,11521.252062106762
102,11489.965273310692
103,11507.525492563207
104,11573.487763805308
105,11684.94374574385
106,11665.046487673251
107,11782.761827468112
108,11786.389976873728
109,11716.608441010827
110,11684.687397316013
111,11736.213382243703
112,11748.105424623765
113,11779.084394153188
114,11841.175174299644
115,11838.453938890858
116,11802.882657996131
117,11797.037273212954
118,11842.654054792403
119,11845.406774942185
120,11796.923799462042
121,11782.085811661567
122,11780.872942268737
123,11796.375005995485
124,11739.634515430102
125,11757.146991112242
126,11742.931765724865
127,11725.98723534376
128,11745.437282263114
129,11661.136038510656
130,11656.339802339151
131,11617.26976230461
132,11537.555430561775
133,11461.887436165574
134,11355.838152522658
135,11506.092690650245
136,11531.804959906814
137,11533.34839931607
138,11549.08231450093
139,11581.989701927361
140,11495.167285898982
141,11484.666154919956
142,11701.086593281956
143,11712.196974433935
144,11679.356591237834
145,11700.576897320345
146,11736.417665410776
147,11704.997361801581
148,11762.886516195897
149,11689.251219882446
150,11779.471500491663
151,11804.396128305883
152,11782.78226437974
153,11852.606156165748
154,11918.016909408112
155,11921.790198677789
156,11954.686704135702
157,12014.217401554026
158,12022.916980247506
159,12057.935965091674
160,12071.594029579637
161,12108.65698832628
162,12121.640006237827
163,12083.48312023566
164,12063.683200881773
165,12071.579162005288
166,12016.896788936909
167,12002.810916170694
168,12107.77107653238
169,12235.775878208402
170,12248.24940344916
171,12173.918059204982
172,12211.328528798558
173,12164.320668924478
174,12026.999800919642
175,12011.401970090772
176,12046.11287055148
177,12004.460043370827
178,12107.783845383812
179,12162.987416537278
180,11934.614840750466
181,11917.011300796972
182,12100.60829392839
183,12017.419156887292
184,12058.756415839332
185,12055.715276991366
186,11865.863006956333
187,11807.250595400748
188,11807.799322527626
189,11911.563474633202
190,11899.036467301385
191,11783.220476609778
192,11944.803607092188
193,11935.431950499615
194,11768.842529305575
195,11685.788455391732
196,11687.22341036505
197,11678.452369705241
198,11633.232749512283
199,11595.502890579493
200,11745.334556476128
201,11882.705911431085
202,11892.15156927392
203,12055.847167597885
204,12054.362818282065
205,12123.874099075565
206,12144.500595041958
207,12168.821959745175
208,12334.09412668351
209,12389.921180372188
210,12426.143953617056
211,12445.656458848121
212,12442.044511658843
213,12499.956391561143
214,12545.265626679804
215,12610.049890512899
216,12585.270261849872
217,12632.5261092104
218,12662.646024054813
219,12648.641688043308
220,12648.359321725164
221,12663.268242406406
222,12745.265020673218
223,12745.502251517697
224,12803.438784374779
225,12877.20209463615
226,12754.741198651058
227,12786.904706520725
228,12874.128018211399
229,12857.953917493458
230,12895.151234599518
231,12882.592118174487
232,12891.029157364826
233,12935.57294249593
234,12906.223807925346
235,12968.521471258411
236,12876.77885443744
237,12876.845527412564
238,12756.991330325618
239,12754.973523296976
240,12708.584154439233
241,12895.698759166691
242,13036.0029630377
243,13045.459542095365
244,13120.921459883855
245,13023.856107634489
246,13007.209617212791
247,13006.047678257688
248,13038.958619081124
249,13016.657268038693
250,12942.519742363296
251,12937.24962748181
252,12867.896737622108
253,12852.77984084343
254,12955.625554043303
255,13013.21900885892
256,12937.908770500213
257,12986.700157010122
258,13098.074512359832
259,13018.729379478513
260,12945.756796479629
261,13000.076340541287
262,13071.405535702019
263,13058.946311274427
264,13098.018804157007
265,13156.41567388885
266,13186.201325674858
267,13099.063352811518
268,13005.20420254149
269,13060.40276641424
270,12992.008042030226
271,13072.923758039116
272,13553.725721754396
273,13567.35898844926
274,13603.185016629224
275,13592.651199498765
276,13548.488367038888
277,13601.775657463364
278,13582.423867191825
279,13603.428087198383
280,13621.033568917766
281,13794.764503816648
282,13803.789298518555
283,13764.453582923628
284,13840.82331507466
285,13896.318259581212
286,13849.425439090199
287,13839.727418794166
288,13819.275773689815
289,13775.741396153315
290,13881.518320128498
291,13848.954080890282
292,13837.303752215485
293,14040.340484451319
294,13936.914960238373
295,13982.807519240476
296,13777.968271147402
297,13729.373014908433
298,13884.970859350615
299,13867.343495475678
300,13919.771463268029
301,13958.921863804033
302,13993.892328245294
303,14130.059383131811
304,14139.37842960159
305,14049.338025543797
306,14013.588754914112
307,13804.14799665217
308,13726.967484551287
309,13796.626015936847
310,13821.260285567278
311,13637.376729266012
312,13553.50289121334
313,13570.543890144623
314,13590.310308602708
315,13580.689709224427
316,13628.032764693171
317,13540.979918111912
318,13614.77702455753
319,13715.533816953113
320,13725.574902468878
321,13763.604832962614
322,13757.507536692507
323,13594.416358969704
324,13788.534737253964
325,13829.524624494112
326,13777.686876077958
327,13784.2660320996
328,13807.961617891622
329,13734.462879210647
330,13684.95382693577
331,13629.631186541224
332,13512.78897771542
333,13596.063005403154
334,13647.247584082232
335,13564.439552135304
336,13634.503179562249
337,13699.058446211007
338,13834.096924842415
339,13822.414087194244
340,13825.31023285924
341,13778.354009286548
342,13811.490791859753
343,13913.723553743375
344,13943.881372177226
345,13935.265653754685
346,13850.94456776937
347,13858.290673135056
348,13851.8874938396
349,13814.451958301259
350,13925.365090958676
351,13874.761509899468
352,13846.363689629987
353,13827.317838048839
354,13739.19311992763
355,13797.077381662166
356,13703.19443385276
357,13658.770663003945
358,13577.344708032602
359,13571.509207607849
360,13694.871114144415
361,13689.625053794172
362,13666.479766474027
363,13586.344945829547
364,13631.515583801987
365,13673.125408499525
366,13762.436714989159
367,13700.060012800792
368,13703.799968223137
369,13695.291852644368
370,13479.136106620275
371,13444.073442385135
372,13466.53484982766
373,13280.107987227047
374,13367.25183360221
375,13486.572304531208
376,13506.064112955451
377,13662.304717032099
378,13957.438793599194
379,13941.826397622586
380,13926.74281429316
381,14211.380138047878
382,14356.28027325595
383,14475.676644152067
384,14443.031999150173
385,14497.45716992942
386,14505.63591632446
387,14513.601089189257
388,14500.724096157965
389,14561.639765647195
390,14517.46720556569
391,14476.161580192642
392,14367.85362146231
393,14410.477501556514
394,14447.998094598488
395,14441.964783196892
396,14467.910800633905
397,14471.198841381884
398,14520.655044956027
399,14685.904780509623
400,14554.607734690651
401,14459.474592421764
402,14538.938904010387
403,14535.353615435313
404,14563.23945824875
405,14515.882783797228
406,14475.024019852422
407,14760.075171513035
408,14736.379168618905
409,14685.957694604724
410,14392.253196018119
411,14213.935166341615
412,13729.079417003835
413,13787.893740388192
414,14305.414636935358
415,14725.148821402923
416,14836.978530752134
417,14816.3634182362
418,14690.365391955751
419,14759.271200704083
420,14557.052221561173
421,14456.622375094757
422,14626.981597509155
423,14542.569054695667
424,14619.497801416363
425,14782.562508613397
426,14727.408983149984
427,14886.753505890385
428,14948.824044422276
429,14918.63536262752
430,14855.873320473309
431,14818.81699291597
432,14764.447491554401
433,14937.93389127873
434,14862.729033462969
435,14807.722463791653
436,14417.538052447257
437,14520.36581519152
438,14696.245437841084
439,15004.29340270755
440,15163.863421113496
441,15012.20463691049
442,14933.509454031702
443,14898.73955308746
444,14704.751073823922
445,14773.708085906985
446,14757.274267544251
447,14554.636708295042
448,14425.85832160289
449,14481.974361359804
450,14394.860760345797
451,14474.788076120663
452,14459.65853285068
453,14463.689786245577
454,14701.146992828908
455,14555.782517786156
456,14602.086897597901
457,14721.803031597918
458,14820.98197719819
459,14745.976317210057
460,14747.077211915826
461,14797.23372073932
462,14784.011547297667
463,14668.122760642438
464,14618.539376772336
465,14106.526843317726
466,14213.824453450048
467,14328.271221552328
468,14265.631518344468
469,14240.436821028257
470,14183.045421529601
471,14305.840744360827
472,14486.913821681868
473,14632.171069450753
474,14650.415287943859
475,14517.75498394958
476,14524.452555707663
477,14454.913728075642
478,14540.427229545227
479,14642.740583900788
480,14516.449462147099
481,14506.046653741498
482,14506.142675445442
483,14583.860346243402
484,14681.887511626466
485,14671.6023538471
486,14733.69418423678
487,14127.445738220795
488,14203.571311628877
489,14046.977852870517
490,14177.99680360909
491,14264.946373792627
492,14353.320851673321
493,14149.20232134172
494,14039.767713127734
495,14134.711417316144
496,14225.108197506155
497,14256.507707882818
498,14249.733854543732
499,14253.249999663523
500,14291.995183971125
501,14266.432244214644
502,14191.292815001467
503,13965.876000589717
504,13996.88419381748
505,13920.874937003482
506,13866.965089541689
507,13704.240072761217
508,13779.66741441425
509,13823.574819189887
510,13486.859583158635
511,13559.86916518836
512,13224.833547254575
513,13214.896460415284
514,13234.047296680641
515,13230.66774794287
516,13442.768217742658
517,13334.107664366422
518,13228.667793736398
519,13184.871621586959
520,12887.089580682026
521,13038.78662410586
522,13080.127339727973
523,12985.55107363952
524,12896.527893151793
525,12768.0694035632
526,12769.173354738467
527,12920.141358920375
528,12943.378500686385
529,12949.169324393617
530,12840.423563224795
531,12980.424159382015
532,13162.228518174246
533,13260.464426595603
534,13144.550003752109
535,13211.935140337124
536,13320.184561677965
537,13324.482674101746
538,13545.805889981939
539,13578.300457846773
540,13355.756343367468
541,13340.262210467337
542,13492.896628813643
543,13544.089650866139
544,13443.110399485513
545,13400.91034202953
546,13268.076708703858
547,13233.189755694424
548,13242.579619947535
549,13227.065658126137
550,13344.123740946003
551,13259.96693351771
552,13249.437135687025
553,13188.297218702874
554,13178.59046366668
555,13254.055691842406
556,13417.136373933463
557,13355.08770333897
558,13380.296095683101
559,13381.012391749066
560,13413.85784926659
561,13610.004381882663
562,13661.65332134978
563,13814.758756484878
564,13884.193569672754
565,13889.812887478256
566,13821.669411899538
567,13953.609909630042
568,13678.30377573383
569,13551.729792422702
570,13431.644297954437
571,13523.023097205876
572,13575.95860386837
573,13545.58458248848
574,13616.989440896825
575,13620.390246219002
576,13586.005776551712
577,13578.91504892956
578,13500.435239839024
579,13437.100685446414
580,13506.192754171723
581,13489.420149879543
582,13408.426448500199
583,13396.379491211817
584,13265.05179283889
585,13336.565456951199
586,13296.770883916179
587,13211.214996725324
588,13076.252475842048
589,13005.56167756839
590,13145.068415892594
591,13204.033983650368
592,13030.163628140112
593,13009.119900847087
594,12963.209762857994
595,13151.968350305646
596,13012.265879201288
597,12949.318595032895
598,13003.371132350183
599,13057.971847417251
600,13234.768155727339
601,13256.885847397853
602,13382.646022932468
603,13507.186508833795
604,13520.432855893927
605,13499.020305692335
606,13677.337499005138
607,13708.962302702726
608,13643.697372680754
609,13656.851778434011
610,13564.212369978983
611,13602.634825439587
612,13503.16257952351
613,13514.710432802844
614,13490.978026179067
615,13520.215113055867
616,13484.473198578296
617,13535.351812625666
618,13380.834354214821
619,13437.677342406912
620,13406.764680304124
621,13442.301749475771
622,13488.75737564251
623,13388.306381441645
624,13190.617898709685
625,13259.24608121227
626,13336.786105892188
627,13354.887541197586
628,13371.828104233338
629,13220.65332098831
630,13315.359633214548
631,13564.720686416193
632,13772.355875947298
633,13795.846686735214
634,13777.600650324994
635,13748.182072967196
636,13746.987456393777
637,13737.987634492789
638,13760.926319260421
639,13745.03903831124
640,13817.595479805763
641,13775.383324543442
642,13718.661590360618
643,13734.690668411247
644,13738.474119046285
645,13738.885019496214
646,13743.027661418038
647,13812.039108082656
648,13811.005945788123
649,13716.320263833317
650,13730.445864714888
651,13730.285900266997
652,13773.46078240751
653,13657.752536044089
654,13670.347586848166
655,13574.255892999803
656,13509.112029402178
657,13520.284588855904
658,13504.359644491025
659,13412.896496843114
660,13374.607771441697
661,13363.794060752656
662,13363.943615245147
663,13701.48342883528
664,13685.547114335397
665,13711.353983375673
666,13440.023553662006
667,13420.7623755653
668,13429.824226646482
669,13396.19018883882
670,13402.185853289991
671,13295.128662283885
672,13412.567701441336
673,13451.64928696598
674,13408.940996581874
675,13353.052597284714
676,13198.440733948732
677,13268.061407121531
678,13204.296235971942
679,13226.240000538863
680,13345.00369040152
681,13351.21848048614
682,13345.298624743911
683,13373.655630754982
684,13421.153352962127
685,13460.516590919717
686,13427.751204325612
687,13368.458002252386
688,13340.419500440566
689,13302.346772179211
690,13241.693236346935
691,13536.820704971116
692,13495.723580110345
693,13427.69993830738
694,13424.974007679792
695,13380.133819524257
696,13505.364491627113
697,13510.669367235878
698,13483.374492104174
699,13448.50292005133
700,13423.696119955563
701,13310.657292756347
702,13227.947987869024
703,13252.860713052285
704,13261.161770598503
705,13306.731664515995
706,13261.552813288614
707,13350.110661129982
708,13290.984490001436
709,13291.022324319962
710,13286.08300234422
711,13234.556303319241
712,13110.593342785949
713,13064.476315122785
714,13008.170448337441
715,12863.005573815233
716,12929.058230028368
717,13069.828053267885
718,13196.574757213944
719,13256.540199307328
720,13263.563401120982
721,13349.563845125216
722,13475.667700890259
723,13413.1969991185
724,13449.185329772989
725,13631.34377526139
726,13566.676005093155
727,13773.10845521948
728,13811.942660347175
729,13797.777860078688
730,13822.233589962321
731,13738.768862061213
732,13740.399744012768
733,13579.324257294396
734,13630.235950729577
735,13696.855780575746
736,13861.819028339647
737,13914.86614441335
738,13968.58423737192
739,14099.172809728778
740,14147.52121188439
741,14188.947398382375
742,14202.570585047233
743,14207.058380614591
744,14312.677823128977
745,14260.994233522844
746,14305.38339946034
747,14453.082062240825
748,14381.378867666934
749,14400.982520357975
750,14463.822001161629
751,14451.271881453633
752,14364.792699500333
753,14397.363695047006
754,14319.406822893863
755,14470.49139135042
756,14491.153196856458
757,14726.139552567654
758,14919.842758461553
759,15337.622886749163
760,15368.266797533977
761,15353.719176411118
762,15458.455129045291
763,15458.86111298482
764,15509.77579591623
765,15576.558900227776
766,15590.458165838938
767,15592.505054008405
768,15542.545226004673
769,15557.660223995328
770,15669.18339192992
771,15657.225032101027
772,15679.385873419746
773,15701.459261402188
774,15870.808955154447
775,15817.657580648693
776,15972.15824616585
777,15962.142978683114
778,15876.62119640661
779,15821.456153670042
780,15940.917581193804
781,16064.530907995195
782,16094.247462072797
783,16078.671821612406
784,16226.329622028858
785,16189.984489890898
786,16171.98038331915
787,16183.232444931413
788,16259.205129080641
789,16237.849468307315
790,16193.306766037744
791,16467.909736334674
792,16561.79625641053
793,16514.40164543727
794,16524.06855887429
795,16526.05984337453
796,16356.358157688159
797,16132.311257458443
798,16130.6794241271
799,16237.398985799013
800,16246.540268169912
801,16730.705244549543
802,16730.535727485447
803,16733.847727721928
804,16824.058376326437
805,16838.59215066884
806,16881.036571356883
807,16857.574919454375
808,16720.776368625397
809,16759.61510905503
810,16717.32811331771
811,16722.138758314428
812,16734.81192040151
813,16742.840773904485
814,16767.737078243754
815,16779.548622491235
816,16759.649146018673
817,16828.157419362986
818,16865.28408986767
819,16726.308521206876
820,16676.063550885287
821,16752.54687495154
822,16774.78351667233
823,16730.33925653137
824,16710.02898077418
825,16788.211086214724
826,16777.424701981774
827,16791.070603887572
828,16693.801038416983
829,16636.038688662113
830,16653.056079581846
831,16713.73901283992
832,16723.36483914795
833,16763.817648073673
834,16799.477379681575
835,16805.28920692163
836,16821.932126672775
837,16853.588918527254
838,16941.734851151392
839,17033.601242518816
840,16948.52787082349
841,16591.229056460586
842,16602.13744974473
843,16500.403965080495
844,16458.88011142383
845,16405.701369644954
846,16485.232856692764
847,16460.60937004784
848,16538.68501670976
849,16725.804512986815
850,16821.47979724768
851,16918.66393518624
852,17001.39127430487
853,17144.59177802022
854,17162.351341208017
855,17190.190237123723
856,17237.307576668238
857,17162.411910506034
858,17162.199182964556
859,17229.757916884544
860,17070.332638978176
861,17011.071397346353
862,16806.890708813604
863,16769.2513192931
864,16722.74346013605
865,16659.104448855927
866,16734.569722740434
867,16873.645731756995
868,16786.703461358342
869,15904.16673013771
870,16024.60366737657
871,16013.653365142658
872,16202.552714360616
873,16134.535077227827
874,15949.135028578927
875,16014.932141858333
876,15897.488851301227
877,16089.813570247812
878,16052.977102962366
879,16016.852423024737
880,15972.51712167933
881,16061.266844593909
882,15978.455598161912
883,15800.661809889987
884,15687.930120346968
885,15710.448528041801
886,15764.580844006314
887,15868.861335469923
888,15885.047915190258
889,15862.093984013438
890,15784.981272032725
891,15762.700000806928
892,15779.912546974178
893,15774.792846086148
894,15945.35982879424
895,15932.761206151652
896,15894.646837490067
897,15822.830659860516
898,15885.548757975153
899,16309.357223735988
900,16128.790360253439
901,16096.073633051014
902,15961.437178215401
903,15911.173533937143
904,15957.640058626046
905,15986.894849929442
906,15943.218872806106
907,15774.040686712106
908,15818.112752849116
909,15895.486602310288
910,15884.084724699711
911,16017.38214900006
912,15952.11253449401
913,15896.26237303768
914,15888.70589333506
915,16000.799054668474
916,16036.092853469861
917,16013.775331674424
918,16097.43927871128
919,16106.09414839278
920,16225.629518426222
921,16320.088951877358
922,16324.41665702445
923,16372.592881034263
924,16239.64680081245
925,16230.698994255603
926,16222.34215726324
927,16062.18263701998
928,16047.364852224713
929,16109.100020950926
930,16245.934018680658
931,16169.294868002386
932,16155.659128758001
933,16119.035428445
934,16122.475822549211
935,16074.694337742512
936,16010.537005249043
937,15987.62233555665
938,16010.348816743142
939,15980.850877419529
940,16071.360810622278
941,16161.259539301129
942,16194.630547758981
943,16215.899174674443
944,16098.328492491697
945,16117.929638632693
946,16138.292385413895
947,16092.307410112371
948,15952.822287488076
949,16052.118477608714
950,16106.907114796568
951,16115.43257983709
952,16292.879629410667
953,16291.061473045693
954,16256.527007022742
955,16228.964999216045
956,16246.667623773355
957,16331.24112094503
958,16404.65680864275
959,16428.76994267161
960,16454.341318561208
961,16519.2971374939
962,16536.612636764727
963,16351.865328978693
964,16356.464090052608
965,16418.87796970789
966,16406.623732306383
967,16504.82506679774
968,16453.497057092864
969,16556.13192959964
970,16579.316846514048
971,16458.07790298184
972,16571.414476204278
973,16639.538703226983
974,16594.506752645942
975,16444.05215821665
976,16513.941141089144
977,16491.103484051062
978,16384.471733096205
979,16448.807663525153
980,16423.01506392419
981,16392.82739909098
982,16411.724885865748
983,16431.946544682844
984,16587.093639747614
985,16942.10142848793
986,16920.78687717603
987,16964.91860967299
988,16867.331938578795
989,16843.59875687882
990,16802.131714275933
991,16897.03065906589
992,16953.87022720396
993,16911.9713366482
994,16929.856050352773
995,16788.209627868888
996,17063.63620618599
997,16977.854458500144
998,16738.523175423077
999,16669.970642667275
1000,16921.99719360799
1001,16910.551852159755
1002,16896.51896860819
1003,16952.257518987764
1004,16886.39635122884
1005,16843.60297926726
1006,17036.081522291763
1007,17144.51286724726
1008,17004.183131232516
1009,17019.410559917047
1010,17052.901025859752
1011,16766.747693561476
1012,16790.729076350548
1013,16599.433842917588
1014,16709.503661361614
1015,16687.27659349636
1016,16691.749731486278
1017,16673.64488919337
1018,16723.965188009188
1019,16849.49193817011
1020,16836.533721986267
1021,16876.186583450395
1022,17030.503739137574
1023,17078.28093381001
1024,17049.117693491895
1025,17022.442915094005
1026,16888.832576057466
1027,16850.682918600738
1028,16609.709586259898
1029,16371.03698564622
1030,16531.32909649379
1031,16352.30257239613
1032,16090.856831475674
1033,16150.869533076411
1034,16240.504839355648
1035,16443.58666248194
1036,16487.07484161356
1037,16337.191425967494
1038,16344.710343936895
1039,16169.149287080392
1040,16060.90032483749
1041,16125.010249306677
1042,16251.412142938298
1043,16295.814851764777
1044,16121.873751937072
1045,16086.00497101421
1046,15990.96591409343
1047,16148.07512452215
1048,16321.360627386033
1049,16323.443942442053
1050,16310.24279574927
1051,16269.926198338697
1052,16359.588988733534
1053,16397.360368998336
1054,16323.482001901875
1055,16170.375263092592
1056,16151.458753073315
1057,16166.96013604508
1058,15861.325490133839
1059,16021.781399487758
1060,15999.27287340213
1061,15725.2626443162
1062,15661.796874979242
1063,16067.746728064816
1064,15839.177801926346
1065,15843.343518972259
1066,16033.551441898415
1067,15726.504865446605
1068,15725.735435622468
1069,15869.535759045772
1070,15813.960027606083
1071,15610.528573643443
1072,15643.72470713182
1073,15721.797458456726
1074,15740.77730102545
1075,15905.134642078776
1076,15933.524673079713
1077,16024.311278979796
1078,16087.94994487643
1079,16088.006741797868
1080,15958.472927318167
1081,15850.935201480432
1082,15825.921077569661
1083,15609.967562515043
1084,15657.095784063142
1085,15681.583911688185
1086,15739.574024613026
1087,15724.708768207218
1088,15696.114994889222
1089,15651.123776187027
1090,15740.727096383285
1091,15796.936752767326
1092,15807.501246889951
1093,15895.239618058835
1094,16021.275209500309
1095,16010.766958127215
1096,16030.378686365859
1097,16077.52362948846
1098,16068.717689334824
1099,16173.544601430309
1100,16190.042534805254
1101,16257.432048788687
1102,16252.383864678914
1103,16212.183820375201
1104,16158.582147166551
1105,16185.300238530865
1106,16242.723080020249
1107,16040.081228304149
1108,16179.639468065921
1109,16188.885167058128
1110,16118.75591709794
1111,16165.782132074444
1112,16148.46269608389
1113,16145.953186522705
1114,16387.511145799872
1115,16468.745904118536
1116,16476.86980422489
1117,16531.826412028702
1118,16491.85550052977
1119,16632.668342280445
1120,16681.32671172486
1121,16539.77080342984
1122,16647.36125018849
1123,16693.379044439258
1124,16660.09127361346
1125,16729.192410280943
1126,16607.413103304098
1127,16481.377876862014
1128,16278.371217455582
1129,16269.224400489738
1130,16340.772812028032
1131,16405.650950510615
1132,16349.977667428297
1133,16500.505650976334
1134,16599.102883936554
1135,16688.778114232417
1136,16727.29644834078
1137,16715.21642505694
1138,16865.97624840031
1139,16945.206244778932
1140,16909.991233663357
1141,16917.47381850545
1142,16918.000304719542
1143,16971.215266781324
1144,16892.202866983618
1145,16895.43619456538
1146,16886.260161651535
1147,17002.929201133793
1148,17002.894433718953
1149,16867.721936737267
1150,16853.211243707385
1151,16737.529616108495
1152,16587.099583924544
1153,16688.030110778825
1154,16603.455738275457
1155,16609.366904978422
1156,16679.73292485115
1157,16737.91780759626
1158,16404.99684014775
1159,16518.532334879426
1160,16485.46292287178
1161,16597.40919596132
1162,16614.685298135922
1163,16734.490708956422
1164,16870.488757859406
1165,16953.106711468456
1166,17033.373494318832
1167,17051.581905644685
1168,17046.969245621105
1169,17181.329077673035
1170,17416.08780185627
1171,17527.750779928378
1172,17545.880440826993
1173,17565.415761846652
1174,17641.69510602769
1175,17662.875281830136
1176,17688.414867139625
1177,17661.60140683338
1178,17759.178681612273
1179,17785.832811773984
1180,17689.78944740136
1181,17603.27412977261
1182,17575.714776357556
1183,17373.216300293647
1184,17190.963255210692
1185,17283.152387240676
1186,17261.635526998023
1187,17300.087439458533
1188,17279.82866280505
1189,17257.395570886176
1190,17183.94833764458
1191,17396.264803152095
1192,17439.00913656977
1193,17450.58765006621
1194,17437.713608147587
1195,17518.36423660521
1196,17402.41524238417
1197,17162.037176323185
1198,16664.162422092963
1199,16725.017490905357
1200,16750.283535635088
1201,16624.624618669117
1202,16650.00506254171
1203,16720.291993787938
1204,16664.870759428435
1205,16883.487829017464
1206,16932.083966014783
1207,16916.870758025365
1208,16974.384050623667
1209,16950.947012908877
1210,16933.083699691957
1211,16773.40566096157
1212,16981.849091111762
1213,16848.221024443672
1214,16951.106241614576
1215,17082.661554991762
1216,17401.00626218774
1217,17426.763995505164
1218,17426.43383327303
1219,17696.282590936742
1220,17804.697773442316
1221,17942.211342023013
1222,17842.61480458684
1223,17732.634625565515
1224,17593.272623325443
1225,17689.23787353464
1226,17691.081819875166
1227,17688.037990031266
1228,17777.618871213755
1229,17555.660023285684
1230,17229.231733268065
1231,17207.9216188839
1232,17300.356767878104
1233,17397.63936599421
1234,17526.227028668505
1235,17780.831386860187
1236,17781.521482251814
1237,17772.039909293493
1238,17941.853289958424
1239,17748.57135302433
1240,17971.028969915238
1241,17657.989599958084
1242,17670.03060337115
1243,17803.3196190787
1244,17935.58454429343
1245,17881.23458449072
1246,16967.129846841246
1247,16679.78107853279
1248,16708.60839097906
1249,16611.663289648426
1250,16341.791729772427
1251,16163.999614995593
1252,15973.962000390296
1253,16432.760126645582
1254,16528.592790158466
1255,16571.2524719762
1256,16768.72650479219
1257,16828.259831885738
1258,16847.758137732322
1259,17199.257624598195
1260,17238.36161721662
1261,17320.083393102366
1262,17286.88645202816
1263,17388.491020358586
1264,17371.147286745643
1265,17274.56825640992
1266,17526.519634131437
1267,17387.44223998072
1268,17466.330864496067
1269,17554.517933217423
1270,17465.965005000446
1271,17311.280717427915
1272,17246.442288245074
1273,17278.905704814177
1274,17394.398008460525
1275,17368.14942342942
1276,17425.75723065856
1277,17504.206770117926
1278,17455.09056507325
1279,17491.4916961925
1280,17502.886482851714
1281,17502.77507515846
1282,17314.118420535695
1283,17368.52463693475
1284,17418.96249613036
1285,17487.133585067266
1286,17500.156922442253
1287,17578.452289476845
1288,17659.551861163556
1289,17715.4857143999
1290,17673.816447268513
1291,17581.697521629518
1292,17744.244832390228
1293,17940.17189837384
1294,17939.930422085974
1295,17980.15053737336
1296,17992.512572490363
1297,18027.31947599896
1298,17812.42589103563
1299,17873.06621103759
1300,17701.664730687102
1301,17604.044828290538
1302,17936.212134508205
1303,17993.945824123577
1304,18178.25287509321
1305,18275.484214976503
1306,18101.293403904543
1307,18099.094505941484
1308,18241.192421392174
1309,18250.5109343638
1310,18251.57181575543
1311,18385.897985333744
1312,18329.296000112845
1313,18377.594461335473
1314,18508.106041928957
1315,18453.096430091256
1316,18512.301547035247
1317,18563.677302627864
1318,18597.11026552063
1319,18601.914865451006
1320,18620.8235620932
1321,18633.201145019757
1322,18783.476286176417
1323,18805.70643791511
1324,18687.006163958733
1325,18780.07836876856
1326,18513.3937463174
1327,18460.44516736903
1328,18566.016811885616
1329,18520.471974435863
1330,18504.6787368579
1331,18514.928195847984
1332,18424.721586312644
1333,18546.982719663345
1334,18575.038320481846
1335,18487.085184815576
1336,18418.772508237274
1337,18388.988643869987
1338,18484.759469085122
1339,18306.631060299234
1340,18382.421462073427
1341,18535.117819054205
1342,18566.303131562105
1343,18332.382063899408
1344,18326.019569041386
1345,18400.685628833075
1346,18564.01720900338
1347,18353.24800592071
1348,18361.949110545935
1349,18388.05407682233
1350,18518.094243726024
1351,18559.503800885257
1352,18569.380820412523
1353,18726.29727306734
1354,18730.328236346853
1355,18745.6395196727
1356,18717.51618864588
1357,18709.984150292457
1358,18436.649877917593
1359,18513.00927406619
1360,18420.538559277153
1361,18515.52595836883
1362,18735.531568617735
1363,18756.654987010017
1364,18795.58941379509
1365,19061.47273549124
1366,18979.241767879426
1367,18906.286381819496
1368,18920.70458245044
1369,18962.476980263513
1370,19032.44708738278
1371,19178.25524875264
1372,19279.520925201054
1373,19305.425006957717
1374,19540.09167128121
1375,19638.945341637824
1376,19617.75472320321
1377,19693.861320714073
1378,19579.590843264716
1379,19501.548525660502
1380,19460.102463981744
1381,19461.44612037809
1382,19491.782785528372
1383,19686.20617406717
1384,19613.62787320122
1385,19592.172264828998
1386,19647.12945885013
1387,19700.87219194495
1388,19921.49552854526
1389,20085.628910378327
1390,20295.664199608305
1391,20092.67612227865
1392,20153.011690256622
1393,20244.94975576407
1394,20174.401514347977
1395,20140.735515271565
1396,19963.156617560137
1397,20016.149244515447
1398,19946.022374966848
1399,20102.991010814116
1400,20089.022501175536
1401,20486.19289552478
1402,20408.496798712385
1403,20362.800453723634
1404,20311.268905848123
1405,20013.232625016954
1406,20088.07835264083
1407,20270.81820797013
1408,20376.960299985418
1409,20355.091741985398
1410,20221.15323146738
1411,20278.223648061437
1412,20017.05642672031
1413,20095.52105082765
1414,20144.559341209937
1415,20214.939424623943
1416,20142.38848310162
1417,20273.39935682391
1418,20455.175371529833
1419,20049.959208377633
1420,20264.943210871625
1421,20876.469944649732
1422,21003.49210381226
1423,21113.00542712671
1424,21062.60266752596
1425,20744.99185749795
1426,20777.452040252774
1427,20915.47964797628
1428,21074.63678366307
1429,20847.693591476047
1430,20773.06308351886
1431,20598.944242494967
1432,20465.064336606465
1433,20517.803706296258
1434,20373.7321916948
1435,20466.94218236078
1436,20487.42153245944
1437,20349.91413391918
1438,20488.882027724067
1439,20465.553220306185
1440,20425.286724191996
1441,20421.711635876047
1442,20374.30327445877
1443,20260.746425252808
1444,20351.91574864712
1445,20247.750517719127
1446,20271.38934987235
1447,20442.694233987007
1448,20492.75831782657
1449,20560.865318111115
1450,20517.762568408256
1451,20734.064683388857
1452,20821.842527802513
1453,20842.626805918815
1454,21034.538350246527
1455,21132.265511722162
1456,21125.201163346006
1457,21227.90057313991
1458,21250.79671649193
1459,21203.824155139326
1460,21178.80525690447
1461,21069.36435079637
1462,21038.29962275852
1463,21029.392651502112
1464,21298.426523458627
1465,21530.636916915184
1466,21599.434352113072
1467,21439.74224734164
1468,21391.655178582143
1469,21473.785461480602
1470,21469.921134250435
1471,21547.50682723652
1472,21624.399209982057
1473,21602.244675007452
1474,21576.648318387157
1475,21603.042916318533
1476,21710.49845148916
1477,21625.490115443354
1478,21654.525394653065
1479,21703.245524405178
1480,21626.594406077314
1481,21610.01765518448
1482,21578.465972951773
1483,21536.451437868138
1484,21651.13911577135
1485,21713.588374995878
1486,21703.586004085904
1487,21659.9859048371
1488,21551.42867747573
1489,21502.000766450063
1490,21542.033488702255
1491,21354.969064956185
1492,21396.107083367588
1493,21423.9735889492
1494,21457.17165536016
1495,21428.89112417581
1496,21374.538242548402
1497,21169.8992468899
1498,21278.33372279202
1499,21285.9144431332
1500,21161.916506709487
1501,21262.253118821092
1502,21279.03960551535
1503,21207.011451107246
1504,21303.3022681577
1505,21084.910982891153
1506,21022.138424302513
1507,21038.984424992002
1508,21004.780939499436
1509,20892.028144138658
1510,20574.767223910534
1511,20536.87350239178
1512,20510.83535244165
1513,20513.8276322356
1514,20798.016850977547
1515,20675.59928659439
1516,20776.83782683028
1517,20977.219625500762
1518,20979.379700755497
1519,21042.71115767389
1520,21074.181292720867
1521,21115.11880316123
1522,21059.38122545358
1523,21091.318303721113
1524,20858.574129231885
1525,20787.16221992091
1526,20849.283021991665
1527,20783.864603995415
1528,20763.906093753107
1529,20632.099555624372
1530,20427.290802680134
1531,20478.670876218042
1532,20734.2356355976
1533,20814.27411111476
1534,20893.96207201082
1535,20916.90138850916
1536,20920.184233226348
1537,21100.62466050462
1538,21344.389731748117
1539,21357.642214429157
1540,21513.202531154882
1541,21940.62298413836
1542,21999.14622368791
1543,21850.74254269945
1544,21635.592701981448
1545,21312.7919289239
1546,21391.57267391793
1547,20766.326534694766
1548,20603.27703567387
1549,21830.666451010886
1550,21609.04941615406
1551,22464.695493776202
1552,22345.330001866856
1553,21997.39297425892
1554,21411.777500271128
1555,21893.59039584286
1556,21255.95193810027
1557,20557.01040843611
1558,21179.008621615387
1559,20419.734158698808
1560,21446.630533552485
1561,21212.17909033814
1562,21136.2280767697
1563,20520.44622589849
1564,20335.724039132478
1565,20352.50580773348
1566,20277.8701446148
1567,20518.16856339295
1568,20079.727960445212
1569,20502.53477286918
1570,20489.45173409694
1571,20594.43597712313
1572,20822.20057132497
1573,20877.38266463476
1574,21944.395892903136
1575,21925.066687107697
1576,22014.191752395887
1577,21704.352293540112
1578,21708.239569247984
1579,22340.020783654432
1580,22151.815222163077
1581,22839.39314293008
1582,22777.414992376867
1583,22720.277849559876
1584,22377.905903636267
1585,22738.603710355885
1586,22606.06315345096
1587,22937.025676507463
1588,22886.94686205054
1589,22723.08410871238
1590,22773.112003022638
1591,22624.8118140723
1592,22595.182821570143
1593,22894.851804475522
1594,22936.94669546116
1595,22946.674145136647
1596,22825.232095302545
1597,22853.419053450583
1598,23124.430854247104
1599,22897.346150028665
1600,22803.29784826315
1601,22617.97395729855
1602,22617.402235829468
1603,22710.115915180337
1604,22709.742244714416
1605,22832.048822767276
1606,22811.524594179973
1607,22879.70174153433
1608,22897.483021246167
1609,22942.75007869146
1610,23099.564043572624
1611,23139.43964931794
1612,23129.20210780478
1613,23088.8425502014
1614,22998.5886887727
1615,23010.54303944494
1616,23036.50975859411
1617,23000.698965030475
1618,22896.981009038573
1619,22926.764892718074
1620,22521.19289825794
1621,22518.717220573202
1622,22506.301986810755
1623,22706.81022325624
1624,22637.714248143693
1625,22677.64079270598
1626,22802.33044137246
1627,22848.608690775513
1628,22823.210378547534
1629,22662.308178124855
1630,22809.44483160993
1631,22672.577346577746
1632,22845.29016972313
1633,22912.082158827467
1634,22933.772012879934
1635,23010.843666824578
1636,23263.039496099205
1637,23485.09344517576
1638,23471.25828840116
1639,23798.033246273775
1640,23819.01032118703
1641,23557.5932544841
1642,23734.81016288357
1643,23690.667812959087
1644,23621.110678503945
1645,23615.28435860047
1646,23703.926232837093
1647,23724.049969437492
1648,23677.229851960838
1649,23624.18362066412
1650,23600.697709553377
1651,23789.25514363702
1652,23742.731064287414
1653,23669.67457679571
1654,23680.27400667777
1655,23573.891465499753
1656,23753.641715635433
1657,24108.374887255657
1658,24055.531940154226
1659,24205.141602029184
1660,24167.977849860727
1661,24027.66203546563
1662,23825.781461863942
1663,23989.938258032904
1664,24056.056971633872
1665,24066.531041451515
1666,24303.389198597673
1667,24331.284542059475
1668,24305.06133050767
1669,24294.833056019907
1670,24297.71297799705
1671,24285.346713065403
1672,24329.377215358778
1673,24225.224090997086
1674,24328.54252859628
1675,24369.215859830383
1676,24473.397721341244
1677,24505.844429482695
1678,24941.56920323802
1679,24499.331305301857
1680,24449.88318573451
1681,24261.6965109581
1682,24408.47112763625
1683,24110.615467678785
1684,24074.798003761032
1685,24877.43017524788
1686,24740.71946753109
1687,24636.253806935176
1688,24565.66310484775
1689,24461.120526608855
1690,24531.336791600555
1691,24584.143641542636
1692,24553.412761199528
1693,24558.0010821671
1694,24603.792953537442
1695,25301.052492050534
1696,25224.36707270747
1697,25382.5679856651
1698,25635.865250349216
1699,25472.125570700926
1700,25646.957874902986
1701,25617.888813242476
1702,25960.74498964465
1703,26088.138986187103
1704,26360.23447599236
1705,26820.651672653956
1706,26920.319805489577
1707,26805.324501138806
1708,26589.185223274257
1709,26747.671951421482
1710,26264.89547605649
1711,26415.7456313161
1712,26369.936726479107
1713,26486.451159760378
1714,26417.39382754989
1715,26377.154080738765
1716,26349.53124130355
1717,26013.28497775208
1718,26017.417715132407
1719,25822.986218231425
1720,25784.186434462135
1721,26111.56555032541
1722,26919.754570714562
1723,27057.93795383082
1724,27051.08676504379
1725,26526.03807281654
1726,26616.61320723042
1727,26841.10600779207
1728,26907.692479333386
1729,26945.998375251103
1730,27112.342666654
1731,27016.266167330978
1732,27013.93354601918
1733,26883.547818117982
1734,26779.84146978618
1735,26770.085966436276
1736,26796.81248283932
1737,26849.1914374717
1738,26879.116040069643
1739,27006.926554895705
1740,26869.63327910145
1741,26662.59115005163
1742,26388.729362295613
1743,26365.876048508853
1744,26361.69173709716
1745,26552.167358929837
1746,26496.680033429904
1747,26609.580368232717
1748,26603.094974837593
1749,26860.100327793312
1750,26771.565964801302
1751,26724.170794611324
1752,26825.902265292738
1753,26759.356504884232
1754,26616.118065531653
1755,26675.01487803508
1756,26671.261109091945
1757,26691.40830642989
1758,26793.098815912257
1759,26778.114738436867
1760,26908.55278131817
