,Profitloss
0,0.7016886673258282
1,0.3108385952906634
2,-0.12497827957522745
3,0.22581071500187289
4,2.7746627113020894
5,3.0389004617341397
6,1.5023741869257368
7,2.4617875316015114
8,2.0975301805636004
9,2.052809509454101
10,0.5985252995358126
11,-0.11860493119386639
12,-0.79135398938458
13,-1.0894835526966018
14,-1.4733397176253549
15,-1.0828753865060547
16,0.2829539162364503
17,-0.6507030001583147
18,-0.0715923908693683
19,-0.38822660284678623
20,-1.917416954814477
21,-1.6911830284579543
22,-1.9136250959118861
23,-0.6232645966068762
24,-0.5411388752475599
25,-0.5513764435003399
26,-0.07871805352324124
27,0.5226806205365753
28,-0.5608069119126702
29,-0.6667041179860167
30,-0.5923951689405849
31,-1.3120704602111455
32,-1.1276748973993889
33,-1.4691560049075902
34,-0.9005321779345765
35,-0.15586928085528085
36,-0.49770695074422555
37,-0.48822468598165303
38,-0.33990058398726264
39,-0.8448180011930595
40,-0.27507934030422954
41,-0.26650604845602777
42,-1.8603415956796154
43,-1.77977806613423
44,-1.5949936977292967
45,-1.3357122790973008
46,-1.0862594129019465
47,-1.8744782597374332
48,-2.6190029785297497
49,-2.396850960173147
50,-0.9020553640528783
51,-1.213640597209864
52,-1.3946965670819766
53,-2.927190030314064
54,-3.6174461133015035
55,-4.180582767629115
56,-4.9577075641764505
57,-5.078515287279184
58,-6.1381452500037685
59,-4.950024354451498
60,-4.854201680875714
61,-5.19935878889779
62,-6.8368463652398574
63,-7.127780701477404
64,-7.11770822671407
65,-5.975789966623668
66,-5.108998417691235
67,-6.362675879256585
68,-6.654589665164323
69,-7.702588318853398
70,-8.146291081745405
71,-7.777368896792369
72,-7.720893903583736
73,-7.324806632191194
74,-7.073275593327044
75,-6.728016169132434
76,-6.465921356640214
77,-6.661880875650117
78,-6.582856278121896
79,-6.121332722506367
80,-6.09205863607939
81,-6.087796908321719
82,-6.125824383005673
83,-5.823670259746116
84,-6.463104039617007
85,-6.797145037002217
86,-5.344278775858102
87,-4.038192817634146
88,-2.3499223091378196
89,-2.492944683358156
90,-2.8820457305202885
91,-4.090161413059546
92,-4.20662264873326
93,-3.9132093429930626
94,-4.498180554069354
95,-5.8112342644219055
96,-5.582100478700536
97,-5.607262677517689
98,-5.157755171630852
99,-5.06247169364733
100,-5.05237875719502
101,-3.989566149110324
102,-4.250289389077566
103,-4.103954228639939
104,-3.5542686349557706
105,-2.6254687854679104
106,-2.7912792693895683
107,-1.8103181044324068
108,-1.7800835260522674
109,-2.361596324909776
110,-2.6276050223665637
111,-2.1982218146358146
112,-2.0991214614686227
113,-1.8409633820567706
114,-1.3235402141696384
115,-1.3462171759095143
116,-1.642644516698899
117,-1.6913560565587127
118,-1.311216210063304
119,-1.2882768754817975
120,-1.6923016711496541
121,-1.81595156948694
122,-1.8260588144271894
123,-1.696874950037619
124,-2.1697123714158217
125,-2.0237750740646487
126,-2.142235285626126
127,-2.2834397054686595
128,-2.1213559811407157
129,-2.82386634574453
130,-2.863834980507074
131,-3.1894186474615838
132,-3.8537047453185425
133,-4.484271365286885
134,-5.368015395644521
135,-4.115894244581297
136,-3.9016253341098817
137,-3.8887633390327525
138,-3.7576473791589127
139,-3.483419150605327
140,-4.2069392841751485
141,-4.294448709000365
142,-2.4909450559836954
143,-2.398358546383872
144,-2.672028406351379
145,-2.4951925223304583
146,-2.196519454910195
147,-2.45835531832016
148,-1.9759456983675316
149,-2.5895731676462863
150,-1.8377374959028026
151,-1.6300322641176423
152,-1.8101477968354929
153,-1.2282820319520993
154,-0.6831924215990659
155,-0.6517483443517547
156,-0.3776107988691546
157,0.11847834628355702
158,0.19097483539589621
159,0.4827997090972813
160,0.596616913163639
161,0.9054749027189946
162,1.0136667186485537
163,0.6956926686304987
164,0.5306933406814318
165,0.5964930167107418
166,0.14080657447423928
167,0.023424301422458882
168,0.8980923044365152
169,1.9647989850700265
170,2.068745028742991
171,1.4493171600415078
172,1.7610710733213075
173,1.3693389077039875
174,0.2249983409970291
175,0.09501641742311051
176,0.38427392126234583
177,0.03716702809022365
178,0.8981987115317613
179,1.3582284711439963
180,-0.5448763270794466
181,-0.691572493358561
182,0.8384024494032527
183,0.14515964072743248
184,0.4896367986610972
185,0.4642939749280428
186,-1.1178082753638852
187,-1.606245038327092
188,-1.6016723122697862
189,-0.7369710447233224
190,-0.8413627724884631
191,-1.8064960282518472
192,-0.45996994089843035
193,-0.5380670791698794
194,-1.9263122557868773
195,-2.618429538402234
196,-2.6064715802912475
197,-2.679563585789657
198,-3.0563937540643127
199,-3.3708092451708915
200,-2.1222120293656
201,-0.9774507380742925
202,-0.8987369227173359
203,0.46539306331572217
204,0.45302348568387885
205,1.0322841589630372
206,1.2041716253496482
207,1.4068496645431194
208,2.7841177223626
209,3.2493431697682373
210,3.5511996134754753
211,3.7138038237343407
212,3.683704263823695
213,4.16630326300953
214,4.543880222331698
215,5.083749087607492
216,4.877252182082259
217,5.271050910086661
218,5.522050200456774
219,5.405347400360894
220,5.4029943477097
221,5.527235353386706
222,6.210541838943473
223,6.212518762647479
224,6.69532320312316
225,7.310017455301243
226,6.289509988758812
227,6.557539221006037
228,7.284400151761661
229,7.149615979112145
230,7.459593621662641
231,7.354934318120732
232,7.425242978040214
233,7.796441187466074
234,7.55186506604455
235,8.071012260486764
236,7.306490453645331
237,7.307046061771372
238,6.308261086046807
239,6.291446027474801
240,5.9048679536602755
241,7.464156326389082
242,8.633358025314152
243,8.712162850794702
244,9.341012165698803
245,8.532134230287403
246,8.39341347677327
247,8.383730652147392
248,8.657988492342694
249,8.472143900322449
250,7.854331186360808
251,7.810413562348417
252,7.232472813517576
253,7.106498673695261
254,7.963546283694201
255,8.443491740490995
256,7.815906420835117
257,8.222501308417684
258,9.150620936331922
259,8.489411495654275
260,7.881306637330243
261,8.33396950451073
262,8.9283794641835
263,8.82455259395356
264,9.150156701308386
265,9.636797282407095
266,9.88501104729047
267,9.15886127342931
268,8.376701687845745
269,8.836689720118663
270,8.266733683585215
271,8.941031316992643
272,12.947714347953298
273,13.06132490374383
274,13.35987513857686
275,13.272093329156377
276,12.904069725324074
277,13.348130478861364
278,13.18686555993187
279,13.361900726653197
280,13.508613074314724
281,14.956370865138746
282,15.031577487654623
283,14.703779857696908
284,15.340194292288833
285,15.802652163176777
286,15.411878659084998
287,15.33106182328472
288,15.16063144741513
289,14.797844967944297
290,15.679319334404141
291,15.40795067408569
292,15.310864601795714
293,17.00283737042765
294,16.140958001986448
295,16.523395993670633
296,14.81640225956169
297,14.411441790903613
298,15.708090494588456
299,15.561195795630645
300,15.99809552723357
301,16.3243488650336
302,16.615769402044123
303,17.750494859431765
304,17.82815358001324
305,17.07781687953165
306,16.77990629095094
307,15.034566638768077
308,14.391395704594068
309,14.97188346614038
310,15.17716904639399
311,13.644806077216764
312,12.94585742677783
313,13.087865751205197
314,13.252585905022563
315,13.1724142435369
316,13.566939705776427
317,12.84149931759928
318,13.456475204646079
319,14.296115141275934
320,14.379790853907304
321,14.69670694135512
322,14.64589613910423
323,13.286802991414204
324,14.90445614378304
325,15.246038537450923
326,14.81405730064964
327,14.868883600830006
328,15.06634681576351
329,14.453857326755394
330,14.04128189113143
331,13.580259887843527
332,12.606574814295168
333,13.30052504502628
334,13.727063200685263
335,13.036996267794198
336,13.620859829685417
337,14.15882038509173
338,15.284141040353472
339,15.186784059952041
340,15.210918607160329
341,14.819616744054564
342,15.095756598831267
343,15.94769628119479
344,16.199011434810217
345,16.12721378128903
346,15.424538064744752
347,15.485755609458796
348,15.432395781996666
349,15.120432985843824
350,16.044709091322297
351,15.623012582495566
352,15.386364080249892
353,15.227648650407
354,14.493275999396914
355,14.975644847184721
356,14.193286948772998
357,13.823088858366205
358,13.144539233605013
359,13.09591006339874
360,14.123925951203464
361,14.080208781618108
362,13.887331387283552
363,13.219541215246222
364,13.595963198349903
365,13.942711737496039
366,14.686972624909655
367,14.167166773339934
368,14.198333068526136
369,14.127432105369731
370,12.326134221835638
371,12.033945353209452
372,12.221123748563834
373,10.667566560225406
374,11.393765280018409
375,12.388102537760059
376,12.550534274628756
377,13.85253930860082
378,16.311989946659942
379,16.181886646854892
380,16.056190119109658
381,18.428167817065642
382,19.63566894379958
383,20.630638701267223
384,20.358599992918116
385,20.812143082745173
386,20.880299302703833
387,20.9466757432438
388,20.839367467983028
389,21.34699804705995
390,20.97889337971408
391,20.634679834938673
392,19.73211351218591
393,20.087312512970957
394,20.399984121654068
395,20.349706526640766
396,20.565923338615868
397,20.59332367818236
398,21.005458707966884
399,22.382539837580183
400,21.288397789088755
401,20.495621603514703
402,21.157824200086562
403,21.127946795294285
404,21.360328818739593
405,20.965689864976888
406,20.62520016543685
407,23.000626429275293
408,22.803159738490876
409,22.382980788372684
410,19.93544330015098
411,18.449459719513463
412,14.408995141698622
413,14.899114503234934
414,19.21178864112798
415,22.709573511691026
416,23.641487756267775
417,23.469695151968327
418,22.419711599631253
419,22.993926672534016
420,21.30876851300978
421,20.47185312578965
422,21.891513312576283
423,21.188075455797218
424,21.82914834513636
425,23.18802090511165
426,22.728408192916525
427,24.056279215753218
428,24.573533703518958
429,24.321961355229327
430,23.798944337277582
431,23.4901416076331
432,23.037062429620004
433,24.482782427322757
434,23.856075278858068
435,23.39768719826378
436,20.146150437060474
437,21.00304845992933
438,22.468711982009037
439,25.035778355896255
440,26.365528509279134
441,25.10170530758742
442,24.445912116930856
443,24.15616294239551
444,22.539592281866017
445,23.11423404922488
446,22.977285562868754
447,21.288639235792004
448,20.21548601335741
449,20.683119677998363
450,19.957173002881646
451,20.623233967672206
452,20.49715444042235
453,20.530748218713146
454,22.509558273574235
455,21.298187648217958
456,21.6840574799825
457,22.68169192998264
458,23.50818314331824
459,22.883135976750467
460,22.89231009929855
461,23.31028100616099
462,23.20009622748056
463,22.23435633868698
464,21.8211614731028
465,17.554390360981053
466,18.44853711208374
467,19.402260179602738
468,18.88026265287057
469,18.67030684190214
470,18.192045179413352
471,19.215339536340224
472,20.724281847348912
473,21.934758912089602
474,22.086794066198824
475,20.981291532913172
476,21.037104630897186
477,20.45761440063034
478,21.17022691287689
479,22.022838199173233
480,20.97041218455915
481,20.88372211451248
482,20.884522295378694
483,21.532169552028346
484,22.349062596887226
485,22.263352948725835
486,22.780784868639834
487,17.72871448517328
488,18.363094263573963
489,17.058148773920976
490,18.14997336340909
491,18.874553114938553
492,19.611007097277678
493,17.91001934451433
494,16.99806427606445
495,17.789261810967872
496,18.5425683125513
497,18.804230899023477
498,18.747782121197766
499,18.777083330529365
500,19.09995986642603
501,18.88693536845536
502,18.260773458345557
503,16.382300004914295
504,16.64070161514566
505,16.007291141695678
506,15.558042412847417
507,14.202000606343468
508,14.830561786785413
509,15.196456826582395
510,12.390496526321959
511,12.998909709903007
512,10.20694622712146
513,10.124137170127367
514,10.283727472338677
515,10.25556456619059
516,12.023068481188815
517,11.117563869720183
518,10.238898281136644
519,9.873930179891332
520,7.392413172350221
521,8.656555200882178
522,9.001061164399783
523,8.21292561366267
524,7.471065776264951
525,6.400578363026677
526,6.409777956153895
527,7.667844657669787
528,7.8614875057198885
529,7.909744369946803
530,7.003529693539945
531,8.170201328183468
532,9.685237651452061
533,10.503870221630018
534,9.537916697934246
535,10.09945950280937
536,11.001538013983048
537,11.037355617514555
538,12.881715749849487
539,13.152503815389771
540,11.297969528062236
541,11.168851753894483
542,12.440805240113706
543,12.867413757217827
544,12.02591999571261
545,11.67425285024608
546,10.567305905865476
547,10.276581297453525
548,10.354830166229467
549,10.22554715105115
550,11.201031174550025
551,10.499724445980906
552,10.41197613072522
553,9.902476822523942
554,9.821587197222325
555,10.45046409868673
556,11.809469782778859
557,11.292397527824738
558,11.502467464025834
559,11.508436597908878
560,11.782148743888254
561,13.416703182355526
562,13.847111011248181
563,15.122989637373996
564,15.701613080606291
565,15.748440728985468
566,15.180578432496162
567,16.280082580250355
568,13.985864797781922
569,12.931081603522522
570,11.930369149620311
571,12.691859143382311
572,13.132988365569753
573,12.879871520737328
574,13.474912007473549
575,13.50325205182501
576,13.216714804597608
577,13.157625407746343
578,12.503626998658524
579,11.975839045386794
580,12.55160628476435
581,12.41183458232953
582,11.736887070834978
583,11.636495760098487
584,10.54209827365742
585,11.138045474593316
586,10.806424032634832
587,10.09345830604438
588,8.968770632017065
589,8.379680646403243
590,9.542236799104952
591,10.033616530419742
592,8.584696901167588
593,8.409332507059064
594,8.026748023816621
595,9.599736252547043
596,8.435548993344067
597,7.91098829194079
598,8.361426102918191
599,8.81643206181042
600,10.289734631061155
601,10.474048728315433
602,11.522050191103904
603,12.559887573614947
604,12.67027379911605
605,12.491835880769454
606,13.977812491709486
607,14.241352522522721
608,13.697478105672944
609,13.80709815361676
610,13.035103083158184
611,13.35529021199655
612,12.526354829362596
613,12.622586940023695
614,12.424816884825551
615,12.66845927546556
616,12.37060998815247
617,12.794598438547222
618,11.506952951790183
619,11.980644520057604
620,11.723039002534374
621,12.019181245631438
622,12.40631146368758
623,11.569219845347046
624,9.921815822580715
625,10.493717343435582
626,11.139884215768237
627,11.29072950997989
628,11.431900868611145
629,10.172111008235918
630,10.961330276787894
631,13.039339053468279
632,14.769632299560808
633,14.965389056126789
634,14.813338752708272
635,14.568183941393297
636,14.55822880328148
637,14.483230287439897
638,14.674385993836836
639,14.541991985927005
640,15.14662899838135
641,14.794861037862006
642,14.322179919671818
643,14.455755570093732
644,14.487284325385708
645,14.490708495801785
646,14.525230511816979
647,15.100325900688794
648,15.09171621490102
649,14.302668865277646
650,14.420382205957406
651,14.41904916889165
652,14.778839853395919
653,13.814604467034064
654,13.91956322373471
655,13.118799108331691
656,12.575933578351496
657,12.669038240465857
658,12.536330370758542
659,11.774137473692626
660,11.455064762014144
661,11.36495050627213
662,11.366196793709559
663,14.179028573627338
664,14.046225952794966
665,14.261283194797269
666,12.000196280516718
667,11.839686463044163
668,11.915201888720684
669,11.6349182403235
670,11.684882110749939
671,10.792738852365712
672,11.771397512011127
673,12.09707739138317
674,11.741174971515612
675,11.275438310705944
676,9.987006116239439
677,10.567178392679422
678,10.035801966432857
679,10.218666671157184
680,11.208364086679335
681,11.26015400405118
682,11.210821872865928
683,11.447130256291516
684,11.842944608017714
685,12.170971590997649
686,11.897926702713434
687,11.403816685436553
688,11.170162503671378
689,10.8528897681601
690,10.347443636224462
691,12.806839208092647
692,12.464363167586212
693,11.897499485894825
694,11.87478339733159
695,11.501115162702135
696,12.544704096892612
697,12.58891139363232
698,12.36145410086813
699,12.070857667094415
700,11.864134332963028
701,10.922144106302877
702,10.23289989890852
703,10.440505942102373
704,10.509681421654182
705,10.889430537633293
706,10.512940110738445
707,11.25092217608319
708,10.75820408334529
709,10.758519369333008
710,10.717358352868489
711,10.287969194327019
712,9.254944523216245
713,8.870635959356555
714,8.401420402812022
715,7.191713115126941
716,7.742151916903062
717,8.915233777232379
718,9.9714563101162
719,10.471168327561076
720,10.529695009341511
721,11.246365376043466
722,12.29723084075216
723,11.776641659320841
724,12.076544414774904
725,13.594531460511593
726,13.055633375776289
727,14.77590379349567
728,15.099522169559787
729,14.981482167322401
730,15.185279916352679
731,14.489740517176774
732,14.503331200106405
733,13.161035477453309
734,13.585299589413147
735,14.140464838131228
736,15.515158569497057
737,15.957217870111261
738,16.404868644766
739,17.493106747739805
740,17.896010099036587
741,18.241228319853132
742,18.35475487539362
743,18.392153171788262
744,19.272315192741484
745,18.841618612690358
746,19.21152832883617
747,20.442350518673535
748,19.84482389722444
749,20.00818766964978
750,20.53185000968023
751,20.42726567878028
752,19.706605829169433
753,19.978030792058377
754,19.328390190782187
755,20.587428261253503
756,20.759609973803816
757,22.717829604730454
758,24.332022987179602
759,27.813524056243022
760,28.068889979449807
761,27.94765980342597
762,28.820459408710764
763,28.823842608206828
764,29.248131632635243
765,29.804657501898134
766,29.92048471532449
767,29.937542116736715
768,29.52121021670562
769,29.647168533294412
770,30.576528266082683
771,30.476875267508554
772,30.66154894516455
773,30.845493845018225
774,32.25674129295373
775,31.813813172072436
776,33.10131871804876
777,33.01785815569262
778,32.30517663672175
779,31.845467947250363
780,32.840979843281694
781,33.87109089995997
782,34.11872885060665
783,33.98893184677006
784,35.21941351690714
785,34.91653741575749
786,34.76650319432626
787,34.860270374428445
788,35.493376075672
789,35.31541223589429
790,34.94422305031453
791,37.23258113612229
792,38.01496880342108
793,37.62001371197723
794,37.70057132395242
795,37.71716536145442
796,36.30298464740132
797,34.43592714548702
798,34.42232853439251
799,35.31165821499178
800,35.38783556808261
801,39.42254370457952
802,39.42113106237872
803,39.44873106434941
804,40.200486469386966
805,40.32160125557367
806,40.67530476130736
807,40.479790995453136
808,39.3398030718783
809,39.66345924212524
810,39.311067610980935
811,39.35115631928689
812,39.45676600334591
813,39.52367311587071
814,39.73114231869794
815,39.829571854093615
816,39.66374288348895
817,40.234645161358216
818,40.544034082230574
819,39.38590434339064
820,38.96719625737739
821,39.60455729126282
822,39.78986263893609
823,39.419493804428086
824,39.25024150645149
825,39.90175905178936
826,39.81187251651479
827,39.925588365729766
828,39.11500865347486
829,38.63365573885093
830,38.77546732984871
831,39.28115844033266
832,39.36137365956627
833,39.698480400613946
834,39.99564483067979
835,40.04407672434691
836,40.18276772227311
837,40.446574321060446
838,41.181123759594925
839,41.94667702099013
840,41.23773225686242
841,38.26024213717156
842,38.35114541453941
843,37.5033663756708
844,37.15733426186525
845,36.71417808037462
846,37.37694047243971
847,37.17174475039868
848,37.822375139247974
849,39.38170427489012
850,40.178998310397354
851,40.98886612655199
852,41.67826061920725
853,42.87159815016852
854,43.0195945100668
855,43.25158530936435
856,43.644229805568656
857,43.020099254216944
858,43.018326524704634
859,43.58131597403787
860,42.252771991484806
861,41.75892831121961
862,40.057422573446686
863,39.74376099410917
864,39.35619550113376
865,38.825870407132726
866,39.45474768950361
867,40.6137144313083
868,39.88919551131951
869,32.53472275114757
870,33.53836389480476
871,33.44711137618881
872,35.021272619671805
873,34.454458976898565
874,32.90945857149106
875,33.457767848819444
876,32.479073760843555
877,34.0817797520651
878,33.77480919135305
879,33.47377019187281
880,33.10430934732776
881,33.843890371615906
882,33.153796651349275
883,31.672181749083215
884,30.73275100289139
885,30.920404400348332
886,31.37150703338596
887,32.24051112891602
888,32.37539929325215
889,32.184116533445305
890,31.541510600272705
891,31.355833340057735
892,31.49927122478482
893,31.45660705071789
894,32.877998573285325
895,32.77301005126376
896,32.45539031241722
897,31.856922165504308
898,32.37957298312628
899,35.91131019779989
900,34.40658633544533
901,34.133946942091775
902,33.01197648512834
903,32.59311278280952
904,32.980333821883725
905,33.224123749412016
906,32.860157273384225
907,31.45033905593422
908,31.817606273742637
909,32.46238835258573
910,32.367372705830924
911,33.47818457500049
912,32.93427112078342
913,32.46885310864733
914,32.40588244445883
915,33.339992122237284
916,33.634107112248834
917,33.448127763953536
918,34.145327322593985
919,34.217451236606486
920,35.213579320218514
921,36.000741265644656
922,36.03680547520376
923,36.438274008618855
924,35.33039000677043
925,35.25582495213002
926,35.186184643860344
927,33.8515219751665
928,33.72804043520594
929,34.24250017459105
930,35.3827834890055
931,34.744123900019886
932,34.63049273965002
933,34.325295237041665
934,34.3539651879101
935,33.95578614785426
936,33.42114171040868
937,33.23018612963875
938,33.41957347285951
939,33.17375731182941
940,33.928006755185656
941,34.67716282750941
942,34.955254564658176
943,35.13249312228703
944,34.152737437430815
945,34.31608032193911
946,34.48576987844913
947,34.102561750936424
948,32.940185729067295
949,33.76765398007262
950,34.22422595663805
951,34.29527149864242
952,35.77399691175556
953,35.7588456087141
954,35.47105839185618
955,35.24137499346705
956,35.388896864777955
957,36.09367600787525
958,36.70547340535626
959,36.906416188930095
960,37.11951098801008
961,37.660809479115834
962,37.80510530637273
963,36.26554440815577
964,36.303867417105074
965,36.82398308089909
966,36.721864435886516
967,37.54020888998117
968,37.112475475773856
969,37.96776607999699
970,38.160973720950395
971,37.15064919151534
972,38.09512063503564
973,38.662822526891524
974,38.287556272049514
975,37.03376798513875
976,37.616176175742865
977,37.42586236709218
978,36.53726444246836
979,37.07339719604295
980,36.858458866034916
981,36.60689499242484
982,36.76437404888122
983,36.93288787235702
984,38.22578033123012
985,41.184178570732755
986,41.00655730980025
987,41.37432174727491
988,40.56109948815663
989,40.363322973990144
990,40.01776428563277
991,40.808588825549094
992,41.282251893366315
993,40.93309447206832
994,41.08213375293979
995,39.9017468989074
996,42.19696838488325
997,41.48212048750119
998,39.48769312852565
999,38.916422022227295
1000,41.016643280066575
1001,40.92126543466463
1002,40.80432473840159
1003,41.26881265823137
1004,40.719969593573666
1005,40.363358160560495
1006,41.96734601909802
1007,42.87094056039385
1008,41.70152609360429
1009,41.828421332642066
1010,42.10750854883128
1011,39.72289744634563
1012,39.922742302921236
1013,38.328615357646555
1014,39.245863844680116
1015,39.06063827913635
1016,39.0979144290523
1017,38.94704074327808
1018,39.36637656674322
1019,40.41243281808426
1020,40.30444768321888
1021,40.63488819541996
1022,41.920864492813116
1023,42.31900778175006
1024,42.07598077909913
1025,41.853690959116705
1026,40.74027146714556
1027,40.422357655006145
1028,38.41424655216581
1029,36.4253082137185
1030,37.76107580411492
1031,36.26918810330109
1032,34.09047359563062
1033,34.59057944230344
1034,35.33754032796372
1035,37.02988885401617
1036,37.39229034677967
1037,36.14326188306245
1038,36.20591953280745
1039,34.74291072566993
1040,33.840836040312425
1041,34.375085410888985
1042,35.42843452448581
1043,35.79845709803982
1044,34.34894793280894
1045,34.05004142511843
1046,33.25804928411191
1047,34.56729270435126
1048,36.011338561550275
1049,36.028699520350436
1050,35.91868996457723
1051,35.58271831948914
1052,36.32990823944613
1053,36.64466974165279
1054,36.02901668251563
1055,34.75312719243826
1056,34.5954896089443
1057,34.72466780037566
1058,32.177712417781976
1059,33.514844995731316
1060,33.32727394501775
1061,31.043855369301674
1062,30.51497395816034
1063,33.89788940054012
1064,31.993148349386225
1065,32.02786265810216
1066,33.612928682486796
1067,31.05420721205503
1068,31.04779529685391
1069,32.246131325381434
1070,31.783000230050696
1071,30.087738113695362
1072,30.36437255943183
1073,31.014978820472706
1074,31.173144175212087
1075,32.54278868398981
1076,32.77937227566427
1077,33.53592732483164
1078,34.06624954063693
1079,34.06672284831556
1080,32.98727439431806
1081,32.0911266790036
1082,31.88267564641385
1083,30.08306302095869
1084,30.47579820052617
1085,30.679865930734884
1086,31.16311687177522
1087,31.039239735060153
1088,30.80095829074352
1089,30.426031468225222
1090,31.172725803194034
1091,31.641139606394386
1092,31.72917705741627
1093,32.46033015049028
1094,33.510626745835914
1095,33.423057984393466
1096,33.586489053048815
1097,33.9793635790705
1098,33.905980744456876
1099,34.77953834525258
1100,34.91702112337711
1101,35.478600406572404
1102,35.43653220565761
1103,35.10153183646001
1104,34.65485122638792
1105,34.877501987757206
1106,35.3560256668354
1107,33.66734356920125
1108,34.83032890054933
1109,34.907376392151065
1110,34.32296597581617
1111,34.71485110062036
1112,34.57052246736576
1113,34.5496098876892
1114,36.56259288166559
1115,37.239549200987796
1116,37.307248368540755
1117,37.76522010023919
1118,37.43212917108143
1119,38.605569519003716
1120,39.0110559310405
1121,37.83142336191534
1122,38.72801041823741
1123,39.11149203699382
1124,38.834093946778836
1125,39.40993675234119
1126,38.39510919420081
1127,37.34481564051679
1128,35.65309347879653
1129,35.576870004081165
1130,36.17310676690026
1131,36.71375792092179
1132,36.2498138952358
1133,37.50421375813613
1134,38.32585736613794
1135,39.073150951936796
1136,39.39413706950652
1137,39.29347020880785
1138,40.549802070002606
1139,41.21005203982444
1140,40.91659361386131
1141,40.978948487545395
1142,40.98333587266285
1143,41.42679388984436
1144,40.76835722486349
1145,40.795301621378165
1146,40.71883468042945
1147,41.69107667611493
1148,41.690786947657955
1149,40.564349472810555
1150,40.443427030894874
1151,39.4794134675708
1152,38.22582986603786
1153,39.06691758982355
1154,38.362131152295476
1155,38.41139087482019
1156,38.997774373759576
1157,39.48264839663549
1158,36.70830700123125
1159,37.65443612399522
1160,37.378857690598146
1161,38.31174329967768
1162,38.45571081779935
1163,39.454089241303514
1164,40.587406315495045
1165,41.27588926223713
1166,41.94477911932359
1167,42.09651588037238
1168,42.05807704684255
1169,43.177742313941955
1170,45.134065015468906
1171,46.064589832736466
1172,46.21567034022493
1173,46.378464682055444
1174,47.014125883564105
1175,47.19062734858448
1176,47.403457226163546
1177,47.18001172361148
1178,47.99315568010228
1179,48.215273431449866
1180,47.41491206167798
1181,46.693951081438414
1182,46.46428980297963
1183,44.77680250244707
1184,43.25802712675577
1185,44.02626989367231
1186,43.84696272498352
1187,44.1673953288211
1188,43.99857219004206
1189,43.81162975738479
1190,43.199569480371494
1191,44.96887335960078
1192,45.325076138081414
1193,45.42156375055173
1194,45.31428006789655
1195,45.986368638376774
1196,45.020127019868085
1197,43.01697646935987
1198,38.86802018410802
1199,39.37514575754464
1200,39.58569613029239
1201,38.53853848890931
1202,38.75004218784759
1203,39.335766614899484
1204,38.87392299523695
1205,40.69573190847886
1206,41.10069971678987
1207,40.973922983544696
1208,41.45320042186389
1209,41.25789177424064
1210,41.109030830766315
1211,39.77838050801308
1212,41.51540909259801
1213,40.40184187036393
1214,41.25921868012146
1215,42.3555129582647
1216,45.008385518231165
1217,45.223033295876355
1218,45.22028194394192
1219,47.46902159113952
1220,48.37248144535265
1221,49.518427850191785
1222,48.68845670489033
1223,47.771955213045956
1224,46.61060519437869
1225,47.41031561278866
1226,47.42568183229305
1227,47.40031658359387
1228,48.14682392678129
1229,46.297166860714036
1230,43.576931110567216
1231,43.39934682403248
1232,44.169639732317535
1233,44.98032804995176
1234,46.05189190557088
1235,48.17359489050157
1236,48.179345685431784
1237,48.10033257744577
1238,49.51544408298687
1239,47.90476127520276
1240,49.75857474929366
1241,47.14991333298404
1242,47.2502550280929
1243,48.360996825655825
1244,49.46320453577857
1245,49.01028820408935
1246,41.392748723677045
1247,38.998175654439905
1248,39.23840325815884
1249,38.43052741373689
1250,36.18159774810357
1251,34.69999679162994
1252,33.11635000325246
1253,36.93966772204651
1254,37.73827325132055
1255,38.09377059980168
1256,39.73938753993491
1257,40.23549859904782
1258,40.397984481102675
1259,43.32714687165162
1260,43.65301347680515
1261,44.33402827585304
1262,44.05738710023468
1263,44.904091836321555
1264,44.759560722880366
1265,43.95473547008266
1266,46.054330284428644
1267,44.89535199983932
1268,45.5527572041339
1269,46.287649443478514
1270,45.54970837500372
1271,44.26067264523263
1272,43.72035240204228
1273,43.99088087345147
1274,44.95331673717104
1275,44.734578528578496
1276,45.214643588821346
1277,45.86838975098271
1278,45.459088042277074
1279,45.76243080160418
1280,45.857387357097615
1281,45.85645895965384
1282,44.2843201711308
1283,44.7377053077896
1284,45.15802080108633
1285,45.72611320889388
1286,45.83464102035211
1287,46.487102412307046
1288,47.16293217636296
1289,47.629047619999156
1290,47.2818037272376
1291,46.51414601357931
1292,47.86870693658523
1293,49.50143248644867
1294,49.49942018404978
1295,49.83458781144468
1296,49.93760477075302
1297,50.22766229999134
1298,48.436882425296915
1299,48.942218425313236
1300,47.51387275572585
1301,46.70037356908783
1302,49.46843445423503
1303,49.94954853436315
1304,51.48544062577676
1305,52.29570179147085
1306,50.84411169920453
1307,50.82578754951237
1308,52.00993684493478
1309,52.08759111969834
1310,52.096431797961905
1311,53.21581654444787
1312,52.7441333342737
1313,53.14662051112895
1314,54.23421701607465
1315,53.775803584093794
1316,54.269179558627066
1317,54.697310855232196
1318,54.97591887933859
1319,55.01595721209171
1320,55.17352968411
1321,55.27667620849797
1322,56.528969051470135
1323,56.71422031595923
1324,55.725051366322774
1325,56.50065307307135
1326,54.278281219311665
1327,53.83704306140859
1328,54.716806765713464
1329,54.337266453632196
1330,54.205656140482496
1331,54.2910682987332
1332,53.53934655260537
1333,54.558189330527874
1334,54.79198600401538
1335,54.05904320679647
1336,53.48977090197729
1337,53.241572032249884
1338,54.03966224237602
1339,52.55525883582695
1340,53.18684551727857
1341,54.45931515878504
1342,54.71919276301753
1343,52.769850532495056
1344,52.71682974201155
1345,53.339046906942286
1346,54.70014340836151
1347,52.943733382672576
1348,53.01624258788278
1349,53.23378397351941
1350,54.31745203105021
1351,54.662531674043805
1352,54.74484017010437
1353,56.05247727556115
1354,56.086068636223786
1355,56.21366266393917
1356,55.979301572049
1357,55.916534585770485
1358,53.638748982646604
1359,54.27507728388492
1360,53.50448799397627
1361,54.296049653073595
1362,56.12942973848112
1363,56.305458225083484
1364,56.62991178162575
1365,58.84560612909367
1366,58.16034806566188
1367,57.55238651516248
1368,57.672538187087
1369,58.02064150219594
1370,58.603725728189836
1371,59.81879373960535
1372,60.662674376675454
1373,60.87854172464764
1374,62.83409726067675
1375,63.65787784698187
1376,63.48128936002673
1377,64.11551100595061
1378,63.16325702720596
1379,62.51290438050419
1380,62.1675205331812
1381,62.178717669817395
1382,62.43152321273644
1383,64.05171811722643
1384,63.44689894334352
1385,63.2681022069083
1386,63.726078823751074
1387,64.17393493287457
1388,66.01246273787716
1389,67.3802409198194
1390,69.13053499673588
1391,67.43896768565543
1392,67.94176408547186
1393,68.70791463136727
1394,68.12001261956648
1395,67.83946262726303
1396,66.35963847966781
1397,66.80124370429539
1398,66.21685312472374
1399,67.52492509011762
1400,67.40852084312947
1401,70.71827412937314
1402,70.07080665593655
1403,69.69000378103027
1404,69.26057421540102
1405,66.77693854180795
1406,67.40065293867359
1407,68.92348506641774
1408,69.80800249987848
1409,69.62576451654499
1410,68.50961026222815
1411,68.98519706717865
1412,66.8088035560026
1413,67.46267542356375
1414,67.87132784341614
1415,68.45782853853287
1416,67.85323735918016
1417,68.94499464019925
1418,70.4597947627486
1419,67.08299340314694
1420,68.87452675726354
1421,73.97058287208111
1422,75.02910086510217
1423,75.94171189272258
1424,75.52168889604967
1425,72.87493214581625
1426,73.14543366877311
1427,74.29566373313567
1428,75.62197319719226
1429,73.73077992896707
1430,73.10885902932385
1431,71.65786868745805
1432,70.54220280505388
1433,70.98169755246882
1434,69.78110159745665
1435,70.55785151967318
1436,70.72851277049534
1437,69.58261778265984
1438,70.74068356436723
1439,70.54627683588488
1440,70.21072270159996
1441,70.18093029896706
1442,69.78586062048974
1443,68.8395535437734
1444,69.59929790539266
1445,68.73125431432605
1446,68.92824458226956
1447,70.35578528322506
1448,70.77298598188808
1449,71.34054431759263
1450,70.98135473673545
1451,72.7838723615738
1452,73.51535439835428
1453,73.68855671599013
1454,75.28781958538772
1455,76.10221259768468
1456,76.04334302788338
1457,76.89917144283255
1458,77.08997263743274
1459,76.69853462616105
1460,76.49004380753726
1461,75.57803625663644
1462,75.31916352298767
1463,75.2449387625176
1464,77.48688769548858
1465,79.42197430762654
1466,79.99528626760895
1467,78.66451872784701
1468,78.26379315485119
1469,78.94821217900501
1470,78.91600945208697
1471,79.56255689363768
1472,80.20332674985046
1473,80.0187056250621
1474,79.80540265322631
1475,80.02535763598777
1476,80.92082042907631
1477,80.21241762869462
1478,80.45437828877553
1479,80.86037937004316
1480,80.22162005064428
1481,80.08348045987069
1482,79.82054977459812
1483,79.47042864890115
1484,80.4261592980946
1485,80.9465697916323
1486,80.86321670071588
1487,80.49988254030917
1488,79.59523897896443
1489,79.18333972041718
1490,79.51694573918546
1491,77.95807554130154
1492,78.30089236139656
1493,78.53311324124334
1494,78.80976379466797
1495,78.57409270146509
1496,78.12115202123668
1497,76.41582705741585
1498,77.31944768993351
1499,77.38262035944332
1500,76.34930422257906
1501,77.18544265684244
1502,77.32533004596125
1503,76.72509542589371
1504,77.52751890131415
1505,75.70759152409295
1506,75.18448686918762
1507,75.32487020826667
1508,75.0398411624953
1509,74.10023453448882
1510,71.4563935325878
1511,71.1406125199315
1512,70.92362793701375
1513,70.94856360196333
1514,73.31680709147956
1515,72.29666072161993
1516,73.14031522358566
1517,74.81016354583969
1518,74.82816417296247
1519,75.35592631394907
1520,75.61817743934056
1521,75.9593233596769
1522,75.49484354544651
1523,75.76098586434262
1524,73.82145107693239
1525,73.22635183267423
1526,73.74402518326389
1527,73.1988716999618
1528,73.03255078127589
1529,71.93416296353644
1530,70.22742335566778
1531,70.65559063515035
1532,72.78529696331336
1533,73.45228425928964
1534,74.11635060009019
1535,74.30751157090967
1536,74.33486861021956
1537,75.83853883753851
1538,77.86991443123429
1539,77.98035178690965
1540,79.27668775962402
1541,82.83852486781969
1542,83.32621853073256
1543,82.08952118916206
1544,80.29660584984539
1545,77.60659940769916
1546,78.26310561598275
1547,73.05272112245638
1548,71.69397529728225
1549,81.92222042509071
1550,80.07541180128383
1551,87.20579578146834
1552,86.21108334889047
1553,83.31160811882434
1554,78.43147916892606
1555,82.44658663202384
1556,77.13293281750224
1557,71.3084200703009
1558,76.49173851346156
1559,70.16445132249007
1560,78.72192111293737
1561,76.76815908615117
1562,76.13523397308084
1563,71.00371854915409
1564,69.46436699277065
1565,69.60421506444567
1566,68.98225120512333
1567,70.98473802827456
1568,67.33106633704344
1569,70.85445644057651
1570,70.74543111747448
1571,71.6202998093594
1572,73.51833809437476
1573,73.97818887195633
1574,82.8699657741928
1575,82.70888905923081
1576,83.4515979366324
1577,80.8696024461676
1578,80.90199641039986
1579,86.16683986378692
1580,84.5984601846923
1581,90.32827619108399
1582,89.81179160314056
1583,89.33564874633231
1584,86.48254919696889
1585,89.48836425296571
1586,88.38385961209131
1587,91.1418806375622
1588,90.7245571837545
1589,89.35903423926983
1590,89.77593335852198
1591,88.54009845060251
1592,88.29319017975119
1593,90.79043170396268
1594,91.14122246217633
1595,91.22228454280538
1596,90.21026746085454
1597,90.44515877875486
1598,92.7035904520592
1599,90.81121791690553
1600,90.0274820688596
1601,88.48311631082125
1602,88.47835196524557
1603,89.25096595983615
1604,89.2478520392868
1605,90.26707352306063
1606,90.0960382848331
1607,90.66418117945274
1608,90.81235851038474
1609,91.18958398909551
1610,92.49636702977186
1611,92.82866374431617
1612,92.74335089837318
1613,92.40702125167832
1614,91.65490573977249
1615,91.75452532870783
1616,91.97091465495093
1617,91.67249137525395
1618,90.80817507532144
1619,91.05637410598395
1620,87.67660748548285
1621,87.65597683811002
1622,87.55251655675629
1623,89.22341852713535
1624,88.64761873453078
1625,88.9803399392165
1626,90.01942034477051
1627,90.40507242312927
1628,90.19341982122945
1629,88.85256815104046
1630,90.07870693008275
1631,88.93814455481454
1632,90.37741808102606
1633,90.93401799022888
1634,91.11476677399946
1635,91.75703055687148
1636,93.85866246749337
1637,95.70911204313133
1638,95.59381907000967
1639,98.31694371894812
1640,98.49175267655859
1641,96.31327712070086
1642,97.7900846906964
1643,97.42223177465905
1644,96.84258898753286
1645,96.79403632167059
1646,97.53271860697579
1647,97.7004164119791
1648,97.31024876634031
1649,96.86819683886768
1650,96.6724809129448
1651,98.24379286364181
1652,97.85609220239513
1653,97.24728813996425
1654,97.33561672231474
1655,96.44909554583127
1656,97.94701429696192
1657,100.90312406046382
1658,100.46276616795188
1659,101.70951335024321
1660,101.39981541550607
1661,100.23051696221357
1662,98.54817884886617
1663,99.9161521502742
1664,100.46714143028228
1665,100.55442534542931
1666,102.52824332164727
1667,102.76070451716231
1668,102.54217775423058
1669,102.45694213349923
1670,102.48094148330873
1671,102.37788927554502
1672,102.7448101279898
1673,101.8768674249757
1674,102.73785440496899
1675,103.07679883191985
1676,103.94498101117703
1677,104.21537024568912
1678,107.84641002698349
1679,104.1610942108488
1680,103.74902654778757
1681,102.18080425798415
1682,103.40392606363542
1683,100.92179556398987
1684,100.62331669800861
1685,107.31191812706564
1686,106.17266222942577
1687,105.30211505779312
1688,104.71385920706457
1689,103.84267105507381
1690,104.42780659667127
1691,104.86786367952199
1692,104.61177300999607
1693,104.65000901805914
1694,105.03160794614534
1695,110.8421041004211
1696,110.20305893922892
1697,111.52139988054248
1698,113.63221041957678
1699,112.2677130891744
1700,113.72464895752489
1701,113.48240677702064
1702,116.33954158037207
1703,117.40115821822586
1704,119.66862063326968
1705,123.50543060544963
1706,124.3359983790798
1707,123.3777041761567
1708,121.57654352728548
1709,122.89726626184567
1710,118.87412896713738
1711,120.13121359430082
1712,119.74947272065921
1713,120.72042633133648
1714,120.14494856291576
1715,119.80961733948972
1716,119.5794270108629
1717,116.77737481460065
1718,116.81181429277005
1719,115.19155181859522
1720,114.86822028718447
1721,117.59637958604507
1722,124.331288089288
1723,125.48281628192348
1724,125.42572304203156
1725,121.05031727347115
1726,121.80511006025353
1727,123.67588339826727
1728,124.23077066111156
1729,124.54998646042586
1730,125.93618888878333
1731,125.13555139442482
1732,125.11611288349317
1733,124.0295651509832
1734,123.16534558155152
1735,123.08404972030229
1736,123.30677069032765
1737,123.74326197893085
1738,123.99263366724705
1739,125.05772129079756
1740,123.91361065917876
1741,122.1882595837636
1742,119.90607801913012
1743,119.71563373757377
1744,119.68076447580968
1745,121.2680613244153
1746,120.80566694524921
1747,121.74650306860597
1748,121.69245812364662
1749,123.83416939827758
1750,123.09638304001086
1751,122.70142328842768
1752,123.54918554410617
1753,122.99463754070192
1754,121.80098387943046
1755,122.29179065029231
1756,122.26050924243287
1757,122.4284025535824
1758,123.27582346593546
1759,123.15095615364058
1760,124.23793984431808
