,Portfolio Value
0,11888.367405907433
1,11901.779650883747
2,12029.792588762391
3,12248.602462990817
4,12183.960226522056
5,11968.586009159208
6,11930.245228627993
7,11845.549824385103
8,11819.526000670723
9,11935.796192490707
10,11943.699810169142
11,12262.432887552146
12,12308.42428477851
13,12374.413472350832
14,12333.368860818071
15,12312.552657697885
16,12149.850355989129
17,12145.848227157425
18,12079.00545535746
19,12073.879858490793
20,12072.255532043891
21,12135.550065584985
22,12125.390325165994
23,11980.459086591592
24,12072.051172245401
25,12197.727213471517
26,12049.40325872506
27,11819.641520715812
28,12044.88955912878
29,11959.407157319076
30,11936.329669579049
31,11936.873986194565
32,12001.376111497753
33,11924.128847974313
34,11978.42420744176
35,11806.63803489125
36,11867.783587034219
37,11814.301783331535
38,11837.554349406753
39,11880.784009280123
40,11929.886858652013
41,12167.675687900199
42,12143.942183824382
43,12093.631419973677
44,12014.114876637195
45,11865.034116422179
46,11831.550380090623
47,11857.334437193545
48,11890.448354843607
49,11817.64609913282
50,12094.433222215037
51,12229.336780508915
52,12203.548843098071
53,12314.884085318059
54,12208.051175465322
55,12037.973770841436
56,11948.572390990019
57,12011.252585285898
58,12082.009053886446
59,11999.83010846893
60,12022.378260453514
61,11971.743537248818
62,11786.469135184178
63,11803.40383803855
64,12049.929256869185
65,12198.045354060672
66,12069.818576915804
67,12079.151090776842
68,12025.531688384805
69,11930.182312010678
70,11794.055430406663
71,11823.379912291548
72,11935.728679505602
73,11966.63393980771
74,12006.745067836062
75,11977.01968214599
76,12111.59589619182
77,12200.208135055724
78,12174.393622605967
79,12168.740746767653
80,11397.734755894016
81,11497.13868108171
82,11528.52788667885
83,11320.242878829533
84,11188.94994716064
85,11298.983021525088
86,11301.985722588026
87,11222.498711622166
88,11178.799600089917
89,11156.366061667235
90,11173.005661580544
91,11308.59030692167
92,11257.909342379959
93,11306.145084749218
94,11354.815098972227
95,11562.198680685171
96,11679.691611110698
97,11569.584768721481
98,11606.73296441637
99,11573.679136801842
100,11468.344571908226
101,11608.262809789112
102,11645.488876274007
103,11666.824308485127
104,11679.415876313291
105,11715.414072617055
106,11609.83026793362
107,11588.217103935305
108,11669.767802035403
109,11743.142756000225
110,11767.156695376256
111,11700.629922107486
112,11689.18369237761
113,11843.240630146394
114,11882.482061390709
115,11891.731006853213
116,11889.555943930693
117,11925.299623410243
118,11868.565934070695
119,11800.61636493833
120,11654.417186748497
121,11569.770404915052
122,11534.056240874099
123,11582.180871776742
124,11521.172193265875
125,11231.8503451326
126,11190.498147907692
127,11101.264579216402
128,11202.199902720127
129,11210.230681134777
130,11377.517576002001
131,11318.601118938877
132,11144.247048640314
133,11219.9311093801
134,11476.572677485106
135,11492.912520794478
136,11589.311199008527
137,11700.32140556224
138,11738.671284507664
139,11728.916880657454
140,11465.665552433287
141,10947.498243566703
142,10987.169815353851
143,11111.293825889039
144,11076.814000932889
145,10927.935970672028
146,10971.390654429171
147,11036.410436106918
148,11106.733186715652
149,11169.491189134598
150,11198.817356284537
151,10880.417009714729
152,10598.043016842508
153,10607.781283079568
154,10724.250677220887
155,10824.51102025904
156,10761.567612714754
157,10612.93557066425
158,10361.325229392052
159,10189.977493476756
160,9838.09245335865
161,9737.60183163314
162,9936.928377690092
163,10344.662331623207
164,10345.66275552353
165,10146.755997402644
166,10036.409018818327
167,10236.408594104665
168,10286.950980457004
169,10166.243127489914
170,10259.36213578712
171,10326.408820644469
172,10177.27287129865
173,10085.468099642645
174,9952.56304171464
175,9958.649033811645
176,10358.978852155686
177,10276.004639344887
178,10086.889562772893
179,10014.811003378087
180,9877.504429072744
181,9740.942475731164
182,9704.805785448667
183,9774.146125054509
184,9705.076090587963
185,9827.4225624727
186,9911.813039530996
187,9889.373443629567
188,10400.82223364795
189,10432.60396199978
190,10445.213767751236
191,10267.393110246596
192,10132.713788425226
193,10233.654026792752
194,10230.745835040285
195,10306.480477253433
196,10211.568120879801
197,10469.101262451417
198,10490.850223029714
199,10591.729821605732
200,10554.120723470909
201,10440.003773560202
202,10574.136015150332
203,10749.830114490418
204,10930.450402606633
205,11097.029864711638
206,11091.42181339637
207,10989.323570168575
208,11573.941475844193
209,11792.816222425618
210,11694.464761516992
211,11807.680358293386
212,11832.495626491924
213,11872.519506251681
214,11736.879664281785
215,11841.482576703465
216,11903.977153781747
217,11865.143444898931
218,11717.814199047989
219,11817.952068117549
220,11756.096440208608
221,11989.011993755777
222,12108.042513844604
223,12072.064640818158
224,12106.08625713906
225,12066.325395750107
226,11959.08267800779
227,12084.519174029476
228,12467.579331750952
229,12354.602722333431
230,12268.953087564143
231,12135.839181877787
232,12161.973739660356
233,12149.33228527676
234,12024.173195797695
235,11900.712127697137
236,11865.809937138625
237,11698.750800676316
238,11701.571969911427
239,11895.64193103831
240,11905.178460100273
241,11825.67953909935
242,11705.204978966092
243,11947.413463499714
244,11939.132126886392
245,11931.059194874539
246,11853.507111644236
247,11825.275828075897
248,11883.838572294848
249,11782.995854440323
250,11696.426727627993
251,11498.7277917114
252,11580.615384185148
253,11527.331789658634
254,11162.706164128587
255,11037.911987524649
256,10994.713840000222
257,11060.406958053936
258,10771.541292509964
259,10996.636857165156
260,10714.739086871567
261,10800.779911473139
262,10698.7277154016
263,10778.513298723148
264,10865.181256653403
265,10782.90175639962
266,10770.71773589449
267,10503.833950987715
268,10482.39149375309
269,10690.516596154208
270,10634.365357879997
271,10454.586379284847
272,10379.985880738253
273,10385.162025910478
274,10036.854917947334
275,9988.455419514556
276,9805.222972092926
277,9903.581293952942
278,9799.32446213585
279,10141.863957555921
280,10331.661376483968
281,10341.333477398437
282,10302.477826178187
283,10388.008985339293
284,10498.074347010717
285,10238.835758417841
286,10288.420856139048
287,10103.140953693763
288,10639.63661368601
289,10628.559720842375
290,10959.252736379703
291,10862.964383562954
292,10887.126631517123
293,10914.286202452258
294,10884.228091184683
295,10751.548834684025
296,10873.65944511296
297,10858.80111637336
298,11066.096306197702
299,11035.476461565962
300,10964.42596283531
301,11065.024075817564
302,11072.183340262622
303,11232.877285114108
304,11206.076801568172
305,11254.058015529015
306,11062.091136240937
307,11061.803791178285
308,11071.607526221542
309,11236.536894803288
310,11288.598436345741
311,11308.315272542211
312,11281.022032530665
313,11232.123493931827
314,11108.645215742145
315,11207.490393148066
316,11059.410579017593
317,11102.028301142296
318,11140.758275933918
319,11205.896243956544
320,11466.585780772979
321,11502.881862045866
322,11491.747291109154
323,11464.455079314768
324,11553.201332298671
325,11532.176970178396
326,11506.830712109311
327,11447.860592847197
328,11377.222118676906
329,11384.71068282181
330,11350.214424329428
331,11318.344916360329
332,11656.582855919001
333,11317.179209562448
334,11114.418416268723
335,11129.4924833149
336,11081.893731881819
337,11013.107222039529
338,10868.399971627168
339,10766.80380528911
340,10646.976858844584
341,10568.475213239113
342,10553.62184950307
343,10742.498710540149
344,10879.494151640185
345,10811.486387976962
346,10774.076399132005
347,10825.221462813792
348,10812.261148902573
349,10998.187856802564
350,11032.895992413847
351,11072.610733402951
352,11367.28724677672
353,11141.11391846286
354,11024.184094002114
355,11056.786351073913
356,10978.064483810806
357,11017.005286506403
358,10910.203080420462
359,10826.217681427426
360,10833.183948754595
361,10672.136303580119
362,10674.341505880313
363,10560.425239894692
364,10563.974591591748
365,10592.029048778728
366,10556.744291278032
367,10735.518062349305
368,10638.051428219707
369,10721.507012552538
370,10755.53826570804
371,10575.931045499183
372,10433.39871788725
373,10601.365550393857
374,10739.657624022479
375,10828.850791051567
376,10843.958005726083
377,10710.993759712266
378,10694.96317217392
379,10768.320826307892
380,10600.562077428243
381,10887.992920644207
382,10812.51945586221
383,10788.534478870992
384,10762.033507230095
385,10718.364535949197
386,10760.273311730723
387,10597.918522064925
388,10568.73689283427
389,10538.46340536174
390,10513.076103535303
391,10499.130228328682
392,10601.788403153063
393,10655.775062711902
394,10665.933043461162
395,10471.019426067887
396,10555.288090865455
397,10472.102476738924
398,10523.24406306965
399,10544.012778877797
400,10678.153412933834
401,10661.68339364479
402,10655.751750857233
403,10669.444644016578
404,10753.725527544359
405,10725.651922505462
406,10893.72439862493
407,10896.912898199022
408,10859.573745888989
409,10986.340108177603
410,11046.339951363501
411,10929.40448549878
412,10950.814420496768
413,10876.437270297252
414,10902.066916835623
415,10931.545511018858
416,10934.858683017537
417,11021.947001851107
418,10881.133537675778
419,11049.78315710352
420,11101.420760271403
421,11489.156443140422
422,11500.995157351208
423,11542.855709558684
424,11467.536658113107
425,11490.910271595425
426,11382.390940722718
427,11390.521489113795
428,11502.807849937002
429,11439.704696094419
430,11440.333857349302
431,11491.295920300545
432,11740.25558284099
433,11766.55220075764
434,11642.399891737121
435,11547.552139325066
436,11611.276185064326
437,11589.783109722426
438,11454.711181267492
439,11452.827576149806
440,11480.591302381232
441,11516.021091516628
442,11516.307267010296
443,11407.206795929334
444,11350.936895107367
445,11417.233571342811
446,11319.764391287408
447,11272.825095280212
448,11244.338779687358
449,11270.503935796562
450,11248.435112655854
451,11271.004461289262
452,11294.489695336111
453,11248.055115396925
454,11268.900911389192
455,11431.188713214588
456,11297.839808109016
457,11035.648228045535
458,11084.88596597139
459,11301.288140914525
460,11207.340787790887
461,11169.862352879385
462,10996.584737759673
463,10990.39850699819
464,10957.025426089132
465,11127.138114727131
466,11085.133518065051
467,11031.973474939905
468,10889.294422861112
469,10836.67097608653
470,10778.395539253046
471,10855.77784818468
472,10912.636937456555
473,10911.786568443502
474,10858.958974749487
475,10938.719923828474
476,10947.260987195748
477,10911.220185567638
478,10914.3512897806
479,10990.031990648666
480,11077.737160135439
481,10983.286043479773
482,10860.085624695712
483,10794.937266558623
484,10907.240961735264
485,10939.703858970463
486,11095.195984031921
487,11038.593349500039
488,11136.03173806227
489,11060.396987657885
490,11185.55302659847
491,11103.800408265077
492,10950.149801662392
493,10900.15658022411
494,10865.848989110013
495,10925.395094348416
496,10897.785338802078
497,10855.904107020775
498,10901.49817442035
499,10928.880968072688
500,10950.837125150156
501,10979.764576104619
502,10916.381243719214
503,11112.968086703419
504,11289.958639083921
505,11488.850947065686
506,11445.790727704421
507,11490.209704679715
508,11608.251762203286
509,11572.79154729056
510,11545.062167095819
511,11525.881253077323
512,11541.744128759321
513,11525.476700033752
514,11514.64274453742
515,11383.509390745912
516,11467.845935606609
517,11470.528243080438
518,11486.533074134797
519,11459.13963692611
520,11417.166494285757
521,11440.798649264721
522,11471.218807505034
523,11438.504182476341
524,11434.983974172595
525,11479.226419002494
526,11581.810932108707
527,11601.314114196117
528,11744.526942736138
529,11783.198111478458
530,11839.076866284322
531,11859.283098810089
532,11866.288078573742
533,11868.553698725274
534,11926.967336385616
535,11902.875320035742
536,11926.08393588995
537,11929.495834676723
538,11870.595567945435
539,11542.400265058459
540,11480.631524610257
541,11520.867666091552
542,11569.467835180098
543,11538.876202225048
544,11519.054082384264
545,11501.639309165668
546,11514.952300826224
547,11515.644307832064
548,11490.005976154971
549,11476.314658907351
550,11488.692133253107
551,11481.000310112671
552,11453.457709091941
553,11628.547260134841
554,11638.77326687937
555,11618.005117673778
556,11415.576874393664
557,11388.971848148703
558,11388.255815310491
559,11327.664760866484
560,11347.292179435117
561,11376.49686140717
562,11407.519463537712
563,11437.047688765024
564,11441.745639459696
565,11523.404028115605
566,11528.01221298971
567,11466.871884757358
568,11461.293855550295
569,11432.60938359607
570,11474.767766366596
571,11422.584643311955
572,11437.969461147972
573,11428.089231443588
574,11444.02563708916
575,11496.523035527207
576,11606.310691400548
577,11641.992185271945
578,11612.472966876527
579,11688.553102203408
580,11766.476907379501
581,11749.223140503756
582,11720.316259341496
583,11473.156208916284
584,11469.712105069135
585,11437.56013843689
586,11406.011332482376
587,11351.862745519582
588,11417.082993649921
589,11391.079058495292
590,11600.38866565223
591,11582.328166650945
592,11716.55238586746
593,11741.597884928804
594,11713.75027203323
595,11883.697347179119
596,11704.278364311704
597,11549.796194104189
598,11735.218040702264
599,11832.3931613861
600,11849.113227067508
601,11816.782796565509
602,11863.120166562265
603,11858.097478848385
604,11847.150701992112
605,11758.93060794372
606,11800.099883481658
607,11811.274395656637
608,11801.556346002542
609,11727.045527246286
610,11812.729504032668
611,11754.418668237051
612,11606.420602745702
613,11570.65063582239
614,11531.980536852217
615,11497.254925731479
616,11453.73242725373
617,11370.94506558112
618,11509.34867184225
619,11534.661606265461
620,11597.557844633277
621,11559.730320169001
622,11515.303109237102
623,11534.658816075513
624,11463.628257622291
625,11549.18781096116
626,11575.839876973021
627,11549.288075526892
628,11592.918417910108
629,11682.550842889483
630,11623.87120164587
631,11607.532804187984
632,11652.855983609661
633,11703.15511903547
634,11760.993706329185
635,11787.50030346882
636,11854.533533225655
637,11842.56173930658
638,11893.399241255056
639,11957.9800719862
640,11936.685813040935
641,12020.219522892183
642,12208.223973705644
643,12152.403871505885
644,12273.050327464021
645,12269.137035028356
646,12881.310369387542
647,13127.122295051286
648,13111.688507880435
649,13013.125816280408
650,13141.51371756928
651,13097.376839388748
652,13150.647440561772
653,13187.841947480636
654,13223.056607053742
655,13051.430816617414
656,13069.923059543402
657,13083.946530167334
658,13143.784712339253
659,13164.291757265857
660,12969.39631529964
661,12959.259951957314
662,13031.861978195231
663,13122.385437283465
664,13089.175121730514
665,13101.239572002616
666,13150.104847710765
667,12975.135856471383
668,12991.33764725636
669,13089.6709060807
670,13201.603145661844
671,13341.456564450466
672,13122.64712569947
673,13184.624850533626
674,13317.152504803576
675,13240.109456697855
676,13335.264792124719
677,13434.310693376256
678,13385.548335916217
679,13427.930698066917
680,13386.632513417082
681,13509.280151161214
682,13453.720401356522
683,13449.90800607585
684,13447.107803581157
685,13516.049414466768
686,13341.17132163608
687,13359.093341988315
688,13435.192110254073
689,13475.764140647518
690,13637.708124748053
691,13657.153970454832
692,13682.615639644355
693,13588.623531282325
694,13629.558825529439
695,13671.689556498328
696,13821.551048437506
697,14204.685621249944
698,14143.341473083634
699,14115.648472698826
700,14200.677510176927
701,14322.828405948992
702,14267.69216939514
703,14224.869822956884
704,14104.086114753374
705,14121.089971070436
706,14155.502055361048
707,14103.099991071698
708,14064.263752628622
709,14000.2288328937
710,13537.434674234457
711,13481.195123732075
712,13721.198694762668
713,13752.262161634306
714,13687.808773184162
715,13669.855471351944
716,13772.25128546913
717,13734.853098653737
718,13663.580696767443
719,13625.46202964436
720,13538.495371966497
721,13486.539792182773
722,13411.730222592138
723,13359.189128933505
724,13540.022610875654
725,13539.228329576901
726,13516.127540181125
727,13773.96440305964
728,13985.43320240067
729,13894.206121408177
730,13811.425860621546
731,13572.562913231272
732,13654.610671649229
733,13546.25410664705
734,13431.841213948392
735,13484.76951086844
736,13447.831098829483
737,13516.835037734214
738,13558.80056622492
739,13517.236130834879
740,13499.383340684699
741,13514.23550708659
742,13471.823674475538
743,13526.624723859168
744,13766.394998486425
745,13612.893394650502
746,13540.28702383524
747,13685.137543518786
748,13675.434312955622
749,13660.499618375748
750,13651.359339666797
751,13594.131409310283
752,13580.118583768748
753,13813.072853121606
754,13943.164845375
755,14005.448164510242
756,14001.52021622299
757,14133.025407120582
758,14221.34235100065
759,14104.820621121253
760,14176.819995061658
761,14271.50355745013
762,14430.463722592767
763,14345.431585426675
764,14328.673957686999
765,14368.173706339116
766,14306.969689898138
767,14378.213608785169
768,14359.4634599325
769,14326.301421517303
770,14421.108869327782
771,14193.748182166471
772,13941.71558787104
773,14049.903812351695
774,13868.954485372591
775,13672.403368496603
776,13379.800525002916
777,13444.178811473666
778,13259.613845321106
779,12995.242823646488
780,13082.61155265572
781,13293.93534235736
782,13452.254370373259
783,13958.060954086262
784,14444.619981528187
785,14346.281571716798
786,14365.168499687541
787,14418.935698125482
788,14434.132748299391
789,14486.858778284446
790,14668.94352669454
791,14487.813567852347
792,14491.016611448169
793,14410.455515825659
794,14422.05386204568
795,14606.227233100675
796,14766.935491547436
797,14730.781661907145
798,14732.497672569783
799,14958.84823571389
800,15027.424190472837
801,14871.59285171072
802,14911.010638401684
803,15047.964565184442
804,15018.938914795119
805,14677.3451138567
806,14726.680885058813
807,14679.071790234138
808,14253.055120134424
809,14048.832995933455
810,14193.764458511634
811,14029.795095241712
812,13800.235232100033
813,13812.689720997601
814,13757.333391629618
815,13748.93120188147
816,13921.88851008409
817,13972.674819886422
818,13748.232584526762
819,13857.767002729624
820,14084.280972614306
821,14026.374358180154
822,14066.481627080357
823,13993.888078412849
824,14020.091630064235
825,14163.990807964015
826,14226.820440325217
827,14199.384443329933
828,14067.075359117931
829,14047.515034276152
830,14052.624808419157
831,14052.624808419157
832,14250.830949873005
833,14689.489268769217
834,14660.539789632652
835,14690.870297646776
836,14605.361271316891
837,14687.246440576546
838,14671.540628940867
839,14738.892896557601
840,14989.219220404284
841,14942.791326295293
842,15194.827308664348
843,15252.933965872378
844,15272.972682945248
845,15244.409517832868
846,15496.518119039767
847,15373.18480432383
848,14687.743182230723
849,14270.920211315944
850,14254.636972733504
851,14257.161393481167
852,14190.772920483843
853,14353.921841464598
854,14295.691421670199
855,14251.214351929259
856,14295.741191160057
857,14522.822039422092
858,15050.092063560893
859,15026.960709610536
860,15180.356441830769
861,15204.955132199226
862,15158.222148197809
863,15343.93884886636
864,15278.863956828129
865,15354.407723628785
866,15383.698078698308
867,15436.181410847692
868,15379.762304723756
869,15163.126241576532
870,15231.913342563308
871,15133.769003682946
872,15122.143242563394
873,14854.345593625352
874,14863.576380040315
875,14619.778584405161
876,14590.942462056273
877,14623.502111325597
878,14719.00897628269
879,14736.690005970806
880,14686.160457161204
881,14845.186578669465
882,15045.811327123156
883,15020.250474665248
884,15021.864024186398
885,15241.737699274483
886,15148.952931470121
887,15154.38653810135
888,15250.584663611911
889,15233.154600112004
890,15074.263791195393
891,15021.465309294845
892,15028.851639049017
893,14946.850531366039
894,15093.688689417915
895,15026.020040951456
896,14849.03973670649
897,14736.651933378336
898,14634.08068236474
899,14210.731564541655
900,14231.649851182192
901,14336.30392922609
902,14271.473782041801
903,14185.65097240505
904,14019.885712938321
905,14007.907192665629
906,13990.740252738184
907,13877.150455813538
908,13849.034574275986
909,13770.49675363182
910,13911.07322150664
911,14121.023155289084
912,14167.995287901604
913,14165.016144263574
914,14138.25816359451
915,13979.556815997707
916,14196.943431621337
917,14345.979950074634
918,14212.13238878553
919,14251.992019240588
920,14194.524843413921
921,14302.77376075448
922,14154.736439780685
923,13950.6205951974
924,13914.767797909872
925,13944.79767224433
926,13842.521353924374
927,13896.368545966583
928,13926.957564412225
929,14066.97684325765
930,13963.531120864802
931,13864.619673738078
932,14218.631717441252
933,14378.506009320965
934,14316.652529454454
935,14253.270712701393
936,14249.473348233472
937,14269.240905882234
938,14354.437826363941
939,14293.709037571498
940,14250.893477511254
941,13895.410119455846
942,13777.177149984738
943,13536.394917699938
944,13388.38544252575
945,13324.332070111817
946,13212.95950002259
947,12930.490239705188
948,13027.768632035746
949,13189.887454922427
950,13073.78273150541
951,13253.715885852733
952,13188.431605254991
953,12805.23862298869
954,12826.81186330477
955,12908.155488287653
956,12772.702047242461
957,12417.652516031207
958,12621.23317361302
959,12560.106930377264
960,12420.59022728953
961,12478.226525244268
962,12642.204822970656
963,13081.738399922626
964,12920.813811903248
965,12775.342013860736
966,12889.917940172912
967,12989.703754060032
968,12738.440076974792
969,12566.625479215532
970,12415.795549368953
971,12500.485592339905
972,12593.397847671904
973,12663.469365466406
974,12620.361201879918
975,12460.738084219038
976,12152.380520673638
977,12315.963543605896
978,12259.720361209118
979,12370.326416671338
980,12289.924745318312
981,12454.942949836382
982,12254.110786571742
983,12300.67269796261
984,12430.98553626707
985,12150.914582263218
986,12102.206488614222
987,12056.365661451298
988,12043.938132443178
989,12015.096960709576
990,12137.051225736835
991,12137.61377116048
992,12051.546847800037
993,11777.276235256413
994,11671.112927347483
995,11591.16408854634
996,11529.281871773303
997,11437.630570301859
998,11428.381229406155
999,11615.642331290612
1000,11626.107919616838
1001,11718.119895565731
1002,11811.269880148862
1003,11445.202889927963
1004,11615.49526731111
1005,11690.29073269615
1006,11714.59801122577
1007,11842.818937985936
1008,11902.745934370396
1009,11828.079926904269
1010,11802.017392900863
1011,11940.789296172528
1012,12023.576025247645
1013,11967.251997220319
1014,12107.055115757965
1015,11712.66414862669
1016,11759.331846775254
1017,11741.389832042263
1018,11930.898848409292
1019,11934.794847694131
1020,11884.004290150191
1021,12129.955228168943
1022,12195.768892647247
1023,12149.922558609735
1024,12283.361830420876
1025,12334.680872055564
1026,12269.452657263617
1027,12198.133453413091
1028,12144.549727383455
1029,12085.823077781477
1030,12130.920708569363
1031,12309.046413978147
1032,12308.95269381041
1033,12214.1789213003
1034,12258.475602056658
1035,12204.80349419155
1036,12300.685303066684
1037,12174.675182815767
1038,12090.860041733356
1039,11972.410149995803
1040,11975.407132687094
1041,11989.741455501873
1042,11974.88260932138
1043,11931.242025072854
1044,12240.894807814899
1045,12319.985377788515
1046,12124.258264928194
1047,12040.891184388238
1048,12195.09441441979
1049,12198.880049786087
1050,12252.211721796763
1051,12251.748793308192
1052,12348.679111234876
1053,12370.643387109669
1054,12288.965813768915
1055,12262.123443855035
1056,12273.442088582444
1057,12053.513236650822
1058,12052.501769267525
1059,12078.042188790547
1060,12052.585278998296
1061,12049.755940006184
1062,12076.610391547558
1063,12286.691106995446
1064,12301.657667920259
1065,12467.009885625583
1066,12621.470150777894
1067,12668.391248496126
1068,12777.334486687389
1069,12652.927425154721
1070,12491.035466816451
1071,12311.79212153123
1072,12365.9961512097
1073,12286.90738940531
1074,12352.698795128106
1075,12359.596363566838
1076,12367.081276620662
1077,12313.481219924146
1078,12344.072300655287
1079,12171.348280498425
1080,12113.312863304043
1081,12065.370194663039
1082,12054.322532937465
1083,12073.181217008976
1084,12039.485296858755
1085,12060.956268991853
1086,12025.508820664356
1087,11881.749326184172
1088,11793.352154215769
1089,11688.364796492944
1090,11647.10708061873
1091,11574.037967510216
1092,11395.62269630576
1093,11448.714126468698
1094,11456.936623710633
1095,11506.453114296564
1096,10842.897334074947
1097,10459.250219673453
1098,10622.470441919766
1099,10537.088739736733
1100,10364.094058023327
1101,10415.949217606336
1102,10372.60431309406
1103,10328.02271072766
1104,10282.071298180606
1105,10178.79091321057
1106,10080.512739425121
1107,10148.703701946219
1108,10054.962684082508
1109,10037.146946586015
1110,10098.120052722827
1111,10204.727321815413
1112,10379.210275111438
1113,10299.24169893589
1114,10422.830078483767
1115,10351.30347812689
1116,10412.621230412828
1117,10537.363682488427
1118,10570.405420876901
1119,10597.171130690964
1120,10548.662784627944
1121,10543.55989493923
1122,10394.227201384363
1123,10514.780575849181
1124,10513.354176909008
1125,10578.207718149866
1126,10605.745459645295
1127,10663.413620449115
1128,10622.000476260979
1129,10525.151827177755
1130,10396.80305981607
1131,10471.290313564132
1132,10461.66442790665
1133,10486.295904917084
1134,10491.216079808735
1135,10513.262547478422
1136,10487.811392721502
1137,10443.450067447608
1138,10381.246525323446
1139,10379.563164496985
1140,10349.243273086955
1141,10429.914962428262
1142,10513.539951853316
1143,10442.467463588593
1144,10428.698572096973
1145,10376.27269427429
1146,10333.579286966466
1147,10277.942496061492
1148,10143.871175803602
1149,10047.792880047386
1150,9707.396779562183
1151,9691.790419001216
1152,9677.105666588064
1153,9706.973793176703
1154,9571.97582927615
1155,9461.712144938641
1156,9583.262443649746
1157,9497.673176792567
1158,9473.912860509117
1159,9583.590878408078
1160,10085.569696672344
1161,10249.315107520051
1162,10218.28782405989
1163,10103.083755272175
1164,9967.718200923935
1165,10066.872486158094
1166,10084.367150949853
1167,10076.029198707562
1168,10147.137374232663
1169,10157.547935789102
1170,10032.803583484292
1171,10041.211351902699
1172,10132.14112811007
1173,10049.983615244184
1174,10144.286346034425
1175,10412.456656503478
1176,10474.538572469497
1177,10471.566539978197
1178,10419.185745345405
1179,10452.415845102187
1180,10379.451851281437
1181,10341.685650250482
1182,10354.042943523638
1183,10217.441943662765
1184,10015.033457928494
1185,9772.747687927036
1186,10048.739814701232
1187,10167.789648349295
1188,9963.867529529347
1189,10034.347739444715
1190,9950.485825825639
1191,9983.989641667433
1192,10055.027077581908
1193,10054.524415588698
1194,9909.737450607041
1195,9797.683303554895
1196,9828.493370610404
1197,10053.691749054655
1198,10121.154342298578
1199,10162.814197358053
1200,10253.998921055441
1201,10279.172600320611
1202,10263.988091273113
1203,10013.867673641269
1204,10049.489088508988
1205,10002.382473369966
1206,10029.453425907126
1207,9925.45272429754
1208,9907.918506977203
1209,9976.89403885726
1210,9851.394693382348
1211,9864.705590663703
1212,9804.181002820169
1213,9966.364073336168
1214,10255.785894425673
1215,10154.257047837975
1216,10105.493317698852
1217,10683.135007166318
1218,10856.76547090778
1219,10714.81994538489
1220,10718.24494443809
1221,10558.554797722203
1222,10527.962209722242
1223,10468.701050078933
1224,10460.576746470517
1225,10449.351573148728
1226,10399.635735861011
1227,10495.975445060334
1228,10585.831584700307
1229,10677.520582023722
1230,10571.031809899523
1231,10615.627846950676
1232,10604.868282165731
1233,10579.337136374219
1234,10470.612976126009
1235,10498.578498189636
1236,10669.252939071583
1237,10629.30185700221
1238,10570.80228978827
1239,10555.786668774084
1240,10667.93897576465
1241,10923.595399264952
1242,10858.156946560772
1243,11115.384232015596
1244,11171.688523181572
1245,11294.745226313673
1246,11377.501755609424
1247,11371.08447233463
1248,11415.609446956689
1249,11412.4785951196
1250,11391.081321090918
1251,11305.729311230203
1252,11300.267278724841
