,Profitloss
0,-0.930271617438061
1,-0.8185029093021101
2,0.2482715730199203
3,2.0716871915901436
4,1.5330018876837936
5,-0.2617832570065981
6,-0.5812897614333901
7,-1.287084796790805
8,-1.503949994410636
9,-0.5350317292441065
10,-0.4691682485904791
11,2.1869407296012167
12,2.57020237315424
13,3.1201122695902583
14,2.7780738401505856
15,2.6046054808157137
16,1.2487529665760722
17,1.2154018929785293
18,0.6583787946454978
19,0.615665487423267
20,0.6021294336991057
21,1.1295838798748736
22,1.044919376383291
23,-0.16284094507006408
24,0.6004264353783428
25,1.6477267789293037
26,0.41169382270884736
27,-1.5029873273682326
28,0.374079659406501
29,-0.3382736890077065
30,-0.530586086841256
31,-0.5260501150452956
32,0.011467595814607101
33,-0.6322596002140579
34,-0.17979827131866521
35,-1.6113497092395845
36,-1.1018034413815103
37,-1.5474851389038702
38,-1.3537137549437195
39,-0.9934665893323036
40,-0.5842761778998895
41,1.397297399168318
42,1.19951819853652
43,0.780261833113971
44,0.11762397197663255
45,-1.1247156964818372
46,-1.4037468325781455
47,-1.1888796900537901
48,-0.912930376303267
49,-1.5196158405598292
50,0.7869435184586493
51,1.9111398375742938
52,1.6962403591505915
53,2.6240340443171695
54,1.733759795544354
55,0.3164480903453004
56,-0.42856340841650464
57,0.09377154404914823
58,0.6834087823870405
59,-0.0014157627589161947
60,0.18648550377928785
61,-0.2354705229265175
62,-1.7794238734651913
63,-1.6383013496787502
64,0.4160771405765429
65,1.6503779505055993
66,0.5818214742983718
67,0.6595924231403538
68,0.21276406987336127
69,-0.5818140665776794
70,-1.7162047466111496
71,-1.4718340642370986
72,-0.5355943374533156
73,-0.2780505016024115
74,0.05620889863384715
75,-0.19150264878341483
76,0.929965801598498
77,1.6684011254643583
78,1.453280188383066
79,1.4061728897304393
80,-5.018877034216529
81,-4.190510990985752
82,-3.9289342776762437
83,-5.664642676420561
84,-6.758750440327999
85,-5.841808153957606
86,-5.816785645099786
87,-6.479177403148617
88,-6.843336665917366
89,-7.030282819439703
90,-6.891619486828793
91,-5.76174744231942
92,-6.184088813500344
93,-5.782124293756519
94,-5.3765408418981036
95,-3.648344327623576
96,-2.669236574077516
97,-3.5867935939876583
98,-3.2772252965302617
99,-3.5526738599846452
100,-4.430461900764781
101,-3.2644765850907365
102,-2.9542593643832826
103,-2.776464095957276
104,-2.6715343640559053
105,-2.3715493948578747
106,-3.2514144338865014
107,-3.4315241338724545
108,-2.7519349830383066
109,-2.140477033331456
110,-1.9403608718645327
111,-2.4947506491042826
112,-2.5901358968532517
113,-1.3063280821133838
114,-0.9793161550774254
115,-0.9022416095565533
116,-0.9203671339108932
117,-0.6225031382479762
118,-1.0952838827442024
119,-1.6615302921805797
120,-2.879856777095857
121,-3.585246625707894
122,-3.8828646593825122
123,-3.4818260685271496
124,-3.9902317227843764
125,-6.401247123895004
126,-6.745848767435902
127,-7.489461839863321
128,-6.648334143998936
129,-6.581410990543524
130,-5.187353533316664
131,-5.678324008842683
132,-7.13127459466405
133,-6.500574088499156
134,-4.361894354290785
135,-4.225728993379352
136,-3.422406674928935
137,-2.497321620314674
138,-2.1777392957694652
139,-2.259025994521213
140,-4.452787063055941
141,-8.770847970277485
142,-8.440251538717913
143,-7.40588478425801
144,-7.693216658892588
145,-8.933866911066435
146,-8.571744546423577
147,-8.029913032442348
148,-7.4438901107029
149,-6.920906757211687
150,-6.676522030962195
151,-9.329858252377255
152,-11.682974859645768
153,-11.6018226410036
154,-10.631244356492608
155,-9.795741497841327
156,-10.32026989404371
157,-11.558870244464591
158,-13.65562308839956
159,-15.083520887693702
160,-18.01589622201125
161,-18.853318069723834
162,-17.19226351924923
163,-13.79448056980661
164,-13.786143703970588
165,-15.443700021644634
166,-16.363258176513938
167,-14.696595049127792
168,-14.275408496191632
169,-15.281307270917388
170,-14.505315535107332
171,-13.946593161296095
172,-15.18939273917792
173,-15.954432502977955
174,-17.061974652377998
175,-17.011258051569623
176,-13.675176232035957
177,-14.366628005459281
178,-15.942586976892558
179,-16.543241638515948
180,-17.687463091060472
181,-18.82547936890696
182,-19.126618454594446
183,-18.54878229121243
184,-19.124365911766972
185,-18.104811979394164
186,-17.40155800390837
187,-17.588554636420273
188,-13.326481386267087
189,-13.061633650001836
190,-12.956551935406358
191,-14.43839074794504
192,-15.560718429789777
193,-14.71954977672707
194,-14.743784707997632
195,-14.112662689554723
196,-14.903598992668321
197,-12.757489479571527
198,-12.576248141419043
199,-11.735584819952239
200,-12.048993971075761
201,-12.999968553664987
202,-11.882199873747235
203,-10.418082379246519
204,-8.912913311611392
205,-7.524751127403018
206,-7.571484888363589
207,-8.422303581928537
208,-3.5504877012983993
209,-1.7265314797865194
210,-2.546126987358399
211,-1.6026636808884498
212,-1.3958697792339714
213,-1.0623374479026504
214,-2.192669464318453
215,-1.3209785274711172
216,-0.8001903851521108
217,-1.1238046258422396
218,-2.3515483412667626
219,-1.5170660990204254
220,-2.032529664928262
221,-0.09156671870185207
222,0.9003542820383625
223,0.6005386734846629
224,0.8840521428254977
225,0.5527116312509017
226,-0.3409776832684175
227,0.7043264502456292
228,3.8964944312579464
229,2.955022686111919
230,2.2412757297011865
231,1.1319931823148943
232,1.3497811638363055
233,1.2444357106396575
234,0.2014432983141301
235,-0.8273989358571932
236,-1.1182505238447882
237,-2.510409994364027
238,-2.486900250738111
239,-0.869650574680747
240,-0.7901794991643896
241,-1.4526705075054158
242,-2.4566251752825674
243,-0.43822113750239255
244,-0.507232275946734
245,-0.5745067093788414
246,-1.2207740696313696
247,-1.4560347660341866
248,-0.9680118975429308
249,-1.8083678796639746
250,-2.52977726976672
251,-4.177268402404999
252,-3.4948717984571
253,-3.9389017528447146
254,-6.9774486322617735
255,-8.017400103961258
256,-8.377384666664812
257,-7.8299420162171955
258,-10.237155895750295
259,-8.361359523623701
260,-10.710507609403608
261,-9.99350073772385
262,-10.843935704986674
263,-10.17905584397376
264,-9.456822861221648
265,-10.142485363336496
266,-10.244018867545911
267,-12.468050408435705
268,-12.646737552057585
269,-10.912361698714934
270,-11.380288684333362
271,-12.878446839292945
272,-13.500117660514555
273,-13.45698311741268
274,-16.359542350438883
275,-16.762871504045375
276,-18.289808565892287
277,-17.47015588372548
278,-18.338962815534586
279,-15.48446702036732
280,-13.902821862633608
281,-13.822221021679692
282,-14.14601811518178
283,-13.433258455505893
284,-12.516047108244022
285,-14.676368679851326
286,-14.263159532174596
287,-15.80715871921864
288,-11.33636155261658
289,-11.428668992980207
290,-8.672893863502473
291,-9.475296803642053
292,-9.27394473735731
293,-9.04761497956451
294,-9.298099240127645
295,-10.403759710966465
296,-9.386171290725331
297,-9.509990696888659
298,-7.782530781685814
299,-8.03769615361698
300,-8.62978364303908
301,-7.7914660348536335
302,-7.731805497811484
303,-6.3926892907157695
304,-6.616026653598572
305,-6.216183203924874
306,-7.815907197992189
307,-7.818301740180955
308,-7.736603948153819
309,-6.362192543305934
310,-5.928346363785497
311,-5.764039395481568
312,-5.991483062244452
313,-6.398970883901434
314,-7.427956535482128
315,-6.604246723766116
316,-7.838245174853398
317,-7.483097490480861
318,-7.160347700550684
319,-6.617531300362134
320,-4.445118493558509
321,-4.142651149617782
322,-4.235439240757055
323,-4.462874339043599
324,-3.723322230844406
325,-3.8985252485133626
326,-4.109744065755738
327,-4.601161726273362
328,-5.189815677692455
329,-5.127410976484925
330,-5.414879797254768
331,-5.680459030330587
332,-2.8618095340083194
333,-5.690173253646269
334,-7.379846531093969
335,-7.2542293057091705
336,-7.65088556765151
337,-8.224106483003924
338,-9.43000023644026
339,-10.276634955924091
340,-11.2751928429618
341,-11.929373223007389
342,-12.053151254141081
343,-10.47917741216543
344,-9.33754873633179
345,-9.904280100191986
346,-10.21603000723329
347,-9.789821143218402
348,-9.89782375914523
349,-8.348434526645299
350,-8.059200063217942
351,-7.728243888308739
352,-5.272606276860669
353,-7.1573840128095085
354,-8.13179921664905
355,-7.860113741050723
356,-8.516129301576624
357,-8.191622612446647
358,-9.081640996496143
359,-9.781519321438115
360,-9.723467093711713
361,-11.065530803499012
362,-11.04715411766406
363,-11.996456334210903
364,-11.966878403402092
365,-11.733091260177265
366,-12.027130906016403
367,-10.537349480422453
368,-11.349571431502437
369,-10.654108228728854
370,-10.370514452432989
371,-11.867241287506813
372,-13.055010684272917
373,-11.655287080051192
374,-10.502853133146017
375,-9.759576741236941
376,-9.63368328561598
377,-10.741718669064449
378,-10.875306898550663
379,-10.2639931141009
380,-11.661982688097972
381,-9.266725661298281
382,-9.895671201148248
383,-10.095546009408407
384,-10.316387439749208
385,-10.6802955337567
386,-10.3310557355773
387,-11.684012316125624
388,-11.927192559714417
389,-12.179471621985504
390,-12.391032470539143
391,-12.50724809726098
392,-11.651763307057806
393,-11.20187447740082
394,-11.117224637823654
395,-12.74150478276761
396,-12.039265909454544
397,-12.732479360508965
398,-12.30629947441959
399,-12.13322684268502
400,-11.015388225551382
401,-11.152638386293424
402,-11.202068742856397
403,-11.08796129986186
404,-10.385620603797008
405,-10.619567312454482
406,-9.218963344792241
407,-9.192392515008152
408,-9.503552117591763
409,-8.447165765186648
410,-7.947167071970817
411,-8.921629287510157
412,-8.743213162526931
413,-9.363022747522898
414,-9.14944235970314
415,-8.90378740817619
416,-8.876177641520522
417,-8.150441651240769
418,-9.323887186035185
419,-7.918473690803996
420,-7.4881603310716365
421,-4.257029640496479
422,-4.158373688739935
423,-3.8095357536776397
424,-4.437194515724108
425,-4.242414403371453
426,-5.146742160644013
427,-5.078987590718375
428,-4.14326791719165
429,-4.669127532546513
430,-4.663884522089146
431,-4.239200664162124
432,-2.164536809658424
433,-1.945398327019665
434,-2.9800009021906604
435,-3.770398838957789
436,-3.2393651244639554
437,-3.41847408564645
438,-4.544073489437562
439,-4.559770198751611
440,-4.3284058134897325
441,-4.033157570694767
442,-4.030772774914205
443,-4.93994336725555
444,-5.40885920743861
445,-4.8563869054765725
446,-5.66863007260493
447,-6.059790872664905
448,-6.297176835938689
449,-6.0791338683619855
450,-6.263040727867885
451,-6.074962822589491
452,-5.879252538865742
453,-6.266207371692301
454,-6.092492405090066
455,-4.740094056545107
456,-5.851334932424868
457,-8.036264766287216
458,-7.625950283571747
459,-5.822598825712289
460,-6.605493435075949
461,-6.917813726005129
462,-8.36179385200273
463,-8.41334577501508
464,-8.691454782590558
465,-7.273849043940572
466,-7.6238873494579025
467,-8.066887708834125
468,-9.25587980949073
469,-9.694408532612242
470,-10.180037172891288
471,-9.535184598460999
472,-9.061358854528711
473,-9.068445262970815
474,-9.508675210420947
475,-8.844000634762716
476,-8.772825106702097
477,-9.073165120269689
478,-9.047072585161676
479,-8.416400077927788
480,-7.685523665538008
481,-8.472616304335222
482,-9.499286460869072
483,-10.042189445344807
484,-9.106325318872798
485,-8.83580117524615
486,-7.5400334664006525
487,-8.011722087499674
488,-7.199735516147754
489,-7.830025102850957
490,-6.7870581116794115
491,-7.468329931124362
492,-8.748751652813402
493,-9.165361831465757
494,-9.451258424083232
495,-8.955040880429866
496,-9.185122176649351
497,-9.534132441493536
498,-9.154181879830414
499,-8.925991932727595
500,-8.74302395708203
501,-8.501961865794849
502,-9.030156302339886
503,-7.391932610804841
504,-5.917011340967326
505,-4.259575441119279
506,-4.618410602463152
507,-4.2482524610023775
508,-3.2645686483059433
509,-3.560070439245333
510,-3.7911486075348444
511,-3.9509895576889775
512,-3.818798927005662
513,-3.954360833052062
514,-4.044643795521507
515,-5.137421743784065
516,-4.434617203278258
517,-4.412264640996344
518,-4.278891048876687
519,-4.50716969228242
520,-4.856945880952024
521,-4.660011256127317
522,-4.406509937458047
523,-4.6791318126971575
524,-4.708466881895035
525,-4.3397798416458855
526,-3.484908899094108
527,-3.3223823816990294
528,-2.12894214386552
529,-1.8066824043461827
530,-1.3410261142973168
531,-1.1726408432492619
532,-1.1142660118854897
533,-1.0953858439560427
534,-0.6086055301198656
535,-0.8093723330354852
536,-0.615967200917078
537,-0.5875347110273044
538,-1.0783702671213757
539,-3.813331124512842
540,-4.328070628247859
541,-3.992769449237066
542,-3.5877680401658507
543,-3.8426983147912597
544,-4.0078826467978
545,-4.153005756952766
546,-4.042064159781466
547,-4.036297434732794
548,-4.249950198708574
549,-4.364044509105403
550,-4.26089888955744
551,-4.324997415727738
552,-4.554519090900488
553,-3.095439498876329
554,-3.0102227760052447
555,-3.183290686051854
556,-4.8701927133861345
557,-5.091901265427468
558,-5.097868205745904
559,-5.602793659445959
560,-5.439231838040692
561,-5.195859488273591
562,-4.9373378038524045
563,-4.691269260291464
564,-4.652119671169208
565,-3.971633099036631
566,-3.9332315584190813
567,-4.442734293688677
568,-4.489217870414208
569,-4.728255136699422
570,-4.37693528027836
571,-4.811794639067046
572,-4.683587823766899
573,-4.765923071303435
574,-4.633119690923659
575,-4.195641370606607
576,-3.28074423832877
577,-2.983398456067121
578,-3.229391942695614
579,-2.5953908149715987
580,-1.9460257718374896
581,-2.089807162468693
582,-2.330697838820861
583,-4.390364925697643
584,-4.419065791090548
585,-4.686998846359258
586,-4.949905562646862
587,-5.4011437873368155
588,-4.857641719583993
589,-5.0743411792058986
590,-3.3300944528980803
591,-3.480598611242125
592,-2.3620634511044902
593,-2.1533509589266364
594,-2.3854143997230848
595,-0.9691887735073457
596,-2.4643469640691418
597,-3.7516983824650962
598,-2.206516327481134
599,-1.396723655115828
600,-1.257389774437434
601,-1.526810028620762
602,-1.14066527864779
603,-1.182521009596793
604,-1.2737441500657365
605,-2.00891160046901
606,-1.6658343043195134
607,-1.5727133695280227
608,-1.6536971166454806
609,-2.2746206062809526
610,-1.5605874663944364
611,-2.0465110980245727
612,-3.2798283104524817
613,-3.5779113681467467
614,-3.9001621928981822
615,-4.189542285571013
616,-4.552229772885585
617,-5.242124453490671
618,-4.088761067981251
619,-3.8778199477878195
620,-3.3536846280560306
621,-3.668913998591661
622,-4.039140756357485
623,-3.877843199370723
624,-4.4697645198142455
625,-3.756768241990327
626,-3.534667691891491
627,-3.755932703942566
628,-3.3923465174157674
629,-2.6454096425876483
630,-3.134406652951083
631,-3.2705599651001394
632,-2.892866803252825
633,-2.4737073413710897
634,-1.9917191139234514
635,-1.7708308044265042
636,-1.212220556452881
637,-1.3119855057785013
638,-0.8883396562078705
639,-0.3501660667816653
640,-0.5276182246588768
641,0.16849602410151654
642,1.7351997808803699
643,1.2700322625490479
644,2.2754193955335067
645,2.242808625236292
646,7.3442530782295234
647,9.392685792094046
648,9.26407089900363
649,8.442715135670076
650,9.512614313077329
651,9.14480699490623
652,9.5887286713481
653,9.898682895671973
654,10.192138392114526
655,8.761923471811794
656,8.916025496195012
657,9.032887751394437
658,9.531539269493772
659,9.702431310548798
660,8.078302627497003
661,7.993832932977618
662,8.598849818293598
663,9.353211977362207
664,9.076459347754273
665,9.176996433355145
666,9.584207064256379
667,8.126132137261521
668,8.261147060469654
669,9.080590884005835
670,10.013359547182032
671,11.178804703753876
672,9.355392714162258
673,9.871873754446892
674,10.976270873363148
675,10.334245472482117
676,11.127206601039319
677,11.952589111468793
678,11.546236132635146
679,11.899422483890977
680,11.555270945142349
681,12.577334593010114
682,12.114336677971016
683,12.082566717298748
684,12.059231696509642
685,12.633745120556394
686,11.176427680300671
687,11.325777849902629
688,11.959934252117277
689,12.298034505395972
690,13.647567706233765
691,13.809616420456926
692,14.021796997036295
693,13.238529427352708
694,13.579656879411983
695,13.930746304152741
696,15.179592070312541
697,18.37238017708287
698,17.86117894236361
699,17.63040393915687
700,18.338979251474385
701,19.356903382908275
702,18.897434744959508
703,18.540581857974026
704,17.534050956278115
705,17.6757497589203
706,17.962517128008738
707,17.525833258930824
708,17.20219793857185
709,16.66857360744749
710,12.811955618620473
711,12.343292697767305
712,14.343322456355567
713,14.602184680285891
714,14.06507310986802
715,13.91546226126621
716,14.768760712242756
717,14.4571091554478
718,13.863172473062036
719,13.545516913703004
720,12.820794766387467
721,12.387831601523104
722,11.76441852160115
723,11.326576074445871
724,12.833521757297127
725,12.826902746474179
726,12.634396168176053
727,14.783036692163654
728,16.54527668667225
729,15.785051011734797
730,15.09521550517956
731,13.104690943593923
732,13.788422263743572
733,12.885450888725414
734,11.93201011623659
735,12.373079257237007
736,12.065259156912367
737,12.640291981118445
738,12.990004718540993
739,12.643634423623995
740,12.494861172372485
741,12.61862922572159
742,12.265197287296136
743,12.72187269882641
744,14.719958320720217
745,13.440778288754185
746,12.835725198627014
747,14.04281286265654
748,13.961952607963513
749,13.837496819797913
750,13.761327830556635
751,13.284428410919013
752,13.167654864739564
753,15.108940442680051
754,16.193040378125012
755,16.71206803758536
756,16.679335135191597
757,17.775211726004848
758,18.511186258338764
759,17.54017184267711
760,18.14016662551381
761,18.92919631208443
762,20.253864354939722
763,19.545263211888965
764,19.405616314058328
765,19.7347808861593
766,19.22474741581781
767,19.818446739876407
768,19.66219549943751
769,19.385845179310856
770,20.17590724439817
771,18.28123485138726
772,16.180963232258662
773,17.082531769597466
774,15.57462071143827
775,13.9366947374717
776,11.498337708357642
777,12.034823428947217
778,10.496782044342545
779,8.29369019705406
780,9.02176293879766
781,10.782794519644657
782,12.102119753110486
783,16.31717461738551
784,20.371833179401566
785,19.552346430973323
786,19.709737497396173
787,20.157797484379024
788,20.284439569161595
789,20.72382315237038
790,22.241196055787825
791,20.731779732102893
792,20.758471762068066
793,20.08712929854717
794,20.183782183713994
795,21.71856027583896
796,23.057795762895307
797,22.756513849226213
798,22.770813938081535
799,24.657068630949077
800,25.228534920606972
801,23.92994043092267
802,24.258421986680688
803,25.399704709870342
804,25.15782428995932
805,22.311209282139167
806,22.72234070882344
807,22.32559825195115
808,18.775459334453526
809,17.073608299445464
810,18.28137048759695
811,16.914959127014264
812,15.00196026750027
813,15.105747674980009
814,14.644444930246813
815,14.574426682345587
816,16.015737584034095
817,16.438956832386854
818,14.568604871056356
819,15.481391689413538
820,17.36900810511921
821,16.88645298483462
822,17.22068022566965
823,16.61573398677374
824,16.834096917201947
825,18.033256733033465
826,18.556837002710136
827,18.3282036944161
828,17.225627992649418
829,17.062625285634603
830,17.105206736826318
831,17.105206736826318
832,18.756924582275047
833,22.412410573076812
834,22.171164913605445
835,22.42391914705646
836,21.71134392764076
837,22.39372033813789
838,22.26283857450724
839,22.824107471313337
840,24.910160170035688
841,24.52326105246079
842,26.623560905536237
843,27.107783048936483
844,27.274772357877076
845,27.03674598194057
846,29.137650991998054
847,28.109873369365257
848,22.397859851922686
849,18.924335094299536
850,18.788641439445875
851,18.809678279009724
852,18.25644100403203
853,19.61601534553832
854,19.130761847251666
855,18.760119599410487
856,19.131176593000475
857,21.0235169951841
858,25.41743386300743
859,25.224672580087805
860,26.50297034858975
861,26.707959434993555
862,26.31851790164841
863,27.866157073886335
864,27.323866306901067
865,27.953397696906546
866,28.19748398915256
867,28.63484509039744
868,28.16468587269796
869,26.359385346471107
870,26.932611188027565
871,26.11474169735788
872,26.017860354694953
873,23.786213280211264
874,23.86313650033596
875,21.83148820337635
876,21.591187183802283
877,21.86251759437998
878,22.65840813568909
879,22.80575004975671
880,22.38467047634336
881,23.709888155578884
882,25.381761059359633
883,25.168753955543743
884,25.182200201553307
885,27.014480827287368
886,26.241274428917684
887,26.286554484177916
888,27.088205530099252
889,26.942955000933377
890,25.618864926628284
891,25.178877577457047
892,25.240430325408482
893,24.557087761383656
894,25.78073907848262
895,25.216833674595463
896,23.741997805887415
897,22.805432778152813
898,21.95067235303949
899,18.422763037847112
900,18.597082093184937
901,19.469199410217406
902,18.92894818368167
903,18.213758103375422
904,16.83238094115267
905,16.732559938880232
906,16.58950210615153
907,15.64292046511282
908,15.408621452299887
909,14.754139613598504
910,15.925610179222005
911,17.675192960742358
912,18.066627399180035
913,18.04180120219645
914,17.818818029954244
915,16.496306799980886
916,18.307861930177815
917,19.549832917288622
918,18.434436573212754
919,18.766600160338243
920,18.28770702844935
921,19.18978133962066
922,17.95613699817238
923,16.255171626645005
924,15.9563983159156
925,16.206647268702756
926,15.354344616036443
927,15.803071216388197
928,16.05797970343521
929,17.224807027147083
930,16.362759340540013
931,15.538497281150644
932,18.488597645343763
933,19.82088341100805
934,19.30543774545377
935,18.77725593917827
936,18.745611235278936
937,18.91034088235195
938,19.620315219699513
939,19.114241979762483
940,18.757445645927117
941,15.795084328798726
942,14.809809583206146
943,12.803290980832816
944,11.569878687714596
945,11.03610058426514
946,10.1079958335216
947,7.754085330876559
948,8.564738600297893
949,9.915728791020229
950,8.94818942921174
951,10.447632382106109
952,9.903596710458263
953,6.710321858239099
954,6.890098860873084
955,7.5679624023971215
956,6.439183727020503
957,3.4804376335933807
958,5.176943113441834
959,4.6675577531438694
960,3.504918560746084
961,3.9852210437022473
962,5.351706858088812
963,9.014486666021892
964,7.6734484325270635
965,6.461183448839458
966,7.415982834774271
967,8.247531283833599
968,6.153667308123256
969,4.721878993462769
970,3.4649629114079428
971,4.170713269499204
972,4.944982063932524
973,5.528911378886714
974,5.169676682332658
975,3.839484035158658
976,1.269837672280305
977,2.6330295300491358
978,2.164336343409312
979,3.086053472261141
980,2.4160395443192817
981,3.7911912486365162
982,2.1175898880978483
983,2.505605816355083
984,3.5915461355589207
985,1.2576215188601525
986,0.8517207384518555
987,0.4697138454274885
988,0.3661511036931575
989,0.12580800591313057
990,1.142093547806966
991,1.1467814263373288
992,0.42955706500029667
993,-1.8560313728632205
994,-2.7407256054376328
995,-3.406965928780503
996,-3.922651068555816
997,-4.686411914151178
998,-4.7634897549487025
999,-3.20298057257824
1000,-3.115767336526354
1001,-2.349000870285578
1002,-1.5727509987594757
1003,-4.623309250600305
1004,-3.204206105740759
1005,-2.5809105608654126
1006,-2.3783499064519265
1007,-1.309842183450538
1008,-0.810450546913366
1009,-1.432667275797761
1010,-1.6498550591594774
1011,-0.49342253189559315
1012,0.1964668770637168
1013,-0.2729000231640133
1014,0.8921259646497148
1015,-2.3944654281109146
1016,-2.0055679435395435
1017,-2.1550847329811385
1018,-0.5758429299225654
1019,-0.5433762692155786
1020,-0.9666309154150787
1021,1.0829602347411926
1022,1.6314074387270727
1023,1.249354655081114
1024,2.361348586840628
1025,2.789007267129695
1026,2.2454388105301426
1027,1.6511121117757543
1028,1.2045810615287866
1029,0.7151923148456474
1030,1.0910059047446907
1031,2.5753867831512345
1032,2.574605781753414
1033,1.7848243441691558
1034,2.1539633504721545
1035,1.7066957849295905
1036,2.505710858889043
1037,1.4556265234647148
1038,0.7571670144446374
1039,-0.22991541670164262
1040,-0.20494056094088053
1041,-0.08548787081772424
1042,-0.20931158898850333
1043,-0.5729831243928896
1044,2.007456731790813
1045,2.6665448149042925
1046,1.0354855410682928
1047,0.34075986990198537
1048,1.6257867868315845
1049,1.6573337482173933
1050,2.1017643483063564
1051,2.09790661090159
1052,2.9056592602906273
1053,3.088694892580568
1054,2.408048448074296
1055,2.1843620321252866
1056,2.278684071520365
1057,0.4459436387568516
1058,0.43751474389603917
1059,0.6503515732545484
1060,0.438210658319127
1061,0.4146328333848537
1062,0.6384199295629722
1063,2.3890925582953804
1064,2.513813899335493
1065,3.8917490468798555
1066,5.178917923149107
1067,5.5699270708010395
1068,6.477787389061573
1069,5.441061876289344
1070,4.091962223470413
1071,2.5982676794269244
1072,3.049967926747499
1073,2.390894911710917
1074,2.939156626067563
1075,2.9966363630569814
1076,3.0590106385055105
1077,2.612343499367875
1078,2.8672691721273846
1079,1.427902337486886
1080,0.9442738608670176
1081,0.5447516221919857
1082,0.4526877744788882
1083,0.6098434750748005
1084,0.3290441404896205
1085,0.5079689082654326
1086,0.2125735055362954
1087,-0.9854222817985647
1088,-1.722065381535265
1089,-2.59696002922547
1090,-2.9407743281772425
1091,-3.5496836040815327
1092,-5.036477530785333
1093,-4.594048946094187
1094,-4.525528135744727
1095,-4.112890714195294
1096,-9.642522216042105
1097,-12.83958150272122
1098,-11.479412984001947
1099,-12.190927168860554
1100,-13.63254951647227
1101,-13.200423186613863
1102,-13.561630724216167
1103,-13.9331440772695
1104,-14.316072515161615
1105,-15.176742389911912
1106,-15.995727171457318
1107,-15.42746915044818
1108,-16.208644299312436
1109,-16.35710877844987
1110,-15.848999560643106
1111,-14.960605651538227
1112,-13.50658104073802
1113,-14.172985842200914
1114,-13.143082679301942
1115,-13.739137682275915
1116,-13.228156413226433
1117,-12.188635979263108
1118,-11.913288159359158
1119,-11.690240577575306
1120,-12.094476794767129
1121,-12.13700087550642
1122,-13.38143998846364
1123,-12.376828534590157
1124,-12.388715192424938
1125,-11.848269015417777
1126,-11.6187878362892
1127,-11.138219829590712
1128,-11.483329364491846
1129,-12.290401440185372
1130,-13.359974501532756
1131,-12.73924738696557
1132,-12.819463100777917
1133,-12.614200792357632
1134,-12.57319933492721
1135,-12.389478771013152
1136,-12.601571727320815
1137,-12.971249437936605
1138,-13.489612288971287
1139,-13.503640295858455
1140,-13.756306057608715
1141,-13.084041979764482
1142,-12.387167067889038
1143,-12.979437803428395
1144,-13.094178565858561
1145,-13.531060881047585
1146,-13.88683927527945
1147,-14.350479199487564
1148,-15.467740201636648
1149,-16.26839266627179
1150,-19.105026836981807
1151,-19.235079841656532
1152,-19.357452778432794
1153,-19.108551723527476
1154,-20.23353475603208
1155,-21.152398792177983
1156,-20.139479636252112
1157,-20.85272352672861
1158,-21.050726162424027
1159,-20.136742679932684
1160,-15.953585861063802
1161,-14.589040770666239
1162,-14.847601466167593
1163,-15.807635372731877
1164,-16.935681658967205
1165,-16.109395948682547
1166,-15.963607075417896
1167,-16.033090010770323
1168,-15.440521881394476
1169,-15.353767201757485
1170,-16.393303470964227
1171,-16.323238734144173
1172,-15.565490599082754
1173,-16.2501365396318
1174,-15.464280449713119
1175,-13.229527862471013
1176,-12.712178562754195
1177,-12.736945500181685
1178,-13.17345212212162
1179,-12.896534624148448
1180,-13.504567905988019
1181,-13.819286247912654
1182,-13.716308803969678
1183,-14.85465046947696
1184,-16.54138785059589
1185,-18.560435933941367
1186,-16.2605015441564
1187,-15.268419597089212
1188,-16.967770587255437
1189,-16.38043550462738
1190,-17.079284784786342
1191,-16.80008631943806
1192,-16.20810768681743
1193,-16.21229653676085
1194,-17.418854578274654
1195,-18.352639137042537
1196,-18.095888578246633
1197,-16.219235424544543
1198,-15.657047147511848
1199,-15.309881688682891
1200,-14.550008991204654
1201,-14.340228330661574
1202,-14.466765906057388
1203,-16.551102719656097
1204,-16.254257595758435
1205,-16.646812721916948
1206,-16.42122145077395
1207,-17.287893964187163
1208,-17.434012441856638
1209,-16.859216342856175
1210,-17.90504422181377
1211,-17.79412007780248
1212,-18.29849164316526
1213,-16.94696605553193
1214,-14.535117546452724
1215,-15.381191268016881
1216,-15.787555685842891
1217,-10.97387494028068
1218,-9.52695440910184
1219,-10.709833788459244
1220,-10.681292129682573
1221,-12.012043352314972
1222,-12.266981585647985
1223,-12.760824582675557
1224,-12.828527112745691
1225,-12.922070223760606
1226,-13.33636886782491
1227,-12.533537957830553
1228,-11.784736794164107
1229,-11.02066181646898
1230,-11.908068250837312
1231,-11.536434608744361
1232,-11.626097648618906
1233,-11.838857196881513
1234,-12.744891865616593
1235,-12.5118458484197
1236,-11.089558841070147
1237,-11.42248452498158
1238,-11.909980918431085
1239,-12.0351110935493
1240,-11.100508535294583
1241,-8.97003833945873
1242,-9.515358778660232
1243,-7.3717980665366944
1244,-6.902595640153564
1245,-5.877123114052729
1246,-5.187485369921463
1247,-5.240962730544741
1248,-4.869921275360922
1249,-4.8960117073366565
1250,-5.0743223242423525
1251,-5.785589073081643
1252,-5.8311060106263195
