,Portfolio Value
0,11979.767326447143
1,11985.583062967802
2,12009.23780342209
3,12053.479651587004
4,11900.292574652643
5,11765.694415678006
6,11761.701533952019
7,11669.651549427543
8,11669.24725701762
9,11674.731993793435
10,11722.418680422788
11,11787.479826737776
12,11806.87747819948
13,11775.714213786008
14,11762.28463470631
15,11817.01864131007
16,11746.750184050832
17,11720.322283591138
18,11699.773690905677
19,11733.700575272214
20,11741.585793853543
21,11786.787998326234
22,11816.75549785389
23,11769.407949808105
24,11778.267563061707
25,11826.907296077366
26,11743.003421833306
27,11782.584641944806
28,11870.275390956047
29,11837.633429772759
30,11834.359004540962
31,11829.810773308549
32,11770.407114356842
33,11736.61906968153
34,11747.970838520612
35,11714.436316220801
36,11777.101585921655
37,11769.819292241811
38,11774.4933662882
39,11894.163729204301
40,11919.904438001207
41,11912.128282866863
42,11877.113749510969
43,11828.003365030818
44,11728.126487526126
45,11620.03625538101
46,11622.420758467995
47,11628.329624949902
48,11637.938378537587
49,11589.540867587872
50,11888.883744791317
51,11885.687756930813
52,11950.494581209668
53,11997.073047297707
54,12029.066587404643
55,11929.255869614699
56,11903.788284107695
57,11935.365178183325
58,11942.871149227141
59,11941.513339528557
60,11919.448552801645
61,11915.490613110998
62,11857.427410542408
63,11894.87811177434
64,11904.46696692699
65,11977.314372501458
66,11940.411435893086
67,11933.810131398666
68,11922.777028217502
69,11950.96952512389
70,11906.802803276698
71,11920.308155941784
72,11889.557735479964
73,11910.636650252898
74,12049.936436957982
75,12092.993316863589
76,12106.923816071487
77,12129.757673045502
78,12096.145099386174
79,12093.41082819678
80,11906.70490348178
81,11933.600333051598
82,11936.66077825061
83,11855.274950565632
84,11808.636159981204
85,11811.222573743904
86,11824.943826621251
87,11808.916343574701
88,11755.450395743836
89,11748.952453944832
90,11739.56341169759
91,11800.411693987819
92,11771.91782360906
93,11765.89060463705
94,11801.870970959395
95,12104.351953754278
96,12100.573270911998
97,12066.198066862959
98,12093.154597828161
99,12082.40442678086
100,12065.819864728172
101,12057.207702861215
102,12108.250745563017
103,12136.365732307977
104,12091.140925751402
105,12064.805985044713
106,12040.098268041085
107,12011.859963490546
108,12037.763337460394
109,12056.492940764872
110,12059.608367089553
111,11933.630817205987
112,11953.188758927465
113,12016.927275063368
114,12011.514400844404
115,12029.59179673392
116,12115.455931690536
117,12122.391069980546
118,12077.32227408675
119,12045.570437706196
120,11900.492452576153
121,11863.40716220736
122,11815.804483542139
123,11858.158859907544
124,11799.306422726213
125,11441.742652765115
126,11403.003502835563
127,11365.715451875689
128,11447.862762454752
129,11460.171862501675
130,11583.288914434988
131,11570.68620437071
132,11466.785203273383
133,11557.138809478134
134,11607.814321823298
135,11589.046155784734
136,11617.925440438466
137,11628.701147989344
138,11600.246222104843
139,11569.766186164601
140,11500.546372680903
141,11248.280503029064
142,11276.710512076548
143,11297.914767127706
144,11331.250947017836
145,11301.695013588998
146,11303.096155700943
147,11238.228822425672
148,11193.384974935674
149,11219.581457770451
150,11258.573535662588
151,11184.053453650517
152,11071.167756329385
153,11135.240068506915
154,11192.775699521953
155,11268.077269525804
156,11245.253156032986
157,11144.136503489419
158,11045.654783316362
159,10925.662791001889
160,10664.129415842724
161,10579.785666780055
162,10703.128982090962
163,11062.235179297535
164,11058.403904605835
165,11158.088144818792
166,11005.128128728005
167,11025.88705713065
168,11069.472522544442
169,11039.471960172063
170,11081.880309856038
171,11123.314805347603
172,11051.078356886932
173,11015.348965690748
174,10957.485002815907
175,10970.534205871445
176,11021.496332691713
177,11015.383216468594
178,10974.73171382338
179,10931.542963552669
180,10798.167605836035
181,10800.571509340502
182,10749.396204418139
183,10852.095793253799
184,10790.639996537595
185,10836.549611353485
186,10906.380423812863
187,10864.23729428797
188,11005.695697647745
189,11038.5193083253
190,11062.563072686911
191,11002.863668220809
192,10912.279076533034
193,10946.992171265974
194,10957.559820407365
195,10955.401838138263
196,10921.761556016614
197,10920.695949218134
198,10946.169526481683
199,10926.116323186721
200,10894.89442107272
201,10788.566384719164
202,10706.889261939488
203,10771.73946267358
204,10919.971222707714
205,10986.512754921609
206,11100.981179393586
207,11001.788164696782
208,11305.62234291249
209,11326.293951511525
210,11276.177328860438
211,11289.94877238849
212,11287.034977512008
213,11275.476851033953
214,11174.905150784818
215,11131.281100294284
216,11173.69195903263
217,11165.53866951198
218,11081.439566774034
219,11191.578908803798
220,11153.4143993285
221,11322.104977377505
222,11448.217594802261
223,11399.076554062367
224,11517.768014273068
225,11492.289608720353
226,11427.106772794745
227,11488.407688562505
228,11517.247256678542
229,11516.436859766565
230,11623.70199926651
231,11602.266280322736
232,11567.342370675098
233,11551.277361091972
234,11464.617061712312
235,11418.310342851055
236,11343.610818789497
237,11261.241020882495
238,11241.948774882378
239,11257.770353423322
240,11267.80958120682
241,11244.637594693593
242,11159.169794705502
243,11211.074281427018
244,11248.903654227055
245,11320.821979707132
246,11304.508853816298
247,11289.263182176226
248,11343.781723095573
249,11307.860655195334
250,11277.551420424285
251,11202.653718413816
252,11219.319211003505
253,11148.3937148057
254,10817.678140503009
255,10682.000568324449
256,10753.61807453035
257,10741.712962212256
258,10652.26442859259
259,10678.942470066724
260,10418.70777155369
261,10458.191320081714
262,10275.642230441954
263,10331.773914641775
264,10387.2094392387
265,10369.098175745963
266,10414.968386151817
267,10210.294639837917
268,10203.596454779214
269,10289.611665085333
270,10286.824594511603
271,10183.371856956737
272,10132.120858625369
273,10272.542815337854
274,10164.217251834572
275,10142.354341703238
276,10034.184892558216
277,10091.001714254518
278,9971.369494224029
279,10213.191348914446
280,10278.249498037661
281,10295.900473714195
282,10346.46723673149
283,10348.314852314044
284,10420.721391112776
285,10185.320593680375
286,10208.335991953794
287,10223.411220431446
288,10296.235599730227
289,10336.149534304726
290,10582.93185801524
291,10600.585961507668
292,10686.624702282472
293,10696.425029821028
294,10695.88634038015
295,10677.244838153278
296,10727.809133328643
297,10719.245124979134
298,10882.670133663545
299,10841.058093299238
300,10848.185037343612
301,10896.06947504326
302,10898.9037843945
303,10950.409679698929
304,10950.190227004836
305,10975.51344396582
306,10964.816871652716
307,10961.199927984082
308,10963.51847549276
309,11015.776682025202
310,11145.200957477158
311,11155.194519786575
312,11128.312982410693
313,11109.782475845792
314,10992.585967447256
315,11004.57268564239
316,10941.502271445748
317,11121.266593500823
318,11191.643989795051
319,11255.065178158158
320,11403.077702579893
321,11400.951757144856
322,11465.818010591081
323,11419.638662585485
324,11515.089667734324
325,11508.410522769
326,11487.698329471303
327,11459.341141275074
328,11515.016072117196
329,11518.059279654653
330,11493.271354524735
331,11522.098071856039
332,11474.724086409213
333,11446.199140167222
334,11287.732274423643
335,11308.147985224143
336,11276.559796082653
337,11190.464972243768
338,11190.761474417295
339,11167.031497961
340,11151.996410821923
341,11134.831626572404
342,11277.993107515867
343,11370.026762356156
344,11415.21826965245
345,11367.72108846813
346,11254.433901707169
347,11299.944464887907
348,11291.584863406006
349,11358.484393792858
350,11388.356264432148
351,11419.213677118538
352,11594.176967975956
353,11613.044715939976
354,11480.181163396257
355,11489.438872679048
356,11485.466265178076
357,11507.91116655568
358,11485.927530102865
359,11491.528753274673
360,11489.977629985075
361,11386.083970877073
362,11404.187166309912
363,11295.828129180849
364,11290.675351826776
365,11266.141316186997
366,11341.32647006389
367,11397.844043008718
368,11326.110720328583
369,11347.890291995951
370,11388.009978747174
371,10690.11262129572
372,10581.870579784949
373,10635.819307261114
374,10756.483573495418
375,10780.945341647594
376,10819.328956722642
377,10719.215898412247
378,10671.295180445959
379,10665.400056538745
380,10598.616767849813
381,10733.598982167965
382,10728.011249383027
383,10706.185227804699
384,10661.76667358208
385,10665.503397621971
386,10638.950582674985
387,10601.806407436408
388,10583.560953807406
389,10549.947664410502
390,10532.01845284395
391,10540.545247316151
392,10534.56355081619
393,10560.804427929539
394,10609.318702961615
395,10610.666466211555
396,10749.679366609997
397,10732.183181266677
398,10764.04749650948
399,10797.316505513349
400,10854.127889384867
401,10843.967861443274
402,10914.292433473809
403,10987.270583245667
404,10991.667281867874
405,10894.635598973266
406,10917.665088700684
407,10913.060505009014
408,10841.352626725875
409,10895.432938460272
410,10868.44684322658
411,10843.031144103612
412,10845.350837315238
413,10824.290593293947
414,10820.800420416694
415,10844.299519210503
416,10817.569300012217
417,10840.530314407366
418,10715.28489497109
419,10783.010629131706
420,10822.76715417229
421,10925.94563040706
422,10957.900182151403
423,10984.690249534351
424,10965.200349725072
425,10962.123644689686
426,10910.158883288961
427,10904.930418950858
428,10958.166465432467
429,10899.138968261066
430,10911.046354650749
431,10892.366816780414
432,11060.510881255988
433,11122.206592977846
434,11088.537604030618
435,11023.612160430695
436,11034.467846584948
437,11022.16637161472
438,10966.805242486955
439,10975.845207386961
440,10977.664874369955
441,11010.984680099653
442,11010.215199828923
443,10955.856446446049
444,10939.787399091132
445,10925.219877602947
446,10858.324560292145
447,10826.076359779665
448,10791.04627588341
449,10790.773161655747
450,10784.89823719815
451,10817.764367991698
452,10817.247133869561
453,10814.705351656707
454,10741.251284251224
455,10805.93416168219
456,10776.676992615983
457,10620.570505138867
458,10560.988355395855
459,10579.270509457308
460,10578.107246625186
461,10539.860500907927
462,10470.76093857614
463,10470.514716367466
464,10425.428577113576
465,10626.444745866389
466,10583.23079954726
467,10526.610188795788
468,10455.270940555012
469,10335.979718656634
470,10265.865914624708
471,10286.01681719016
472,10395.489599698536
473,10418.07915667553
474,10382.866739717905
475,10428.778159019937
476,10577.469722314345
477,10590.758666787728
478,10577.496013024493
479,10590.76397058763
480,10635.485209513934
481,10586.829524909585
482,10523.478533777186
483,10459.002311057038
484,10479.79100287357
485,10490.482368277813
486,10630.264147871592
487,10615.127080251634
488,10662.060718147162
489,10633.929980817775
490,10711.839344703087
491,10653.096100552939
492,10620.157423834095
493,10549.668260733142
494,10547.820667643731
495,10572.322403998589
496,10568.041757943767
497,10551.162745651316
498,10597.509554836568
499,10606.378650040555
500,10586.861820457307
501,10611.84439157512
502,10570.00511458081
503,10698.912020813612
504,10784.32241755088
505,10884.72243597569
506,10849.989975193183
507,10916.147825139456
508,10952.128072719683
509,10944.844086640054
510,10941.831674282039
511,10951.168670165169
512,10944.065770467734
513,10926.046738244078
514,10940.74794751921
515,10981.556757480814
516,10955.125083811932
517,10946.32508008212
518,10941.696119308825
519,11026.62950830066
520,10998.002187724058
521,11052.106378737786
522,11105.351718611577
523,11096.21781110832
524,11105.196909839327
525,11112.96994441156
526,11100.674331154512
527,11126.133258124682
528,11256.602223723548
529,11295.948604052075
530,11279.157753553853
531,11294.963619351909
532,11319.393070314436
533,11321.806463042514
534,11348.68007955763
535,11311.807087418887
536,11357.992490963394
537,11353.31081514902
538,11345.38366251441
539,11238.78487135698
540,11211.237398696969
541,11236.17524038859
542,11254.343175193924
543,11218.656695629052
544,11228.97043096709
545,11221.702383736767
546,11202.483867756495
547,11200.689851980656
548,11212.994993308768
549,11210.987383961348
550,11194.738394102971
551,11212.526374628762
552,11225.723195168777
553,11334.17703689363
554,11336.756495780079
555,11332.432283229185
556,11259.576093278869
557,11259.402142072442
558,11252.100848456406
559,11251.354390825802
560,11243.01212649671
561,11258.863458803802
562,11288.371893667667
563,11278.071187854399
564,11283.772699143485
565,11311.239419951215
566,11264.298144013104
567,11257.848564980675
568,11224.126260674137
569,11181.406216308165
570,11199.387913195147
571,11166.623878229806
572,11158.808782613001
573,11168.687193845995
574,11177.430299260714
575,11176.546618113432
576,11214.308434893808
577,11223.631089390743
578,11196.25931169318
579,11233.168389668961
580,11306.734656554301
581,11285.228587701815
582,11176.831071306538
583,11114.067180101407
584,11111.363243883205
585,11106.215740449528
586,11104.378162700796
587,11007.646420862247
588,11024.22984292245
589,11038.477256271864
590,11089.546877806493
591,11036.91140411815
592,11089.989417847079
593,11120.494487895117
594,11099.58972871195
595,11170.052828512533
596,11136.50523220732
597,11105.976489133984
598,11129.329270793918
599,11215.654160838792
600,11231.001014855585
601,11227.406816494145
602,11231.270920203116
603,11277.096913461917
604,11279.888593258718
605,11177.985550800438
606,11179.94724577201
607,11181.382798298528
608,11178.430974934237
609,11165.31116476107
610,11197.040424233139
611,11142.65668689068
612,11021.84929688192
613,11018.12503919938
614,11098.106369247027
615,11126.757354229907
616,11117.385057154777
617,11060.037607284235
618,11093.763998250408
619,11110.772686377608
620,11114.861473021523
621,11110.103892747184
622,11120.025394684813
623,11137.572433541734
624,11132.47621226362
625,11116.305376410392
626,11126.562155035614
627,11190.651811685442
628,11215.998864001516
629,11237.939136665269
630,11204.910337383983
631,11190.744134535726
632,11205.18655365301
633,11216.175026552834
634,11227.33016338193
635,11272.579591745698
636,11281.175797321275
637,11288.138211823809
638,11288.033452510103
639,11325.828228475715
640,11302.581093868157
641,11372.405362239659
642,11338.565158924965
643,11330.83651960886
644,11451.885723623218
645,11449.327580918856
646,11816.563456278469
647,11842.806541847236
648,11840.06502042174
649,11902.297932257881
650,11955.663076812294
651,11941.86172851455
652,11966.15379427367
653,11915.969848148277
654,11942.262371012383
655,11855.174737540463
656,11765.173256828315
657,11785.045584078258
658,11789.988938722088
659,11790.08782445281
660,11653.29356021214
661,11634.106447090646
662,11626.858581458027
663,11668.468160799708
664,11628.206872729688
665,11704.690799470596
666,11818.281930683479
667,11791.471704636951
668,11787.973697192127
669,11752.70965799666
670,11806.267659991521
671,11927.561881648546
672,11952.496923039947
673,11941.092758228082
674,11976.70224223746
675,11969.387532839692
676,11997.410802118724
677,12034.384313260722
678,12018.372544803336
679,12085.251868986445
680,12078.898703211536
681,12098.095069851852
682,12064.827971990713
683,12052.792648411121
684,12015.830700758625
685,12021.024651898955
686,12008.781507265483
687,11969.590712114428
688,11984.74648032641
689,11957.10782300605
690,12038.691741287555
691,12042.609751430722
692,12056.730089548268
693,12042.546960159829
694,12046.772195834123
695,12032.77532382303
696,12103.661798002198
697,12228.966813656903
698,12227.025335305543
699,12196.254692094037
700,12159.075807027131
701,12287.012680833368
702,12281.328075659396
703,12282.645692714508
704,12268.685104972144
705,12274.328503399465
706,12331.336638345249
707,12288.55003083456
708,12203.436941839456
709,12241.42813394736
710,12082.19913669723
711,12049.575929896448
712,12235.240236156002
713,12251.91578554588
714,12214.351887383405
715,12212.283320129056
716,12253.563292672432
717,12230.657681615829
718,12190.791361616422
719,12179.221094838475
720,12152.825080734725
721,12119.624149099242
722,12086.884578495057
723,12035.079352345252
724,12201.950030656002
725,12211.332380672056
726,12233.53374087704
727,12221.992295548256
728,12275.742921583085
729,12233.12403874416
730,12200.89314030221
731,12179.21053562472
732,12263.369946278026
733,12248.608049163671
734,12197.53179854962
735,12225.179202733163
736,12181.470605585831
737,12238.7242371842
738,12369.343073888807
739,12348.161416856163
740,12352.822494640022
741,12322.873371702515
742,12289.29625699373
743,12256.24998909525
744,12415.890837198103
745,12325.703595177481
746,12320.020877226409
747,12384.014227176594
748,12421.17734994986
749,12407.201150691173
750,12355.975310321997
751,12379.369946529503
752,12372.526078124774
753,12510.353143862003
754,12549.83911118083
755,12636.526157126074
756,12648.223206723276
757,12646.666727206028
758,12695.529012151543
759,12674.972802895114
760,12756.617627783195
761,12860.634871303293
762,12872.826709759831
763,12869.573326023303
764,12854.73844161758
765,12849.954444576208
766,12878.971112665196
767,13037.273409707157
768,13017.824451915963
769,13005.416757804252
770,13131.122424795978
771,13037.352432492347
772,12913.348373597488
773,12980.44175348166
774,12920.513545555157
775,12787.568594526332
776,12633.123897710297
777,12668.223515120393
778,12613.44735609265
779,12490.240168828555
780,12379.012973598969
781,12581.397236424178
782,12598.633074492063
783,12625.955704686789
784,12815.216142015313
785,12785.125700912731
786,12781.600926553112
787,12792.811640329264
788,12790.109908805853
789,12919.292162816719
790,12991.20509295617
791,12962.79559883017
792,12873.883266384892
793,12762.003272025522
794,12729.108383868848
795,12774.788740758824
796,12803.054921717834
797,12796.795375769814
798,12888.879567383965
799,12906.756746112724
800,13028.68483834402
801,12946.583586446062
802,13061.946301450484
803,13098.734904932144
804,13039.281435214267
805,12922.420064303718
806,12894.52436138152
807,12975.153439652542
808,12822.276859043197
809,12670.355562500314
810,12758.000692467978
811,12639.8232475404
812,12558.358838622677
813,12576.845790640513
814,12573.490445385984
815,12532.574452918003
816,12585.126831361873
817,12600.232565601167
818,12530.814454440577
819,12618.084356257894
820,12535.040002573665
821,12498.65473933353
822,12430.028002802137
823,12451.465006623474
824,12474.001548277301
825,12492.3252231943
826,12513.033416955252
827,12502.58384506018
828,12476.025639096886
829,12443.963558610936
830,12467.481500699621
831,12467.481500699621
832,12500.20450121978
833,12685.926603017091
834,12704.238841056438
835,12698.21403431445
836,12676.351409053648
837,12665.90186045891
838,12684.971542953303
839,12703.820922509389
840,12777.167257836063
841,12850.13828599846
842,12965.192974826761
843,13006.70541754966
844,12977.001898420262
845,12864.422793057802
846,12872.842039750005
847,12848.738888567692
848,12803.163947289479
849,12766.830327263939
850,12845.81791816182
851,12765.27851857365
852,12736.120868617687
853,12785.380768486108
854,12744.489352656412
855,12697.311190149267
856,12733.987740165283
857,12858.309519609185
858,12994.194217897684
859,12986.041334797295
860,12966.925142387787
861,12941.980995190192
862,12974.012056507021
863,13006.444228618227
864,12942.414767721151
865,12937.619704348544
866,12945.495526956951
867,12891.121448233602
868,12918.68601660103
869,12658.868814324265
870,12681.688639054131
871,12635.946820030807
872,12662.737535027123
873,12567.629419549787
874,12569.679556491412
875,12502.324315139813
876,12409.293215524747
877,12457.937292931845
878,12509.616482118712
879,12533.682977777265
880,12520.317733822709
881,12715.799476688855
882,12668.106062983863
883,12651.821746682615
884,12657.067003512231
885,12688.016754299433
886,12658.215632090398
887,12675.881393097185
888,12722.323009203428
889,12721.116012545885
890,12640.067982451157
891,12640.295414468565
892,12638.142166444395
893,12611.83963883972
894,12662.133162173322
895,12632.561322646281
896,12616.64972660407
897,12625.246927303679
898,12589.959132517191
899,12375.974356864377
900,12396.283690858936
901,12404.209453518037
902,12401.273916062566
903,12335.91364792703
904,12347.24219018161
905,12333.114563372304
906,12312.051430450187
907,12183.902706431967
908,12181.777339120214
909,12008.001744147326
910,12023.967046582517
911,12151.293512040955
912,12135.771424049974
913,12140.919134627244
914,12092.374919518823
915,12015.07051888004
916,12090.899415550433
917,12088.054830019884
918,11961.313262269625
919,11995.644259266837
920,11975.861815222406
921,11997.567986159753
922,11986.784276182945
923,11912.678005319296
924,11910.398454358745
925,11945.366615727788
926,11923.89629130073
927,11910.429512775801
928,11926.739271953475
929,11980.047042169701
930,11938.408556174994
931,11944.581281011551
932,12043.85949461967
933,12073.501616091584
934,12071.453135747675
935,12015.645057736245
936,12003.229128702043
937,11945.502675817354
938,11991.924750796697
939,11991.555504484146
940,11949.788502742394
941,11867.195343162137
942,11887.572050241502
943,11810.343383841911
944,11724.888801331961
945,11631.055483113882
946,11824.28952462794
947,11752.753161325694
948,11770.426973875814
949,11868.364439350844
950,11867.618950759883
951,11960.207263605282
952,11986.571051288807
953,11878.66642456202
954,11986.287258240483
955,11923.514349369096
956,11779.117832452475
957,11776.030873199037
958,11810.953017709024
959,11756.112980016564
960,11730.062454947494
961,11749.63710226828
962,11772.085858245306
963,11905.93668720966
964,11820.174734004077
965,11759.710766173277
966,11773.609299334872
967,11828.840219899263
968,11822.807976137896
969,11768.842253805753
970,11696.518890185675
971,11546.98049227128
972,11580.722416385035
973,11481.787603016779
974,11513.163313844618
975,11474.108812879504
976,11358.265676937628
977,11488.732419312013
978,11462.798366783327
979,11599.663244116226
980,11596.57946959109
981,11593.115545480174
982,11446.720973542648
983,11479.985349390314
984,11555.438397252121
985,11441.007959061364
986,11401.651791230515
987,11398.174448548145
988,11387.469585779272
989,11398.376897274236
990,11431.550743458325
991,11416.942356439804
992,11407.307830136007
993,11401.65766203533
994,11434.936992102668
995,11399.847414665805
996,11360.404568222519
997,11334.557335444437
998,11322.46179638677
999,11373.756084493572
1000,11145.376791345027
1001,11304.05298885759
1002,11350.278442934288
1003,11028.902110131314
1004,11219.383594325533
1005,11292.46520632159
1006,11305.145253305382
1007,11403.851675081662
1008,11450.748857654145
1009,11372.102055368492
1010,11403.701262046763
1011,11383.232472296624
1012,11406.062506416727
1013,11341.785205465703
1014,11457.090510268503
1015,11270.720644273251
1016,11283.872315948976
1017,11274.02872407187
1018,11390.879153080794
1019,11383.962569676798
1020,11361.212275296584
1021,11489.289982361024
1022,11480.11740131964
1023,11489.074289220445
1024,11488.667771426333
1025,11487.455421846296
1026,11445.19414877987
1027,11402.570375847024
1028,11470.477462816845
1029,11427.226732722664
1030,11454.266790988617
1031,11548.853662072572
1032,11510.109090538645
1033,11485.482960810268
1034,11507.800427462935
1035,11443.539270261244
1036,11566.714203160434
1037,11462.199307382507
1038,11427.110077472447
1039,11423.604769074791
1040,11421.406691936769
1041,11396.034483940282
1042,11332.755614871196
1043,11320.096053690922
1044,11386.32088354211
1045,11445.359162256711
1046,11401.072596979944
1047,11320.250716925784
1048,11363.253510205392
1049,11394.19594879054
1050,11400.984652216715
1051,11435.06442260705
1052,11555.940892369037
1053,11583.35528146876
1054,11500.125585073263
1055,11491.92866537348
1056,11446.702234285707
1057,11368.83890327699
1058,11367.605999076804
1059,11374.081780160515
1060,11320.27905631694
1061,11325.38737562898
1062,11343.965388039524
1063,11448.11562423164
1064,11462.737279955441
1065,11459.105458931754
1066,11537.418423958226
1067,11501.153578795564
1068,11587.468545575903
1069,11499.875400338962
1070,11508.141403862868
1071,11458.066083709484
1072,11503.915466467573
1073,11550.861076767553
1074,11525.331967398868
1075,11545.370456577004
1076,11524.478402707351
1077,11513.330936051965
1078,11507.230244986642
1079,11475.966958761373
1080,11450.347199025147
1081,11440.967847998463
1082,11461.85205793515
1083,11469.773785622305
1084,11454.639123136849
1085,11469.178271596966
1086,11376.62493902757
1087,11336.26787939473
1088,11306.26237927841
1089,11208.169728131656
1090,11168.176700860451
1091,11111.339540871199
1092,11012.037161385475
1093,11134.251268530747
1094,11146.554121107602
1095,11183.131679933194
1096,11019.268124806873
1097,10690.495782049396
1098,10668.600477221626
1099,10666.717665451331
1100,10453.284454667864
1101,10464.647435371298
1102,10433.630514190698
1103,10393.738065988779
1104,10380.715661310905
1105,10458.226679203413
1106,10390.570476163099
1107,10350.719020361219
1108,10397.230133834479
1109,10370.682373665317
1110,10536.033213558954
1111,10566.988520664127
1112,10418.127264746508
1113,10343.623369429506
1114,10524.12285777189
1115,10406.071676319538
1116,10388.079155878224
1117,10428.984895067364
1118,10440.630364837489
1119,10514.265855642578
1120,10493.930180521975
1121,10516.634453472892
1122,10501.282966792025
1123,10562.577576709704
1124,10550.027141170163
1125,10583.569244843728
1126,10597.696369293897
1127,10615.73628110834
1128,10616.661618653545
1129,10643.184685910677
1130,10648.883398324007
1131,10653.852220276787
1132,10661.796242822185
1133,10684.666902540377
1134,10670.791144297902
1135,10663.971537191033
1136,10638.131801863263
1137,10625.167714015077
1138,10592.764089155264
1139,10520.430876159462
1140,10363.574488551752
1141,10402.319682017947
1142,10435.66151937453
1143,10386.802606902089
1144,10380.19085085044
1145,10332.739112041616
1146,10303.481765728082
1147,10281.609095521722
1148,10209.380514404655
1149,10173.621450935538
1150,10131.182634470013
1151,10190.161940771746
1152,10169.283484516485
1153,10399.845605747656
1154,10267.660949106223
1155,10192.903346954583
1156,10200.16287659618
1157,10176.936398426853
1158,10180.630758912146
1159,10189.726008300524
1160,10275.969880460772
1161,10356.67293126315
1162,10341.11415332713
1163,10293.56993130257
1164,10227.168765193885
1165,10276.378104886555
1166,10290.260683180506
1167,10283.951803042177
1168,10310.231292923645
1169,10356.843198699575
1170,10301.531220967152
1171,10319.85918494342
1172,10372.613578588309
1173,10332.844379908824
1174,10345.708313500989
1175,10512.622594081415
1176,10596.894978317288
1177,10629.992364314634
1178,10613.602488741531
1179,10667.26517312901
1180,10485.961823803791
1181,10439.803007065617
1182,10498.380821153625
1183,10504.902526348147
1184,10405.799254457597
1185,10231.984253203776
1186,10245.688213221654
1187,10262.252594088382
1188,10176.599346600495
1189,10172.685669493287
1190,10073.129379305528
1191,10057.052412570905
1192,10054.07580217565
1193,10036.698130897576
1194,10006.523274594703
1195,9970.14361880082
1196,10020.661843020931
1197,10097.365032196825
1198,10195.496481693259
1199,10189.526966771147
1200,10253.295578998672
1201,10269.056390794125
1202,10271.284120518527
1203,10244.861114683636
1204,10253.658986148124
1205,10244.966609774325
1206,10301.455904905279
1207,10181.79113082779
1208,10157.709640937894
1209,10201.721541882678
1210,10113.865721707169
1211,10146.541605255483
1212,10169.143308225066
1213,10228.919966122308
1214,10401.601638082237
1215,10316.066315736976
1216,10289.502234426063
1217,10387.898578182836
1218,10467.17658212379
1219,10314.912292743782
1220,10303.094220714876
1221,10205.540678826525
1222,10169.994241449855
1223,10149.57223633708
1224,10139.360358251715
1225,10299.27411326925
1226,10352.351683828358
1227,10385.323267612102
1228,10429.228282271572
1229,10468.264387570818
1230,10391.586650478966
1231,10329.810263263016
1232,10338.652266222107
1233,10435.576751004939
1234,10312.955284726122
1235,10348.275434355062
1236,10472.123307319955
1237,10478.290805258765
1238,10375.26568849145
1239,10376.392192638063
1240,10444.420634008413
1241,10516.102734166538
1242,10492.71863374197
1243,10642.623205544212
1244,10677.558689299953
1245,10709.111291837313
1246,10738.945767267736
1247,10762.107190109062
1248,10727.776036767404
1249,10725.994887841616
1250,10739.880273086179
1251,10698.673299686374
1252,10710.81553201375
