,Profitloss
0,-0.1686056129404756
1,-0.12014114193498182
2,0.07698169518408626
3,0.44566376322503487
4,-0.8308952112279666
5,-1.9525465360166083
6,-1.9858205503998416
7,-2.752903754770475
8,-2.7562728581865037
9,-2.710566718388041
10,-2.3131776631434287
11,-1.7710014438518717
12,-1.609354348337666
13,-1.8690482184499313
14,-1.980961377447421
15,-1.5248446557494244
16,-2.1104151329097376
17,-2.3306476367405127
18,-2.5018859091193613
19,-2.2191618727315454
20,-2.153451717887145
21,-1.7767666806147164
22,-1.5270375178842444
23,-1.9216004182657898
24,-1.8477703078191077
25,-1.4424391993552832
26,-2.1416381513891136
27,-1.8117946504599525
28,-1.0810384086996083
29,-1.3530547518936786
30,-1.3803416288253212
31,-1.4182435557620887
32,-1.9132740470263143
33,-2.1948410859872536
34,-2.100243012328229
35,-2.3796973648266606
36,-1.8574867839862064
37,-1.9181725646515768
38,-1.8792219475983418
39,-0.8819689232974826
40,-0.6674630166565998
41,-0.7322643094428094
42,-1.024052087408589
43,-1.4333052914098476
44,-2.265612603948952
45,-3.166364538491584
46,-3.146493679433371
47,-3.0972531254174873
48,-3.0171801788534403
49,-3.420492770101069
50,-0.9259687934056848
51,-0.9526020255765655
52,-0.41254515658609714
53,-0.024391272519108664
54,0.24222156170534692
55,-0.5895344198775132
56,-0.8017642991025364
57,-0.5386235151389585
58,-0.4760737564404871
59,-0.4873888372620261
60,-0.6712620599862884
61,-0.7042448907416787
62,-1.1881049121465925
63,-0.8760157352138309
64,-0.796108608941748
65,-0.18904689582118772
66,-0.4965713675576189
67,-0.5515822383444502
68,-0.643524764854142
69,-0.4085872906342547
70,-0.7766433060275135
71,-0.6640987004851273
72,-0.9203522043336299
73,-0.7446945812258465
74,0.4161369746498389
75,0.7749443071965789
76,0.8910318005957318
77,1.0813139420458473
78,0.8012091615514638
79,0.7784235683065077
80,-0.7774591376518369
81,-0.5533305579033532
82,-0.5278268479115722
83,-1.206042078619729
84,-1.594698666823302
85,-1.5731452188007977
86,-1.4588014448229103
87,-1.59236380354415
88,-2.0379133688013695
89,-2.0920628837930666
90,-2.1703049025200816
91,-1.6632358834348437
92,-1.900684803257835
93,-1.9509116280245764
94,-1.65107524200504
95,0.8695996146189877
96,0.8381105909333275
97,0.5516505571913299
98,0.7762883152346856
99,0.6867035565071733
100,0.5484988727347595
101,0.4767308571767881
102,0.9020895463584644
103,1.1363811025664639
104,0.7595077145950091
105,0.5400498753726168
106,0.3341522336756997
107,0.09883302908788583
108,0.31469447883660795
109,0.4707745063739388
110,0.4967363924129442
111,-0.5530765232834356
112,-0.39009367560446373
113,0.14106062552807774
114,0.09595334037002523
115,0.2465983061159971
116,0.9621327640878086
117,1.0199255831712106
118,0.6443522840562377
119,0.3797536475516283
120,-0.8292295618653966
121,-1.1382736482719924
122,-1.53496263714884
123,-1.1820095007704645
124,-1.672446477281564
125,-4.652144560290705
126,-4.974970809703638
127,-5.285704567702599
128,-4.601143646210404
129,-4.498567812486042
130,-3.472592379708428
131,-3.5776149635774246
132,-4.443456639388477
133,-3.69050992101555
134,-3.2682139848058456
135,-3.4246153684605485
136,-3.183954663012778
137,-3.0941571000888013
138,-3.331281482459647
139,-3.585281781961658
140,-4.162113560992475
141,-6.264329141424474
142,-6.027412399362097
143,-5.850710273935789
144,-5.572908774851371
145,-5.819208220091676
146,-5.807532035825469
147,-6.348093146452738
148,-6.721791875536054
149,-6.503487851912904
150,-6.178553869478431
151,-6.799554552912356
152,-7.740268697255126
153,-7.2063327624423685
154,-6.726869170650385
155,-6.099356087284969
156,-6.289557033058446
157,-7.132195804254849
158,-7.9528768056969845
159,-8.952810074984264
160,-11.132254867977299
161,-11.835119443499542
162,-10.80725848257531
163,-7.814706839187213
164,-7.846634128284702
165,-7.015932126510071
166,-8.290598927266624
167,-8.117607857244579
168,-7.754395645462986
169,-8.004400331899475
170,-7.650997417866345
171,-7.305709955436635
172,-7.90768035927557
173,-8.20542528591044
174,-8.687624976534103
175,-8.578881617737954
176,-8.15419722756906
177,-8.205139862761722
178,-8.543902384805168
179,-8.903808637061095
180,-10.015269951366367
181,-9.995237422162484
182,-10.421698296515514
183,-9.56586838955168
184,-10.078000028853374
185,-9.695419905387626
186,-9.113496468226135
187,-9.464689214266919
188,-8.28586918626879
189,-8.012339097289168
190,-7.811974394275745
191,-8.309469431493255
192,-9.064341028891388
193,-8.77506523945022
194,-8.687001496605296
195,-8.704984682181138
196,-8.985320366528216
197,-8.99420042318222
198,-8.78192061265265
199,-8.949030640110657
200,-9.209213157727325
201,-10.0952801273403
202,-10.775922817170935
203,-10.23550447772016
204,-9.00023981076905
205,-8.445727042319929
206,-7.491823505053452
207,-8.318431960860151
208,-5.786480475729261
209,-5.614217070737293
210,-6.031855592829682
211,-5.917093563429243
212,-5.941375187399933
213,-6.037692908050396
214,-6.875790410126514
215,-7.239324164214301
216,-6.885900341394747
217,-6.9538444207335015
218,-7.654670276883058
219,-6.736842426635015
220,-7.054880005595832
221,-5.649125188520799
222,-4.598186709981156
223,-5.007695382813604
224,-4.018599881057772
225,-4.23091992733039
226,-4.77411022671046
227,-4.263269261979119
228,-4.022939527678815
229,-4.02969283527862
230,-3.1358166727790793
231,-3.3144476639772047
232,-3.605480244374182
233,-3.739355324233562
234,-4.461524485730739
235,-4.847413809574541
236,-5.4699098434208615
237,-6.156324825979209
238,-6.317093542646857
239,-6.185247054805643
240,-6.101586823276495
241,-6.294686710886721
242,-7.006918377454152
243,-6.574380988108186
244,-6.259136214774541
245,-5.659816835773901
246,-5.7957595515308435
247,-5.922806815198111
248,-5.468485640870224
249,-5.767827873372211
250,-6.0204048297976325
251,-6.644552346551535
252,-6.505673241637455
253,-7.096719043285837
254,-9.852682162474924
255,-10.98332859729626
256,-10.386516045580418
257,-10.485725314897865
258,-11.23112976172841
259,-11.008812749443964
260,-13.177435237052581
261,-12.848405665985718
262,-14.369648079650387
263,-13.901884044651869
264,-13.439921339677497
265,-13.590848535450306
266,-13.208596782068193
267,-14.914211334684024
268,-14.970029543506557
269,-14.253236124288893
270,-14.27646171240331
271,-15.138567858693852
272,-15.565659511455266
273,-14.395476538851215
274,-15.298189568045228
275,-15.480380485806355
276,-16.381792562014862
277,-15.908319047879015
278,-16.905254214799758
279,-14.890072092379613
280,-14.347920849686158
281,-14.200829385715041
282,-13.77943969390425
283,-13.764042897382966
284,-13.160655074060202
285,-15.122328385996875
286,-14.930533400385048
287,-14.804906496404612
288,-14.19803666891477
289,-13.865420547460616
290,-11.808901183206332
291,-11.661783654102765
292,-10.944794147646064
293,-10.863124751491437
294,-10.867613830165423
295,-11.022959682056023
296,-10.601590555594642
297,-10.672957291840557
298,-9.311082219470457
299,-9.657849222506353
300,-9.598458022136569
301,-9.199421041306167
302,-9.175801796712491
303,-8.746586002508927
304,-8.7484147749597
305,-8.537387966951504
306,-8.626526069560702
307,-8.656667266799312
308,-8.637346037560334
309,-8.201860983123321
310,-7.1233253543570125
311,-7.040045668445205
312,-7.264058479910895
313,-7.418479367951736
314,-8.39511693793954
315,-8.29522761964675
316,-8.82081440461876
317,-7.322778387493145
318,-6.736300085041236
319,-6.20779018201535
320,-4.974352478500899
321,-4.992068690459539
322,-4.451516578407655
323,-4.836344478454291
324,-4.040919435547297
325,-4.096578976925002
326,-4.269180587739141
327,-4.505490489374386
328,-4.041532732356701
329,-4.016172669544559
330,-4.2227387122938715
331,-3.9825160678663485
332,-4.37729927992323
333,-4.615007165273144
334,-5.935564379802982
335,-5.765433456465474
336,-6.028668365977897
337,-6.746125231301936
338,-6.7436543798558795
339,-6.9414041836583396
340,-7.066696576483977
341,-7.209736445229964
342,-6.016724104034443
343,-5.249776980365373
344,-4.873181086229583
345,-5.268990929432249
346,-6.2130508191069245
347,-5.83379612593411
348,-5.903459471616623
349,-5.345963385059516
350,-5.097031129732099
351,-4.839886024012186
352,-3.3818586002003603
353,-3.2246273671668657
354,-4.331823638364529
355,-4.254676061007934
356,-4.287781123516032
357,-4.100740278702675
358,-4.2839372491428
359,-4.237260389377717
360,-4.250186416791046
361,-5.115966909357727
362,-4.9651069474173966
363,-5.868098923492926
364,-5.911038734776863
365,-6.115489031775024
366,-5.488946082800917
367,-5.017966308260691
368,-5.615743997261813
369,-5.434247566700412
370,-5.099916843773555
371,-10.915728155868997
372,-11.81774516845876
373,-11.36817243949072
374,-10.36263688753819
375,-10.158788819603393
376,-9.838925360644646
377,-10.673200846564612
378,-11.07254016295034
379,-11.12166619551046
380,-11.678193601251552
381,-10.55334181526696
382,-10.599906255141434
383,-10.78178976829417
384,-11.151944386815993
385,-11.120805019816904
386,-11.342078477708462
387,-11.65161327136326
388,-11.803658718271615
389,-12.083769463245819
390,-12.233179559633756
391,-12.162122939032072
392,-12.211970409865081
393,-11.99329643392051
394,-11.58901080865321
395,-11.577779448237047
396,-10.419338611583361
397,-10.565140156111031
398,-10.29960419575433
399,-10.022362454055433
400,-9.548934255126106
401,-9.633601154639383
402,-9.047563054384922
403,-8.439411806286113
404,-8.402772651101042
405,-9.21137000855612
406,-9.019457594160974
407,-9.057829124924876
408,-9.655394777284377
409,-9.204725512831068
410,-9.429609639778501
411,-9.641407132469904
412,-9.622076355706344
413,-9.79757838921711
414,-9.826663163194215
415,-9.630837339912478
416,-9.853589166564857
417,-9.662247379938616
418,-10.705959208574257
419,-10.141578090569114
420,-9.81027371523091
421,-8.950453079941155
422,-8.684165148738309
423,-8.460914587213741
424,-8.623330418957732
425,-8.648969627585956
426,-9.08200930592532
427,-9.125579842076181
428,-8.68194612139611
429,-9.173841931157778
430,-9.074613711243762
431,-9.230276526829883
432,-7.829075989533429
433,-7.314945058517952
434,-7.595519966411512
435,-8.136565329744204
436,-8.046101278458762
437,-8.14861356987734
438,-8.609956312608713
439,-8.53462327177532
440,-8.519459380250371
441,-8.241794332502895
442,-8.248206668092307
443,-8.701196279616264
444,-8.835105007573896
445,-8.956501019975438
446,-9.513961997565456
447,-9.782697001836127
448,-10.074614367638258
449,-10.076890319535448
450,-10.12584802334876
451,-9.85196360006918
452,-9.856273884420318
453,-9.877455402860779
454,-10.489572631239795
455,-9.950548652648417
456,-10.194358394866809
457,-11.495245790509445
458,-11.991763705034542
459,-11.839412421189099
460,-11.849106278123445
461,-12.167829159100608
462,-12.743658845198825
463,-12.745710696937785
464,-13.121428524053524
465,-11.446293784446759
466,-11.806410003772827
467,-12.278248426701765
468,-12.872742162041561
469,-13.866835677861388
470,-14.451117378127432
471,-14.283193190081999
472,-13.370920002512198
473,-13.182673694370584
474,-13.47611050235079
475,-13.093515341500517
476,-11.854418980713788
477,-11.743677776768935
478,-11.854199891462558
479,-11.74363357843642
480,-11.370956587383885
481,-11.77642062575346
482,-12.304345551856777
483,-12.841647407858014
484,-12.668408309386924
485,-12.579313597684894
486,-11.414465434403398
487,-11.540607664569723
488,-11.14949401544031
489,-11.383916826518547
490,-10.734672127474276
491,-11.224199162058845
492,-11.498688134715884
493,-12.086097827223819
494,-12.10149443630224
495,-11.897313300011758
496,-11.932985350468606
497,-12.07364378623903
498,-11.687420376361935
499,-11.613511249662045
500,-11.776151496189113
501,-11.56796340354067
502,-11.916624045159917
503,-10.84239982655324
504,-10.130646520409325
505,-9.293979700202593
506,-9.58341687339015
507,-9.032101457171194
508,-8.732266060669314
509,-8.79296594466622
510,-8.818069380983006
511,-8.740261081956923
512,-8.799451912768886
513,-8.949610514632678
514,-8.827100437339919
515,-8.48702702099322
516,-8.707290968233893
517,-8.78062433264899
518,-8.819199005759792
519,-8.11142076416116
520,-8.349981768966186
521,-7.899113510518452
522,-7.455402344903527
523,-7.531518240764001
524,-7.456692418005606
525,-7.3919171299036694
526,-7.4943805737124
527,-7.282222848960984
528,-6.194981468970429
529,-5.867094966232711
530,-6.00701872038456
531,-5.875303172067426
532,-5.6717244140463645
533,-5.6516128079790455
534,-5.427666003686427
535,-5.734940938175937
536,-5.3500625753050475
537,-5.389076540424842
538,-5.455136145713246
539,-6.343459405358498
540,-6.57302167752526
541,-6.365206330095086
542,-6.213806873383964
543,-6.511194203091231
544,-6.425246408607577
545,-6.48581346886028
546,-6.64596776869587
547,-6.6609179001612
548,-6.558375055760268
549,-6.575105133655434
550,-6.710513382475236
551,-6.562280211426986
552,-6.4523067069268585
553,-5.54852469255308
554,-5.527029201832678
555,-5.56306430642346
556,-6.170199222676088
557,-6.17164881606298
558,-6.2324929295299425
559,-6.238713409784991
560,-6.308232279194092
561,-6.176137843301643
562,-5.930234219436114
563,-6.016073434546676
564,-5.9685608404709605
565,-5.739671500406541
566,-6.1308487998907975
567,-6.18459529182771
568,-6.4656144943822
569,-6.821614864098624
570,-6.67176739004044
571,-6.9448010147516115
572,-7.00992681155832
573,-6.927606717950042
574,-6.854747506160718
575,-6.862111515721391
576,-6.5474297092182665
577,-6.469740921743805
578,-6.697839069223499
579,-6.390263419425324
580,-5.777211195380827
581,-5.956428435818206
582,-6.859741072445513
583,-7.382773499154938
584,-7.405306300973291
585,-7.448202162920592
586,-7.463515310826708
587,-8.26961315948127
588,-8.131417975646249
589,-8.012689531067796
590,-7.587109351612553
591,-8.025738299015428
592,-7.583421517941014
593,-7.329212600874024
594,-7.503418927400418
595,-6.916226429062222
596,-7.195789731605662
597,-7.450195923883474
598,-7.255589410050678
599,-6.536215326343397
600,-6.408324876203464
601,-6.438276529215459
602,-6.406075664974031
603,-6.0241923878173615
604,-6.000928389510685
605,-6.850120409996341
606,-6.833772951899919
607,-6.821810014178942
608,-6.846408542214688
609,-6.955740293657753
610,-6.691329798057177
611,-7.144527609244344
612,-8.151255859317342
613,-8.182291340005165
614,-7.515780256274773
615,-7.277022048084114
616,-7.355124523710188
617,-7.833019939298036
618,-7.551966681246602
619,-7.410227613519938
620,-7.376154391487311
621,-7.415800893773472
622,-7.3331217109598885
623,-7.186896387152208
624,-7.22936489780317
625,-7.3641218632467424
626,-7.278648708036551
627,-6.744568235954651
628,-6.533342799987363
629,-6.35050719445609
630,-6.625747188466812
631,-6.743798878868956
632,-6.623445386224924
633,-6.5318747787263876
634,-6.438915305150584
635,-6.06183673545252
636,-5.990201688989371
637,-5.932181568134931
638,-5.933054562415807
639,-5.618098096035706
640,-5.81182421776536
641,-5.22995531466951
642,-5.511957008958623
643,-5.576362336592833
644,-4.567618969806519
645,-4.588936825676193
646,-1.528637864346094
647,-1.3099454846063674
648,-1.332791496485497
649,-0.8141838978509841
650,-0.36947435989754807
651,-0.48448559571208083
652,-0.2820517143860779
653,-0.7002512654310178
654,-0.4811469082301456
655,-1.2068771871628137
656,-1.9568895264307051
657,-1.7912867993478465
658,-1.7500921773159317
659,-1.749268129559911
660,-2.8892203315655007
661,-3.0491129409112805
662,-3.1095118211831085
663,-2.7627653266691032
664,-3.098276060585936
665,-2.4609100044116983
666,-1.5143172443043418
667,-1.7377357946920746
668,-1.766885856732281
669,-2.060752850027836
670,-1.6144361667373208
671,-0.6036509862621164
672,-0.39585897466710707
673,-0.490893681432647
674,-0.19414798135450884
675,-0.25510389300257286
676,-0.02157664901063505
677,0.2865359438393389
678,0.15310454002779306
679,0.7104322415537156
680,0.6574891934294724
681,0.817458915432101
682,0.5402330999226157
683,0.4399387367593377
684,0.13192250632187985
685,0.17520543249129883
686,0.07317922721234993
687,-0.2534107323797663
688,-0.1271126639465825
689,-0.3574348082829193
690,0.32243117739629845
691,0.355081261922674
692,0.4727507462355618
693,0.35455800133190607
694,0.3897682986176987
695,0.2731276985252551
696,0.8638483166849786
697,1.9080567804741877
698,1.8918777942128706
699,1.6354557674503
700,1.325631725226084
701,2.3917723402780755
702,2.3444006304949694
703,2.3553807726208964
704,2.239042541434544
705,2.286070861662215
706,2.76113865287706
707,2.4045835902879897
708,1.695307848662142
709,2.0119011162279987
710,0.6849928058102472
711,0.41313274913705733
712,1.9603353013000202
713,2.099298212882328
714,1.7862657281950467
715,1.7690276677421402
716,2.113027438936932
717,1.922147346798564
718,1.5899280134701765
719,1.4935091236539577
720,1.2735423394560463
721,0.9968679091603372
722,0.7240381541254726
723,0.29232793621043474
724,1.6829169221333595
725,1.7611031722671422
726,1.9461145073086605
727,1.849935796235469
728,2.297857679859039
729,1.942700322867985
730,1.6741095025184283
731,1.4934211302059852
732,2.194749552316888
733,2.0717337430306015
734,1.6460983212468472
735,1.8764933561096875
736,1.512255046548594
737,1.9893686432016722
738,3.0778589490733976
739,2.9013451404680257
740,2.9401874553335094
741,2.690611430854295
742,2.410802141614421
743,2.135416575793747
744,3.465756976650858
745,2.714196626479004
746,2.666840643553403
747,3.200118559804954
748,3.509811249582162
749,3.3933429224264344
750,2.966460919349978
751,3.161416221079194
752,3.104383984373116
753,4.252942865516696
754,4.581992593173578
755,5.304384642717297
756,5.401860056027297
757,5.388889393383556
758,5.796075101262854
759,5.624773357459278
760,6.305146898193281
761,7.171957260860773
762,7.273555914665253
763,7.246444383527528
764,7.122820346813152
765,7.08295370480172
766,7.324759272209969
767,8.643945080892967
768,8.48187043263302
769,8.378472981702112
770,9.426020206633146
771,8.644603604102885
772,7.611236446645742
773,8.1703479456805
774,7.670946212959651
775,6.563071621052763
776,5.276032480919146
777,5.568529292669933
778,5.112061300772086
779,4.085334740237956
780,3.158441446658067
781,4.8449769702014756
782,4.988608954100537
783,5.216297539056569
784,6.793467850127621
785,6.542714174272768
786,6.513341054609256
787,6.606763669410531
788,6.584249240048767
789,7.660768023472664
790,8.260042441301408
791,8.023296656918077
792,7.282360553207434
793,6.350027266879343
794,6.075903198907073
795,6.45657283965686
796,6.692124347648609
797,6.639961464748456
798,7.4073297281997075
799,7.556306217606035
800,8.572373652866826
801,7.888196553717175
802,8.849552512087367
803,9.156124207767856
804,8.660678626785568
805,7.686833869197662
806,7.45436967817934
807,8.126278663771181
808,6.852307158693316
809,5.586296354169273
810,6.316672437233151
811,5.331860396169996
812,4.652990321855643
813,4.807048255337598
814,4.77908704488319
815,4.438120440983351
816,4.876056928015604
817,5.001938046676391
818,4.423453787004816
819,5.15070296881579
820,4.458666688113877
821,4.155456161112747
822,3.583566690017803
823,3.7622083885289426
824,3.950012902310851
825,4.10271019328583
826,4.275278474627098
827,4.188198708834845
828,3.966880325807387
829,3.699696321757795
830,3.8956791724968465
831,3.8956791724968465
832,4.16837084349817
833,5.71605502514243
834,5.868657008803657
835,5.818450285953736
836,5.636261742113735
837,5.549182170490918
838,5.708096191277523
839,5.865174354244895
840,6.4763938153005185
841,7.084485716653832
842,8.04327479022302
843,8.389211812913832
844,8.14168248683551
845,7.2035232754816825
846,7.273683664583364
847,7.072824071397443
848,6.693032894078987
849,6.390252727199486
850,7.048482651348498
851,6.377320988113744
852,6.1343405718140565
853,6.544839737384223
854,6.204077938803443
855,5.810926584577225
856,6.116564501377364
857,7.152579330076536
858,8.284951815814035
859,8.21701112331079
860,8.057709519898214
861,7.84984162658493
862,8.116767137558512
863,8.387035238485229
864,7.853456397676251
865,7.813497536237879
866,7.879129391307926
867,7.426012068613352
868,7.655716805008583
869,5.490573452702208
870,5.680738658784423
871,5.299556833590069
872,5.522812791892684
873,4.730245162914892
874,4.747329637428432
875,4.186035959498446
876,3.4107767960395607
877,3.8161441077653846
878,4.246804017655936
879,4.447358148143876
880,4.335981115189247
881,5.9649956390738
882,5.567550524865528
883,5.431847889021801
884,5.475558362601918
885,5.733472952495267
886,5.485130267419991
887,5.63234494247653
888,6.0193584100285635
889,6.009300104549031
890,5.333899853759649
891,5.335795120571363
892,5.317851387036621
893,5.098663656997671
894,5.517776351444348
895,5.2713443553856765
896,5.138747721700576
897,5.210391060863984
898,4.9163261043099205
899,3.133119640536486
900,3.302364090491139
901,3.3684121126503097
902,3.343949300521376
903,2.7992803993919013
904,2.893684918180095
905,2.7759546947692115
906,2.600428587084891
907,1.5325225535997244
908,1.5148111593351166
909,0.06668120122772514
910,0.19972538818764374
911,1.260779267007961
912,1.1314285337497898
913,1.1743261218936984
914,0.7697909959901938
915,0.12558765733365895
916,0.7574951295869381
917,0.7337902501657112
918,-0.32238948108646026
919,-0.03629783944302245
920,-0.20115153981328238
921,-0.02026678200206522
922,-0.11013103180879114
923,-0.7276832890058649
924,-0.7466795470104648
925,-0.45527820226843874
926,-0.6341975724939108
927,-0.7464207268683243
928,-0.6105060670543838
929,-0.16627464858582908
930,-0.5132620318750503
931,-0.4618226582370766
932,0.36549578849724984
933,0.612513467429876
934,0.5954427978972943
935,0.13037548113536968
936,0.026909405850372714
937,-0.4541443681887247
938,-0.06729374336085225
939,-0.07037079596544649
940,-0.41842914381338137
941,-1.1067054736488613
942,-0.9368995813208159
943,-1.5804718013174068
944,-2.2925933222336603
945,-3.074537640717656
946,-1.4642539614338257
947,-2.0603903222858766
948,-1.913108551034881
949,-1.0969630054096347
950,-1.1031754103343117
951,-0.33160613662265304
952,-0.11190790592661148
953,-1.011113128649832
954,-0.11427284799596649
955,-0.6373804219242052
956,-1.8406847295627027
957,-1.866409390008028
958,-1.5753915190914736
959,-2.0323918331953017
960,-2.2494795421042157
961,-2.086357481097667
962,-1.8992845146224568
963,-0.7838609399195007
964,-1.4985438832993636
965,-2.002410281889355
966,-1.8865891722093964
967,-1.426331500839484
968,-1.4766001988508637
969,-1.9263145516187241
970,-2.529009248452707
971,-3.7751625644060094
972,-3.493979863458041
973,-4.318436641526846
974,-4.056972384628188
975,-4.382426559337471
976,-5.347786025519763
977,-4.260563172399889
978,-4.476680276805611
979,-3.3361396323647874
980,-3.3618377534075816
981,-3.390703787665217
982,-4.610658553811264
983,-4.33345542174739
984,-3.7046800228989873
985,-4.65826700782197
986,-4.986235073079037
987,-5.015212928765456
988,-5.10442011850607
989,-5.0135258560480285
990,-4.73707713784729
991,-4.858813696334963
992,-4.939101415533276
993,-4.986186149705585
994,-4.708858399144433
995,-5.001271544451624
996,-5.32996193147901
997,-5.545355537963026
998,-5.646151696776924
999,-5.218699295886897
1000,-7.121860072124775
1001,-5.799558426186757
1002,-5.414346308880935
1003,-8.092482415572388
1004,-6.505136713953896
1005,-5.896123280653409
1006,-5.790456222455154
1007,-4.967902707652816
1008,-4.577092852882125
1009,-5.232482871929234
1010,-4.96915614961031
1011,-5.139729397528137
1012,-4.949479113193944
1013,-5.485123287785809
1014,-4.524245747762478
1015,-6.077327964389568
1016,-5.9677307004252
1017,-6.049760632734413
1018,-5.076007057660048
1019,-5.133645252693353
1020,-5.3232310391951305
1021,-4.255916813658134
1022,-4.332354989003006
1023,-4.257714256496293
1024,-4.261101904780551
1025,-4.2712048179475275
1026,-4.623382093501083
1027,-4.978580201274796
1028,-4.412687809859628
1029,-4.773110560644467
1030,-4.547776741761522
1031,-3.7595528160619063
1032,-4.082424245511296
1033,-4.287641993247771
1034,-4.10166310447554
1035,-4.63717274782296
1036,-3.610714973663043
1037,-4.481672438479112
1038,-4.774082687729608
1039,-4.803293591043412
1040,-4.821610900526929
1041,-5.033045967164318
1042,-5.560369876073368
1043,-5.665866219242311
1044,-5.113992637149078
1045,-4.622006981194071
1046,-4.9910616918337976
1047,-5.664577358951794
1048,-5.306220748288403
1049,-5.048367093412165
1050,-4.991794564860708
1051,-4.707796478274573
1052,-3.700492563591362
1053,-3.4720393210936784
1054,-4.165620124389468
1055,-4.233927788554337
1056,-4.610814714285771
1057,-5.2596758060250774
1058,-5.269950007693291
1059,-5.21598516532904
1060,-5.664341197358835
1061,-5.621771869758508
1062,-5.466955099670634
1063,-4.599036464736339
1064,-4.477189333704656
1065,-4.507454508902054
1066,-3.854846467014783
1067,-4.157053510036968
1068,-3.4377621202008157
1069,-4.167704997175314
1070,-4.098821634476102
1071,-4.516115969087631
1072,-4.134037779436883
1073,-3.7428243602703914
1074,-3.9555669383427694
1075,-3.7885795285249713
1076,-3.9626799774387433
1077,-4.05557553290029
1078,-4.106414625111321
1079,-4.366942010321884
1080,-4.580440008123777
1081,-4.658601266679474
1082,-4.484566183873751
1083,-4.418551786480796
1084,-4.544673973859592
1085,-4.423514403358619
1086,-5.194792174770246
1087,-5.531101005043915
1088,-5.781146839346574
1089,-6.598585598902873
1090,-6.9318608261629056
1091,-7.405503826073345
1092,-8.233023655121041
1093,-7.214572762243776
1094,-7.112048990769992
1095,-6.807236000556715
1096,-8.17276562660939
1097,-10.912535149588365
1098,-11.094996023153126
1099,-11.1106861212389
1100,-12.889296211101131
1101,-12.794604705239177
1102,-13.053079048410854
1103,-13.385516116760176
1104,-13.49403615574245
1105,-12.848111006638218
1106,-13.41191269864085
1107,-13.744008163656506
1108,-13.356415551379342
1109,-13.577646886122363
1110,-12.199723220342051
1111,-11.941762327798944
1112,-13.182272793779093
1113,-13.80313858808745
1114,-12.298976185234245
1115,-13.282736030670517
1116,-13.432673701014796
1117,-13.091792541105296
1118,-12.994746959687598
1119,-12.381117869645186
1120,-12.550581828983542
1121,-12.36137955439256
1122,-12.489308610066463
1123,-11.978520194085807
1124,-12.083107156915307
1125,-11.80358962630227
1126,-11.685863589217526
1127,-11.535530990763831
1128,-11.527819844553788
1129,-11.306794284077693
1130,-11.259305013966603
1131,-11.217898164360108
1132,-11.151697976481788
1133,-10.961109145496861
1134,-11.076740464184153
1135,-11.133570523408054
1136,-11.348901651139476
1137,-11.456935716541029
1138,-11.726965923706134
1139,-12.329742698671154
1140,-13.636879262068735
1141,-13.314002649850442
1142,-13.036154005212254
1143,-13.443311609149255
1144,-13.498409576246328
1145,-13.89384073298653
1146,-14.137651952265983
1147,-14.319924203985646
1148,-14.921829046627877
1149,-15.219821242203857
1150,-15.573478046083222
1151,-15.081983826902112
1152,-15.25597096236262
1153,-13.334619952102866
1154,-14.436158757448148
1155,-15.059138775378479
1156,-14.998642695031839
1157,-15.192196679776227
1158,-15.161410342398785
1159,-15.085616597495633
1160,-14.366917662826895
1161,-13.694392239473741
1162,-13.824048722273918
1163,-14.220250572478577
1164,-14.773593623384295
1165,-14.363515792612047
1166,-14.247827640162447
1167,-14.300401641315197
1168,-14.081405892302957
1169,-13.692973344170213
1170,-14.153906491940404
1171,-14.001173458804839
1172,-13.56155351176409
1173,-13.892963500759803
1174,-13.785764054158422
1175,-12.394811715988208
1176,-11.69254184735593
1177,-11.416730297378052
1178,-11.553312593820575
1179,-11.106123557258252
1180,-12.616984801635079
1181,-13.00164160778653
1182,-12.513493157053123
1183,-12.459145613765443
1184,-13.285006212853357
1185,-14.733464556635202
1186,-14.61926488981955
1187,-14.481228382596811
1188,-15.195005444995878
1189,-15.227619420889283
1190,-16.05725517245393
1191,-16.191229895242454
1192,-16.216034981869587
1193,-16.360848909186878
1194,-16.612306045044146
1195,-16.915469843326502
1196,-16.494484641492246
1197,-15.855291398359794
1198,-15.037529319222841
1199,-15.087275276907109
1200,-14.555870175011066
1201,-14.424530076715625
1202,-14.40596566234561
1203,-14.626157377636373
1204,-14.55284178209897
1205,-14.625278251880625
1206,-14.154534125789342
1207,-15.15174057643508
1208,-15.352419658850891
1209,-14.985653817644351
1210,-15.717785652440263
1211,-15.445486622870973
1212,-15.257139098124451
1213,-14.759000282314094
1214,-13.319986349314695
1215,-14.032780702191861
1216,-14.254148046449478
1217,-13.434178515143035
1218,-12.773528482301755
1219,-14.042397560468478
1220,-14.1408814940427
1221,-14.95382767644563
1222,-15.250047987917881
1223,-15.420231363857662
1224,-15.505330347902369
1225,-14.172715722756246
1226,-13.730402634763683
1227,-13.455639436565814
1228,-13.089764314403574
1229,-12.764463436909846
1230,-13.40344457934195
1231,-13.918247806141537
1232,-13.84456444814911
1233,-13.036860408292172
1234,-14.058705960615647
1235,-13.764371380374484
1236,-12.732305772333707
1237,-12.680909956176967
1238,-13.539452595904578
1239,-13.530065061349482
1240,-12.963161383263222
1241,-12.365810548612188
1242,-12.560678052150253
1243,-11.311473287131568
1244,-11.020344255833725
1245,-10.757405901355721
1246,-10.508785272768861
1247,-10.315773415757823
1248,-10.60186636027164
1249,-10.616709267986534
1250,-10.500997724281847
1251,-10.844389169280221
1252,-10.743203899885412
