,Portfolio Value
0,11935.6473403325
1,11937.059855537938
2,11834.224082135155
3,11828.11070006521
4,11795.080089424931
5,11696.642075021333
6,11713.98747061004
7,11572.93658214114
8,11572.053422911995
9,11600.954469039241
10,11619.897866944182
11,11732.17179431927
12,11736.513985509455
13,11740.835170369657
14,11721.654032963579
15,11724.979423354782
16,11600.176021364125
17,11589.784519189521
18,11564.151848988742
19,11569.568503292876
20,11574.170990399802
21,11596.249832145553
22,11603.933315251168
23,11563.581596201055
24,11615.422604327461
25,11714.666576201798
26,11656.18074202144
27,11649.735179540072
28,11673.219958832331
29,11650.195311348565
30,11621.899717533524
31,11609.989213024532
32,11631.344951301273
33,11554.11071721867
34,11590.68020105184
35,11563.27476334046
36,11574.129551670447
37,11566.533499145566
38,11547.689964076977
39,11595.214818287097
40,11613.854032169465
41,11707.637773047461
42,11674.311849084505
43,11645.294124669275
44,11595.509330343335
45,11545.165925522651
46,11558.750298505098
47,11571.45189446795
48,11585.534176674008
49,11551.50929100806
50,11686.599821035885
51,11758.835271316044
52,11802.972257922185
53,11869.544905797533
54,11896.212003480465
55,11860.335972832512
56,11818.02342858609
57,11836.994821371525
58,11847.703331927176
59,11834.18070890785
60,11836.66842607298
61,11788.98862556279
62,11779.722677070558
63,11788.53108433659
64,11918.118651473738
65,12012.615875603276
66,11988.0500688448
67,11991.342258545663
68,11986.188060067832
69,11988.256587596226
70,11957.198840241603
71,11964.943322452744
72,11960.612420840605
73,11971.670783160296
74,12047.214425561893
75,12096.094840344742
76,12094.562415286067
77,12107.510961597907
78,12090.113970178983
79,12089.446280416787
80,11868.294110658386
81,11888.904792598685
82,11880.822864973525
83,11830.386479242885
84,11742.23340963303
85,11772.703662344617
86,11798.020211029243
87,11821.722974150996
88,11784.447994105003
89,11795.55217879771
90,11796.694877590851
91,11826.16362742128
92,11781.625793690835
93,11733.558744440663
94,11752.865662368271
95,11841.948111924663
96,11869.557285247301
97,11869.401659599893
98,11893.016908010297
99,11882.491533083414
100,11860.20770609728
101,11848.798553281491
102,11880.421702670785
103,11919.647346294209
104,11843.19992260709
105,11836.362809077938
106,11827.422789767168
107,11821.65602863209
108,11828.235808993551
109,11834.280662083453
110,11839.442517429456
111,11712.882064852227
112,11714.413577089123
113,11734.754928812517
114,11731.208121447537
115,11734.638406797223
116,11805.255522065332
117,11809.071773353036
118,11775.809742542471
119,11738.454791745025
120,11711.956045724948
121,11667.509271506377
122,11658.799143827244
123,11676.167963044292
124,11650.001862939193
125,11597.748962783484
126,11557.686802758028
127,11536.168441401052
128,11672.730399168038
129,11706.494018498948
130,11785.317826419945
131,11765.143220218688
132,11707.587327527692
133,11788.761985206014
134,11881.444588245486
135,11865.209154273047
136,11871.588622222525
137,11939.483622219726
138,11946.986649088916
139,11919.240976159279
140,11795.054730444206
141,11628.770372217625
142,11656.704422779783
143,11703.560270222159
144,11747.07994038135
145,11711.140708275769
146,11736.025286853734
147,11727.404363488646
148,11705.366228568426
149,11726.120971324659
150,11770.098119189752
151,11711.2809341887
152,11676.33398566735
153,11714.451055705613
154,11714.30685898382
155,11730.050045763228
156,11690.487639455841
157,11555.068371241372
158,11450.046960107005
159,11405.995553733494
160,11277.163497972497
161,11199.132379057779
162,11293.329607228428
163,11450.930660743548
164,11449.917962566724
165,11437.401309507823
166,11357.458275036694
167,11329.8632058835
168,11360.63639717797
169,11348.274001133037
170,11374.988876408872
171,11392.740478694928
172,11317.832146143692
173,11306.781895838096
174,11177.729426301281
175,11181.595417431783
176,11258.943316286028
177,11238.960946841775
178,11179.837473138155
179,11157.28667170817
180,11111.853365449526
181,11122.7575604116
182,10924.00058961538
183,11026.824997705153
184,11010.111734732134
185,11099.787754110977
186,11233.754720449064
187,11191.524495505411
188,11293.81785747309
189,11315.828604361615
190,11341.578510927608
191,11370.307353139291
192,11257.914721631823
193,11299.835005560593
194,11318.39790794264
195,11312.419193917163
196,11289.755689317593
197,11368.307629921113
198,11379.1649185852
199,11417.222958879438
200,11392.668506775124
201,11354.020162669656
202,11317.613479406651
203,11352.109855838464
204,11414.23665344682
205,11472.578709255964
206,11510.873025223576
207,11308.65365073861
208,11572.034092193862
209,11674.741683103897
210,11664.184482846482
211,11678.73883311143
212,11680.621026510296
213,11678.113995750435
214,11604.777181296104
215,11600.342363114785
216,11607.559946239417
217,11601.021576500447
218,11513.218486549491
219,11536.104966255898
220,11529.07854351901
221,11602.540268955514
222,11630.368124484326
223,11608.717618058326
224,11657.45103717428
225,11599.903319218078
226,11571.23025028325
227,11615.768328326672
228,11744.750033135835
229,11690.912798144665
230,11718.32420035743
231,11651.419552122037
232,11652.91898571396
233,11650.148176600578
234,11620.417955857776
235,11665.160661122336
236,11652.277315254249
237,11647.037795877359
238,11640.974645789498
239,11661.573971056137
240,11670.602346778167
241,11650.169034875074
242,11595.11429820163
243,11682.362768802172
244,11700.330184402977
245,11716.96257436606
246,11697.464467911226
247,11679.835725575824
248,11712.753568844746
249,11687.484408719913
250,11659.908515620618
251,11596.972698561522
252,11577.686465821518
253,11561.503106693694
254,11540.160263353388
255,11494.663150752804
256,11533.974232954266
257,11555.90879385664
258,11427.634672863718
259,11482.037705725557
260,11174.205379056544
261,11216.972447112928
262,11204.47841822586
263,11263.855235099385
264,11313.073235124113
265,11252.720092242194
266,11256.132921072967
267,11185.08669941262
268,11168.806751978267
269,11281.10136945407
270,11260.574796805424
271,11230.886792018717
272,11219.443065693013
273,11316.957079654914
274,11236.684560135813
275,11222.562658039014
276,11110.588787840014
277,11214.011334679966
278,11161.556635930514
279,11246.03300471208
280,11383.428573398967
281,11485.906022240622
282,11582.347157925231
283,11558.315881754312
284,11620.39560861825
285,11413.192300929204
286,11415.941204744058
287,11375.875289947531
288,11740.524540092014
289,11748.304580333524
290,11799.8177759649
291,11832.435092315465
292,11872.658586837908
293,11884.036735170197
294,11892.236862506927
295,11857.611418353456
296,11879.047464522822
297,11874.756732111862
298,12032.876537724798
299,12009.053397927144
300,12008.764471538807
301,12044.545038949022
302,12047.581421844989
303,12058.008984653537
304,12042.003241618067
305,12051.257455096042
306,11974.861563827635
307,11964.959358435974
308,11966.003345549236
309,12043.135520640197
310,12106.217438345639
311,12091.908791085998
312,12085.52181273068
313,12072.87253857785
314,11986.337645662803
315,12002.304172589756
316,11948.949521886749
317,12020.517291379889
318,12041.33425836768
319,12081.30170706107
320,12226.42842338277
321,12264.64826035601
322,12272.317480933947
323,12265.950274999968
324,12367.495058576156
325,12359.418380894555
326,12334.029598308916
327,12308.687273899244
328,12304.837336410277
329,12306.807700548592
330,12258.526072975726
331,12283.884971403973
332,12296.404624403625
333,12249.926460009823
334,12194.823466669388
335,12227.189404996117
336,12213.488686455108
337,12138.569299792007
338,12124.640233978987
339,12121.54330104768
340,12103.346469971448
341,12070.26196026389
342,12126.089258753407
343,12298.056769862593
344,12411.72352352518
345,12383.431755038418
346,12254.235394598778
347,12264.902033467479
348,12259.921117830376
349,12360.76362514413
350,12370.760916356256
351,12398.909241869715
352,12468.233494033359
353,12512.824765932528
354,12377.825800181521
355,12420.491886744696
356,12391.62466208516
357,12419.346539175169
358,12356.701164979699
359,12336.722845781578
360,12339.934413051109
361,12146.672251286147
362,12153.888235850938
363,12059.336110581382
364,12056.568043352541
365,11892.438550865514
366,11919.995223794433
367,11988.035823594253
368,11960.652316255148
369,11960.007472994559
370,11985.153444493639
371,11748.29596338319
372,11717.02479542758
373,11797.759962840113
374,11909.968055631336
375,11959.084178029138
376,11972.754338035771
377,11898.269777041196
378,11874.69660240422
379,11855.90204298507
380,11755.896731281324
381,11814.49285497411
382,11813.286844859662
383,11806.682399800684
384,11765.078033460362
385,11772.467197255257
386,11769.282659129525
387,11717.863397888843
388,11700.889295942594
389,11587.306423906328
390,11564.71514698879
391,11563.332584430438
392,11595.66904376589
393,11611.233910427056
394,11640.461954468034
395,11623.180317824685
396,11629.84415102285
397,11584.702078063088
398,11606.062851976769
399,11612.555132714557
400,11714.98240778261
401,11699.37066718399
402,11709.506023666883
403,11745.183234316375
404,11755.775201281816
405,11737.595713430384
406,11734.746229828379
407,11731.47749095581
408,11702.470278496341
409,11725.147175669204
410,11667.173089899345
411,11588.146726774481
412,11583.821939534959
413,11562.991927581135
414,11561.569119354079
415,11578.567499704961
416,11573.406133811686
417,11581.211975716487
418,11468.541304543216
419,11464.994081662657
420,11519.363547281599
421,11818.84219833629
422,11828.252949479542
423,11880.908779987374
424,11819.943002786275
425,11829.834521698569
426,11805.912527794317
427,11800.097548665204
428,11945.137610527307
429,11894.806571586265
430,11894.445790053242
431,11898.89083899545
432,12022.064953897056
433,12054.554594317386
434,12020.309393842175
435,11969.231736516886
436,12000.670904359338
437,11991.441854447798
438,11959.780305402386
439,11972.533023863698
440,11980.363888498045
441,12001.287519660204
442,12001.225839271541
443,11945.407772935505
444,11917.673273703514
445,11956.843013089732
446,11939.502701389947
447,11932.276405738796
448,11920.833674478421
449,11884.555353750093
450,11872.117344314167
451,11901.57869970242
452,11899.567823059417
453,11899.527193285381
454,11902.347979320784
455,11928.39351900769
456,11836.996861529526
457,11718.965599547882
458,11716.401965360106
459,11730.516590104075
460,11724.198826341268
461,11690.634078416553
462,11521.06750020074
463,11517.53300373723
464,11506.833240346037
465,11713.806389676462
466,11653.097816425907
467,11584.881651988862
468,11488.484043488266
469,11341.009001845476
470,11327.71198911206
471,11340.630492089711
472,11406.701978604791
473,11452.344671152514
474,11448.025502200193
475,11530.706906206746
476,11542.90719480105
477,11618.976238217698
478,11597.031040781496
479,11575.61988518254
480,11613.182606811391
481,11583.885402683325
482,11530.028027721099
483,11490.177889677467
484,11514.764058884637
485,11527.149841010856
486,11631.08339511198
487,11611.087919377751
488,11718.666534848344
489,11698.04541943048
490,11726.17752751941
491,11662.589674135148
492,11588.525981899034
493,11511.38326516189
494,11517.342894781548
495,11541.033086210515
496,11542.09703834317
497,11524.177261299683
498,11533.907859784416
499,11546.505588614782
500,11547.535500911194
501,11568.541715090609
502,11540.428530647807
503,11630.42571898039
504,11690.602990243742
505,11758.988311380903
506,11749.099701315543
507,11756.93984932587
508,11779.666478040966
509,11767.968235002052
510,11782.991370484177
511,11814.201802910258
512,11809.246812377813
513,11757.764102798694
514,11756.223790262797
515,11735.233776999716
516,11738.967884044727
517,11739.341809889958
518,11747.571219307649
519,11748.410313538205
520,11745.599308428034
521,11754.321711444767
522,11770.043246460991
523,11756.174186011469
524,11769.683995589976
525,11789.49895762619
526,11800.977333770474
527,11818.803536421434
528,11993.728759704234
529,12006.265774329127
530,12018.114779506846
531,12035.135582691848
532,12039.006212945824
533,12039.558028822657
534,12090.457321352884
535,12068.904927122021
536,12074.953844980213
537,12077.666426781137
538,12059.504591588611
539,11801.144285345817
540,11795.56420284829
541,11817.620085456912
542,11824.724303626575
543,11812.144986320014
544,11816.478967811609
545,11808.20137981835
546,11800.147938942542
547,11800.580845639006
548,11803.848882820186
549,11811.673589100914
550,11812.947938228646
551,11827.596811921228
552,11823.112284695999
553,11968.604726867412
554,11981.850608924753
555,11976.506822939557
556,11924.892440777849
557,11926.33277413443
558,11925.84959840401
559,11917.744474282981
560,11919.989820321518
561,11925.697739667783
562,11935.250016500744
563,11941.192920660698
564,11943.125058111134
565,11951.065617765325
566,11928.648078327938
567,11913.170257463433
568,11911.15569510271
569,11894.192548409039
570,11885.931638912596
571,11873.965270844867
572,11856.309705404625
573,11886.881638052226
574,11898.056885231417
575,11899.886977534336
576,11953.559592105928
577,11958.057119655357
578,11946.592218645103
579,11996.483326206422
580,12144.186123456402
581,12133.267223294839
582,12112.160211297225
583,12151.688527745546
584,12149.247750559025
585,12151.273399063854
586,12147.652679800052
587,12105.89895019843
588,12123.625265564864
589,12130.203736790156
590,12151.473389342134
591,12109.05575743877
592,12119.703165543273
593,12248.533724427883
594,12232.426858991328
595,12303.516857118988
596,12242.022721644675
597,12180.691319520332
598,12277.05280467618
599,12341.935006923548
600,12360.253943036161
601,12349.871541373654
602,12361.703981863788
603,12445.999221801081
604,12446.06543396507
605,12325.701215073183
606,12332.226345575631
607,12333.864985191449
608,12331.66196650187
609,12322.196173803442
610,12345.46672495515
611,12318.022906588898
612,12271.377785310842
613,12271.544287713103
614,12277.19944116525
615,12290.083318347963
616,12272.472961109448
617,12206.677330069533
618,12240.013200886979
619,12248.23079882233
620,12251.217802403047
621,12225.055058019854
622,12222.964502155031
623,12236.126208288062
624,12189.766022639013
625,12194.290258272827
626,12209.426910080647
627,12246.280732782783
628,12258.686057011208
629,12271.204472530175
630,12261.633748662503
631,12251.911719742788
632,12267.148228404754
633,12288.586510789293
634,12301.901095705576
635,12322.902060141174
636,12362.152109680334
637,12361.74339758984
638,12360.10984777641
639,12372.795254267887
640,12372.571084846357
641,12527.699858760567
642,12523.349543176508
643,12516.55767585699
644,12590.779496944135
645,12590.171518870524
646,12882.308542177581
647,12939.383821746535
648,12928.215267863608
649,12952.578314887081
650,13040.565834562276
651,13013.073429119897
652,13031.854141032469
653,13024.954944469782
654,13033.389850253416
655,13000.311936384684
656,12976.167778846419
657,12985.376266338895
658,13001.574318131887
659,12992.358225641
660,12920.908105462324
661,12891.902596757089
662,12895.592976070993
663,13008.433089269434
664,12969.674936413008
665,13072.848058606774
666,13135.792168323376
667,13108.301589833258
668,13104.404144840772
669,13069.505684369182
670,13171.091129393826
671,13221.187164070456
672,13090.260342294368
673,13092.475021639306
674,13114.363203744031
675,13071.053723696452
676,13155.219008400072
677,13189.997837891324
678,13165.551457591544
679,13329.125117037116
680,13322.007410006507
681,13365.96421590767
682,13347.398497351427
683,13340.013440463346
684,13318.677227503129
685,13344.501353307918
686,13307.416217927575
687,13319.665717521468
688,13323.625290692116
689,13337.961045382663
690,13389.530951917399
691,13392.55987545814
692,13416.184130810432
693,13353.935658335082
694,13364.32544195951
695,13335.011076050949
696,13346.570020990415
697,13409.551614312211
698,13406.422288463034
699,13380.357042905263
700,13383.531708272603
701,13471.010508580392
702,13458.559267714118
703,13448.281952224104
704,13393.074658167972
705,13403.363934255907
706,13449.25980879578
707,13430.198046064936
708,13365.369317811459
709,13365.455909419481
710,13151.719581688938
711,13119.095911094333
712,13200.966849946602
713,13214.329173067268
714,13187.420047667258
715,13183.754459162856
716,13246.335473269482
717,13238.5392464659
718,13202.493726924673
719,13187.217083133968
720,13184.333891647288
721,13179.001759334033
722,13170.161851228473
723,13126.978272797036
724,13209.695326654784
725,13211.778518949823
726,13258.730854770993
727,13289.432210444029
728,13410.557431024858
729,13385.874379190673
730,13346.331685734058
731,13287.106783307929
732,13401.522616666947
733,13314.173232643185
734,13242.017424217349
735,13283.739249323567
736,13151.87229525038
737,13185.847457485987
738,13203.937474234568
739,13177.219155242648
740,13191.031196410759
741,13142.595464943173
742,13103.564179205587
743,13080.469673105748
744,13246.911389904457
745,13218.366875438809
746,13216.949257292154
747,13323.149481370045
748,13330.574524804253
749,13346.712888155622
750,13329.852520431095
751,13323.168543062258
752,13326.871875803472
753,13414.272172168012
754,13440.357454578667
755,13484.554008697978
756,13484.61108721251
757,13497.86165187642
758,13511.745010542369
759,13485.92532263551
760,13497.823538063769
761,13527.914593360496
762,13531.735572210131
763,13515.809750084009
764,13512.587608517757
765,13508.750058407148
766,13498.701245606713
767,13555.660312755777
768,13559.686361887292
769,13514.18935384947
770,13539.658766811808
771,13527.282053270432
772,13321.278792840209
773,13359.571967812073
774,13336.965115937186
775,13221.365321597108
776,13209.452914813142
777,13231.675975025504
778,13222.273046629381
779,13089.918178699261
780,13113.607956056578
781,13225.395474357298
782,13228.553197690671
783,13310.1567309739
784,13383.889591974828
785,13359.835900156675
786,13349.439118467397
787,13373.38977690104
788,13283.457359301423
789,13356.415584849708
790,13416.306559917732
791,13403.750557599311
792,13400.63894226869
793,13314.744497769358
794,13317.699747870294
795,13424.489075694171
796,13457.846371010954
797,13446.723473084245
798,13448.982928347836
799,13470.138690910395
800,13498.250741017435
801,13413.061851464045
802,13465.43693544501
803,13498.335173558675
804,13453.223476981337
805,13404.242943055295
806,13395.597048964253
807,13437.997520532215
808,13273.99479061426
809,13172.207859317314
810,13339.546884167361
811,13206.072385185682
812,13200.8789715174
813,13287.29144134916
814,13284.893216923045
815,13271.522618944266
816,13302.74600534784
817,13304.728097503288
818,13261.106315664038
819,13331.37284581158
820,13312.522311130713
821,13288.974876480375
822,13300.622062064891
823,13288.940265706424
824,13313.984207084526
825,13327.234687028005
826,13331.600579301064
827,13329.942321136863
828,13308.436285300053
829,13279.913323496272
830,13304.02885706399
831,13304.028857063991
832,13380.504773410736
833,13441.916422037644
834,13422.609614636589
835,13419.4705841474
836,13393.096633454337
837,13368.58327326971
838,13375.394531840473
839,13385.455560602502
840,13395.440832899232
841,13400.272678682135
842,13446.579025251269
843,13502.561598310678
844,13523.661312608901
845,13459.150963150336
846,13549.662733185794
847,13534.69506951793
848,13418.711169433569
849,13402.58338663233
850,13582.37586587668
851,13571.550248185304
852,13528.041454272745
853,13668.321341509043
854,13638.254107499948
855,13581.545408562873
856,13598.681552263799
857,13691.401381873897
858,13755.215312941344
859,13743.497897027224
860,13742.051836218201
861,13732.897539311605
862,13799.205315397792
863,13815.831927549378
864,13782.045310553654
865,13782.108830271907
866,13789.702101821891
867,13739.420590778604
868,13739.195051894287
869,13545.900585160196
870,13569.071661881397
871,13514.278532345019
872,13519.704637795632
873,13443.640265177497
874,13448.066051585056
875,13372.854139034158
876,13360.379063941782
877,13409.658273560843
878,13419.418031686246
879,13447.323802484596
880,13434.689519118174
881,13493.991833288634
882,13395.82246227517
883,13384.583270569785
884,13386.159159355822
885,13495.595794009618
886,13459.448140924997
887,13501.175589322787
888,13535.596750803994
889,13532.103005681032
890,13506.268246175872
891,13531.226798880773
892,13532.189382602035
893,13502.651851259154
894,13532.284314069086
895,13496.14666050622
896,13480.636328700413
897,13497.160748927558
898,13437.474716510047
899,13207.764682481706
900,13211.844130291867
901,13212.462382941583
902,13214.62574499232
903,13231.159097057829
904,13175.28380976097
905,13124.942252088422
906,13096.137695917609
907,13028.16044527554
908,13101.001357611136
909,13005.904822004395
910,13023.244685468535
911,13070.063256782672
912,13044.85098510877
913,13048.91149418844
914,13023.413593868667
915,12992.81766298083
916,13073.963878069517
917,13097.731693805606
918,12965.947164200885
919,12979.636428644313
920,12952.146585510805
921,12969.933123861787
922,12937.903833963708
923,12918.499767932311
924,12911.308647402087
925,12949.428389761932
926,12928.129994340568
927,12942.53695830806
928,12963.407338036135
929,13004.885626535844
930,12973.861349260387
931,12965.198887936976
932,13048.020616707885
933,13136.458574429897
934,13134.336300593737
935,13096.20400601289
936,13094.955404456692
937,13090.559679386357
938,13118.190840911813
939,13119.203529860499
940,13097.00524736933
941,13043.846935789363
942,13041.145818413446
943,12964.726044280473
944,12849.116717607942
945,12782.119323183848
946,12995.234371624698
947,12819.879970456412
948,12891.09584715484
949,12934.947818544359
950,12939.164751611323
951,12989.268342466969
952,12992.745999028584
953,12906.021824685067
954,12945.806345735033
955,12947.131874181328
956,12913.838222539036
957,12882.00637087682
958,12918.784654304236
959,12870.125995408049
960,12885.918896429914
961,12884.238833572812
962,12987.786346436635
963,13292.50306501105
964,13239.579507904238
965,13169.648114641059
966,13188.873274717493
967,13229.201835768676
968,13198.587329300235
969,13165.273210268542
970,13000.937645759865
971,13022.592135446093
972,13040.976115271678
973,13062.064056162591
974,13179.992503546964
975,13173.665175144468
976,13097.482271368308
977,13142.482869650823
978,13095.69963500977
979,13155.842185995796
980,13144.20889685984
981,13209.750902491834
982,13106.806466161499
983,13179.600423082115
984,13331.9366389086
985,13211.990379007022
986,13173.59473137868
987,13160.098120887234
988,13154.84148150159
989,13152.317487403723
990,13180.269981073692
991,13155.430815258413
992,13125.298801834339
993,13009.99333994366
994,13008.019892507164
995,12838.4874751088
996,12807.89573660756
997,12796.255820188337
998,12767.330534400586
999,12800.541168845051
1000,12711.38241920658
1001,12847.953332307163
1002,12910.550975974533
1003,12590.678995033395
1004,12671.75932660203
1005,12702.13003142939
1006,12708.229368997283
1007,12766.907765532174
1008,12838.999920324455
1009,12804.144358584454
1010,12825.989999746265
1011,12937.392555179482
1012,12959.991173691098
1013,12930.203296471165
1014,12995.345422383622
1015,12867.284607569445
1016,12817.503416973379
1017,12813.834760524993
1018,12841.942615485059
1019,12808.572322120099
1020,12762.037255901643
1021,12849.110522613577
1022,12891.646698381937
1023,12891.969828050109
1024,12895.961348630624
1025,12880.698009766102
1026,12864.269678022036
1027,12820.526350131178
1028,12805.069777352672
1029,12796.118804275851
1030,12806.513313458294
1031,12838.64968897959
1032,12800.853561180316
1033,12740.466924201852
1034,12783.791183894376
1035,12665.394432140261
1036,12717.209081414792
1037,12670.659440061343
1038,12597.306967648605
1039,12573.299079611012
1040,12571.84637771148
1041,12538.587401203105
1042,12409.201929786137
1043,12400.763781739575
1044,12476.059623696028
1045,12562.561313600747
1046,12500.507328655773
1047,12451.66978893335
1048,12528.983130923261
1049,12539.595696231003
1050,12549.674714981278
1051,12578.120662834497
1052,12630.619514108781
1053,12639.735214697337
1054,12625.275702239416
1055,12630.167501025402
1056,12614.68612461186
1057,12561.087579782516
1058,12558.046942377956
1059,12566.971188793534
1060,12498.994991373607
1061,12497.10266349226
1062,12540.764079995864
1063,12643.451582763782
1064,12645.476799224347
1065,12645.83685293545
1066,12672.896360354473
1067,12647.938941238815
1068,12699.134304194504
1069,12645.234882325869
1070,12598.857091142827
1071,12593.11797386916
1072,12608.89749503323
1073,12482.516759168448
1074,12484.538220539796
1075,12487.291778187944
1076,12392.569110021052
1077,12387.40640556225
1078,12394.621031020952
1079,12340.509215852748
1080,12286.489272770119
1081,12268.496007832382
1082,12298.931003959073
1083,12315.682927312664
1084,12301.822204883994
1085,12319.870389973377
1086,12312.918865913285
1087,12284.216701757361
1088,12269.75989221828
1089,12239.569500500116
1090,12173.507007889402
1091,12219.8313128346
1092,12150.547280899853
1093,12239.30198674653
1094,12244.920354991964
1095,12277.30721926188
1096,12011.516393170295
1097,11888.163617296472
1098,11933.512638790276
1099,11914.084128857186
1100,11869.439168462552
1101,11883.727081266417
1102,11855.483847925641
1103,11814.841001937137
1104,11812.200451920702
1105,11769.02505858256
1106,11695.898446558609
1107,11642.73868757404
1108,11669.426853147852
1109,11662.673242294199
1110,11756.329148849836
1111,11759.284466451563
1112,11908.745564385732
1113,11850.979250017557
1114,12002.44147692948
1115,11937.847394705548
1116,11924.612893486
1117,11999.016206599526
1118,12038.429884896443
1119,12083.626433583828
1120,12080.41706163472
1121,12088.265752214538
1122,12036.86352574376
1123,12083.67491296049
1124,12088.491903486163
1125,12123.421298388344
1126,12133.78845777665
1127,12164.437978204998
1128,12195.030642232074
1129,12172.720481860018
1130,12105.961342662547
1131,12125.518337584901
1132,12136.248567426595
1133,12152.786105355903
1134,12111.897293310883
1135,12112.748209916424
1136,12080.200714458802
1137,12070.659253306269
1138,12046.96499306118
1139,12022.51632945549
1140,11945.508481319015
1141,12013.811664561505
1142,12051.398641136695
1143,11997.50432886595
1144,11994.03187234455
1145,11968.709481496166
1146,11957.046387096741
1147,11941.161567292736
1148,11870.884955067399
1149,11849.318214374289
1150,11792.858009265969
1151,11795.024623761428
1152,11783.470027538955
1153,11910.414867443615
1154,11851.071120971945
1155,11823.702240374061
1156,11850.108280787186
1157,11810.365870070034
1158,11803.912928741553
1159,11807.7147497047
1160,11873.128048990826
1161,11995.205102133294
1162,12024.339548126074
1163,11945.565172337978
1164,11840.699716637871
1165,11905.490213307497
1166,11913.977199457462
1167,11909.78917805544
1168,11929.41991712425
1169,11933.395125300654
1170,11888.333047571232
1171,11896.501117924561
1172,11930.28665999154
1173,11857.640416489872
1174,11902.143973484195
1175,11932.382133901481
1176,12058.744744974385
1177,12058.006034525748
1178,12030.09672290938
1179,12095.271283403312
1180,11876.355313621561
1181,11856.738849105232
1182,11934.293943642397
1183,11949.339370404938
1184,11895.585073961087
1185,11835.08498491841
1186,11943.74100200862
1187,12000.432571239024
1188,11873.014452127773
1189,11939.155458064914
1190,11824.046910575633
1191,11708.564554713203
1192,11734.404055186074
1193,11734.717324045832
1194,11590.10683802174
1195,11532.805409605447
1196,11544.515077437638
1197,11776.921426385998
1198,11798.317404672358
1199,11794.60131843554
1200,11923.892585384634
1201,11931.830732351837
1202,11919.97386119766
1203,11854.10386068704
1204,11878.05273840681
1205,11851.340878667088
1206,11898.112604511012
1207,11883.09732698858
1208,11826.628732180807
1209,11857.776205635664
1210,11811.470920888456
1211,11833.968528202991
1212,11833.655181847655
1213,11930.646455604547
1214,12020.316098733292
1215,11968.365433978923
1216,11950.866847346373
1217,11975.281851424457
1218,11980.60683930312
1219,11879.975404115712
1220,11821.264871817177
1221,11790.860248582261
1222,11766.059039493904
1223,11702.759913718859
1224,11697.342733172349
1225,11911.450382479263
1226,11951.944920747123
1227,12045.12036060877
1228,12132.716562858204
1229,12154.029513025727
1230,12098.556769570478
1231,12082.947743030236
1232,12103.612204502318
1233,12108.741718952708
1234,12032.75296401026
1235,12039.618169578847
1236,12115.042721261347
1237,12127.322182101783
1238,12086.502799603873
1239,12086.30944757128
1240,12118.298172997402
1241,12178.90767662466
1242,12160.534925979811
1243,12179.592688967046
1244,12220.817616092045
1245,12249.70770476742
1246,12279.877298740463
1247,12297.20160299953
1248,12303.259243337929
1249,12310.606904046275
1250,12283.401671714193
1251,12211.849603145725
1252,12209.988812744217
