,Profitloss
0,-0.5362721638958345
1,-0.5245012038505137
2,-1.3814659822070419
3,-1.432410832789921
4,-1.7076659214589007
5,-2.527982708155563
6,-2.383437744916339
7,-3.5588618154905105
8,-3.5662214757333777
9,-3.3253794246729917
10,-3.167517775465145
11,-2.2319017140060793
12,-2.195716787421209
13,-2.15970691358619
14,-2.3195497253035047
15,-2.291838138710156
16,-3.3318664886322957
17,-3.418462340087325
18,-3.632067925093818
19,-3.586929139226036
20,-3.548575080001648
21,-3.3645847321203903
22,-3.3005557062402713
23,-3.6368200316578725
24,-3.204811630604487
25,-2.3777785316516753
26,-2.8651604831546607
27,-2.9188735038327307
28,-2.723167009730576
29,-2.9150390720952934
30,-3.1508356872206322
31,-3.250089891462238
32,-3.072125405822723
33,-3.7157440231777583
34,-3.410998324567993
35,-3.6393769721628333
36,-3.5489204027462806
37,-3.612220840453617
38,-3.7692502993585286
39,-3.373209847607528
40,-3.2178830652544566
41,-2.436351891271149
42,-2.7140679242957932
43,-2.955882294422707
44,-3.3707555804722067
45,-3.790283953977902
46,-3.6770808457908477
47,-3.5712342127670937
48,-3.4538818610499344
49,-3.737422574932836
50,-2.611668158034297
51,-2.009706072366302
52,-1.641897850648455
53,-1.0871257850205596
54,-0.8648999709961247
55,-1.163866893062393
56,-1.5164714284492509
57,-1.3583764885706229
58,-1.2691389006068698
59,-1.381827425767912
60,-1.3610964493918298
61,-1.7584281203100849
62,-1.8356443577453474
63,-1.7622409638617498
64,-0.6823445710521847
65,0.10513229669397717
66,-0.09958275962667074
67,-0.07214784545280795
68,-0.1150994994347343
69,-0.0978617700314488
70,-0.3566763313199717
71,-0.2921389795604634
72,-0.3282298263282857
73,-0.23607680699753164
74,0.39345354634912066
75,0.8007903362061919
76,0.7880201273839038
77,0.8959246799825626
78,0.7509497514915253
79,0.7453856701398864
80,-1.0975490778467822
81,-0.9257933950109543
82,-0.9931427918872915
83,-1.4134460063092935
84,-2.14805491972474
85,-1.8941361471282003
86,-1.6831649080896405
87,-1.4856418820750283
88,-1.796266715791639
89,-1.7037318433524185
90,-1.6942093534095704
91,-1.4486364381560035
92,-1.8197850525763726
93,-2.220343796327806
94,-2.0594528135977397
95,-1.3170990672944805
96,-1.0870226229391489
97,-1.088319503334223
98,-0.8915257665808585
99,-0.9792372243048852
100,-1.164935782522658
101,-1.2600120559875805
102,-0.9964858110767971
103,-0.6696054475482605
104,-1.30666731160759
105,-1.3636432576838442
106,-1.4381434186069297
107,-1.486199761399254
108,-1.4313682583870668
109,-1.3809944826378984
110,-1.3379790214211984
111,-2.3926494595647774
112,-2.3798868575906407
113,-2.210375593229019
114,-2.2399323212705324
115,-2.211346610023146
116,-1.6228706494555656
117,-1.5910685553913617
118,-1.8682521454794099
119,-2.179543402124784
120,-2.4003662856254326
121,-2.7707560707802004
122,-2.8433404681063035
123,-2.6986003079642273
124,-2.9166511421733987
125,-3.3520919768043056
126,-3.6859433103497707
127,-3.865262988324558
128,-2.7272466735996814
129,-2.4458831791754343
130,-1.789018113167129
131,-1.9571398315109345
132,-2.436772270602572
133,-1.7603167899498784
134,-0.9879617646209482
135,-1.1232570477246129
136,-1.0700948148122835
137,-0.5043031481689497
138,-0.4417779242590347
139,-0.6729918653393452
140,-1.7078772462982839
141,-3.093580231519799
142,-2.860796476835137
143,-2.4703310814820134
144,-2.1076671634887467
145,-2.407160764368599
146,-2.1997892762188886
147,-2.271630304261285
148,-2.4552814285964564
149,-2.2823252389611803
150,-1.9158490067520684
151,-2.405992215094166
152,-2.6972167861054164
153,-2.379574535786555
154,-2.3807761751348355
155,-2.249582951973106
156,-2.579269671201323
157,-3.707763572988565
158,-4.582941999108292
159,-4.950037052220891
160,-6.023637516895864
161,-6.6738968411851785
162,-5.888919939763094
163,-4.575577827137101
164,-4.584016978610639
165,-4.688322420768143
166,-5.354514374694219
167,-5.5844732843041704
168,-5.3280300235169165
169,-5.431049990558023
170,-5.208426029926072
171,-5.0604960108755925
172,-5.684732115469238
173,-5.776817534682532
174,-6.852254780822664
175,-6.820038188068478
176,-6.175472364283097
177,-6.341992109651873
178,-6.83468772384871
179,-7.022611069098583
180,-7.401221954587289
181,-7.310353663236679
182,-8.966661753205162
183,-8.109791685790391
184,-8.249068877232213
185,-7.501768715741852
186,-6.385377329591135
187,-6.73729587078824
188,-5.88485118772425
189,-5.701428296986544
190,-5.486845742269941
191,-5.247438723839237
192,-6.184043986401477
193,-5.834708286995061
194,-5.680017433811324
195,-5.729840050690305
196,-5.918702589020053
197,-5.264103083990723
198,-5.173625678456661
199,-4.856475342671351
200,-5.0610957768739695
201,-5.383165311086202
202,-5.6865543382779045
203,-5.399084534679465
204,-4.881361221276503
205,-4.395177422866969
206,-4.0760581231368604
207,-5.761219577178256
208,-3.5663825650511516
209,-2.7104859741341913
210,-2.798462642945987
211,-2.6771763907380786
212,-2.6614914457475325
213,-2.682383368746377
214,-3.293523489199135
215,-3.330480307376793
216,-3.270333781338197
217,-3.324820195829614
218,-4.0565126120875705
219,-3.865791947867514
220,-3.924345470674917
221,-3.3121644253707117
222,-3.080265629297274
223,-3.260686516180611
224,-2.8545746902143287
225,-3.3341390065160237
226,-3.573081247639587
227,-3.2019305972777246
228,-2.1270830572013733
229,-2.575726682127788
230,-2.3472983303547412
231,-2.9048370656496902
232,-2.8923417857169897
233,-2.9154318616618435
234,-3.1631837011852015
235,-2.790327823980532
236,-2.897689039547924
237,-2.9413517010220103
238,-2.991877951754185
239,-2.820216907865525
240,-2.744980443515277
241,-2.9152580427077135
242,-3.3740475149864224
243,-2.64697692664857
244,-2.4972484633085212
245,-2.3586452136161618
246,-2.5211294340731105
247,-2.66803562020147
248,-2.393720259627119
249,-2.6042965940007323
250,-2.83409570316151
251,-3.3585608453206572
252,-3.519279451487345
253,-3.6541407775525503
254,-3.831997805388432
255,-4.211140410393299
256,-3.8835480587144477
257,-3.7007600511946626
258,-4.769711059469017
259,-4.3163524522870205
260,-6.881621841195463
261,-6.525229607392258
262,-6.629346514784496
263,-6.134539707505127
264,-5.724389707299061
265,-6.22733256464838
266,-6.198892324391936
267,-6.790944171561497
268,-6.92661040018111
269,-5.990821921216083
270,-6.1618766932881375
271,-6.409276733177361
272,-6.504641119224896
273,-5.692024336209045
274,-6.36096199886823
275,-6.478644516341547
276,-7.41176010133322
277,-6.549905544333612
278,-6.987028033912379
279,-6.283058294065991
280,-5.138095221675276
281,-4.284116481328148
282,-3.4804403506230708
283,-3.680700985380736
284,-3.1633699281812477
285,-4.890064158923302
286,-4.867156627132852
287,-5.201039250437245
288,-2.1622954992332133
289,-2.0974618305539594
290,-1.6681852002924935
291,-1.3963742307044558
292,-1.0611784430174298
293,-0.9663605402483566
294,-0.89802614577561
295,-1.1865715137212018
296,-1.0079377956431435
297,-1.0436938990678102
298,0.273971147706642
299,0.0754449827262027
300,0.0730372628233944
301,0.3712086579085172
302,0.3965118487082364
303,0.48340820544614527
304,0.3500270134839001
305,0.42714545913367097
306,-0.20948696810304535
307,-0.2920053463668859
308,-0.2833054537563662
309,0.3594626720016425
310,0.8851453195469983
311,0.7659065923833142
312,0.7126817727556745
313,0.6072711548154253
314,-0.11385295280997854
315,0.019201438247962166
316,-0.42542065094376413
317,0.17097742816574169
318,0.344452153064001
319,0.6775142255089017
320,1.8869035281897428
321,2.2054021696334303
322,2.2693123411162253
323,2.2162522916663985
324,3.0624588214679616
325,2.99515317412129
326,2.783579985907636
327,2.5723939491603787
328,2.5403111367523046
329,2.5567308379049303
330,2.1543839414643884
331,2.3657080950331144
332,2.4700385366968725
333,2.0827205000818694
334,1.623528888911574
335,1.893245041634306
336,1.7790723871258907
337,1.1547441649333967
338,1.038668616491556
339,1.0128608420640006
340,0.8612205830953901
341,0.58551633553241
342,1.050743822945055
343,2.4838064155216166
344,3.4310293627098254
345,3.19526462532016
346,2.1186282883231433
347,2.2075169455623156
348,2.1660093152531257
349,3.0063635428677626
350,3.0896743029688034
351,3.3242436822476185
352,3.901945783611316
353,4.273539716104402
354,3.148548334846013
355,3.5040990562057894
356,3.2635388507096685
357,3.4945544931264116
358,2.9725097081641616
359,2.806023714846484
360,2.8327867754259106
361,1.2222687607178928
362,1.2824019654244845
363,0.4944675881781935
364,0.47140036127117924
365,-0.8963454094540468
366,-0.6667064683797297
367,-0.09970147004788599
368,-0.3278973645404415
369,-0.3332710583786702
370,-0.12372129588634762
371,-2.0975336384734145
372,-2.3581267047701693
373,-1.685333642999054
374,-0.7502662030722029
375,-0.3409651830905247
376,-0.22704718303524496
377,-0.8477518579900312
378,-1.044194979964841
379,-1.2008163084577528
380,-2.034193905988968
381,-1.5458928752157486
382,-1.5559429595028207
383,-1.6109800016609666
384,-1.9576830544969837
385,-1.8961066895395229
386,-1.9226445072539566
387,-2.3511383509263073
388,-2.492589200478379
389,-3.439113134113936
390,-3.627373775093412
391,-3.6388951297463445
392,-3.369424635284246
393,-3.2397174131078676
394,-2.996150379433049
395,-3.1401640181276336
396,-3.08463207480959
397,-3.460816016140933
398,-3.2828095668602564
399,-3.228707227378691
400,-2.375146601811573
401,-2.505244440133414
402,-2.4207831361093057
403,-2.1234730473635444
404,-2.035206655984867
405,-2.1867023880801306
406,-2.2104480847635055
407,-2.2376875753682524
408,-2.4794143458638285
409,-2.2904402027566273
410,-2.773557584172126
411,-3.4321106102126575
412,-3.4681505038753446
413,-3.6417339368238766
414,-3.653590672049345
415,-3.511937502458662
416,-3.55494888490262
417,-3.489900202362606
418,-4.42882246213987
419,-4.458382652811199
420,-4.005303772653345
421,-1.5096483471975897
422,-1.4312254210038233
423,-0.9924268334385533
424,-1.500474976781041
425,-1.4180456525119234
426,-1.6173956017140223
427,-1.6658537611233037
428,-0.4571865789391061
429,-0.8766119034477882
430,-0.8796184162229825
431,-0.8425763417045817
432,0.18387461580879894
433,0.4546216193115571
434,0.1692449486847991
435,-0.2564021956926177
436,0.005590869661142861
437,-0.07131787960168445
438,-0.33516412164678044
439,-0.22889146780251668
440,-0.16363426251629898
441,0.010729330501701995
442,0.010215327262841356
443,-0.45493522553745613
444,-0.6860560524707071
445,-0.35964155758556604
446,-0.5041441550837744
447,-0.5643632855100389
448,-0.6597193793464906
449,-0.9620387187492252
450,-1.0656887973819473
451,-0.8201775024798241
452,-0.8369348078381966
453,-0.8372733892884954
454,-0.8137668389934682
455,-0.5967206749359133
456,-1.3583594872539573
457,-2.341953337100977
458,-2.3633169553324507
459,-2.245695082466048
460,-2.298343113822765
461,-2.5780493465287213
462,-3.9911041649938417
463,-4.020558302189759
464,-4.109722997116361
465,-2.3849467526961488
466,-2.890851529784111
467,-3.459319566759478
468,-4.262632970931113
469,-5.491591651287697
470,-5.602400090732829
471,-5.494745899252407
472,-4.944150178293405
473,-4.563794407062383
474,-4.599787481665063
475,-3.910775781610454
476,-3.80910670999125
477,-3.1751980148525205
478,-3.3580746601541978
479,-3.536500956812172
480,-3.223478276571734
481,-3.4676216443056296
482,-3.9164331023241794
483,-4.248517586021105
484,-4.0436328426280195
485,-3.940417991576195
486,-3.0743050407334938
487,-3.240934005185414
488,-2.3444455429304623
489,-2.5162881714126617
490,-2.281853937338252
491,-2.8117527155404387
492,-3.428950150841381
493,-4.071806123650912
494,-4.022142543487095
495,-3.8247242815790394
496,-3.8158580138069165
497,-3.9651894891693074
498,-3.8841011684631943
499,-3.77912009487682
500,-3.7705374924067225
501,-3.595485707578261
502,-3.829762244601609
503,-3.0797856751634156
504,-2.5783084146354773
505,-2.0084307384924727
506,-2.0908358223704737
507,-2.0255012556177454
508,-1.8361126829919416
509,-1.9335980416495646
510,-1.8084052459651945
511,-1.5483183090811758
512,-1.5896098968515626
513,-2.018632476677551
514,-2.0314684144766892
515,-2.206385191669036
516,-2.175267632960609
517,-2.172151584250348
518,-2.103573172436257
519,-2.0965807205149622
520,-2.1200057630997082
521,-2.0473190712936074
522,-1.9163062794917418
523,-2.0318817832377545
524,-1.9193000367502044
525,-1.7541753531150839
526,-1.6585222185793835
527,-1.5099705298213806
528,-0.052260335798048896
529,0.05221478607606578
530,0.1509564958903864
531,0.29279652243205945
532,0.32505177454853484
533,0.32965024018880573
534,0.7538110112740304
535,0.5742077260168399
536,0.6246153748351135
537,0.647220223176137
538,0.49587159657176194
539,-1.6571309554515246
540,-1.703631642930914
541,-1.5198326211923963
542,-1.460630803111873
543,-1.5654584473332123
544,-1.529341934903261
545,-1.598321834847083
546,-1.6654338421454806
547,-1.6618262863416167
548,-1.6345926431651114
549,-1.5693867574923859
550,-1.5587671814279447
551,-1.436693233989761
552,-1.474064294200006
553,-0.2616272761049032
554,-0.1512449256270587
555,-0.19577647550369504
556,-0.6258963268512607
557,-0.6138935488797514
558,-0.6179200132999219
559,-0.6854627143084935
560,-0.6667514973206834
561,-0.6191855027684712
562,-0.5395831958271313
563,-0.4900589944941802
564,-0.4739578490738805
565,-0.40778651862228843
566,-0.5945993472671773
567,-0.7235811878047227
568,-0.7403692074774093
569,-0.8817287632580051
570,-0.9505696757283633
571,-1.050289409626115
572,-1.1974191216281294
573,-0.9426530162314539
574,-0.8495259564048507
575,-0.8342751872138732
576,-0.38700339911725834
577,-0.3495240028720259
578,-0.4450648446241434
579,-0.029305614946484315
580,1.2015510288033493
581,1.1105601941236554
582,0.9346684274768702
583,1.2640710645462239
584,1.243731254658531
585,1.2606116588654404
586,1.2304389983337716
587,0.8824912516535832
588,1.0302105463738664
589,1.085031139917958
590,1.2622782445177894
591,0.9087979786564171
592,0.9975263795272804
593,2.071114370232352
594,1.9368904915944007
595,2.5293071426582214
596,2.0168560137056257
597,1.5057609960027696
598,2.308773372301487
599,2.849458391029569
600,3.0021161919680184
601,2.9155961781137885
602,3.014199848864907
603,3.7166601816756684
604,3.7172119497089096
605,2.7141767922765236
606,2.768552879796915
607,2.782208209928738
608,2.76384972084891
609,2.6849681150286964
610,2.8788893746262367
611,2.650190888240811
612,2.261481544257027
613,2.262869064275863
614,2.309995343043747
615,2.417360986233019
616,2.2706080092454117
617,1.7223110839127864
618,2.000110007391487
619,2.068589990186087
620,2.093481686692056
621,1.8754588168321096
622,1.8580375179585884
623,1.967718402400509
624,1.581383521991775
625,1.619085485606897
626,1.7452242506720506
627,2.052339439856521
628,2.1557171417600607
629,2.2600372710847916
630,2.180281238854187
631,2.0992643311898984
632,2.2262352367062865
633,2.404887589910776
634,2.515842464213125
635,2.690850501176456
636,3.017934247336118
637,3.0145283132486655
638,3.0009153981367387
639,3.1066271188990635
640,3.104759040386318
641,4.397498823004731
642,4.361246193137558
643,4.30464729880824
644,4.923162474534459
645,4.918095990587701
646,7.352571184813184
647,7.828198514554452
648,7.735127232196737
649,7.938152624059014
650,8.671381954685643
651,8.44227857599915
652,8.598784508603895
653,8.541291203914847
654,8.611582085445125
655,8.335932803205704
656,8.134731490386816
657,8.21146888615747
658,8.346452651099057
659,8.269651880341677
660,7.674234212186026
661,7.432521639642409
662,7.463274800591613
663,8.403609077245289
664,8.0806244701084
665,8.940400488389777
666,9.464934736028141
667,9.235846581943807
668,9.203367873673107
669,8.912547369743184
670,9.75909274494855
671,10.176559700587129
672,9.085502852453065
673,9.103958513660881
674,9.28636003120027
675,8.925447697470435
676,9.62682507000061
677,9.916648649094363
678,9.712928813262867
679,11.07604264197597
680,11.0167284167209
681,11.383035132563911
682,11.228320811261883
683,11.166778670527888
684,10.988976895859404
685,11.20417794423265
686,10.895135149396463
687,10.997214312678905
688,11.030210755767644
689,11.14967537818885
690,11.57942459931165
691,11.604665628817834
692,11.801534423420268
693,11.282797152792345
694,11.369378682995922
695,11.125092300424576
696,11.221416841586795
697,11.746263452601768
698,11.720185737191958
699,11.502975357543853
700,11.529430902271699
701,12.258420904836598
702,12.154660564284313
703,12.069016268534206
704,11.608955484733109
705,11.69469945213255
706,12.077165073298168
707,11.918317050541138
708,11.37807764842882
709,11.378799245162341
710,9.597663180741156
711,9.32579925911945
712,10.008057082888344
713,10.119409775560563
714,9.895167063893817
715,9.86462049302379
716,10.386128943912354
717,10.321160387215823
718,10.020781057705609
719,9.89347569278307
720,9.869449097060734
721,9.825014661116938
722,9.751348760237267
723,9.391485606641957
724,10.08079438878986
725,10.098154324581854
726,10.489423789758279
727,10.745268420366916
728,11.754645258540485
729,11.54895315992228
730,11.219430714450485
731,10.725889860899397
732,11.679355138891223
733,10.951443605359866
734,10.350145201811234
735,10.697827077696399
736,9.59893579375317
737,9.882062145716564
738,10.032812285288074
739,9.810159627022074
740,9.925259970089662
741,9.521628874526433
742,9.196368160046564
743,9.003913942547893
744,10.390928249203801
745,10.153057295323409
746,10.141243810767953
747,11.0262456780837
748,11.088121040035448
749,11.222607401296859
750,11.082104336925802
751,11.026404525518817
752,11.0572656316956
753,11.78560143473344
754,12.002978788155549
755,12.371283405816481
756,12.37175906010426
757,12.48218043230349
758,12.597875087853062
759,12.382711021962578
760,12.481862817198074
761,12.732621611337457
762,12.764463101751101
763,12.631747917366742
764,12.604896737647975
765,12.572917153392904
766,12.48917704672261
767,12.963835939631485
768,12.997386349060758
769,12.618244615412255
770,12.830489723431725
771,12.72735044392026
772,11.010656607001735
773,11.32976639843395
774,11.141375966143219
775,10.178044346642556
776,10.078774290109527
777,10.263966458545859
778,10.185608721911521
779,9.08265148916052
780,9.28006630047149
781,10.21162895297747
782,10.237943314088938
783,10.917972758115834
784,11.53241326645691
785,11.331965834638957
786,11.245325987228316
787,11.444914807508667
788,10.695477994178514
789,11.30346320708091
790,11.802554665981102
791,11.697921313327587
792,11.671991185572406
793,10.956204148077987
794,10.980831232252442
795,11.87074229745142
796,12.148719758424619
797,12.056028942368702
798,12.074857736231959
799,12.251155757586618
800,12.485422841811955
801,11.775515428867035
802,12.211974462041741
803,12.486126446322299
804,12.110195641511146
805,11.702024525460786
806,11.629975408035452
807,11.983312671101798
808,10.616623255118828
809,9.768398827644287
810,11.162890701394668
811,10.050603209880693
812,10.007324762645009
813,10.727428677909657
814,10.707443474358701
815,10.59602182453554
816,10.856216711232003
817,10.87273414586074
818,10.509219297200323
819,11.094773715096506
820,10.93768592608928
821,10.741457304003132
822,10.838517183874096
823,10.741168880886875
824,10.949868392371043
825,11.060289058566708
826,11.096671494175547
827,11.082852676140531
828,10.90363571083377
829,10.665944362468927
830,10.86690714219991
831,10.866907142199933
832,11.504206445089471
833,12.01597018364704
834,11.855080121971584
835,11.828921534561676
836,11.609138612119473
837,11.404860610580926
838,11.461621098670616
839,11.545463005020862
840,11.6286736074936
841,11.668938989017796
842,12.054825210427245
843,12.521346652588994
844,12.697177605074184
845,12.15959135958613
846,12.913856109881628
847,12.789125579316085
848,11.822593078613085
849,11.688194888602755
850,13.186465548972336
851,13.096252068210855
852,12.733678785606205
853,13.902677845908684
854,13.652117562499576
855,13.179545071357278
856,13.322346268864994
857,14.095011515615807
858,14.626794274511191
859,14.529149141893537
860,14.51709863515167
861,14.440812827596705
862,14.993377628314942
863,15.131932729578157
864,14.850377587947117
865,14.85090691893256
866,14.914184181849087
867,14.495171589821698
868,14.49329209911905
869,12.882504876334977
870,13.075597182344968
871,12.618987769541823
872,12.664205314963596
873,12.03033554314581
874,12.067217096542127
875,11.440451158617982
876,11.336492199514847
877,11.747152279673688
878,11.828483597385375
879,12.061031687371626
880,11.955745992651456
881,12.449931944071956
882,11.631853852293084
883,11.538193921414862
884,11.551326327965183
885,12.463298283413483
886,12.162067841041635
887,12.50979657768989
888,12.796639590033276
889,12.767525047341932
890,12.552235384798927
891,12.760223324006436
892,12.768244855016952
893,12.52209876049295
894,12.769035950575724
895,12.467888837551833
896,12.338636072503451
897,12.476339574396311
898,11.978955970917049
899,10.06470568734754
900,10.09870108576556
901,10.103853191179857
902,10.121881208269334
903,10.25965914214857
904,9.79403174800808
905,9.374518767403517
906,9.134480799313405
907,8.56800371062949
908,9.175011313426129
909,8.382540183369969
910,8.527039045571128
911,8.917193806522272
912,8.707091542573075
913,8.740929118237005
914,8.528446615572216
915,8.273480524840249
916,8.949698983912647
917,9.14776411504672
918,8.049559701674047
919,8.163636905369277
920,7.934554879256717
921,8.082776032181549
922,7.815865283030909
923,7.654164732769253
924,7.594238728350722
925,7.9119032480160945
926,7.734416619504736
927,7.854474652567167
928,8.028394483634461
929,8.374046887798702
930,8.11551124383656
931,8.043324066141476
932,8.733505139232367
933,9.470488120249133
934,9.4528025049478
935,9.13503338344075
936,9.124628370472433
937,9.087997328219632
938,9.31825700759845
939,9.326696082170827
940,9.141710394744429
941,8.698724464911356
942,8.676215153445387
943,8.039383702337277
944,7.075972646732853
945,6.517661026532062
946,8.293619763539152
947,6.832333087136755
948,7.425798726290345
949,7.791231821202982
950,7.826372930094361
951,8.243902853891406
952,8.272883325238212
953,7.55018187237555
954,7.881719547791932
955,7.892765618177733
956,7.615318521158643
957,7.350053090640163
958,7.656538785868627
959,7.251049961733735
960,7.3826574702492875
961,7.368656946440089
962,8.231552886971949
963,10.770858875092081
964,10.329829232535314
965,9.747067622008831
966,9.907277289312443
967,10.243348631405635
968,9.988227744168633
969,9.710610085571192
970,8.341147047998865
971,8.52160112871745
972,8.674800960597317
973,8.85053380135492
974,9.833270862891364
975,9.780543126203888
976,9.145685594735898
977,9.52069058042353
978,9.130830291748083
979,9.632018216631643
980,9.535074140498656
981,10.081257520765297
982,9.223387218012501
983,9.830003525684283
984,11.099471990904997
985,10.099919825058512
986,9.779956094822339
987,9.66748434072695
988,9.623679012513243
989,9.602645728364356
990,9.835583175614104
991,9.628590127153448
992,9.37749001528616
993,8.416611166197164
994,8.40016577089302
995,6.987395625906667
996,6.73246447172966
997,6.635465168236143
998,6.394421120004878
999,6.67117640704209
1000,5.928186826721493
1001,7.066277769226348
1002,7.587924799787782
1003,4.922324958611624
1004,5.597994388350247
1005,5.85108359524491
1006,5.901911408310689
1007,6.390898046101445
1008,6.9916660027038
1009,6.7012029882037805
1010,6.883249997885543
1011,7.811604626495683
1012,7.99992644742582
1013,7.751694137259713
1014,8.29454518653019
1015,7.227371729745369
1016,6.812528474778157
1017,6.781956337708284
1018,7.016188462375483
1019,6.738102684334146
1020,6.35031046584702
1021,7.075921021779807
1022,7.430389153182815
1023,7.433081900417582
1024,7.466344571921879
1025,7.3391500813841715
1026,7.202247316850308
1027,6.837719584426494
1028,6.708914811272271
1029,6.6343233689654335
1030,6.720944278819108
1031,6.988747408163265
1032,6.673779676502645
1033,6.170557701682089
1034,6.531593199119801
1035,5.544953601168845
1036,5.976742345123265
1037,5.58882866717787
1038,4.977558063738363
1039,4.77749233009177
1040,4.76538648092899
1041,4.488228343359202
1042,3.410016081551137
1043,3.339698181163131
1044,3.967163530800244
1045,4.6880109466728825
1046,4.1708944054647645
1047,3.763914907777921
1048,4.408192757693841
1049,4.496630801925017
1050,4.580622624843977
1051,4.817672190287481
1052,5.2551626175731725
1053,5.331126789144469
1054,5.210630851995135
1055,5.251395841878348
1056,5.122384371765509
1057,4.675729831520958
1058,4.650391186482961
1059,4.724759906612785
1060,4.15829159478005
1061,4.142522195768827
1062,4.506367333298877
1063,5.362096523031523
1064,5.378973326869563
1065,5.381973774462079
1066,5.607469669620602
1067,5.399491176990123
1068,5.826119201620861
1069,5.376957352715572
1070,4.9904757595235605
1071,4.942649782243014
1072,5.074145791943585
1073,4.020972993070404
1074,4.037818504498314
1075,4.060764818232876
1076,3.271409250175439
1077,3.2283867130187494
1078,3.288508591841266
1079,2.8375767987729006
1080,2.3874106064176503
1081,2.2374667319365216
1082,2.4910916996589316
1083,2.6306910609388723
1084,2.515185040699963
1085,2.665586583111468
1086,2.607657215944048
1087,2.3684725146446706
1088,2.2479991018190093
1089,1.996412504167644
1090,1.445891732411675
1091,1.8319276069550083
1092,1.2545606741654503
1093,1.9941832228877576
1094,2.041002958266369
1095,2.310893493849009
1096,0.0959699430858052
1097,-0.9319698558627354
1098,-0.5540613434143582
1099,-0.7159655928567821
1100,-1.0880069294787353
1101,-0.9689409894465206
1102,-1.204301267286323
1103,-1.5429916505238617
1104,-1.5649962339941537
1105,-1.9247911784786687
1106,-2.534179612011589
1107,-2.9771776035496744
1108,-2.7547762237678963
1109,-2.8110563142150102
1110,-2.0305904262513663
1111,-2.005962779570303
1112,-0.7604536301188958
1113,-1.241839583187021
1114,0.020345641079000387
1115,-0.5179383774537638
1116,-0.6282258876166624
1117,-0.008198278337279152
1118,0.32024904080369954
1119,0.6968869465318939
1120,0.6701421802893348
1121,0.7355479351211613
1122,0.30719604786466626
1123,0.697290941337414
1124,0.7374325290513628
1125,1.0285108199028725
1126,1.1149038148054347
1127,1.370316485041645
1128,1.6252553519339408
1129,1.4393373488334804
1130,0.8830111888545655
1131,1.0459861465408338
1132,1.1354047285549562
1133,1.2732175446325211
1134,0.9324774442573514
1135,0.9395684159702045
1136,0.6683392871566829
1137,0.5888271108855703
1138,0.39137494217649227
1139,0.18763607879574984
1140,-0.45409598900820747
1141,0.11509720467921536
1142,0.42832200947244825
1143,-0.02079725945041133
1144,-0.04973439712874228
1145,-0.26075432086528627
1146,-0.35794677419381804
1147,-0.49032027256052935
1148,-1.0759587077716737
1149,-1.2556815468809268
1150,-1.726183256116931
1151,-1.7081281353214295
1152,-1.8044164371753713
1153,-0.7465427713032158
1154,-1.2410739919004654
1155,-1.4691479968828247
1156,-1.2490976601067794
1157,-1.5802844160830443
1158,-1.6340589271537254
1159,-1.60237708579416
1160,-1.0572662584097836
1161,-0.039957482222552354
1162,0.20282956771728866
1163,-0.45362356385018066
1164,-1.327502361351074
1165,-0.7875815557708554
1166,-0.7168566711878155
1167,-0.7517568495379989
1168,-0.5881673572979085
1169,-0.5550406224945514
1170,-0.9305579369064065
1171,-0.8624906839619917
1172,-0.5809445000705016
1173,-1.186329862584401
1174,-0.8154668876317106
1175,-0.5634822174876541
1176,0.48953954145321
1177,0.4833836210478948
1178,0.2508060242448318
1179,0.7939273616942577
1180,-1.0303723864869885
1181,-1.1938429241230675
1182,-0.547550469646696
1183,-0.42217191329219084
1184,-0.8701243836576111
1185,-1.3742917923465825
1186,-0.46882498326149546
1187,0.0036047603251931903
1188,-1.058212898935229
1189,-0.5070378494590577
1190,-1.4662757452030606
1191,-2.428628710723313
1192,-2.2132995401160427
1193,-2.210688966284735
1194,-3.415776349818833
1195,-3.893288253287941
1196,-3.7957076880196783
1197,-1.858988113450022
1198,-1.6806882943970147
1199,-1.7116556797038385
1200,-0.6342284551280497
1201,-0.5680772304013648
1202,-0.6668844900194926
1203,-1.2158011609413322
1204,-1.016227179943252
1205,-1.2388260111075966
1206,-0.8490616290748987
1207,-0.9741889417618332
1208,-1.4447605651599416
1209,-1.18519828636946
1210,-1.571075659262866
1211,-1.383595598308407
1212,-1.3862068179362086
1213,-0.577946203295443
1214,0.16930082277744063
1215,-0.2636213835089718
1216,-0.40944293878022453
1217,-0.2059845714628583
1218,-0.1616096724739946
1219,-1.0002049657024004
1220,-1.4894594015235296
1221,-1.7428312618144925
1222,-1.9495080042174595
1223,-2.4770007190095034
1224,-2.5221438902304216
1225,-0.7379134793394804
1226,-0.40045899377397776
1227,0.3760030050730778
1228,1.1059713571516916
1229,1.283579275214386
1230,0.8213064130873082
1231,0.6912311919186287
1232,0.8634350375193112
1233,0.9061809912725538
1234,0.2729413667521774
1235,0.33015141315706487
1236,0.9586893438445543
1237,1.061018184181517
1238,0.7208566633656099
1239,0.7192453964273371
1240,0.9858181083116868
1241,1.4908973052055075
1242,1.3377910498317602
1243,1.4966057413920542
1244,1.8401468007670507
1245,2.080897539728488
1246,2.3323108228371803
1247,2.4766800249960808
1248,2.5271603611493942
1249,2.5883908670522926
1250,2.3616805976182764
1251,1.7654133595477184
1252,1.7499067728684814
