,Portfolio Value
0,11957.53429958662
1,11956.147131670237
2,11946.892850344066
3,11973.192007658112
4,11917.708618898314
5,11786.348799226726
6,11787.173738583388
7,11747.080349258207
8,11738.644470773444
9,11757.491927643072
10,11780.595397286716
11,11873.925466555636
12,11884.187662430006
13,11879.222380375108
14,11873.76107541823
15,11874.013416083837
16,11816.57258442439
17,11810.600698448014
18,11794.686503997997
19,11799.414079571448
20,11808.905948767428
21,11849.247786819582
22,11881.065421697565
23,11856.155713642183
24,11861.967324318846
25,11899.078880371759
26,11861.48161237974
27,11850.699046875881
28,11858.33599295562
29,11849.94342776007
30,11843.757545084543
31,11841.819065145753
32,11852.389914438552
33,11833.208459484376
34,11846.454389361621
35,11821.215574978558
36,11828.852536027407
37,11821.831839719001
38,11824.588085475953
39,11859.889568128674
40,11869.683961572171
41,11896.310692766214
42,11866.704320342411
43,11843.879293345837
44,11811.879440866269
45,11760.528103059658
46,11761.71538387708
47,11776.269801066494
48,11780.10871279651
49,11755.01711220511
50,11905.847510138898
51,11904.848587370296
52,11958.523879791523
53,11992.046296646287
54,11992.921793517531
55,11971.113523552664
56,11969.935953537868
57,11988.63627373016
58,11995.628141034755
59,11988.107960289757
60,11999.215759061692
61,12001.789342745957
62,11984.925396854644
63,12006.242816993154
64,12050.34257842164
65,12067.541573236904
66,12059.275633540827
67,12058.968386231896
68,12050.474255386758
69,12041.887686615088
70,11957.692379920363
71,11963.53258330638
72,12012.0197669501
73,12015.893302121473
74,12046.889836140646
75,12057.98852650833
76,12060.386512895002
77,12072.641566970891
78,12063.462476650744
79,12062.670580818072
80,11968.381709898942
81,11980.546224233389
82,11983.931663609408
83,11944.127749888776
84,11921.757616462908
85,11921.665960426102
86,11939.7732799935
87,11917.756107406296
88,11879.55278215348
89,11890.225426789859
90,11892.3621708599
91,11910.14982598512
92,11889.718049845247
93,11892.192081398594
94,11909.962525645342
95,12070.235766011525
96,12069.821791061813
97,12049.641412457593
98,12056.528793424835
99,12052.109532705346
100,12049.204933479214
101,12023.582381094597
102,12045.02959619606
103,12053.917638290543
104,12049.173908577402
105,12042.55105620095
106,12032.583423252176
107,12023.114883744594
108,12067.043286043598
109,12070.677274197016
110,12062.538835002775
111,12039.158469886139
112,12044.36297921315
113,12110.60064266794
114,12108.657206344653
115,12122.00357404485
116,12157.698134893248
117,12157.168653873507
118,12136.338656040483
119,12110.810726462294
120,12050.541480557886
121,12023.211353591092
122,12005.569438262773
123,12030.090684113757
124,11998.872880469575
125,11962.288507030917
126,11903.85908218805
127,11876.167780088135
128,11962.900828147755
129,11978.082939397123
130,11991.663715321332
131,11971.301867583445
132,11890.648658453976
133,11972.345465777045
134,12069.294033687209
135,12043.39273575446
136,12064.726071632576
137,12081.285970430541
138,12089.170696556266
139,12054.959182409002
140,11999.042002598786
141,11895.659531626456
142,11906.997044851623
143,11914.24937562788
144,11918.600984246223
145,11904.390376151712
146,11899.595625128472
147,11889.880858418923
148,11891.328694853899
149,11894.812691652332
150,11903.857897198244
151,11856.96650631931
152,11823.811925885322
153,11836.1170963629
154,11860.071563058105
155,11903.194801888792
156,11880.350574448275
157,11850.743141687415
158,11810.075824600817
159,11770.091063329246
160,11701.455341701114
161,11673.87205906926
162,11785.271343179878
163,11927.586025469567
164,11924.328617759777
165,11914.220858417282
166,11875.142355868176
167,11873.896773292967
168,11888.73051378232
169,11832.96422397433
170,11848.447038510936
171,11877.641980268803
172,11863.458385407906
173,11864.872223758637
174,11840.180334069839
175,11843.16604389207
176,11900.781818800908
177,11900.097020194527
178,11869.730988370646
179,11853.483266094347
180,11820.367940188364
181,11843.371000773821
182,11818.054551394664
183,11835.574144598222
184,11820.072381176493
185,11834.428302979384
186,11846.057082673662
187,11831.16194537617
188,11980.036746528614
189,12009.998000350668
190,12027.972679598051
191,12044.34727116559
192,12028.522128555704
193,12060.348596342348
194,12089.682279501345
195,12115.081957405415
196,12095.097295110963
197,12107.107052152081
198,12110.409159239754
199,12135.227051506357
200,12132.070131710412
201,12080.334249360445
202,12051.115062718121
203,12124.302259901164
204,12171.13183998649
205,12209.29300143916
206,12285.476166717152
207,12214.57221926598
208,12457.264865252779
209,12485.965739563982
210,12466.998649190735
211,12460.782232997983
212,12470.380728582039
213,12473.005314589947
214,12465.447283989704
215,12498.616253850216
216,12501.039108281513
217,12482.851600205837
218,12390.661707146259
219,12413.369101309236
220,12397.307891516324
221,12466.31400962111
222,12517.64802512399
223,12508.722627175444
224,12640.087842882022
225,12622.202300697205
226,12614.214179846338
227,12647.67761520874
228,12673.810788127928
229,12675.08806216201
230,12686.947001992563
231,12679.287174163203
232,12668.661251019901
233,12665.269731787732
234,12630.127632152697
235,12627.256814016931
236,12609.860144532742
237,12543.402224982492
238,12511.354340234235
239,12540.61586938429
240,12545.648179471402
241,12528.574146996101
242,12468.449183258095
243,12526.229937322456
244,12554.203299699366
245,12655.36870510852
246,12644.008489736672
247,12639.904997714842
248,12653.53981537922
249,12619.057688324268
250,12594.163825925414
251,12583.309740119825
252,12583.48362657345
253,12546.510225317388
254,12501.79129750002
255,12476.811047826337
256,12506.52672185102
257,12499.703908671794
258,12401.860883432844
259,12394.623090375397
260,12299.531830680704
261,12320.114367794244
262,12282.273832370418
263,12325.704450907517
264,12336.743167021761
265,12297.621221427398
266,12305.999025763002
267,12186.43956072646
268,12180.810617460174
269,12227.287031287899
270,12219.579938378505
271,12125.38675442896
272,12091.145547141454
273,12104.677964226701
274,12007.653425563396
275,11969.931325344267
276,11933.069593469028
277,12037.7027789422
278,12024.35582798947
279,12053.254055363139
280,12142.95357348706
281,12158.661786468376
282,12253.953274502313
283,12273.836274505096
284,12317.881838686892
285,12282.25329555636
286,12281.831021058235
287,12260.664928441856
288,12421.273958902197
289,12421.047785322458
290,12504.684504058658
291,12527.21512938412
292,12545.029004989148
293,12565.505550764337
294,12560.76198184093
295,12540.960174609974
296,12561.174258850719
297,12556.248390890374
298,12586.277863995505
299,12581.729360864232
300,12577.61884444939
301,12600.371363130766
302,12599.259414832874
303,12626.47607305415
304,12623.70694508794
305,12638.133906001782
306,12597.040589548295
307,12581.975562619238
308,12582.337795686535
309,12627.591770865385
310,12632.85615291462
311,12628.288625610641
312,12618.567385923441
313,12604.188232562517
314,12525.564928671332
315,12527.301074483465
316,12494.377441404486
317,12604.000937738288
318,12637.482063403428
319,12684.367260730074
320,12807.051207118198
321,12813.445249867218
322,12828.68705922237
323,12806.365207565595
324,12870.18520161135
325,12869.004862443611
326,12854.585076058716
327,12847.872027892769
328,12850.984024533307
329,12851.651887980439
330,12843.280912575086
331,12833.638173377993
332,12892.974155246751
333,12845.086584184943
334,12795.873181240186
335,12831.005099448106
336,12821.031174983067
337,12777.313657324687
338,12755.430590644608
339,12739.639855539059
340,12712.674559878651
341,12692.772153589498
342,12764.505249296044
343,12869.594750186869
344,12919.39699645526
345,12898.603173677157
346,12824.816740477832
347,12854.519041983258
348,12846.536246430573
349,12876.027879414438
350,12880.65977166947
351,12925.169350882978
352,12985.036366147955
353,12959.131481193155
354,12934.1288344837
355,12949.226507498433
356,12942.320232338887
357,12951.674555699927
358,12938.170755681756
359,12927.283533785832
360,12926.99712919155
361,12851.032342180048
362,12853.32448479747
363,12827.259299798074
364,12827.945592362274
365,12806.060956050876
366,12847.549824613523
367,12935.027569387092
368,12941.64761535273
369,12955.73720741918
370,12980.933174331509
371,12866.91421534491
372,12845.544671209927
373,12935.492798335888
374,12999.572653036796
375,13090.125762405083
376,13153.307184045541
377,13111.351870506804
378,12995.159153930637
379,13012.25792509662
380,12979.767713938934
381,13140.575374104583
382,13129.684224830737
383,13123.480640723832
384,13121.182323836838
385,13119.133481462328
386,13115.067101460956
387,13093.666109642929
388,13083.689044921855
389,13052.708592804389
390,13040.541729303335
391,13032.02498463232
392,13025.278928907845
393,13048.22348538425
394,13090.525481307292
395,13085.234738540998
396,13083.883999600852
397,13070.627437889936
398,13075.997482883167
399,13080.970508457363
400,13129.1630371474
401,13122.439990564073
402,13150.750039204195
403,13160.727549247986
404,13188.58381504119
405,13174.247414505035
406,13175.877618153387
407,13173.739691958162
408,13123.422695633435
409,13136.076926987807
410,13129.078924925512
411,13100.404059906861
412,13108.115546766197
413,13080.354856011349
414,13094.719779580078
415,13105.198323221128
416,13104.440388004163
417,13107.173141159865
418,13052.738064782374
419,13063.161403198037
420,13070.041695459351
421,13110.906549023512
422,13132.512069455679
423,13124.562671009808
424,13010.88129400312
425,13011.544734583314
426,12987.64237601266
427,12985.655715083047
428,13030.325462289651
429,13005.010990801284
430,13006.700443500793
431,13003.883515242676
432,13046.06802153223
433,13083.069253574264
434,13062.534634493162
435,13041.681507127796
436,13045.515223533457
437,13043.26894775369
438,13019.809248292297
439,13075.715175325528
440,13075.90189783359
441,13089.075506328474
442,13089.119854348834
443,13052.96069364819
444,13046.361868382288
445,13058.854591434367
446,13035.238331378358
447,13033.406497944208
448,13026.670740511663
449,13020.50748309051
450,12979.907270614603
451,13001.545759264249
452,12985.786947743527
453,12984.895038725368
454,12992.888766670205
455,13041.00660013069
456,13022.620000861645
457,12966.129638435244
458,12888.201395163744
459,12900.413061511472
460,12873.998237727486
461,12838.068766512886
462,12754.602053833703
463,12752.858207686993
464,12737.251543405788
465,12844.19918678286
466,12825.862953388274
467,12789.394794769016
468,12781.69345632387
469,12761.019553209002
470,12748.95471775516
471,12742.086674723276
472,12761.880548545858
473,12766.36052294955
474,12762.499989097078
475,12812.711540466817
476,12839.332218902824
477,12856.742519141528
478,12842.190598782903
479,12837.154693975808
480,12855.65356337749
481,12839.555528754798
482,12833.324607363871
483,12805.90594593276
484,12845.359246348398
485,12851.496297396485
486,12882.626313060897
487,12867.135004049534
488,12882.869642005411
489,12844.060756915083
490,12878.010906974581
491,12871.590584817939
492,12842.210599847409
493,12825.93494977568
494,12821.82795865347
495,12848.926733577438
496,12836.279837673823
497,12826.487683807436
498,12868.99108027409
499,12879.923247730225
500,12845.584579733655
501,12852.693400362223
502,12841.333397333898
503,12893.438578887526
504,12982.955882057353
505,12999.016218310238
506,12980.005450090106
507,13010.696820775685
508,13074.184029742944
509,13069.32446048258
510,13098.788779899098
511,13108.594663106049
512,13111.553026413458
513,13106.423258899267
514,13102.996221506353
515,13126.201534199645
516,13118.393314939836
517,13117.829420068614
518,13111.504837251383
519,13136.476530551621
520,13123.757028467307
521,13135.869518449552
522,13158.261833433073
523,13144.56562783982
524,13153.193760260418
525,13170.941513136875
526,13163.369177154165
527,13174.426518452965
528,13230.437017410777
529,13238.833832282391
530,13251.42791857884
531,13278.40242711165
532,13289.095960463472
533,13297.746790304642
534,13315.271824412985
535,13303.46796046754
536,13347.150414667823
537,13349.915692216571
538,13343.41996273545
539,13163.140490700165
540,13142.989921715702
541,13155.320045888951
542,13173.862645141442
543,13143.931194065279
544,13148.524440332716
545,13147.47840874751
546,13125.335287531865
547,13127.061046012352
548,13124.215597246364
549,13122.177275802505
550,13126.064865119337
551,13128.421575165032
552,13129.742269091737
553,13173.983133882606
554,13190.359017841876
555,13185.409511265416
556,13158.088229208752
557,13142.060090913448
558,13140.617350376155
559,13136.716122892598
560,13125.838906914794
561,13127.969711770933
562,13140.069649740948
563,13144.420575782548
564,13148.347548113969
565,13164.33611303913
566,13158.731839227881
567,13140.267030384219
568,13080.612568920187
569,13049.672071362183
570,13056.021307354584
571,13036.876352594298
572,13033.076842491973
573,13079.637611855549
574,13100.295636084851
575,13109.267671556092
576,13149.496156584542
577,13152.067958822641
578,13144.835829441581
579,13167.224746416452
580,13264.705247196318
581,13260.948946761207
582,13258.38487459554
583,13224.897540444996
584,13222.013195072404
585,13227.255015892162
586,13257.220606986775
587,13207.14293261969
588,13223.639519897017
589,13224.789305005323
590,13277.780068128652
591,13263.971495260503
592,13319.007454179886
593,13351.43955565167
594,13348.761398288316
595,13447.487764316607
596,13391.184213686407
597,13371.965813949568
598,13456.548691762919
599,13501.941057711207
600,13503.199701357358
601,13489.264263240664
602,13496.004281398247
603,13531.884454355752
604,13526.340785146096
605,13490.605436670781
606,13495.597497974475
607,13496.647088371197
608,13494.462209696423
609,13488.076382477897
610,13500.080564243275
611,13448.573303205108
612,13381.979395259472
613,13374.238705042451
614,13384.076938269785
615,13382.393059846427
616,13378.935121402912
617,13347.813198326985
618,13356.045411265155
619,13358.38960356467
620,13344.006641751455
621,13375.526433492925
622,13376.923893388088
623,13392.707675138925
624,13372.094641463127
625,13381.548486145923
626,13399.317302757847
627,13420.6603508141
628,13432.859011556153
629,13475.193559686964
630,13456.419724883694
631,13446.594101990351
632,13469.952605278711
633,13493.912176799968
634,13508.849199418793
635,13528.393724409238
636,13543.441516524537
637,13556.018491958259
638,13542.550511148676
639,13548.61082423229
640,13535.393507431027
641,13602.829860630069
642,13598.869055967827
643,13583.363240452672
644,13603.755379601527
645,13603.63326204066
646,13676.077503870538
647,13701.539572579775
648,13700.360486618578
649,13696.011201920408
650,13761.835696990118
651,13741.87724396424
652,13764.701503710348
653,13755.007363538902
654,13773.94349985733
655,13770.543975724702
656,13772.556604512216
657,13780.986967928566
658,13781.15714296121
659,13782.092575517165
660,13762.985770319374
661,13704.230648195153
662,13684.022763847388
663,13702.167305608884
664,13682.259743369274
665,13714.755857323922
666,13743.739639429778
667,13728.607918795173
668,13726.917046562045
669,13771.786422338755
670,13804.235557266227
671,13894.623056829952
672,13875.432451941915
673,13867.421781762965
674,13918.298168932115
675,13928.372339718493
676,13957.138930994659
677,13977.062345218032
678,13961.46489280216
679,14003.680356003582
680,13994.930240613585
681,14021.570351445644
682,14013.072677891007
683,13992.914023403344
684,13995.932999657494
685,14002.834372009867
686,13996.054791034547
687,13959.824264443134
688,13954.9798544478
689,13957.861928075177
690,13976.714682537047
691,13979.040212509051
692,13978.842033718012
693,13963.696965279709
694,13958.645202552321
695,13944.150810735548
696,13984.97394246169
697,14067.655179233108
698,14068.711954213146
699,14059.173286305166
700,14070.889652288597
701,14138.495218110038
702,14129.935803069839
703,14131.051647184166
704,14099.703138813284
705,14104.675720193269
706,14129.9047395891
707,14122.517460110448
708,14096.756326970462
709,14097.061770004673
710,13994.76895641994
711,13981.84041231933
712,14040.844193903793
713,14056.147385112194
714,14038.962292821832
715,14037.151289717585
716,14062.82125998963
717,14048.511242365767
718,14024.951144075876
719,14008.564783732974
720,14001.947521742526
721,13988.221772073824
722,13978.459149695407
723,13931.133157069848
724,13981.481559638549
725,13986.102849980796
726,14001.154262497132
727,14017.570653479826
728,14057.536662522214
729,14038.48303683955
730,14025.42457727746
731,14009.396224622393
732,14056.392153137469
733,14050.142531057027
734,14038.20049725732
735,14051.989200234708
736,14039.690317841745
737,14052.52810042171
738,14098.277642224699
739,14080.293965612665
740,14088.248485985181
741,14057.575177505994
742,14050.327018474934
743,14039.428757158035
744,14114.774084750341
745,14068.149320979886
746,14063.212125897111
747,14115.366566511142
748,14147.972134581289
749,14139.553351656139
750,14131.373635169093
751,14136.451705246142
752,14151.51816764487
753,14240.089306690577
754,14246.634528063174
755,14260.129833903511
756,14269.187180217225
757,14300.999971070305
758,14320.701292361653
759,14304.40295671717
760,14316.727749806743
761,14336.493197371214
762,14277.307228917443
763,14264.91727876191
764,14258.448439123042
765,14255.580393956503
766,14265.693254064423
767,14308.104677678068
768,14293.832140015242
769,14245.324370702874
770,14299.921668407938
771,14279.460447277044
772,14197.22339940221
773,14260.956681458876
774,14252.954738921408
775,14177.83406856375
776,14083.015382989886
777,14102.590162424494
778,14126.07244704908
779,14025.122165321274
780,13967.596577827962
781,14056.335152540589
782,14065.19610587549
783,14151.64427661321
784,14155.784836836054
785,14145.740076892762
786,14131.754914262488
787,14150.61226323472
788,14090.243387383001
789,14109.689483380987
790,14111.970093301154
791,14093.38229074028
792,14072.12502583514
793,14058.718899929043
794,14057.306921403813
795,14110.321442525124
796,14135.702941361369
797,14129.491996574172
798,14131.754565324301
799,14187.13099546061
800,14219.073337951706
801,14203.100959918496
802,14220.300718043094
803,14241.258061705463
804,14212.36246046118
805,14191.085364757659
806,14147.775939489055
807,14355.05355498858
808,14223.689461188445
809,14051.676948701432
810,14079.303178098295
811,14041.557907045271
812,13985.958581162451
813,14005.184526888575
814,13978.677265669128
815,13942.9513974294
816,13945.485047659717
817,13949.223105269806
818,13931.584956946775
819,14006.453518096921
820,13940.261689347104
821,13917.53543503565
822,13919.30227287499
823,13927.90897680437
824,13953.645612260758
825,13969.572701723888
826,13980.46327441749
827,13976.493711777506
828,13956.860155816119
829,13942.839823218541
830,13978.424186443235
831,13978.424186443235
832,14028.007102520158
833,14074.551504815361
834,14069.020962263847
835,14069.859266476107
836,14033.993655433631
837,14037.019035910474
838,14037.11057492185
839,14048.066160935738
840,14061.26589753809
841,14129.98885279691
842,14162.282514248225
843,14176.666783815032
844,14160.036765994842
845,14130.10643848238
846,14115.665019407992
847,14098.708803278325
848,14042.00129960665
849,13926.195816842617
850,13947.33714041514
851,13938.609564854545
852,13924.857173817561
853,13972.299374913668
854,13952.286367966793
855,13934.187955059431
856,13950.88217052802
857,13996.390544112484
858,14094.920928508896
859,14090.017110966524
860,14060.636616955673
861,14059.421292487075
862,14078.78398542973
863,14104.276297623903
864,14082.424143809321
865,14092.05434051478
866,14100.637700663452
867,14083.417573072406
868,14083.435011596182
869,13932.306221154005
870,13947.87139361338
871,13926.424010920502
872,13919.966038822538
873,13853.902465648365
874,13857.832443533494
875,13814.572331841675
876,13762.743306134787
877,13775.301965822333
878,13803.153717495816
879,13823.521589926615
880,13824.195457542875
881,13865.919655660204
882,13949.647042352071
883,13935.121531350314
884,13939.90936728224
885,14084.360119339603
886,14076.88186257918
887,14083.29986883122
888,14112.265842173469
889,14111.04195206748
890,14084.421334131986
891,14078.238466828845
892,14078.222053262776
893,14058.041978009018
894,14175.516601792406
895,14157.33812443536
896,14138.442614301588
897,14130.662972270708
898,14107.684259525993
899,13831.03019870573
900,13841.750054053207
901,13848.500444338515
902,13842.892842621603
903,13822.224376443435
904,13824.433864691016
905,13810.073584076388
906,13773.94426452732
907,13730.673429620329
908,13740.429042370777
909,13717.169353727691
910,13727.56911569601
911,13754.468942781741
912,13735.700020242855
913,13734.76399367301
914,13731.14145700333
915,13701.997212489532
916,13772.582829744364
917,13789.736906881359
918,13733.954009937166
919,13740.758708924399
920,13735.148283124687
921,13768.095282098588
922,13754.929104787156
923,13717.295418397458
924,13723.770783742319
925,13750.657190636726
926,13738.086277275776
927,13751.008829742064
928,13780.278484423337
929,13807.941892461478
930,13783.062650687389
931,13773.097632272258
932,13857.466856509309
933,13890.498828552856
934,13890.552671734336
935,13842.170101008704
936,13833.817846452801
937,13792.422839908919
938,13806.764531877905
939,13798.068078274286
940,13764.675711941112
941,13704.804255743551
942,13695.280779892804
943,13666.910283429368
944,13652.611093291793
945,13614.05010110606
946,13588.900847246365
947,13549.643717653116
948,13575.951528500067
949,13652.635377486331
950,13641.223831598376
951,13671.879586209416
952,13668.784872203554
953,13636.72494539677
954,13658.800140983198
955,13645.12046774612
956,13567.41467159399
957,13551.643706434948
958,13546.199805623803
959,13538.519246118587
960,13504.575744835818
961,13525.984035474858
962,13584.67024646462
963,13811.09890496104
964,13752.414629222507
965,13729.748592475167
966,13761.548511099909
967,13791.436663009974
968,13737.294502030421
969,13719.204988006659
970,13678.323337727536
971,13686.982574415428
972,13713.182539006903
973,13742.363406716986
974,13787.632880787944
975,13791.762541005271
976,13745.456071359084
977,13798.8614148639
978,13782.088453166323
979,13807.75074716743
980,13792.4670259274
981,13822.873350115009
982,13778.532734041752
983,13828.407639103705
984,13851.255913777453
985,13811.17342120439
986,13803.610799664246
987,13781.080595373602
988,13776.971814605791
989,13781.823173287523
990,13868.542812276217
991,13866.245731269933
992,13830.040096947336
993,13891.07622602047
994,13969.221257262838
995,13888.457245155341
996,13867.245693208464
997,13856.492637804602
998,13845.74384526842
999,13882.617630451703
1000,13855.429234365805
1001,13999.913936252078
1002,14026.804677290042
1003,13940.845447612406
1004,14054.542379549719
1005,14083.536316402668
1006,14093.705673341223
1007,14143.800054833886
1008,14163.454025644849
1009,14116.724946698878
1010,14143.175079089933
1011,14144.159157024425
1012,14149.38180599754
1013,14114.575680295125
1014,14132.83007826414
1015,14114.697566389246
1016,14024.508607180189
1017,14024.919040321458
1018,14038.700856631967
1019,14028.43138487445
1020,13985.450455050708
1021,14048.129243603096
1022,14052.269090652859
1023,14049.440133218655
1024,14049.855144661542
1025,14050.603884200531
1026,14044.711747871514
1027,14015.991640031714
1028,14029.213828852287
1029,14024.353444306516
1030,14031.823756374575
1031,14089.067138662584
1032,14088.094992506449
1033,14030.725862926902
1034,14034.200235247972
1035,13999.823925937273
1036,14060.464686403564
1037,14019.860317092482
1038,13941.454663061208
1039,13939.372449359169
1040,13930.775918170431
1041,13924.235537252254
1042,13890.22743631524
1043,13868.140489667287
1044,13925.208071510944
1045,13977.7414734155
1046,13952.859280943858
1047,13835.414653950527
1048,13854.404139460537
1049,13856.484013559842
1050,13860.667717288467
1051,13860.810084215902
1052,13881.355424165286
1053,13886.837296389567
1054,13850.396431084198
1055,13846.396814205105
1056,13852.789530545855
1057,13811.124121405493
1058,13807.756859038427
1059,13820.742837564883
1060,13790.527717288021
1061,13792.811916264976
1062,13811.732663842688
1063,13841.151468213939
1064,13851.377711210094
1065,13856.485360355695
1066,13884.810709386382
1067,13921.207075348537
1068,13933.694329308328
1069,13920.676884655539
1070,13912.623755800849
1071,13920.634149043559
1072,13922.864189761993
1073,13917.9126808058
1074,13929.790970383001
1075,13944.547077080008
1076,13926.05756719171
1077,13920.653704427297
1078,13933.2891290964
1079,13870.604823279078
1080,13848.426105766392
1081,13832.878626777874
1082,13840.984564869208
1083,13848.035008024668
1084,13832.975006278626
1085,13851.150803396878
1086,13789.052504610767
1087,13757.777958570085
1088,13721.761349144348
1089,13707.184807149197
1090,13660.309579406401
1091,13667.401296932894
1092,13566.61929827712
1093,13604.31491632534
1094,13611.516928231598
1095,13624.084024149555
1096,13396.52237478002
1097,13367.121993299175
1098,13365.377348823591
1099,13389.123934767527
1100,13283.475516383774
1101,13285.408520133175
1102,13266.552719034582
1103,13230.812444477215
1104,13198.81927265656
1105,13232.366701585564
1106,13211.204928072544
1107,13021.080223956515
1108,13000.443538607304
1109,12993.974207893629
1110,13051.05619626293
1111,13090.869908572378
1112,13078.808226480402
1113,12989.36169083562
1114,13019.656095311237
1115,12974.11425254766
1116,12979.358383768511
1117,13018.479097411779
1118,13030.184304535504
1119,13052.331773052425
1120,13044.721926066644
1121,13049.271940169187
1122,13041.878518255962
1123,13062.046523547135
1124,13060.985589008513
1125,13068.145838287957
1126,13078.704854460713
1127,13086.848255745575
1128,13087.561130399585
1129,13091.743752472894
1130,13085.791530847804
1131,13076.704117378806
1132,13084.959292665968
1133,13088.285530906178
1134,13065.65981556245
1135,13077.248732197491
1136,13068.637220857217
1137,13055.248790045776
1138,13047.667462169975
1139,13042.77076959247
1140,12962.964371994198
1141,12967.035833864233
1142,13003.912369118347
1143,12994.387541763
1144,12994.15554602004
1145,12985.706083341947
1146,12977.487249568945
1147,12941.62590107311
1148,12898.638676849636
1149,12874.201638051607
1150,12718.963662565133
1151,12715.954444527288
1152,12713.958767352407
1153,12757.201702176359
1154,12731.446512240558
1155,12692.760101500808
1156,12720.849196865596
1157,12699.946754020859
1158,12700.133475673514
1159,12760.203005228921
1160,12842.079579214753
1161,12846.387834407991
1162,12848.680694737179
1163,12838.070661320186
1164,12711.46522818453
1165,12766.874892581425
1166,12776.789094070944
1167,12779.587740583924
1168,12781.725791750177
1169,12807.531986659606
1170,12770.120856039237
1171,12784.085283495875
1172,12814.552822834123
1173,12792.172716417892
1174,12823.401292667932
1175,12867.618752879798
1176,12900.317167228091
1177,12910.19201336788
1178,12901.103588028762
1179,12918.250857917154
1180,12858.718231790896
1181,12843.94041406517
1182,12932.718625556488
1183,12939.487851515276
1184,12885.397327280738
1185,12858.289526733102
1186,12890.138634703886
1187,12942.027086390553
1188,12916.302114874712
1189,12945.704858260966
1190,12885.698957644416
1191,12850.085969328125
1192,12872.520508603693
1193,12870.311695193279
1194,12865.958118715258
1195,12822.96580119483
1196,12859.173281252468
1197,12943.368011862196
1198,12986.25845589607
1199,12995.6325325366
1200,13057.436347761828
1201,13067.88334972085
1202,13064.437438029967
1203,13032.640333719895
1204,13036.064689805435
1205,13024.211865528516
1206,13042.293623587258
1207,12956.594253817346
1208,12936.59109630635
1209,12944.322740381676
1210,12931.751380710673
1211,12940.832168681492
1212,12949.785330451929
1213,13013.29984849428
1214,13062.905779275552
1215,12996.42314268774
1216,12990.278916541021
1217,13225.980985150036
1218,13265.42573701534
1219,13181.150608202066
1220,13171.044761200437
1221,13144.296494131353
1222,13138.787454902862
1223,13104.23798355092
1224,13104.435301507774
1225,13162.117406900998
1226,13184.5414490729
1227,13221.19129071946
1228,13232.756617189669
1229,13257.765940336883
1230,13221.012397948372
1231,13221.642110661507
1232,13254.832620932328
1233,13313.288709867744
1234,13255.8177398113
1235,13255.80209394865
1236,13284.529196098943
1237,13286.631443080018
1238,13267.338493836392
1239,13265.735400843809
1240,13304.860003555872
1241,13388.671852545978
1242,13363.833669336895
1243,13429.44596740451
1244,13434.394582541387
1245,13466.572873820634
1246,13482.837750562374
1247,13492.624062900291
1248,13425.953061960703
1249,13428.630052758495
1250,13423.828867087665
1251,13395.427080941321
1252,13396.412542713522
