,Profitloss
0,-0.3538808367781754
1,-0.36544056941468783
2,-0.44255958046611754
3,-0.22339993618240017
4,-0.6857615091807157
5,-1.7804266731106244
6,-1.7735521784717712
7,-2.1076637561816103
8,-2.177962743554629
9,-2.020900602974396
10,-1.828371689277375
11,-1.050621112036365
12,-0.965102813083285
13,-1.0064801635407683
14,-1.0519910381814213
15,-1.0498881993013631
16,-1.5285617964634235
17,-1.5783275129332197
18,-1.7109458000166944
19,-1.6715493369045986
20,-1.592450426938108
21,-1.2562684431701499
22,-0.9911214858536188
23,-1.1987023863151425
24,-1.150272297342947
25,-0.8410093302353427
26,-1.1543198968354873
27,-1.2441746093676542
28,-1.180533392036498
29,-1.250471435332745
30,-1.3020204576288053
31,-1.318174457118726
32,-1.2300840463453921
33,-1.3899295042968607
34,-1.279546755319827
35,-1.489870208512012
36,-1.4262288664382727
37,-1.4847346690083252
38,-1.461765954367067
39,-1.1675869322610555
40,-1.0859669868985788
41,-0.8640775602815509
42,-1.1107973304799068
43,-1.3010058887846898
44,-1.5676713261144282
45,-1.9955991411695129
46,-1.9857051343576737
47,-1.8644183244458823
48,-1.8324273933624236
49,-2.041524064957412
50,-0.7846040821758549
51,-0.7929284385808644
52,-0.3456343350706437
53,-0.0662808612809429
54,-0.05898505402057719
55,-0.24072063706114255
56,-0.2505337205177649
57,-0.09469771891532641
58,-0.03643215804370881
59,-0.09910033091868886
60,-0.006535341152569263
61,0.014911189549637882
62,-0.1256216928779752
63,0.052023474942952674
64,0.41952148684700763
65,0.5628464436408631
66,0.4939636128402203
67,0.49140321859912905
68,0.42061879488966003
69,0.34906405512573624
70,-0.3525635006636385
71,-0.30389513911349697
72,0.10016472458416192
73,0.13244418434561478
74,0.390748634505389
75,0.48323772090275163
76,0.5032209407916932
77,0.6053463914240886
78,0.5288539720895269
79,0.5222548401506044
80,-0.26348575084215176
81,-0.16211479805509077
82,-0.1339028032549372
83,-0.4656020842601971
84,-0.6520198628090945
85,-0.652783663115819
86,-0.5018893333874952
87,-0.6853657716141992
88,-1.0037268153876733
89,-0.9147881100845079
90,-0.8969819095008269
91,-0.7487514501240078
92,-0.9190162512896061
93,-0.8983993216783781
94,-0.7503122862888123
95,0.5852980500960392
96,0.5818482588484386
97,0.413678437146614
98,0.47107327854030157
99,0.43424610587787793
100,0.41004111232678664
101,0.19651984245496745
102,0.3752466349671746
103,0.4493136524211794
104,0.4097825714783454
105,0.3545921350079029
106,0.27152852710146114
107,0.19262403120494653
108,0.5586940503633064
109,0.588977284975134
110,0.5211569583564613
111,0.32632058238448725
112,0.3696914934429252
113,0.9216720222328334
114,0.9054767195387781
115,1.0166964503737441
116,1.3141511241103965
117,1.309738782279224
118,1.1361554670040297
119,0.923422720519107
120,0.42117900464904157
121,0.19342794659242823
122,0.04641198552310932
123,0.25075570094796884
124,-0.009392662753548997
125,-0.31426244140903004
126,-0.8011743150995843
127,-1.0319351659322074
128,-0.30915976543537393
129,-0.182642171690639
130,-0.06946903898890078
131,-0.2391511034712912
132,-0.9112611795501935
133,-0.2304544518579532
134,0.5774502807267323
135,0.3616061312871732
136,0.5393839302714643
137,0.6773830869211794
138,0.7430891379688775
139,0.45799318674168976
140,-0.007983311676784677
141,-0.8695039031128671
142,-0.7750246262364757
143,-0.7145885364343352
144,-0.6783251312814764
145,-0.7967468654023979
146,-0.8367031239294054
147,-0.9176595131756393
148,-0.9055942095508418
149,-0.8765609028972277
150,-0.8011841900146366
151,-1.191945780672421
152,-1.4682339509556441
153,-1.3656908636425102
154,-1.1660703078491208
155,-0.8067099842600678
156,-0.9970785462643739
157,-1.24380715260487
158,-1.5827014616598523
159,-1.9159078055896117
160,-2.487872152490722
161,-2.717732841089504
162,-1.7894054735010156
163,-0.6034497877536071
164,-0.6305948520018645
165,-0.7148261798559763
166,-1.0404803677651953
167,-1.0508602225586139
168,-0.9272457184806626
169,-1.3919648002139184
170,-1.2629413457421967
171,-1.0196501644266442
172,-1.1378467882674492
173,-1.1260648020113617
174,-1.3318305494180116
175,-1.3069496342327458
176,-0.8268181766591054
177,-0.8325248317122669
178,-1.0855750969112843
179,-1.220972782547114
180,-1.496933831763636
181,-1.3052416602181593
182,-1.5162120717111316
183,-1.3702154616814788
184,-1.499396823529231
185,-1.3797641418384687
186,-1.2828576443861484
187,-1.4069837885319125
188,-0.16636044559488194
189,0.08331666958889539
190,0.23310566331709026
191,0.3695605930465806
192,0.23768440463085572
193,0.5029049695195686
194,0.7473523291778639
195,0.95901631171178
196,0.7924774592580341
197,0.8925587679340152
198,0.9200763269979539
199,1.1268920958863005
200,1.100584430920093
201,0.6694520780037072
202,0.4259588559843541
203,1.035852165843032
204,1.4260986665540765
205,1.744108345326345
206,2.3789680559762605
207,1.7881018272164928
208,3.8105405437731665
209,4.04971449636653
210,3.8916554099228007
211,3.8398519416498633
212,3.9198394048503227
213,3.941710954916222
214,3.878727366580881
215,4.15513544875179
216,4.17532590234595
217,4.023763335048636
218,3.255514226218814
219,3.4447425109102925
220,3.3108990959693774
221,3.885950080175915
222,4.313733542699927
223,4.239355226462038
224,5.334065357350171
225,5.1850191724767125
226,5.1184514987194785
227,5.397313460072839
228,5.615089901066073
229,5.625733851350101
230,5.724558349938014
231,5.660726451360021
232,5.572177091832509
233,5.543914431564434
234,5.2510636012724765
235,5.22714011680776
236,5.08216787110618
237,4.528351874854097
238,4.261286168618628
239,4.505132244869081
240,4.5470681622616915
241,4.404784558300845
242,3.903743193817455
243,4.385249477687125
244,4.61836083082805
245,5.461405875904335
246,5.366737414472267
247,5.33254164762369
248,5.446165128160163
249,5.158814069368911
250,4.951365216045112
251,4.860914500998548
252,4.862363554778759
253,4.55425187764491
254,4.1815941458335
255,3.97342539855281
256,4.221056015425173
257,4.16419923893161
258,3.3488406952737027
259,3.288525753128302
260,2.4960985890058573
261,2.6676197316186867
262,2.352281936420142
263,2.7142037575626388
264,2.8061930585146833
265,2.4801768452283213
266,2.5499918813583378
267,1.5536630060538403
268,1.5067551455014483
269,1.8940585940658172
270,1.8298328198208758
271,1.0448896202413405
272,0.7595462261787755
273,0.8723163685558477
274,0.06377854636163693
275,-0.25057228879777904
276,-0.5577533877580976
277,0.31418982451834054
278,0.2029652332455889
279,0.44378379469283136
280,1.1912797790588403
281,1.3221815539031345
282,2.116277287519286
283,2.281968954209135
284,2.6490153223907686
285,2.3521107963029975
286,2.348591842151948
287,2.1722077370154746
288,3.5106163241849675
289,3.508731544353827
290,4.2057042004888245
291,4.393459411534328
292,4.541908374909576
293,4.712546256369476
294,4.6730165153410885
295,4.5080014550831216
296,4.676452157089317
297,4.635403257419779
298,4.885648866629211
299,4.8477446738685925
300,4.813490370411566
301,5.003094692756371
302,4.993828456940608
303,5.220633942117914
304,5.197557875732839
305,5.317782550014849
306,4.975338246235794
307,4.8497963551603185
308,4.852814964054453
309,5.22993142387822
310,5.273801274288514
311,5.235738546755342
312,5.15472821602867
313,5.034901938020986
314,4.379707738927774
315,4.3941756206955285
316,4.119812011704038
317,5.0333411478190815
318,5.312350528361898
319,5.703060506083957
320,6.725426725984995
321,6.778710415560152
322,6.905725493519754
323,6.7197100630466355
324,7.251543346761258
325,7.2417071870301
326,7.121542300489314
327,7.065600232439739
328,7.091533537777561
329,7.097099066503665
330,7.027340938125715
331,6.946984778149945
332,7.441451293722934
333,7.042388201541194
334,6.632276510334889
335,6.9250424954008905
336,6.841926458192216
337,6.477613811039062
338,6.295254922038396
339,6.163665462825496
340,5.938954665655416
341,5.773101279912485
342,6.370877077467041
343,7.246622918223911
344,7.66164163712717
345,7.4883597806429725
346,6.873472837315275
347,7.120992016527139
348,7.05446872025477
349,7.300232328453649
350,7.338831430578918
351,7.70974459069147
352,8.208636384566281
353,7.992762343276283
354,7.78440695403082
355,7.910220895820275
356,7.852668602824053
357,7.930621297499396
358,7.818089630681313
359,7.727362781548597
360,7.724976076596257
361,7.091936184833725
362,7.111037373312246
363,6.893827498317284
364,6.899546603018947
365,6.717174633757295
366,7.062915205112685
367,7.791896411559107
368,7.847063461272752
369,7.964476728493164
370,8.174443119429231
371,7.224285127874253
372,7.046205593416066
373,7.795773319465726
374,8.329772108639965
375,9.084381353375704
376,9.610893200379511
377,9.26126558755669
378,8.292992949421985
379,8.435482709138498
380,8.164730949491128
381,9.50479478420485
382,9.414035206922811
383,9.3623386726986
384,9.343186031973637
385,9.326112345519388
386,9.292225845507973
387,9.113884247024417
388,9.030742041015461
389,8.772571606703238
390,8.671181077527802
391,8.600208205269343
392,8.54399107423205
393,8.735195711535404
394,9.087712344227427
395,9.04362282117499
396,9.03236666334044
397,8.921895315749474
398,8.966645690693053
399,9.008087570478018
400,9.409691976228341
401,9.353666588033938
402,9.58958366003495
403,9.672729577066551
404,9.904865125343253
405,9.785395120875284
406,9.798980151278226
407,9.781164099651352
408,9.361855796945285
409,9.467307724898388
410,9.408991041045933
411,9.170033832557166
412,9.234296223051652
413,9.002957133427913
414,9.122664829833994
415,9.209986026842731
416,9.203669900034694
417,9.226442842998871
418,8.77281720651979
419,8.859678359983647
420,8.917014128827926
421,9.257554575195925
422,9.437600578797323
423,9.371355591748397
424,8.424010783359325
425,8.429539454860958
426,8.230353133438829
427,8.213797625692054
428,8.586045519080422
429,8.375091590010708
430,8.389170362506615
431,8.365695960355634
432,8.717233512768585
433,9.025577113118866
434,8.85445528744302
435,8.680679226064969
436,8.712626862778805
437,8.693907897947417
438,8.498410402435796
439,8.964293127712718
440,8.965849148613248
441,9.075629219403947
442,9.07599878624028
443,8.774672447068244
444,8.719682236519066
445,8.823788261953048
446,8.626986094819644
447,8.61172081620174
448,8.55558950426385
449,8.50422902575425
450,8.16589392178837
451,8.3462146605354
452,8.214891231196052
453,8.20745865604473
454,8.27407305558503
455,8.67505500108907
456,8.521833340513707
457,8.051080320293714
458,7.4016782930312
459,7.503442179262265
460,7.283318647729042
461,6.983906387607375
462,6.2883504486141995
463,6.273818397391606
464,6.1437628617148965
465,7.0349932231905
466,6.8821912782356165
467,6.578289956408456
468,6.514112136032257
469,6.341829610075012
470,6.24128931462633
471,6.184055622693974
472,6.3490045712154775
473,6.386337691246258
474,6.354166575808984
475,6.7725961705568105
476,6.9944351575235375
477,7.139520992846071
478,7.018254989857531
479,6.976289116465062
480,7.130446361479081
481,6.996296072956643
482,6.944371728032261
483,6.7158828827730055
484,7.044660386236656
485,7.095802478304036
486,7.355219275507463
487,7.226125033746111
488,7.357247016711765
489,7.033839640959028
490,7.316757558121512
491,7.263254873482827
492,7.01842166539508
493,6.882791248130671
494,6.8485663221122595
495,7.074389446478646
496,6.9689986472818655
497,6.887397365061965
498,7.2415923356174305
499,7.332693731085205
500,7.046538164447136
501,7.1057783363518645
502,7.011111644449142
503,7.445321490729384
504,8.191299017144615
505,8.325135152585329
506,8.166712084084216
507,8.422473506464033
508,8.951533581191207
509,8.911037170688152
510,9.15657316582581
511,9.23828885921707
512,9.262941886778808
513,9.22019382416055
514,9.191635179219615
515,9.385012784997038
516,9.319944291165294
517,9.315245167238452
518,9.262540310428191
519,9.470637754596844
520,9.364641903894233
521,9.465579320412942
522,9.652181945275595
523,9.538046898665176
524,9.609948002170142
525,9.757845942807286
526,9.694743142951378
527,9.786887653774713
528,10.253641811756475
529,10.323615269019925
530,10.428565988157
531,10.653353559263756
532,10.7424663371956
533,10.814556585872005
534,10.960598536774867
535,10.862233003896172
536,11.226253455565205
537,11.249297435138095
538,11.19516635612876
539,9.692837422501377
540,9.524916014297524
541,9.627667049074585
542,9.782188709512019
543,9.53275995054399
544,9.571037002772641
545,9.562320072895902
546,9.377794062765531
547,9.392175383436264
548,9.368463310386366
549,9.351477298354215
550,9.383873875994464
551,9.403513126375262
552,9.414518909097813
553,9.783192782355044
554,9.919658482015636
555,9.878412593878473
556,9.650735243406272
557,9.517167424278728
558,9.505144586467962
559,9.472634357438325
560,9.381990890956615
561,9.399747598091102
562,9.500580414507898
563,9.536838131521218
564,9.569562900949746
565,9.70280094199274
566,9.656098660232338
567,9.502225253201813
568,9.005104741001556
569,8.747267261351531
570,8.80017756128819
571,8.640636271619151
572,8.608973687433119
573,8.996980098796236
574,9.169130300707096
575,9.243897262967437
576,9.579134638204522
577,9.60056632352202
578,9.54029857867984
579,9.726872886803761
580,10.539210393302657
581,10.507907889676726
582,10.486540621629503
583,10.207479503708306
584,10.183443292270034
585,10.22712513243469
586,10.476838391556464
587,10.059524438497425
588,10.196995999141812
589,10.206577541711015
590,10.648167234405426
591,10.533095793837521
592,10.99172878483239
593,11.261996297097255
594,11.239678319069291
595,12.062398035971732
596,11.593201780720053
597,11.43304844957973
598,12.13790576469098
599,12.516175480926716
600,12.526664177977986
601,12.410535527005528
602,12.466702344985393
603,12.765703786297934
604,12.71950654288414
605,12.42171197225652
606,12.463312483120625
607,12.472059069759966
608,12.453851747470202
609,12.400636520649133
610,12.50067136869395
611,12.071444193375914
612,11.516494960495605
613,11.451989208687085
614,11.533974485581556
615,11.519942165386897
616,11.491126011690934
617,11.231776652724879
618,11.300378427209633
619,11.319913363038925
620,11.200055347928807
621,11.462720279107707
622,11.474365778234063
623,11.605897292824373
624,11.434122012192717
625,11.512904051216033
626,11.660977522982051
627,11.83883625678417
628,11.940491762967941
629,12.293279664058044
630,12.136831040697448
631,12.054950849919589
632,12.249605043989265
633,12.449268139999736
634,12.57374332848995
635,12.736614370076982
636,12.862012637704478
637,12.966820766318833
638,12.85458759290563
639,12.905090201935753
640,12.794945895258557
641,13.356915505250576
642,13.323908799731887
643,13.194693670438928
644,13.36462816334607
645,13.363610517005498
646,13.967312532254471
647,14.179496438164785
648,14.169670721821493
649,14.13342668267006
650,14.681964141584313
651,14.515643699701997
652,14.705845864252897
653,14.625061362824177
654,14.782862498811088
655,14.754533131039182
656,14.7713050376018
657,14.841558066071393
658,14.842976191343427
659,14.850771462643042
660,14.691548085994777
661,14.201922068292937
662,14.033523032061556
663,14.184727546740694
664,14.018831194743942
665,14.289632144366028
666,14.531163661914803
667,14.405065989959764
668,14.390975388017036
669,14.764886852822956
670,15.035296310551892
671,15.788525473582936
672,15.628603766182625
673,15.561848181358041
674,15.985818074434288
675,16.069769497654107
676,16.309491091622164
677,16.475519543483607
678,16.34554077335133
679,16.697336300029853
680,16.624418671779885
681,16.846419595380357
682,16.77560564909173
683,16.60761686169454
684,16.632774997145795
685,16.69028643341557
686,16.63378992528788
687,16.331868870359443
688,16.291498787064995
689,16.315516067293135
690,16.472622354475398
691,16.49200177090877
692,16.490350280983446
693,16.36414137733091
694,16.322043354602677
695,16.201256756129556
696,16.541449520514085
697,17.230459826942578
698,17.239266285109544
699,17.159777385876374
700,17.25741376907164
701,17.82079348425032
702,17.74946502558199
703,17.75876372653471
704,17.497526156777354
705,17.538964334943905
706,17.74920616324249
707,17.68764550092039
708,17.472969391420513
709,17.475514750038947
710,16.623074636832836
711,16.51533676932775
712,17.007034949198285
713,17.134561542601624
714,16.991352440181927
715,16.976260747646556
716,17.190177166580245
717,17.07092701971471
718,16.874592867298976
719,16.738039864441447
720,16.68289601452104
721,16.568514767281872
722,16.48715958079505
723,16.09277630891539
724,16.512346330321236
725,16.550857083173298
726,16.67628552080942
727,16.813088778998562
728,17.14613885435179
729,16.987358640329585
730,16.878538143978837
731,16.744968538519945
732,17.13660127614558
733,17.08452109214189
734,16.98500414381099
735,17.099910001955898
736,16.997419315347884
737,17.10440083684759
738,17.48564701853916
739,17.335783046772214
740,17.402070716543182
741,17.146459812549963
742,17.086058487291123
743,16.995239642983616
744,17.623117372919506
745,17.234577674832387
746,17.193434382475935
747,17.62805472092619
748,17.899767788177414
749,17.82961126380116
750,17.761446959742443
751,17.80376421038452
752,17.929318063707257
753,18.667410889088142
754,18.721954400526442
755,18.83441528252925
756,18.909893168476867
757,19.17499975891921
758,19.3391774363471
759,19.203357972643076
760,19.306064581722858
761,19.470776644760114
762,18.977560240978697
763,18.87431065634926
764,18.820403659358686
765,18.796503282970868
766,18.88077711720353
767,19.23420564731724
768,19.115267833460358
769,18.71103642252394
770,19.16601390339949
771,18.995503727308694
772,18.310194995018424
773,18.84130567882396
774,18.774622824345055
775,18.14861723803125
776,17.358461524915715
777,17.521584686870796
778,17.71727039207567
779,16.876018044343954
780,16.396638148566357
781,17.13612627117158
782,17.209967548962425
783,17.930368971776755
784,17.96487364030044
785,17.88116730743967
786,17.764624285520746
787,17.921768860289333
788,17.418694894858344
789,17.58074569484156
790,17.599750777509616
791,17.444852422835666
792,17.26770854862616
793,17.15599083274202
794,17.144224345031777
795,17.586012021042706
796,17.797524511344754
797,17.74576663811811
798,17.764621377702518
799,18.226091628838414
800,18.492277816264213
801,18.359174665987467
802,18.50250598369245
803,18.677150514212194
804,18.4363538371765
805,18.25904470631383
806,17.898132829075465
807,19.625446291571503
808,18.530745509903703
809,17.09730790584527
810,17.327526484152457
811,17.012982558710597
812,16.549654843020424
813,16.7098710574048
814,16.488977213909408
815,16.191261645245003
816,16.212375397164315
817,16.243525877248377
818,16.0965413078898
819,16.72044598414102
820,16.168847411225862
821,15.979461958630425
822,15.994185607291577
823,16.065908140036413
824,16.280380102172987
825,16.41310584769906
826,16.50386062014575
827,16.470780931479222
828,16.30716796513432
829,16.190331860154505
830,16.486868220360297
831,16.486868220360297
832,16.90005918766797
833,17.287929206794672
834,17.241841352198726
835,17.248827220634233
836,16.949947128613594
837,16.975158632587295
838,16.975921457682077
839,17.067218007797823
840,17.177215812817415
841,17.749907106640926
842,18.019020952068555
843,18.138889865125265
844,18.000306383290354
845,17.750886987353166
846,17.630541828399938
847,17.489240027319376
848,17.01667749672209
849,16.051631807021806
850,16.2278095034595
851,16.1550797071212
852,16.04047644847968
853,16.435828124280572
854,16.26905306638995
855,16.118232958828592
856,16.257351421066836
857,16.636587867604046
858,17.457674404240798
859,17.41680925805438
860,17.17197180796395
861,17.161844104058964
862,17.323199878581086
863,17.535635813532522
864,17.35353453174435
865,17.433786170956502
866,17.50531417219543
867,17.36181310893672
868,17.361958429968194
869,16.102551842950042
870,16.23226161344484
871,16.05353342433751
872,15.999716990187828
873,15.449187213736382
874,15.481937029445781
875,15.121436098680618
876,14.689527551123227
877,14.79418304851945
878,15.02628097913179
879,15.196013249388463
880,15.201628812857294
881,15.54933046383502
882,16.24705868626726
883,16.12601276125263
884,16.16591139401866
885,17.369667661163348
886,17.3073488548265
887,17.360832240260173
888,17.602215351445572
889,17.592016267228992
890,17.370177784433217
891,17.318653890240366
892,17.318517110523125
893,17.150349816741816
894,18.129305014936726
895,17.977817703628006
896,17.820355119179897
897,17.75552476892257
898,17.564035496049947
899,15.25858498921442
900,15.347917117110054
901,15.404170369487623
902,15.35744035518003
903,15.185203137028624
904,15.203615539091796
905,15.083946533969893
906,14.782868871060995
907,14.422278580169401
908,14.503575353089815
909,14.309744614397424
910,14.39640929746675
911,14.620574523181173
912,14.464166835357117
913,14.456366613941762
914,14.42617880836108
915,14.183310104079428
916,14.771523581203038
917,14.914474224011332
918,14.44961674947638
919,14.506322574369989
920,14.459569026039066
921,14.734127350821558
922,14.62440920655963
923,14.31079515331215
924,14.364756531185986
925,14.588809921972711
926,14.484052310631457
927,14.591740247850527
928,14.835654036861134
929,15.066182437178988
930,14.858855422394912
931,14.775813602268828
932,15.478890470910912
933,15.75415690460713
934,15.754605597786142
935,15.351417508405873
936,15.281815387106668
937,14.936856999240987
938,15.056371098982545
939,14.983900652285719
940,14.705630932842606
941,14.20670213119626
942,14.127339832440033
943,13.890919028578065
944,13.771759110764936
945,13.45041750921716
946,13.240840393719711
947,12.913697647109302
948,13.132929404167214
949,13.771961479052752
950,13.676865263319794
951,13.932329885078465
952,13.906540601696292
953,13.639374544973082
954,13.823334508193309
955,13.709337231217656
956,13.061788929949913
957,12.930364220291235
958,12.884998380198365
959,12.820993717654883
960,12.538131206965142
961,12.71653362895715
962,13.205585387205176
963,15.092490874675324
964,14.60345524352089
965,14.414571603959736
966,14.679570925832564
967,14.928638858416443
968,14.477454183586836
969,14.326708233388818
970,13.98602781439613
971,14.058188120128555
972,14.276521158390864
973,14.519695055974879
974,14.896940673232862
975,14.93135450837726
976,14.545467261325706
977,14.990511790532501
978,14.850737109719358
979,15.064589559728581
980,14.937225216061666
981,15.190611250958419
982,14.821106117014594
983,15.236730325864212
984,15.4271326148121
985,15.093111843369922
986,15.030089997202056
987,14.84233829478001
988,14.808098455048269
989,14.848526444062692
990,15.571190102301813
991,15.552047760582788
992,15.250334141227807
993,15.758968550170582
994,16.410177143856973
995,15.737143709627844
996,15.560380776737205
997,15.470771981705012
998,15.381198710570176
999,15.688480253764192
1000,15.461910286381709
1001,16.665949468767316
1002,16.89003897741701
1003,16.173712063436717
1004,17.121186496247653
1005,17.3628026366889
1006,17.447547277843523
1007,17.865000456949055
1008,18.028783547040405
1009,17.639374555823984
1010,17.859792325749435
1011,17.86799297520354
1012,17.9115150499795
1013,17.621464002459387
1014,17.7735839855345
1015,17.622479719910377
1016,16.870905059834907
1017,16.87432533601214
1018,16.98917380526639
1019,16.903594873953743
1020,16.54542045875591
1021,17.06774369669246
1022,17.10224242210716
1023,17.078667776822122
1024,17.08212620551286
1025,17.088365701671094
1026,17.039264565595946
1027,16.79993033359761
1028,16.91011524043573
1029,16.869612035887638
1030,16.931864636454797
1031,17.408892822188204
1032,17.400791604220412
1033,16.922715524390842
1034,16.95166862706643
1035,16.665199382810613
1036,17.170539053363033
1037,16.832169309104007
1038,16.178788858843408
1039,16.161437077993067
1040,16.08979931808694
1041,16.035296143768797
1042,15.751895302626995
1043,15.567837413894047
1044,16.043400595924528
1045,16.481178945129173
1046,16.27382734119882
1047,15.29512211625439
1048,15.453367828837816
1049,15.470700112998692
1050,15.505564310737219
1051,15.506750701799188
1052,15.677961868044044
1053,15.723644136579718
1054,15.419970259034987
1055,15.386640118375873
1056,15.43991275454879
1057,15.09270101171245
1058,15.064640491986903
1059,15.172856979707362
1060,14.921064310733524
1061,14.940099302208143
1062,15.097772198689064
1063,15.342928901782816
1064,15.428147593417464
1065,15.470711336297448
1066,15.706755911553172
1067,16.010058961237817
1068,16.114119410902727
1069,16.00564070546282
1070,15.938531298340397
1071,16.00528457536299
1072,16.023868248016605
1073,15.982605673381677
1074,16.08159141985834
1075,16.20455897566673
1076,16.050479726597587
1077,16.005447536894145
1078,16.110742742469995
1079,15.58837352732565
1080,15.403550881386607
1081,15.273988556482276
1082,15.34153804057674
1083,15.400291733538896
1084,15.274791718988556
1085,15.426256694973993
1086,14.908770871756394
1087,14.648149654750696
1088,14.348011242869575
1089,14.226540059576642
1090,13.835913161720015
1091,13.89501080777411
1092,13.055160818975997
1093,13.369290969377845
1094,13.429307735263318
1095,13.534033534579626
1096,11.637686456500163
1097,11.39268327749312
1098,11.378144573529925
1099,11.576032789729386
1100,10.695629303198118
1101,10.711737667776443
1102,10.554605991954858
1103,10.256770370643453
1104,9.990160605471331
1105,10.269722513213031
1106,10.093374400604539
1107,8.509001866304278
1108,8.337029488394187
1109,8.283118399113576
1110,8.758801635524428
1111,9.090582571436489
1112,8.99006855400335
1113,8.244680756963497
1114,8.49713412759363
1115,8.117618771230518
1116,8.161319864737582
1117,8.487325811764812
1118,8.584869204462532
1119,8.769431442103537
1120,8.706016050555366
1121,8.743932834743218
1122,8.682320985466351
1123,8.850387696226125
1124,8.841546575070947
1125,8.901215319066313
1126,8.989207120505949
1127,9.057068797879797
1128,9.063009419996536
1129,9.097864603940774
1130,9.048262757065029
1131,8.972534311490055
1132,9.041327438883062
1133,9.069046090884815
1134,8.880498463020414
1135,8.977072768312432
1136,8.905310173810154
1137,8.793739917048127
1138,8.73056218474979
1139,8.689756413270565
1140,8.024703099951648
1141,8.0586319488686
1142,8.365936409319552
1143,8.286562848025003
1144,8.284629550167
1145,8.214217361182886
1146,8.145727079741217
1147,7.8468825089425875
1148,7.488655640413633
1149,7.285013650430061
1150,5.991363854709442
1151,5.966287037727391
1152,5.9496563946033865
1153,6.310014184802992
1154,6.095387602004654
1155,5.773000845840071
1156,6.007076640546627
1157,5.832889616840498
1158,5.834445630612617
1159,6.335025043574349
1160,7.017329826789598
1161,7.05323195339993
1162,7.072339122809823
1163,6.983922177668211
1164,5.928876901537761
1165,6.390624104845211
1166,6.473242450591199
1167,6.49656450486602
1168,6.514381597918151
1169,6.729433222163372
1170,6.417673800326984
1171,6.534044029132291
1172,6.787940190284347
1173,6.601439303482426
1174,6.861677438899427
1175,7.230156273998323
1176,7.502643060234093
1177,7.5849334447323224
1178,7.50919656690634
1179,7.652090482642948
1180,7.155985264924136
1181,7.032836783876406
1182,7.772655212970747
1183,7.829065429293958
1184,7.378311060672815
1185,7.152412722775847
1186,7.417821955865711
1187,7.850225719921289
1188,7.63585095728927
1189,7.880873818841372
1190,7.380824647036799
1191,7.084049744401044
1192,7.271004238364109
1193,7.252597459943999
1194,7.216317655960491
1195,6.858048343290246
1196,7.159777343770557
1197,7.861400098851634
1198,8.21882046580058
1199,8.296937771138335
1200,8.81196956468191
1201,8.89902791434043
1202,8.870311983583058
1203,8.605336114332452
1204,8.633872415045296
1205,8.535098879404291
1206,8.685780196560478
1207,7.971618781811207
1208,7.80492580255292
1209,7.869356169847297
1210,7.764594839255601
1211,7.8402680723457685
1212,7.91487775376607
1213,8.444165404119008
1214,8.857548160629602
1215,8.303526189064492
1216,8.252324304508507
1217,10.21650820958364
1218,10.545214475127818
1219,9.842921735017217
1220,9.758706343336975
1221,9.53580411776127
1222,9.489895457523856
1223,9.201983196257668
1224,9.203627512564783
1225,9.684311724174988
1226,9.871178742274168
1227,10.176594089328827
1228,10.272971809913912
1229,10.481382836140686
1230,10.175103316236434
1231,10.180350922179215
1232,10.456938507769387
1233,10.9440725822312
1234,10.465147831760845
1235,10.46501744957209
1236,10.704409967491202
1237,10.721928692333481
1238,10.561154115303273
1239,10.547795007031734
1240,10.873833362965591
1241,11.572265437883145
1242,11.365280577807457
1243,11.91204972837092
1244,11.95328818784489
1245,12.221440615171964
1246,12.356981254686449
1247,12.43853385750242
1248,11.882942183005852
1249,11.905250439654136
1250,11.86524055906386
1251,11.628559007844341
1252,11.636771189279349
