,Portfolio Value
0,11920.273519911829
1,11929.486829350328
2,11910.661906203695
3,11968.604241416208
4,11831.787563097962
5,11682.213586635797
6,11678.42888023863
7,11492.670581841381
8,11489.749624321665
9,11629.921229265849
10,11642.473071584853
11,11690.887778912316
12,11705.386310382699
13,11680.64004573635
14,11585.549619169073
15,11586.198692318096
16,11357.705428853566
17,11356.077053213747
18,11342.338377305667
19,11351.0739302317
20,11377.227185149482
21,11439.75063393425
22,11486.879971930715
23,11471.091539466459
24,11489.255213803573
25,11627.564356412862
26,11462.83641586088
27,11254.408986971837
28,11278.103578099946
29,11167.830178502547
30,11157.229819968874
31,11150.908873859684
32,11184.298706444424
33,11120.772306196382
34,11152.447843534414
35,11056.104950568746
36,11147.4488171373
37,11110.120137882164
38,11119.240501854681
39,11124.764907200963
40,11193.408394850005
41,11330.179718997708
42,11149.08169328927
43,11132.264832831861
44,11020.97949359981
45,10806.028871444687
46,10782.55718540599
47,10801.62002047151
48,10824.011582618263
49,10795.341962982673
50,10999.706376984544
51,10966.445761040959
52,11157.68711852038
53,11266.583893456516
54,11243.372266341812
55,11223.618942037638
56,11201.275087435904
57,11222.829218053252
58,11298.125242103823
59,11264.434837667173
60,11317.890095127816
61,11273.31873822545
62,11258.912253785504
63,11271.87658577064
64,11327.136917860556
65,11362.242777597075
66,11280.166505731086
67,11285.990242390246
68,11252.421129812747
69,11310.028315392176
70,11239.992816808239
71,11253.34348906456
72,11255.140081560583
73,11276.530364826911
74,11528.764498269173
75,11560.393595434221
76,11589.294848978348
77,11626.400732714344
78,11581.74853423081
79,11580.030918111468
80,11025.863390514616
81,11046.307314645204
82,11058.714481971361
83,10939.532818214002
84,10902.36587817608
85,11015.965489928774
86,11021.395204417866
87,11021.084974290869
88,10914.883965327906
89,10944.16191050245
90,10947.64485386854
91,11036.554222744022
92,10941.327306305528
93,10937.718669029833
94,10961.841719490723
95,11134.306340304931
96,11182.133086231577
97,11144.502132681075
98,11172.27896067782
99,11149.807664871092
100,11117.544593903456
101,11232.624867911309
102,11323.575381256549
103,11362.882535942133
104,11337.262183021128
105,11186.297265205323
106,11124.25289389172
107,11103.528128294118
108,11150.13530317329
109,11191.25538036802
110,11202.6398529363
111,11128.530076127918
112,11183.001733213165
113,11248.10237436921
114,11276.71487424021
115,11297.207939860265
116,11304.792643705166
117,11306.259408987582
118,11166.213845738532
119,11133.754785157407
120,10995.119314603118
121,10914.105113457721
122,10880.64635076345
123,11025.525602892723
124,10961.069234454033
125,10881.683607517261
126,10861.141555581928
127,10750.700465971066
128,10907.959983836992
129,10985.68203860237
130,11176.8160705306
131,11141.672605064365
132,11026.389893454285
133,11146.220989748928
134,11565.796363524742
135,11593.419327021411
136,11640.966875011265
137,11660.07969749163
138,11695.183376044111
139,11679.672322763165
140,11639.403455960008
141,11053.320010774256
142,11094.548423442515
143,11134.905347255066
144,11141.146652400588
145,11077.53826724857
146,11091.679919804892
147,11110.227009109227
148,11136.091887352226
149,11162.072047584654
150,11239.579321700494
151,11080.222609381606
152,11003.556692336966
153,11096.357561441697
154,11141.76573239603
155,11263.687780218235
156,11240.06914527203
157,11043.171787243333
158,10962.168178969461
159,10889.377383157058
160,10331.10386998912
161,10265.286216380262
162,10553.395736552004
163,10856.967518759575
164,10853.386876127826
165,10828.93929083149
166,10664.660201958272
167,10718.845112189334
168,10793.900498415083
169,10611.530891241258
170,10645.611148788768
171,10720.191740310464
172,10690.935808838109
173,10685.119199675168
174,10627.122588981918
175,10648.269158320627
176,11011.956958703016
177,10839.181348699189
178,10753.541876259485
179,10676.763790604655
180,10543.396924736837
181,10394.427155882327
182,10402.169131067636
183,10473.114561580991
184,10371.521950458155
185,10480.570674995308
186,10564.405867496065
187,10509.381491272823
188,10701.09289291123
189,10726.883321459685
190,10739.622344212179
191,10552.271551406724
192,10485.420310968988
193,10534.486087131409
194,10553.116699879445
195,10621.911491792165
196,10590.40009203893
197,10618.551586330865
198,10630.207497014231
199,10624.392569952723
200,10585.44929297588
201,10412.83117324429
202,10085.964977935251
203,10177.288174575759
204,10359.009526918438
205,10552.370366573656
206,10717.82365338543
207,10661.820595039542
208,10872.381927043378
209,10915.895371250683
210,10889.795718461008
211,10927.264108534015
212,10922.230011947631
213,10922.738986286755
214,10741.212556522127
215,10716.33733399836
216,10721.485207257614
217,10684.240725663036
218,10577.502631675927
219,10773.893626010926
220,10712.656932186599
221,10843.164949344078
222,11014.36879783687
223,10981.027872418272
224,11026.5792755385
225,10973.901192009282
226,10938.838199809787
227,11105.667868617707
228,11163.664216260553
229,11168.14802943779
230,11321.679061331584
231,11353.731215691867
232,11339.28994594065
233,11334.521269562152
234,11226.638931155972
235,11177.813215939153
236,11155.534186939009
237,11053.942918324328
238,11022.319336886867
239,11056.937113892436
240,11063.768995872599
241,11051.290991499276
242,10922.693163705162
243,10954.409302922219
244,10990.445678714908
245,11014.49031928602
246,10978.580144556709
247,10942.25324384193
248,11008.38774430599
249,10896.341565589055
250,10882.707159395517
251,10753.105564116768
252,10662.833959850017
253,10533.588762894953
254,10442.4493171015
255,10223.542821213228
256,10390.145832967479
257,10375.173766594096
258,10160.718078274167
259,10284.848864009
260,10101.801633054436
261,10173.672266236934
262,10094.01305401175
263,10207.612658146612
264,10274.804336954187
265,10266.672333397475
266,10285.23593484578
267,10025.73163284725
268,10021.63741080244
269,10029.089175396342
270,10030.020094023103
271,9766.864337198274
272,9667.522101935165
273,9733.535194605709
274,9706.842296581746
275,9702.120619856963
276,9618.229731536068
277,9732.625518105124
278,9583.712880308372
279,9776.462540501268
280,9883.440522938341
281,9891.568031614339
282,10004.38588896318
283,9970.409601137837
284,10016.227611028306
285,9944.477700479272
286,9846.351872104624
287,9800.306563509774
288,10046.202185417362
289,10044.165656014968
290,10218.36198279458
291,10230.469363141474
292,10244.856130005359
293,10292.63921559534
294,10276.25724039365
295,10235.103265454214
296,10311.710375928897
297,10294.94182643287
298,10506.478888943817
299,10413.602927250085
300,10433.814265650353
301,10462.416936835294
302,10457.582458530667
303,10582.706789842749
304,10585.310700376316
305,10624.676617650586
306,10491.677134467353
307,10466.905108790495
308,10474.611804233307
309,10525.862941487494
310,10544.437169965586
311,10496.204455009316
312,10427.995282946335
313,10385.771822050181
314,10227.225114535097
315,10270.417824444074
316,10138.609407176218
317,10228.421578831729
318,10341.189345561144
319,10438.005355021265
320,10667.710395286707
321,10715.59229930647
322,10792.609125801642
323,10778.027232992197
324,10942.800498984294
325,10921.02804797835
326,10914.042157564167
327,10893.663307122835
328,10919.090456868262
329,10923.894320523126
330,10918.256296789385
331,10931.442878814632
332,11046.262154779242
333,10942.677077905351
334,10793.997886080422
335,10784.921159794054
336,10729.438485657281
337,10666.76666151101
338,10630.378316764005
339,10624.756224048404
340,10553.402129336617
341,10446.444061887923
342,10605.296473434028
343,10637.51362318589
344,10708.845846339504
345,10656.308540049627
346,10555.836483397889
347,10626.982062256044
348,10615.267659654604
349,10800.830965645826
350,10855.223888450626
351,10866.129629062725
352,11167.35939162714
353,11159.52425418861
354,11053.2485172798
355,11093.946282870002
356,11085.901636529165
357,11098.953777201232
358,11064.26107013527
359,10967.554915743964
360,10906.53376290937
361,10885.107122038178
362,10911.401223897828
363,10821.2387363918
364,10802.423122427477
365,10584.723053168003
366,10616.099191530082
367,10747.175884422912
368,10900.287805632473
369,10953.288728293948
370,11023.890956535051
371,10654.620904631169
372,10522.700709506254
373,10640.351149202877
374,10901.569918216957
375,11092.928053167405
376,11129.730033333028
377,10938.64579794385
378,10927.032521292045
379,10970.081365839367
380,10856.266008511097
381,10980.688545993262
382,10907.00990465284
383,10892.870850203606
384,10849.052013687877
385,10903.299675645667
386,10926.67827708153
387,10827.570745196104
388,10814.288250783426
389,10772.649112494799
390,10761.57707008974
391,10762.178959402874
392,10763.684744734086
393,10792.260232838426
394,10870.117180025722
395,10815.920037134485
396,10931.529599908285
397,10864.305706882322
398,10891.353026042663
399,10900.290354883744
400,11058.945848796651
401,11037.220113308935
402,11028.386609099136
403,11072.32417051867
404,11123.644588015719
405,11127.420110602063
406,11271.690172906998
407,11271.34958938069
408,11232.320968617154
409,11332.302320751514
410,11237.899546620214
411,11157.770897854665
412,11166.618438713545
413,11151.387507513193
414,11183.440653171052
415,11197.342834402041
416,11176.887228861477
417,11208.24774531286
418,11067.483140084722
419,11155.26594151808
420,11181.884974163355
421,11365.351002828254
422,11377.633151854454
423,11490.879861764632
424,11237.638809488773
425,11181.536648402383
426,11136.36106474731
427,11136.826203091805
428,11211.803604679757
429,11160.889325346616
430,11153.466297967509
431,11135.865103545193
432,11390.729210111625
433,11397.415724772301
434,11259.014922745899
435,11182.932576409527
436,11157.419657230017
437,11119.76019598759
438,10999.351009727323
439,11013.581931509969
440,11063.555533983184
441,11092.93029437253
442,11093.333402041657
443,11039.246030802937
444,11007.77021724109
445,11071.767878091201
446,10869.521730188899
447,10813.069794889503
448,10784.893786716688
449,10791.840350793165
450,10769.744103104713
451,10794.525251099078
452,10779.883071970642
453,10781.268968134897
454,10625.668040264825
455,10657.548129000648
456,10639.131011368923
457,10465.361891845683
458,10450.789015273629
459,10457.352138724724
460,10388.925604640495
461,10326.917323176436
462,10188.18952460598
463,10187.817857485004
464,10153.024838112575
465,10363.023691708404
466,10311.428959472614
467,10288.420430723972
468,10184.380434594834
469,10088.442176245786
470,10032.32081352632
471,10110.043715003616
472,10205.662153718806
473,10222.644035059986
474,10175.138402641041
475,10211.394117378655
476,10204.900953755567
477,10263.05386451756
478,10276.490388129361
479,10239.829200225187
480,10292.92631736954
481,10196.565377826646
482,10160.41852362489
483,10088.962721399379
484,10190.885741312388
485,10206.997833432597
486,10374.924421499323
487,10333.001882616707
488,10384.71533345782
489,10358.92871140514
490,10420.583079332924
491,10319.035393056101
492,10272.35184281985
493,10215.078341292694
494,10253.143425591046
495,10283.368984713115
496,10312.35364306363
497,10293.148125363048
498,10311.090910533514
499,10360.940598333966
500,10322.239265112197
501,10332.90064763098
502,10276.682004515435
503,10445.70050862396
504,10599.320943195029
505,10656.401805949317
506,10617.399847340708
507,10639.43915040516
508,10707.377374136247
509,10697.682652215166
510,10721.63642417448
511,10785.41793619168
512,10800.917724951763
513,10748.122454863478
514,10751.469297081932
515,10769.151374683743
516,10806.432791141271
517,10797.849672333692
518,10778.03420445791
519,10743.14405833653
520,10695.801767582243
521,10749.255551693548
522,10780.032605014141
523,10743.853616840037
524,10810.6440907583
525,10887.116184543658
526,10857.101153772754
527,10890.7287445357
528,10981.457806105862
529,11121.561254303513
530,11079.91643755389
531,11130.417130016389
532,11131.216002274195
533,11136.767848851328
534,11182.979018546175
535,11186.282834588335
536,11205.824440469982
537,11197.647796009353
538,11168.475664832304
539,10829.68946255601
540,10816.175910960625
541,10863.239058218383
542,10882.824866799816
543,10860.278891778318
544,10887.186299769128
545,10877.05492040205
546,10868.224585751082
547,10863.390236663408
548,10915.442740160892
549,10900.275714708576
550,10891.966622136115
551,10881.20276073099
552,10875.761312354043
553,10956.493276073661
554,10961.166174388654
555,10955.888296420715
556,10870.191284322544
557,10850.021076522222
558,10844.668116747518
559,10825.80582857392
560,10840.035031659983
561,10849.947782336034
562,10893.829035659212
563,10898.505382547766
564,10906.850122468768
565,10911.063620213623
566,10867.605605186023
567,10810.493056747255
568,10791.69449627766
569,10770.103226674177
570,10805.32360121674
571,10782.123091750105
572,10773.209415190322
573,10821.329676931084
574,10869.733988111104
575,10867.3355161194
576,11016.327196053118
577,11032.052528264128
578,10999.759738404142
579,11041.582220824133
580,11189.631077559854
581,11157.813148074796
582,11097.772560937407
583,11039.630924685314
584,11035.225607712768
585,11033.812690186951
586,11040.604338454603
587,10725.566812107209
588,10769.574164648733
589,10758.539618185616
590,10843.25256803579
591,10836.898030111917
592,10947.477451533505
593,11078.710345451436
594,11049.200210255429
595,11188.293619146581
596,11166.516762755631
597,11154.020021209239
598,11119.515166288289
599,11179.48684959429
600,11208.960487728626
601,11193.838913992942
602,11204.18631262361
603,11369.126915424931
604,11371.436356880664
605,11202.336118517469
606,11207.304779769649
607,11213.144390878962
608,11205.141827667463
609,11129.542470652028
610,11143.144496993351
611,10941.495706532029
612,10876.072001539218
613,10871.335380781074
614,10947.45949727594
615,10930.874651026981
616,10901.819016674137
617,10743.89655759486
618,10821.364420807131
619,10836.197705255887
620,10854.851729243386
621,10884.075866279703
622,10875.129431083773
623,10900.497612677238
624,10863.117070843255
625,10822.216666759821
626,10849.653558947772
627,11012.795855060907
628,11039.265388455631
629,11139.481598453658
630,11083.167676094932
631,11073.508876842092
632,11176.09868300275
633,11187.143160163367
634,11204.45642794951
635,11258.173784735016
636,11330.309092995292
637,11328.267698352913
638,11334.96983222958
639,11372.818462104138
640,11193.03616823332
641,11250.205689219318
642,11198.238142862738
643,11141.281003661214
644,11303.296249999014
645,11300.88307148997
646,11475.319901380246
647,11509.053867214952
648,11505.153524441686
649,11495.816361875335
650,11551.845709148229
651,11546.568006790769
652,11553.364976275281
653,11535.685360764042
654,11559.917570231837
655,11390.16315862419
656,11393.591653458845
657,11433.546086432641
658,11440.363640006277
659,11445.143364595013
660,11378.934063202087
661,11272.597481998086
662,11253.888901382124
663,11288.28105972594
664,11278.641418587444
665,11379.883696604687
666,11493.722361206897
667,11467.34698198703
668,11475.196101008287
669,11466.015995915131
670,11561.643903200526
671,11628.224934126763
672,11544.951782240845
673,11533.534696138377
674,11585.61788474061
675,11828.497742439084
676,11982.57686548733
677,12003.245659885448
678,11977.670728782858
679,12107.222107351648
680,12159.407006695415
681,12204.022728685122
682,12162.87946551723
683,12156.981362103692
684,12090.830063296014
685,12101.307636505717
686,12072.6306089341
687,11990.64991467295
688,12049.119920462785
689,12004.990338027117
690,12206.802714281395
691,12222.979016193118
692,12361.477873821827
693,12325.525506706244
694,12317.578918770954
695,12230.194191902829
696,12274.319828030686
697,12489.551488776151
698,12432.404568888518
699,12410.432821382132
700,12479.11501621723
701,12792.713767461239
702,12788.04216179514
703,12810.29933529826
704,12750.123897261488
705,12763.663142631834
706,12877.11261571848
707,12824.955111413228
708,12694.558592033954
709,12727.824320031385
710,12540.103866895697
711,12522.236603717905
712,12820.833426929945
713,12835.661705339839
714,12831.83889721362
715,12823.378373516807
716,12877.842757571412
717,12847.969563085891
718,12813.283505069106
719,12786.767961604357
720,12757.879342992663
721,12652.250766821599
722,12593.125816001124
723,12553.8250536651
724,12585.26032051902
725,12597.17623808702
726,12629.352385767046
727,12748.005536587658
728,12956.453396541052
729,12882.146669659101
730,12798.701100410066
731,12716.727936153933
732,12812.808735723811
733,12748.137938956053
734,12714.489267527573
735,12792.213483486636
736,12606.265247366857
737,12755.147259417638
738,12836.099804362639
739,12786.358368512749
740,12798.169815515277
741,12748.751535901443
742,12647.565293205345
743,12590.871100118235
744,12700.289895687329
745,12585.495091539264
746,12569.6192331488
747,12717.932608440711
748,12734.353629232095
749,12713.073427426207
750,12581.862116219307
751,12618.475095132646
752,12632.902983222884
753,12808.079455279614
754,12872.196245906434
755,12882.685224062032
756,12896.040739009348
757,12930.492686656755
758,12985.187597770606
759,12960.631274374235
760,13021.991472335572
761,13057.192349341782
762,13091.33107139797
763,13073.4522336749
764,13061.446239197687
765,13061.929095826637
766,13070.692264006031
767,13183.598364910045
768,13004.23368016958
769,12968.492033389437
770,13149.687105232419
771,13131.173124267465
772,12796.97982170019
773,12893.602188847919
774,12733.369948783404
775,12542.669150958338
776,12416.743966377893
777,12446.798348974944
778,12447.29015338897
779,12040.824743193865
780,12112.640035546123
781,12466.746632212742
782,12500.679044957622
783,12641.905189806048
784,12700.11944479615
785,12636.835078082404
786,12606.406513137767
787,12660.966607906663
788,12670.005770715548
789,12695.271798768603
790,12632.11927216085
791,12543.025205123655
792,12596.646629341396
793,12506.828959067238
794,12493.798354352493
795,12562.703223562332
796,12615.461577463777
797,12592.390521237881
798,12597.8088162935
799,12722.77842743109
800,12844.558584429335
801,12594.381382197538
802,12821.142283305746
803,12844.706923952366
804,12821.451569752917
805,12767.020534015359
806,12738.245966853006
807,12737.945907077707
808,12542.55443829986
809,12460.956373692965
810,12565.090351773473
811,12499.705397641486
812,12272.311404520266
813,12295.125744918458
814,12170.105508252047
815,12086.7817650107
816,12039.197441493076
817,12041.036020376969
818,11983.764982943427
819,12116.796614917877
820,12071.51310055863
821,12013.486550291407
822,11977.148382362997
823,11995.111817257719
824,12013.670911373407
825,12046.504226663219
826,12070.66441046078
827,12065.485069539009
828,11962.595764057027
829,11889.423061243946
830,11959.845788590112
831,11959.845788590112
832,12121.522015894974
833,11996.384100728146
834,12008.133323812843
835,12024.902621397323
836,12002.377404487806
837,12024.511212924011
838,12023.057821672752
839,12075.8179237853
840,12139.695595829768
841,12139.796175485306
842,12182.264881236959
843,12276.149071861191
844,12273.148556715485
845,12251.601208567947
846,12372.075038113462
847,12290.089757721675
848,11822.712850210453
849,11783.30020726104
850,11848.554358020489
851,11849.046216331199
852,11789.857963089553
853,11886.557374722976
854,11833.347780795444
855,11763.158990790256
856,11808.178190644943
857,11952.33845238764
858,12070.750753594439
859,12065.57317799902
860,12035.594091225325
861,12038.198436111497
862,12011.000391762842
863,12014.74799449011
864,11995.596846722088
865,12019.7093151483
866,12032.832627433374
867,12033.37541305135
868,12096.758019661484
869,11920.317298215095
870,11963.438900470564
871,11918.080599566838
872,11927.686103136994
873,11768.879608881689
874,11770.749448261718
875,11632.960903143281
876,11576.297387966173
877,11625.107733211684
878,11711.91234531079
879,11735.998427337183
880,11845.793196194267
881,12075.26167856676
882,12138.635511460483
883,12100.472410680162
884,12102.33758925337
885,12266.285726387567
886,12229.769025126498
887,12298.014938094022
888,12380.50874946523
889,12383.572690016874
890,12285.48498103356
891,12339.77984666309
892,12340.220597135047
893,12322.619591652132
894,12373.399011871614
895,12359.231797884666
896,12288.948884544745
897,12263.29040712303
898,12216.489636920409
899,12042.862026256447
900,12058.85924834531
901,12146.30125857276
902,12085.474678435421
903,12018.339367631881
904,11939.697879460178
905,11914.396352422393
906,11917.156579042954
907,11880.115447070173
908,11876.254154475728
909,11788.869729113281
910,11857.978449759084
911,11934.828115406819
912,11930.783697005701
913,11971.545686880836
914,11936.549224250326
915,11848.224673000284
916,11921.701250285267
917,11988.008974676039
918,11895.839666005231
919,11903.618501119612
920,11864.827656517107
921,11913.121843900179
922,11840.901501932549
923,11588.469310817814
924,11592.240971877629
925,11601.654071626792
926,11577.175597377343
927,11564.565602502069
928,11594.456143500265
929,11730.765356124011
930,11700.907021906789
931,11717.660484290616
932,11820.630528767579
933,11902.368918033599
934,11919.568630025831
935,11873.984402232802
936,11871.250588931325
937,11820.788849639599
938,11879.62147595951
939,11840.015174067088
940,11796.839735395773
941,11718.504513034304
942,11680.553267191404
943,11559.722742265192
944,11410.414850769304
945,11315.582976028174
946,11277.499195558732
947,11021.809371012678
948,11097.841595936246
949,11158.699588383717
950,11104.342333730428
951,11293.734896187732
952,11277.05374419664
953,11111.04472356011
954,11141.855669549528
955,11248.608805949914
956,11068.413839516108
957,11013.407160898581
958,11049.94102802219
959,10991.966640942788
960,10841.259089985337
961,10831.252041186672
962,11058.040888664415
963,11661.049762838105
964,11542.10823768074
965,11480.430921742845
966,11517.55727126688
967,11621.791705782536
968,11617.09807832454
969,11511.896616278857
970,11333.176649877798
971,11341.668499631834
972,11398.748482078014
973,11372.774041989998
974,11398.203922815217
975,11315.972271610313
976,11294.978565731684
977,11510.162968127323
978,11444.394451031334
979,11660.143691671437
980,11588.559264656582
981,11623.884875780186
982,11568.660379384695
983,11595.431408195807
984,11668.101110217955
985,11374.041801797532
986,11332.995017010679
987,11352.755148602379
988,11345.397569068704
989,11389.000523185096
990,11488.117381953312
991,11477.971720087633
992,11466.114275961121
993,11245.996390196698
994,11248.355126043056
995,11115.231588824337
996,11040.797386732349
997,10987.813003703337
998,10974.36557344393
999,11139.953243968605
1000,11083.533563266188
1001,11199.14817518429
1002,11259.724606781183
1003,11087.419321121924
1004,11291.174963906564
1005,11437.925663341746
1006,11472.828512958524
1007,11651.456003873995
1008,11707.955862872255
1009,11691.620808339068
1010,11917.818177729065
1011,11833.871032850282
1012,11925.75820481422
1013,11801.328020358056
1014,11973.239086115958
1015,11669.16308924217
1016,11705.997231868718
1017,11690.426982812995
1018,11712.817134326226
1019,11657.359170502448
1020,11652.818743276908
1021,11762.625015323843
1022,11740.926851949149
1023,11754.191159349086
1024,11718.099889687674
1025,11767.12065728831
1026,11663.591739505402
1027,11595.588244454586
1028,11556.803223562543
1029,11550.093863228101
1030,11574.095161477795
1031,11666.428669106992
1032,11606.775395877197
1033,11521.076296535042
1034,11523.849986741921
1035,11485.329134171028
1036,11535.342304871694
1037,11316.555445306714
1038,11200.318724225202
1039,11168.77409316884
1040,11135.246751782855
1041,11132.652626844407
1042,11088.413658030724
1043,11075.48607896947
1044,11169.999186187944
1045,11267.379493339835
1046,11210.45541509478
1047,11177.214763369477
1048,11211.842822595505
1049,11241.986718648604
1050,11250.584136726387
1051,11243.304509541365
1052,11382.522059946106
1053,11409.779642779777
1054,11389.911005282667
1055,11397.131131297705
1056,11385.648617349158
1057,11326.169948905874
1058,11324.143852918462
1059,11340.811689274691
1060,11311.085992606611
1061,11308.185177883679
1062,11322.746584354181
1063,11503.58487855314
1064,11529.40285975123
1065,11556.055803308262
1066,11766.768366381762
1067,11644.823837930151
1068,11700.632391759395
1069,11591.908153610817
1070,11471.813571032577
1071,11197.875136137887
1072,11199.499137349158
1073,11315.260637499954
1074,11304.809843883435
1075,11343.939218369382
1076,11321.825129754325
1077,11314.991466337462
1078,11316.832031287959
1079,11218.238133899735
1080,11168.521340551979
1081,11127.447482284264
1082,11127.067475894199
1083,11135.931442618179
1084,11099.151867037828
1085,11110.023495503849
1086,11059.448083706957
1087,11033.022159801962
1088,10984.585302569796
1089,10927.4228378668
1090,10883.760082870802
1091,11022.018559022827
1092,10880.382987947341
1093,10898.396277139771
1094,10920.163913781453
1095,10957.404736613405
1096,9947.072818210518
1097,9501.429956933953
1098,9486.438499723006
1099,9609.229824970142
1100,9336.122976328712
1101,9358.018065867618
1102,9325.15523308235
1103,9254.956750809288
1104,9234.970276053871
1105,9313.4540808061
1106,9249.90873718019
1107,9069.264912699902
1108,9071.077630440022
1109,9055.32306605715
1110,9237.843327608254
1111,9217.225672717323
1112,9023.063648945126
1113,8881.506219443047
1114,9002.64430450863
1115,8942.71380541932
1116,8907.749003027617
1117,9001.65343486787
1118,9034.025201493634
1119,9068.846187591189
1120,9015.837800834157
1121,9015.32407400115
1122,8951.698697450694
1123,8994.669826960959
1124,8985.468638953698
1125,9029.23429465271
1126,9041.93882540023
1127,9109.996474866766
1128,9111.50713571394
1129,9057.001460535
1130,8984.539324493931
1131,9021.525355437643
1132,9020.906493919218
1133,9085.038891922984
1134,9082.019018782965
1135,9083.672147464107
1136,9081.061497602728
1137,9047.44058732011
1138,9015.501207380985
1139,8856.55255335219
1140,8758.567809139371
1141,8906.719562825714
1142,8919.161646552517
1143,8871.006535738261
1144,8878.240557502151
1145,8850.954378538963
1146,8830.026369351715
1147,8789.937455737814
1148,8690.515527360625
1149,8600.438908512067
1150,8279.154009183363
1151,8300.149480959284
1152,8281.009598362209
1153,8320.452759760601
1154,8208.188846767536
1155,8144.822000122247
1156,8148.131932364128
1157,8094.170840492284
1158,8086.693544919518
1159,8189.41199402922
1160,8344.440647887492
1161,8360.625329936624
1162,8359.20445647878
1163,8327.63480046132
1164,8254.284591256643
1165,8285.547143460246
1166,8319.508769036658
1167,8323.624727972858
1168,8371.17918024136
1169,8397.401590930935
1170,8369.273115110163
1171,8399.932278204653
1172,8452.813923586373
1173,8405.615179228884
1174,8412.454950978925
1175,8485.402829283295
1176,8633.902458032593
1177,8634.418989294772
1178,8590.724241128582
1179,8644.056593408997
1180,8518.088695949393
1181,8485.250316174543
1182,8523.98832181969
1183,8524.974541906926
1184,8369.56863986763
1185,8334.556499236645
1186,8408.003022703735
1187,8486.114526305402
1188,8394.020589438558
1189,8409.228426641268
1190,8377.71074484928
1191,8270.12843417834
1192,8263.29603801368
1193,8264.158931849779
1194,8210.543333887497
1195,8174.190102965791
1196,8190.782840589364
1197,8290.791235759569
1198,8383.782325302895
1199,8398.494883247196
1200,8484.697472785385
1201,8487.83128120157
1202,8531.491940613734
1203,8462.94890196022
1204,8487.366317543121
1205,8439.834762309267
1206,8476.976635170111
1207,8413.841220876377
1208,8371.113892059642
1209,8437.581315667969
1210,8399.790756052353
1211,8414.24517250928
1212,8491.39917351662
1213,8596.726522903753
1214,8811.339595217945
1215,8611.964075342239
1216,8587.538709251112
1217,9308.9051952091
1218,9324.35608423999
1219,9228.074826936027
1220,9227.395525053484
1221,9167.445577184375
1222,9133.438089644991
1223,9097.926843695135
1224,9104.39016722349
1225,9129.803072884288
1226,9217.855282068173
1227,9292.528497803542
1228,9294.49270757853
1229,9312.11894171527
1230,9262.050154975712
1231,9242.839765354
1232,9239.604098727264
1233,9263.017175489436
1234,9174.456843462021
1235,9175.659068154779
1236,9266.541141627169
1237,9240.89601639342
1238,9102.523561278442
1239,9099.42497119142
1240,9128.246431366933
1241,9251.817646880081
1242,9212.1998662445
1243,9359.586520688645
1244,9392.920683510723
1245,9497.53293569597
1246,9553.21237489454
1247,9572.942040762067
1248,9545.023419399697
1249,9537.37366137074
1250,9505.012994095927
1251,9462.481335078282
1252,9460.676434827044
