,Profitloss
0,-0.664387334068095
1,-0.5876097554139315
2,-0.7444841149692016
3,-0.26163132153160795
4,-1.4017703075169918
5,-2.64822011136836
6,-2.6797593313447443
7,-4.227745151321827
8,-4.252086463986126
9,-3.083989756117933
10,-2.979391070126225
11,-2.5759351757307036
12,-2.4551140801441718
13,-2.661332952197082
14,-3.4537531735910565
15,-3.448344230682532
16,-5.352454759553615
17,-5.366024556552107
18,-5.480513522452779
19,-5.407717248069166
20,-5.189773457087643
21,-4.6687447172145795
22,-4.276000233910704
23,-4.407570504446179
24,-4.256206551636888
25,-3.103630363226151
26,-4.476363201159328
27,-6.21325844190136
28,-6.015803515833785
29,-6.934748512478772
30,-7.023084833592719
31,-7.075759384502634
32,-6.797510779629801
33,-7.326897448363479
34,-7.062934637213225
35,-7.865792078593781
36,-7.104593190522501
37,-7.415665517648629
38,-7.339662484544318
39,-7.293625773325307
40,-6.7215967095833
41,-5.581835675019098
42,-7.0909858892560855
43,-7.231126393067822
44,-8.158504220001571
45,-9.949759404627612
46,-10.145356788283411
47,-9.986499829404083
48,-9.799903478181148
49,-10.038816975144393
50,-8.335780191795461
51,-8.612951991325346
52,-7.019274012330168
53,-6.111800887862362
54,-6.305231113818232
55,-6.469842149686356
56,-6.656040938034124
57,-6.476423182889568
58,-5.848956315801479
59,-6.129709686106888
60,-5.684249207268199
61,-6.055677181454588
62,-6.175731218454139
63,-6.067695118577998
64,-5.607192351162027
65,-5.314643520024376
66,-5.998612452240948
67,-5.950081313414623
68,-6.2298239182271065
69,-5.749764038398542
70,-6.33339319326468
71,-6.2221375911286625
72,-6.207165986995145
73,-6.028913626442412
74,-3.92696251442356
75,-3.6633867047148216
76,-3.4225429251804274
77,-3.113327227380458
78,-3.4854288814099132
79,-3.4997423490711
80,-8.11780507904486
81,-7.9474390446232945
82,-7.84404598357199
83,-8.837226514883312
84,-9.146951015199335
85,-8.20028758392688
86,-8.155039963184452
87,-8.157625214242758
88,-9.042633622267449
89,-8.79865074581292
90,-8.769626217762172
91,-8.028714810466486
92,-8.822272447453939
93,-8.85234442475139
94,-8.651319004243973
95,-7.214113830792246
96,-6.815557614736855
97,-7.129148894324377
98,-6.897675327684826
99,-7.084936126074237
100,-7.353795050804535
101,-6.394792767405766
102,-5.636871822862089
103,-5.3093122004822195
104,-5.5228151414906
105,-6.78085612328897
106,-7.297892550902329
107,-7.470598930882355
108,-7.082205806889242
109,-6.739538496933162
110,-6.644667892197509
111,-7.262249365600681
112,-6.808318889890296
113,-6.26581354692326
114,-6.027376047998256
115,-5.856600501164455
116,-5.793394635790284
117,-5.781171591770152
118,-6.948217952178903
119,-7.218710123688277
120,-8.374005711640686
121,-9.049124054518987
122,-9.327947076971244
123,-8.120619975893973
124,-8.657756379549731
125,-9.319303270689483
126,-9.490487036817274
127,-10.41082945024112
128,-9.100333468025068
129,-8.452649678313584
130,-6.859866078911669
131,-7.152728291130295
132,-8.113417554547631
133,-7.114825085425602
134,-3.61836363729382
135,-3.388172274821577
136,-2.991942708239459
137,-2.8326691875697474
138,-2.540138532965741
139,-2.6693973103069646
140,-3.004971200333273
141,-7.888999910214533
142,-7.545429804645709
143,-7.209122106207788
144,-7.1571112299950945
145,-7.68718110626192
146,-7.569334001625904
147,-7.414774924089773
148,-7.19923427206478
149,-6.982732936794555
150,-6.3368389858292185
151,-7.66481158848662
152,-8.303694230525283
153,-7.530353654652522
154,-7.151952230033077
155,-6.135935164848039
156,-6.33275712273309
157,-7.973568439638889
158,-8.648598508587824
159,-9.25518847369119
160,-13.907467750090674
161,-14.455948196831148
162,-12.055035528733304
163,-9.525270677003538
164,-9.555109365601444
165,-9.758839243070927
166,-11.12783165034774
167,-10.676290731755545
168,-10.05082917987431
169,-11.570575906322844
170,-11.2865737600936
171,-10.665068830746138
172,-10.908868259682425
173,-10.957340002706939
174,-11.440645091817348
175,-11.264423680661439
176,-8.233692010808191
177,-9.6734887608401
178,-10.38715103117095
179,-11.02696841162788
180,-12.138358960526363
181,-13.379773700980602
182,-13.31525724110303
183,-12.724045320158407
184,-13.570650412848718
185,-12.661911041705764
186,-11.963284437532796
187,-12.42182090605981
188,-10.824225892406414
189,-10.60930565450262
190,-10.503147131565171
191,-12.064403738277296
192,-12.621497408591765
193,-12.212615940571592
194,-12.05736083433796
195,-11.484070901731958
196,-11.746665899675579
197,-11.512070113909456
198,-11.414937524881408
199,-11.463395250393981
200,-11.787922558534337
201,-13.226406889630915
202,-15.950291850539578
203,-15.189265211868674
204,-13.674920609013007
205,-12.063580278552866
206,-10.684802888454747
207,-11.151495041337146
208,-9.396817274638513
209,-9.034205239577641
210,-9.251702346158265
211,-8.939465762216548
212,-8.981416567103073
213,-8.977175114277047
214,-10.489895362315615
215,-10.697188883347009
216,-10.65428993951988
217,-10.964660619474698
218,-11.854144736033945
219,-10.217553116575617
220,-10.727858898445009
221,-9.640292088799352
222,-8.213593351359416
223,-8.491434396514396
224,-8.111839370512508
225,-8.550823399922658
226,-8.843015001585108
227,-7.452767761519108
228,-6.969464864495389
229,-6.932099754685073
230,-5.652674488903465
231,-5.385573202567773
232,-5.505917117161241
233,-5.545656086982065
234,-6.4446755737002315
235,-6.851556533840386
236,-7.037215108841599
237,-7.883809013963927
238,-8.14733885927611
239,-7.858857384229701
240,-7.8019250343950075
241,-7.905908404172701
242,-8.977556969123645
243,-8.713255808981513
244,-8.412952677375763
245,-8.212580672616498
246,-8.511832128694097
247,-8.814556301317255
248,-8.263435464116753
249,-9.197153620091214
250,-9.31077367170402
251,-10.3907869656936
252,-11.143050334583194
253,-12.220093642542063
254,-12.97958902415417
255,-14.803809823223101
256,-13.415451391937673
257,-13.54021861171586
258,-15.32734934771528
259,-14.292926133258332
260,-15.81831972454637
261,-15.21939778135889
262,-15.883224549902087
263,-14.936561182111562
264,-14.376630525381785
265,-14.44439722168771
266,-14.289700542951833
267,-16.45223639293959
268,-16.486354909979674
269,-16.424256871697153
270,-16.416499216474143
271,-18.609463856681053
272,-19.437315817206958
273,-18.887206711619086
274,-19.109647528485453
275,-19.1489948345253
276,-19.84808557053276
277,-18.894787349123966
278,-20.13572599743023
279,-18.529478829156098
280,-17.637995642180492
281,-17.570266403213843
282,-16.6301175919735
283,-16.913253323851364
284,-16.531436574764125
285,-17.129352496006067
286,-17.947067732461463
287,-18.330778637418554
288,-16.281648454855326
289,-16.2986195332086
290,-14.846983476711827
291,-14.74608864048772
292,-14.626198916622013
293,-14.228006536705495
294,-14.364522996719586
295,-14.707472787881548
296,-14.069080200592532
297,-14.208818113059408
298,-12.446009258801528
299,-13.21997560624929
300,-13.051547786247053
301,-12.813192193039214
302,-12.853479512244437
303,-11.810776751310426
304,-11.789077496864032
305,-11.461028186245114
306,-12.569357212772058
307,-12.775790760079209
308,-12.711568298055775
309,-12.284475487604219
310,-12.129690250286785
311,-12.531629541589028
312,-13.100039308780541
313,-13.451901482915163
314,-14.773124045540865
315,-14.413184796299383
316,-15.511588273531519
317,-14.763153509735593
318,-13.82342212032379
319,-13.016622041489455
320,-11.102413372610776
321,-10.70339750577941
322,-10.061590618319649
323,-10.18310639173169
324,-8.809995841797546
325,-8.991432933513742
326,-9.049648686965273
327,-9.21947244064304
328,-9.00757952609782
329,-8.967547328973946
330,-9.014530860088465
331,-8.904642676544727
332,-7.947815376839651
333,-8.811024350788744
334,-10.050017615996488
335,-10.125657001716215
336,-10.588012619522658
337,-11.110277820741576
338,-11.41351402696662
339,-11.460364799596634
340,-12.054982255528191
341,-12.94629948426731
342,-11.622529388049774
343,-11.354053140117582
344,-10.759617947170808
345,-11.197428832919776
346,-12.034695971684261
347,-11.441816147866302
348,-11.53943616954496
349,-9.99307528628478
350,-9.539800929578114
351,-9.448919757810625
352,-6.938671736440494
353,-7.003964548428254
354,-7.889595689334994
355,-7.550447642749991
356,-7.617486362256964
357,-7.508718523323066
358,-7.797824415539423
359,-8.603709035466967
360,-9.11221864242192
361,-9.290773983015177
362,-9.071656467518096
363,-9.823010530068332
364,-9.979807313104361
365,-11.793974556933307
366,-11.532506737249316
367,-10.440200963142399
368,-9.164268286396048
369,-8.72259393088376
370,-8.134242028874572
371,-11.211492461406925
372,-12.310827420781212
373,-11.330407089976024
374,-9.153584014858684
375,-7.55893289027163
376,-7.252249722224768
377,-8.844618350467925
378,-8.941395655899619
379,-8.582655284671937
380,-9.531116595740862
381,-8.494262116722817
382,-9.10825079455967
383,-9.226076248303283
384,-9.591233219267693
385,-9.139169369619438
386,-8.944347690987254
387,-9.770243790032463
388,-9.880931243471458
389,-10.227924062543348
390,-10.320191082585506
391,-10.315175338309379
392,-10.302627127215946
393,-10.064498059679783
394,-9.415690166452318
395,-9.867333023879288
396,-8.903920000764298
397,-9.464119109313984
398,-9.238724782977803
399,-9.164247042635465
400,-7.84211792669457
401,-8.02316572242554
402,-8.096778257507198
403,-7.7306319123444105
404,-7.302961766535676
405,-7.271499078316146
406,-6.069248559108353
407,-6.07208675516091
408,-6.3973252615237115
409,-5.564147327070712
410,-6.35083711149822
411,-7.0185758512111285
412,-6.94484634405379
413,-7.071770770723395
414,-6.804661223574571
415,-6.688809713316324
416,-6.859273092821027
417,-6.597935455726168
418,-7.770973832627326
419,-7.03945048734933
420,-6.8176252153053785
421,-5.288741643097882
422,-5.186390401212881
423,-4.242667818628066
424,-6.353009920926889
425,-6.820527929980136
426,-7.196991127105745
427,-7.19311497423496
428,-6.568303294335354
429,-6.992588955444868
430,-7.054447516937423
431,-7.201124137123394
432,-5.077256582403122
433,-5.021535626897489
434,-6.174875643784173
435,-6.808895196587283
436,-7.021502856416529
437,-7.335331700103421
438,-8.338741585605646
439,-8.220150570750262
440,-7.803703883473467
441,-7.55891421356224
442,-7.55555498298619
443,-8.006283076642195
444,-8.268581522990914
445,-7.735267682573321
446,-9.420652248425842
447,-9.891085042587477
448,-10.125885110694266
449,-10.067997076723623
450,-10.252132474127396
451,-10.04562290750769
452,-10.167641066911315
453,-10.156091932209199
454,-11.452766331126451
455,-11.187098924994599
456,-11.340574905258972
457,-12.788650901285969
458,-12.910091539386425
459,-12.85539884396063
460,-13.425619961329204
461,-13.942355640196368
462,-15.098420628283504
463,-15.101517854291636
464,-15.391459682395215
465,-13.641469235763303
466,-14.071425337728217
467,-14.263163077300234
468,-15.130163045043055
469,-15.929648531285112
470,-16.397326553947334
471,-15.7496357083032
472,-14.95281538567662
473,-14.811299707833447
474,-15.207179977991325
475,-14.90504902184454
476,-14.959158718703613
477,-14.47455112902033
478,-14.362580098921985
479,-14.668089998123435
480,-14.225614021920496
481,-15.028621851444612
482,-15.32984563645925
483,-15.925310655005177
484,-15.0759521557301
485,-14.94168472139502
486,-13.542296487505645
487,-13.891650978194104
488,-13.46070555451817
489,-13.67559407162383
490,-13.161807672225635
491,-14.00803839119915
492,-14.397067976501255
493,-14.874347155894219
494,-14.557138120074619
495,-14.305258460724035
496,-14.06371964113642
497,-14.223765621974593
498,-14.074242412220716
499,-13.658828347216955
500,-13.981339457398356
501,-13.892494603075168
502,-14.36098329570471
503,-12.952495761466999
504,-11.672325473374755
505,-11.196651617089026
506,-11.521667938827429
507,-11.338007079957002
508,-10.771855215531268
509,-10.852644564873614
510,-10.653029798546
511,-10.121517198402675
512,-9.99235229206864
513,-10.432312876137683
514,-10.404422524317225
515,-10.257071877635482
516,-9.946393407156073
517,-10.017919397219233
518,-10.183048296184083
519,-10.473799513862259
520,-10.868318603481308
521,-10.422870402553762
522,-10.166394958215486
523,-10.467886526333025
524,-9.911299243680837
525,-9.274031795469517
526,-9.524157051893722
527,-9.243927128869167
528,-8.48785161578448
529,-7.320322880804053
530,-7.667363020384254
531,-7.24652391653009
532,-7.2398666477150435
533,-7.193601259572269
534,-6.808508178781869
535,-6.780976378430537
536,-6.61812966275015
537,-6.686268366588733
538,-6.929369459730806
539,-9.752587812033243
540,-9.865200741994794
541,-9.473007848180137
542,-9.309792776668202
543,-9.497675901847346
544,-9.273447501923936
545,-9.35787566331625
546,-9.431461785407647
547,-9.471748027804928
548,-9.037977165325906
549,-9.1643690440952
550,-9.233611482199045
551,-9.323310327241751
552,-9.368655730382969
553,-8.695889366052823
554,-8.656948546761212
555,-8.700930863160705
556,-9.415072630645472
557,-9.583157695648147
558,-9.627765693770684
559,-9.78495142855066
560,-9.666374736166805
561,-9.58376848053305
562,-9.218091369506576
563,-9.179121812101954
564,-9.109582312760267
565,-9.074469831553145
566,-9.436619956783144
567,-9.912557860439541
568,-10.0692125310195
569,-10.249139777715188
570,-9.955636656527167
571,-10.148974235415785
572,-10.223254873413978
573,-9.822252692240973
574,-9.418883432407466
575,-9.438870699005008
576,-8.197273366224012
577,-8.066228931132269
578,-8.335335513298814
579,-7.98681482646556
580,-6.753074353667888
581,-7.018223766043363
582,-7.518561992188277
583,-8.00307562762238
584,-8.039786602393606
585,-8.051560915108746
586,-7.994963846211645
587,-10.620276565773256
588,-10.253548627927223
589,-10.34550318178653
590,-9.639561933035079
591,-9.692516415734021
592,-8.771021237220788
593,-7.677413787904697
594,-7.923331581204762
595,-6.7642198404451515
596,-6.945693643703077
597,-7.0498331565896795
598,-7.337373614264253
599,-6.837609586714244
600,-6.5919959355947855
601,-6.718009050058815
602,-6.631780728136594
603,-5.257275704792241
604,-5.238030359327805
605,-6.647199012354421
606,-6.605793501919588
607,-6.557130076008644
608,-6.623818102771139
609,-7.253812744566435
610,-7.140462525055414
611,-8.820869112233098
612,-9.366066653839855
613,-9.40553849349105
614,-8.771170856033827
615,-8.909377908108496
616,-9.151508194382195
617,-10.467528686709493
618,-9.821963159940573
619,-9.698352456200944
620,-9.54290225630512
621,-9.299367781002477
622,-9.373921407635223
623,-9.162519894356347
624,-9.474024409639547
625,-9.814861110334828
626,-9.586220342101903
627,-8.226701207825771
628,-8.006121762869745
629,-7.170986679552849
630,-7.640269365875563
631,-7.720759359649232
632,-6.865844308310409
633,-6.77380699863861
634,-6.6295297670874165
635,-6.181885127208197
636,-5.580757558372563
637,-5.5977691803923975
638,-5.541918064753492
639,-5.226512815798845
640,-6.724698598055667
641,-6.2482859231723475
642,-6.681348809477184
643,-7.155991636156555
644,-5.805864583341558
645,-5.825974404250244
646,-4.372334155164614
647,-4.091217773208733
648,-4.123720629652617
649,-4.201530317705537
650,-3.7346190904314236
651,-3.7785999434102657
652,-3.7219585310393266
653,-3.8692886602996523
654,-3.667353581401356
655,-5.081973678131757
656,-5.053402887842962
657,-4.7204492797279896
658,-4.66363633328103
659,-4.623805295041561
660,-5.175549473315943
661,-6.061687650015957
662,-6.217592488482293
663,-5.930991168950506
664,-6.011321511771306
665,-5.167635861627606
666,-4.218980323275856
667,-4.438775150108087
668,-4.373365824930941
669,-4.449866700707239
670,-3.6529674733289497
671,-3.098125548943642
672,-3.792068481326294
673,-3.887210865513524
674,-3.4531842938282487
675,-1.4291854796742998
676,-0.14519278760558585
677,0.027047165712068555
678,-0.1860772601428584
679,0.8935175612637458
680,1.328391722461797
681,1.7001894057093514
682,1.3573288793102378
683,1.308178017530759
684,0.756917194133444
685,0.8442303042142996
686,0.6052550744508389
687,-0.07791737772542273
688,0.4093326705232103
689,0.04158615022598067
690,1.7233559523449626
691,1.8581584682759722
692,3.012315615181893
693,2.712712555885366
694,2.6464909897579547
695,1.918284932523573
696,2.285998566922376
697,4.079595739801256
698,3.603371407404321
699,3.4202735115177685
700,3.9926251351435793
701,6.605948062176981
702,6.5670180149594914
703,6.752494460818825
704,6.251032477179064
705,6.363859521931947
706,7.309271797654016
707,6.874625928443567
708,5.787988266949617
709,6.065202666928204
710,4.50086555746414
711,4.351971697649204
712,6.840278557749535
713,6.963847544498658
714,6.931990810113509
715,6.861486445973397
716,7.3153563130951005
717,7.0664130257157565
718,6.777362542242549
719,6.556399680036318
720,6.315661191605515
721,5.4354230568466555
722,4.942715133342701
723,4.61520878054249
724,4.877169337658516
725,4.976468650725163
726,5.244603214725374
727,6.233379471563816
728,7.970444971175428
729,7.351222247159184
730,6.65584250341722
731,5.972732801282765
732,6.773406131031767
733,6.234482824633769
734,5.954077229396448
735,6.601779029055299
736,5.052210394723811
737,6.292893828480306
738,6.967498369688663
739,6.552986404272909
740,6.651415129293969
741,6.2395961325120375
742,5.396377443377887
743,4.923925834318621
744,5.83574913072773
745,4.879125762827208
746,4.746826942906668
747,5.982771737005921
748,6.119613576934135
749,5.94227856188505
750,4.848850968494212
751,5.15395912610539
752,5.274191526857375
753,6.7339954606634445
754,7.268302049220288
755,7.3557102005169295
756,7.467006158411227
757,7.754105722139615
758,8.209896648088378
759,8.005260619785282
760,8.516595602796428
761,8.809936244514848
762,9.094425594983079
763,8.94543528062417
764,8.845385326647381
765,8.849409131888653
766,8.922435533383588
767,9.863319707583717
768,8.368614001413178
769,8.070766944911977
770,9.580725876936814
771,9.426442702228876
772,6.6414985141682426
773,7.446684907065992
774,6.111416239861689
775,4.5222429246528195
776,3.472866386482454
777,3.723319574791195
778,3.7274179449080957
779,0.3402061932822109
780,0.9386669628843602
781,3.8895552684395263
782,4.172325374646846
783,5.34920991505039
784,5.834328706634584
785,5.306958984020027
786,5.053387609481397
787,5.5080550658888505
788,5.583381422629574
789,5.793931656405027
790,5.267660601340407
791,4.525210042697125
792,4.972055244511631
793,4.223574658893647
794,4.114986286270783
795,4.689193529686109
796,5.128846478864801
797,4.936587676982351
798,4.981740135779167
799,6.023153561925754
800,7.037988203577794
801,4.95317818497949
802,6.842852360881224
803,7.039224366269714
804,6.845429747940979
805,6.391837783461329
806,6.152049723775055
807,6.149549225647566
808,4.5212869858321625
809,3.841303114108041
810,4.70908626477895
811,4.164211647012395
812,2.2692617043355456
813,2.45938120765381
814,1.4175459021003922
815,0.7231813750891769
816,0.32664534577562243
817,0.3419668364747386
818,-0.13529180880478275
819,0.9733051243156376
820,0.5959425046552447
821,0.1123879190950694
822,-0.19043014697502914
823,-0.04073485618567574
824,0.11392426144505308
825,0.38753522219350245
826,0.5888700871731656
827,0.5457089128250825
828,-0.31170196619144663
829,-0.9214744896337779
830,-0.33461842841573386
831,-0.33461842841573386
832,1.0126834657914419
833,-0.03013249393211126
834,0.0677776984403522
835,0.20752184497769832
836,0.019811704065042512
837,0.20426010770009384
838,0.19214851393960508
839,0.6318160315441634
840,1.164129965248062
841,1.1649681290442082
842,1.5188740103079912
843,2.3012422655099174
844,2.276237972629036
845,2.0966767380662166
846,3.1006253176121934
847,2.4174146476806158
848,-1.4773929149128895
849,-1.8058316061580038
850,-1.2620470164959263
851,-1.2579481972400108
852,-1.7511836409203951
853,-0.9453552106418739
854,-1.3887684933712952
855,-1.9736750767478606
856,-1.5985150779588064
857,-0.397179563436334
858,0.5895896132869893
859,0.5464431499918376
860,0.2966174268776989
861,0.31832030092915353
862,0.09166993135700796
863,0.12289995408425458
864,-0.036692943982596926
865,0.16424429290249343
866,0.2736052286114399
867,0.2781284420945829
868,0.8063168305123547
869,-0.6640225148742074
870,-0.30467582941196003
871,-0.6826616702763522
872,-0.6026158071917198
873,-1.9260032593192644
874,-1.9104212644856844
875,-3.0586591404726526
876,-3.5308551002818933
877,-3.1241022232359694
878,-2.400730455743416
879,-2.2000131055234795
880,-1.2850566983811151
881,0.627180654723003
882,1.1552959288373632
883,0.8372700890013629
884,0.8528132437780833
885,2.219047719896383
886,1.914741876054138
887,2.4834578174501853
888,3.170906245543592
889,3.1964390834739564
890,2.379041508612989
891,2.831498722192416
892,2.835171642792056
893,2.6884965971011088
894,3.111658432263442
895,2.993598315705559
896,2.407907371206197
897,2.1940867260252572
898,1.804080307670075
899,0.35718355213705255
900,0.4904937362109285
901,1.219177154772999
902,0.712288986961851
903,0.1528280635989976
904,-0.5025176711651813
905,-0.7133637298133988
906,-0.6903618413087176
907,-0.9990379410818928
908,-1.0312153793689327
909,-1.7594189240559888
910,-1.183512918674301
911,-0.5430990382765066
912,-0.5768025249524911
913,-0.23711927599303628
914,-0.5287564645806153
915,-1.2647943916642923
916,-0.652489580956106
917,-0.099925211033014
918,-0.8680027832897341
919,-0.8031791573365643
920,-1.126436195690772
921,-0.7239846341651757
922,-1.3258208172287622
923,-3.429422409851546
924,-3.397991901019759
925,-3.319549403110067
926,-3.523536688522133
927,-3.628619979149428
928,-3.379532137497787
929,-2.243622032299908
930,-2.4924414841100972
931,-2.352829297578196
932,-1.4947455936035081
933,-0.8135923497200159
934,-0.6702614164514009
935,-1.0501299813933218
936,-1.0729117589056258
937,-1.4934262530033382
938,-1.0031543670040888
939,-1.3332068827742627
940,-1.6930022050352211
941,-2.345795724714128
942,-2.6620561067382975
943,-3.6689771477900646
944,-4.913209576922462
945,-5.703475199765218
946,-6.020840037010567
947,-8.151588574894353
948,-7.517986700531276
949,-7.010836763469019
950,-7.463813885579762
951,-5.885542531768895
952,-6.02455213169466
953,-7.407960636999089
954,-7.151202753753938
955,-6.2615932837507104
956,-7.763218004032435
957,-8.22160699251182
958,-7.917158099815092
959,-8.400277992143435
960,-9.656174250122195
961,-9.739566323444404
962,-7.849659261129882
963,-2.824585309682459
964,-3.8157646859938277
965,-4.329742318809626
966,-4.020356072775999
967,-3.1517357851455374
968,-3.190849347295499
969,-4.067528197676196
970,-5.556861251018352
971,-5.486095836401383
972,-5.010429316016552
973,-5.226882983416681
974,-5.014967309873186
975,-5.700231069914052
976,-5.875178618902632
977,-4.081975265605642
978,-4.63004624140555
979,-2.83213590273802
980,-3.4286727945284867
981,-3.1342927018317868
982,-3.59449683846087
983,-3.371404931701605
984,-2.765824081517043
985,-5.216318318353908
986,-5.558374858244342
987,-5.393707094980183
988,-5.4550202577608005
989,-5.091662306790868
990,-4.265688483722396
991,-4.3502356659363866
992,-4.449047700323994
993,-6.28336341502751
994,-6.26370728297454
995,-7.373070093130519
996,-7.99335511056376
997,-8.434891635805531
998,-8.546953554633907
999,-7.167056300261631
1000,-7.6372203061151005
1001,-6.673765206797588
1002,-6.168961610156809
1003,-7.604838990650631
1004,-5.906875300778635
1005,-4.683952805485447
1006,-4.39309572534563
1007,-2.9045333010500496
1008,-2.433701142731204
1009,-2.5698265971744294
1010,-0.6848485189244635
1011,-1.3844080595809882
1012,-0.6186816265481676
1013,-1.65559983034953
1014,-0.22300761570034355
1015,-2.7569742563152477
1016,-2.450023067760687
1017,-2.5797751432250493
1018,-2.393190547281454
1019,-2.8553402458129318
1020,-2.8931771393590933
1021,-1.9781248723013012
1022,-2.158942900423755
1023,-2.04840700542428
1024,-2.3491675859360517
1025,-1.9406611892640924
1026,-2.803402170788316
1027,-3.370097962878449
1028,-3.693306470312141
1029,-3.749217806432492
1030,-3.5492069876850385
1031,-2.779761090775068
1032,-3.276871701023354
1033,-3.991030862207978
1034,-3.9679167771506596
1035,-4.288923881908103
1036,-3.872147459402553
1037,-5.695371289110717
1038,-6.664010631456652
1039,-6.926882556926328
1040,-7.206277068476208
1041,-7.227894776296607
1042,-7.596552849743965
1043,-7.704282675254415
1044,-6.916673448433796
1045,-6.10517088883471
1046,-6.579538207543489
1047,-6.856543638587698
1048,-6.567976478370796
1049,-6.316777344594959
1050,-6.245132193946768
1051,-6.305795753821952
1052,-5.145649500449112
1053,-4.918502976835192
1054,-5.084074955977769
1055,-5.023907239185787
1056,-5.119594855423681
1057,-5.6152504257843905
1058,-5.632134559012824
1059,-5.4932359227109036
1060,-5.740950061611572
1061,-5.765123517636006
1062,-5.6437784637151545
1063,-4.1367926787238325
1064,-3.9216428354064137
1065,-3.699534972431151
1066,-1.9435969468186487
1067,-2.9598013505820697
1068,-2.4947300686717133
1069,-3.400765386576521
1070,-4.401553574728522
1071,-6.6843738655176015
1072,-6.670840522090349
1073,-5.706161354167049
1074,-5.793251300971381
1075,-5.467173180255147
1076,-5.651457252047298
1077,-5.708404447187821
1078,-5.693066405933678
1079,-6.5146822175022105
1080,-6.928988828733507
1081,-7.271270980964461
1082,-7.274437700881675
1083,-7.200571311515169
1084,-7.507067774684762
1085,-7.416470870801262
1086,-7.837932635775358
1087,-8.058148668316989
1088,-8.461789145251696
1089,-8.938143017776667
1090,-9.30199930940998
1091,-8.149845341476446
1092,-9.330141767105493
1093,-9.180031023835244
1094,-8.99863405182123
1095,-8.688293861554952
1096,-17.107726514912358
1097,-20.821417025550392
1098,-20.946345835641612
1099,-19.923084791915493
1100,-22.19897519726073
1101,-22.016516117769847
1102,-22.290373057647084
1103,-22.875360409922607
1104,-23.041914366217743
1105,-22.387882659949177
1106,-22.917427190165075
1107,-24.42279239416748
1108,-24.40768641299982
1109,-24.538974449523753
1110,-23.01797226993122
1111,-23.189786060688977
1112,-24.807802925457278
1113,-25.987448171307946
1114,-24.977964129094744
1115,-25.477384954839
1116,-25.76875830810319
1117,-24.98622137610108
1118,-24.71645665421972
1119,-24.426281770073423
1120,-24.868018326382025
1121,-24.87229938332375
1122,-25.402510854577542
1123,-25.04441810865867
1124,-25.121094675385848
1125,-24.75638087789409
1126,-24.65050978833142
1127,-24.083362709443612
1128,-24.070773869050498
1129,-24.524987828874988
1130,-25.12883896255057
1131,-24.820622038019636
1132,-24.82577921733985
1133,-24.29134256730846
1134,-24.316508176808625
1135,-24.302732104465775
1136,-24.324487519977268
1137,-24.604661772332413
1138,-24.870823271825127
1139,-26.195395388731747
1140,-27.011934923838577
1141,-25.777336976452382
1142,-25.6736529453957
1143,-26.074945535514495
1144,-26.014662020815404
1145,-26.24204684550864
1146,-26.416446922069035
1147,-26.750521202184885
1148,-27.57903727199479
1149,-28.329675762399443
1150,-31.007049923471975
1151,-30.832087658672634
1152,-30.99158668031493
1153,-30.66289366866166
1154,-31.598426276937197
1155,-32.126483332314606
1156,-32.09890056363226
1157,-32.54857632923097
1158,-32.610887125670686
1159,-31.754900049756497
1160,-30.462994600937567
1161,-30.328122250528132
1162,-30.33996286267684
1163,-30.60304332948901
1164,-31.214295072861308
1165,-30.953773804497953
1166,-30.67076025802785
1167,-30.63646060022619
1168,-30.240173497988653
1169,-30.021653408908875
1170,-30.25605737408197
1171,-30.000564348294557
1172,-29.559883970113564
1173,-29.953206839759304
1174,-29.89620874184229
1175,-29.28830975597254
1176,-28.05081284972839
1177,-28.04650842254356
1178,-28.41063132392848
1179,-27.966195054925024
1180,-29.01592753375506
1181,-29.289580698545482
1182,-28.966763984835918
1183,-28.958545484108956
1184,-30.253594667769757
1185,-30.545362506361286
1186,-29.93330814413554
1187,-29.28237894745498
1188,-30.04982842134535
1189,-29.923096444656107
1190,-30.185743792922658
1191,-31.082263048513838
1192,-31.139199683219342
1193,-31.13200890125184
1194,-31.578805550937528
1195,-31.881749141951744
1196,-31.74347632842196
1197,-30.91007303533693
1198,-30.13514728914255
1199,-30.0125426396067
1200,-29.294187726788458
1201,-29.268072656653576
1202,-28.904233828218885
1203,-29.475425816998158
1204,-29.271947353807327
1205,-29.66804364742278
1206,-29.358528040249077
1207,-29.88465649269686
1208,-30.24071756616965
1209,-29.686822369433596
1210,-30.001743699563733
1211,-29.88129022908934
1212,-29.238340220694838
1213,-28.36061230913539
1214,-26.57217003985045
1215,-28.233632705481337
1216,-28.4371774229074
1217,-22.425790039924177
1218,-22.297032631333423
1219,-23.09937644219978
1220,-23.105037291220963
1221,-23.60462019013021
1222,-23.888015919625072
1223,-24.183942969207205
1224,-24.13008193980425
1225,-23.918307725964272
1226,-23.18453931609856
1227,-22.56226251830382
1228,-22.545894103512243
1229,-22.399008819039423
1230,-22.816248708535735
1231,-22.976335288716665
1232,-23.003299177272794
1233,-22.808190204254696
1234,-23.546192971149825
1235,-23.53617443204351
1236,-22.778823819773585
1237,-22.9925331967215
1238,-24.14563698934632
1239,-24.171458573404834
1240,-23.93127973860889
1241,-22.901519609332656
1242,-23.23166778129583
1243,-22.003445660927955
1244,-21.725660970743977
1245,-20.853892202533586
1246,-20.389896875878833
1247,-20.225482993649436
1248,-20.458138171669194
1249,-20.52188615524383
1250,-20.79155838253395
1251,-21.145988874347644
1252,-21.161029709774624
