,cash
0,0.20560161925589704
1,0.5931550938831675
2,0.5062761502337514
3,0.38935950358361016
4,0.692162549251595
5,0.2260738846392267
6,0.05279599589677253
7,0.5131461047808483
8,0.28436097696410817
9,0.5911768685415331
10,0.02140890775708756
11,0.8266377588636193
12,0.7125280781038884
13,0.05374405954018062
14,0.1677708099284963
15,0.6510686152374049
16,0.198961752661071
17,0.00733664591990194
18,0.7444472031229994
19,0.26718250928403103
20,0.25439279703519035
21,0.21404297972628503
22,0.26734081000025167
23,0.21211434376309168
24,0.08045212213318093
25,0.6626145137503882
26,0.32291184127641187
27,0.40161940439574123
28,0.22270496993798033
29,0.013561440341101056
30,0.017690861318445557
31,0.11601417313592262
32,0.28687253527545215
33,0.27857863099529123
34,0.2693769288109138
35,0.037321008525668505
36,0.29780357099835086
37,0.6163505710802308
38,0.49302161822074514
39,0.11288313172025197
40,0.7886271195556877
41,0.6509723883497357
42,0.6818527757017482
43,0.06125265085280125
44,0.8034959904438499
45,0.09495188281426378
46,0.19520141400323546
47,0.16534760230711934
48,0.5724474824919722
49,0.4565724824528609
50,0.6791552689944829
51,0.06687435794896467
52,0.26144416338330845
53,0.09894628646322982
54,0.26605572879084244
55,0.013616244489375704
56,0.055323853778507424
57,0.255423530058809
58,0.4052600935360764
59,0.5093673431928019
60,0.16432142063211153
61,0.39101359660767016
62,0.8318201139911995
63,0.7232626803003935
64,0.024070839526780245
65,0.4506025178971126
66,0.4188670450383228
67,0.14320966477846628
68,0.4313505453484045
69,0.1703409232508505
70,0.4028910852228245
71,0.012110845233644472
72,0.04297694368473596
73,0.5171789908316978
74,0.4271946858168515
75,0.4369907488296541
76,0.46056920761768944
77,0.5266240678291781
78,0.3217568642130561
79,0.35923944554659365
80,0.025826373338982925
81,0.6468641001554201
82,0.6319164124901352
83,0.3730092060757118
84,0.6439762205534221
85,0.2895889612564047
86,0.05068650597705328
87,0.18856667787152798
88,0.0398147887897083
89,0.4652743562254047
90,0.22602843481223162
91,0.19118963779445164
92,0.1461177767686832
93,0.3330072983554599
94,0.1955214487235688
95,0.09527986145588761
96,0.1280926569221363
97,0.30251832462378103
98,0.04787476835327158
99,0.1270121353416016
100,0.0897018157843022
101,0.2584334573302042
102,0.47254529655945354
103,0.15189295154069712
104,0.17664130749131146
105,0.3063548612827488
106,0.16205551570669469
107,0.2441283461333919
108,0.5271198141746769
109,0.288394459648786
110,0.09538473335602675
111,0.8357792844469536
112,0.5218600698290513
113,0.12271435119900294
114,0.044430981626219085
115,0.013257222044950192
116,0.18433668703203035
117,0.165975673676163
118,0.497243769011093
119,0.03817161018249442
120,0.6873214095665241
121,0.02782825265080832
122,0.6947151415841449
123,0.5735129640935419
124,0.132164092018834
125,0.24543490814598026
126,0.4538708948183455
127,0.5472787607705635
128,0.46165341209839716
129,0.11279548015851176
130,0.19820406040583796
131,0.8300986912825029
132,0.5944530523140068
133,0.10852731618809912
134,0.33405651743980336
135,0.793255808394138
136,0.5038690304228948
137,0.18637688595453403
138,0.601870727887231
139,0.0853416963653299
140,0.3792962204180573
141,0.014433784813688993
142,0.47211422597012537
143,0.12423596857576438
144,0.047552878682842685
145,0.19134393876415073
146,0.1646400797036106
147,0.11237084612905943
148,0.06920789331219672
149,0.373477516553663
150,0.07541595501101508
151,0.3040798981951762
152,0.3332395142908803
153,0.5763570530403155
154,0.3531984713856198
155,0.08036846492665564
156,0.13160458453029047
157,0.6122084282865833
158,0.49669519640896964
159,0.48229910956291255
160,0.04297893328742053
161,0.08767489036029955
162,0.31042758950215177
163,0.49211602812183675
164,0.15650634102308297
165,0.4941909672446179
166,0.13616847066750598
167,0.4264606757314983
168,0.5580195927248072
169,0.0669953694366423
170,0.36330621794800555
171,0.33480551942769116
172,0.3163910348620158
173,0.8824820812316679
174,0.6365184150832609
175,0.4850467165260817
176,0.08542752370174034
177,0.017660890588181582
178,0.1764456642724098
179,0.26278035026212765
180,0.23998633422994214
181,0.10114090510694203
182,0.1454631515114535
183,0.7045173980279333
184,0.5392982439156561
185,0.3765536023506279
186,0.28177446500168923
187,0.14815140973178664
188,0.03331628498200246
189,0.5237101639767603
190,0.009647659627222452
191,0.33771330129956695
192,0.18270714338688446
193,0.07205883016853043
194,0.1569289741851229
195,0.15585643871848923
196,0.04071017237534592
197,0.8928233370650357
198,0.3791853950078613
199,0.008345778427241188
200,0.16768012539544538
201,0.6144390122363346
202,0.39396238762954383
203,0.5364174139177029
204,0.16718077789568583
205,0.08144768738370858
206,0.6131751813589945
207,0.8162588500112775
208,0.36325720534978667
209,0.4088793893370289
210,0.12942843367699955
211,0.8287955055438044
212,0.3660648228770341
213,0.052581575802435034
214,0.5035327569829219
215,0.01949697702106152
216,0.70373825962974
217,0.1357561184765051
218,0.15865996958367937
219,0.13127558110052848
220,0.03628411110716023
221,0.048285419404152534
222,0.725532194320426
223,0.25554036246360373
224,0.1716052126340626
225,0.4059523165126316
226,0.2765023437063512
227,0.13271540998792902
228,0.4981256540535576
229,0.01733462399633656
230,0.056137911626694105
231,0.49146300115858416
232,0.04219635525636708
233,0.05324839798158201
234,0.48027826126642725
235,0.8994576671237423
236,0.23769142088529444
237,0.3387105688968245
238,0.08171565776174515
239,0.39953291444859096
240,0.25950851155776095
241,0.3827908564270246
242,0.09891480953799742
243,0.3017018224576475
244,0.3222427074711044
245,0.17611037004671226
246,0.17005527574974832
247,0.3058152497844441
248,0.17496019379315458
249,0.02885935705027806
250,0.13676764075003592
251,0.5611479432424308
252,0.718666266074448
253,0.2904225021916958
254,0.6665319583789054
255,0.7699711474200048
256,0.11988085922496722
257,0.042716665593820174
258,0.23415941951051772
259,0.14223126417867904
260,0.29998458910327785
261,0.6241477131440025
262,0.06205852475900674
263,0.7461569987019397
264,0.4608651522939412
265,0.37750666850164905
266,0.0210186138415883
267,0.3680024367506757
268,0.03255385601315172
269,0.4323391596451322
270,0.029082855395425
271,0.18955933267870695
272,0.0146497772122163
273,0.05330589558542977
274,0.34104529880214113
275,0.031180587280185048
276,0.24048213137381674
277,0.4175922411516393
278,0.11054507402895569
279,0.3298797324918947
280,0.15758530191425202
281,0.2696168680772566
282,0.19779457212122606
283,0.6397335736218159
284,0.35577401062064495
285,0.5240796462456022
286,0.599770493229185
287,0.1385845937898082
288,0.518127226357167
289,0.6256769757318686
290,0.747803240415356
291,0.17868881200770748
292,0.159582380907645
293,0.5990224289513881
294,0.4956013464577857
295,0.13130349993094842
296,0.20639215710625494
297,0.30594791785251624
298,0.4078911406122731
299,0.3251966810470993
300,0.17446945566944608
301,0.07830909861744423
302,0.6391505844476174
303,0.07382504867882757
304,0.48670271511078833
305,0.15797306433759606
306,0.38756508717539523
307,0.16648208434070733
308,0.0868812724842888
309,0.09678151992932678
310,0.5410487966297666
311,0.39732301351761545
312,0.5925299594475015
313,0.2515058162307044
314,0.7595124909035819
315,0.09067531720658119
316,0.25919228793254667
317,0.5529071725785583
318,0.18980812980137998
319,0.28948378106551964
320,0.605141184445024
321,0.09587026183293182
322,0.47513453098860364
323,0.04650800676858167
324,0.10424131856186125
325,0.05195643902598076
326,0.6113385181602395
327,0.34632139458947925
328,0.33384257935112255
329,0.12217623875374621
330,0.060524357815741
331,0.09264877399702583
332,0.6363328496674558
333,0.5086121574296549
334,0.017313079102903865
335,0.23186938067697793
336,0.3672095005945252
337,0.6114865625749687
338,0.2933646256043135
339,0.09426651076505499
340,0.031185103899672006
341,0.3200141662156346
342,0.5126622837870263
343,0.41016635854121136
344,0.010777375022515478
345,0.5397394097759342
346,0.46795105033017387
347,0.1630301623332683
348,0.23763164634718256
349,0.3003737396027403
350,0.24018004791531766
351,0.5503660093573792
352,0.1142984993260491
353,0.045300787623365264
354,0.14621232330358108
355,0.34369491496114307
356,0.02639408805000559
357,0.44385305568323974
358,0.5837074200461408
359,0.3201093764950591
360,0.4778075221606172
361,0.3083500254412276
362,0.028980773565350667
363,0.747314486812197
364,0.4207129711266865
365,0.10133405885346194
366,0.2191354899392338
367,0.013305845488698106
368,0.08691996138181854
369,0.4010133646580704
370,0.30262364962674865
371,0.12136625035189012
372,0.14634738489235427
373,0.3062967439468111
374,0.3587772100103936
375,0.12246053266009875
376,0.07580130330930497
377,0.052895045626240575
378,0.4029898463804226
379,0.3181591019390267
380,0.14720046093920483
381,0.4299966690716787
382,0.3154931622595625
383,0.07248427996189424
384,0.02918821448246164
385,0.046503651254967616
386,0.04351106743873361
387,0.15529152943835434
388,0.621680878086125
389,0.13023193578045048
390,0.08562686966442075
391,0.3502539794286124
392,0.03861326832974922
393,0.03549365482982395
394,0.30134880832284844
395,0.020371912969396517
396,0.10750571910000167
397,0.38518835916125393
398,0.37977702692141324
399,0.8206631988405526
400,0.1377576044780922
401,0.40952888993440156
402,0.6729464340424571
403,0.037520899707469
404,0.3697430214246245
405,0.02587004379887897
406,0.18296295912392901
407,0.08630147263326639
408,0.09461558262594137
409,0.3895188015000762
410,0.5326641961604026
411,0.28145655935600167
412,0.021084141916590346
413,0.6491048889904284
414,0.22684784997041305
415,0.024197156991015375
416,0.5117116230071006
417,0.4399869017716128
418,0.23199728109379905
419,0.04086920699048306
420,0.5246380241837317
421,0.5044369409663343
422,0.29344378702675433
423,0.15110259879185436
424,0.45962542048833993
425,0.3448723640357138
426,0.3003115821528791
427,0.47355260748836386
428,0.13470102783964813
429,0.6500997282187497
430,0.1251649139256079
431,0.19395255219719815
432,0.03875261748716331
433,0.06331097773051743
434,0.2705548135998776
435,0.17167998591872044
436,0.5357927103497231
437,0.2044704621741059
438,0.2740516491661256
439,0.028010728890725207
440,0.2226334018457319
441,0.5049425654015626
442,0.5125326427786004
443,0.25359800362771456
444,0.2594961033228913
445,0.37647083261448033
446,0.0647329685473892
447,0.3997581499037665
448,0.2958833171590069
449,0.32538248446717194
450,0.21863654354013765
451,0.2527003390394317
452,0.0628799327187032
453,0.44080609822101474
454,0.08126728801099618
455,0.23631961039217864
456,0.11376615975451455
457,0.20474439582972956
458,0.22974453110118828
459,0.5573401517772638
460,0.13836216047850872
461,0.3765455436046093
462,0.5079642360796154
463,0.4849993885646377
464,0.45406465075232266
465,0.1679296001497405
466,0.5507821182549835
467,0.22019030863966693
468,0.7910956307994245
469,0.20058112220797578
470,0.7854390322751851
471,0.17381766460674497
472,0.34212555471173883
473,0.2533462789818124
474,0.11028412458883835
475,0.412938630817079
476,0.7302481087341601
477,0.21094443142503502
478,0.5734028683507622
479,0.6983580445559143
480,0.2692989964890036
481,0.42145403883277843
482,0.07054097121166716
483,0.04501077959127895
484,0.36335083320720424
485,0.1107928427875217
486,0.6077053337790629
487,0.3399460236109986
488,0.02603023836871217
489,0.47983249178639537
490,0.6018927098628917
491,0.30765242598477605
492,0.6086798012484571
493,0.2294064691649919
494,0.1580441421872318
495,0.6728318444728754
496,0.18195005844611525
497,0.051062627421008984
498,0.04851501537250314
499,0.1823371892068206
500,0.12760866796569237
501,0.2764913762423095
502,0.4486669377944146
503,0.1493829249297208
504,0.10622246985705616
505,0.03370179037274738
506,0.5294147155455918
507,0.23931445061487025
508,0.3781274725888487
509,0.1116136069883554
510,0.9179475348633117
511,0.21524989850667112
512,0.23040815405112403
513,0.3445237643295825
514,0.20390570014632237
515,0.5005133866387986
516,0.05129121039631809
517,0.15240070448477366
518,0.16645096612483434
519,0.23686778300917663
520,0.19281338368148387
521,0.6128374537453797
522,0.22800552211475691
523,0.16865937268720832
524,0.22885182590111125
525,0.2672284325777328
526,0.34573294796910714
527,0.502224443050286
528,0.14740179471996584
529,0.13241738837842543
530,0.08754698378743875
531,0.8359066044539409
532,0.6861457510174629
533,0.1870908792081048
534,0.09816211699691359
535,0.3393469263719683
536,0.30898763275270047
537,0.20795037887798837
538,0.6279998182359976
539,0.3114389551006148
540,0.7187180894944355
541,0.11773951116528712
542,0.5208213188793588
543,0.20272336272205985
544,0.8457799968902583
545,0.03965866715912202
546,0.13705186011637865
547,0.21277447508175776
548,0.5474073518991387
549,0.4661466847467197
550,0.03245321814485499
551,0.2652081185827984
552,0.5508450084277288
553,0.714217393964521
554,0.2688991843389189
555,0.5340836449939859
556,0.33170270714081945
557,0.03540002727978663
558,0.15077390063718102
559,0.5473277176131586
560,0.2924506397217749
561,0.12634581622039404
562,0.0679739622283108
563,0.31115496377261187
564,0.3198637192959015
565,0.5859626769391847
566,0.6123027744735339
567,0.48264516807138674
568,0.326143241587554
569,0.4648361179788574
570,0.4614626012651568
571,0.23271097238646374
572,0.36272666597989134
573,0.19750914405170558
574,0.12566946350360184
575,0.3488485281725808
576,0.4313299957553859
577,0.6771919718499251
578,0.8171991283441398
579,0.13985008282942835
580,0.16067990801997525
581,0.2811150080861486
582,0.2113871855006661
583,0.10307801785139833
584,0.33653596180747664
585,0.11374208620630069
586,0.13428170694643227
587,0.14813779377930214
588,0.362443950893514
589,0.07693378616329577
590,0.7075974749610033
591,0.04360203409753995
592,0.64977234557972
593,0.5577559844046648
594,0.15131752704404502
595,0.3642518007168926
596,0.2355025283262391
597,0.32360717918790266
598,0.2390972280064287
599,0.2677013325612829
600,0.7050549658200302
601,0.5442159854262849
602,0.26467973488196955
603,0.3882550622773689
604,0.38643401489312296
605,0.4390953401635341
606,0.5400298642163956
607,0.15960010639906594
608,0.7650859443559246
609,0.023684524236662778
610,0.2667160335824672
611,0.0897273418572264
612,0.3565216440106906
613,0.10285680145311105
614,0.45307205267295536
615,0.2837624709189457
616,0.07932020430109928
617,0.2841698438317376
618,0.6207866887337763
619,0.038294880366952506
620,0.18886186984627268
621,0.45174952472059793
622,0.4991893738745659
623,0.5297175966184241
624,0.8336529973044227
625,0.6690484799749356
626,0.20528110163719365
627,0.43104876333201736
628,0.6889480131170895
629,0.23806030665991032
630,0.21337717639412085
631,0.7229217105457475
632,0.15756578031228943
633,0.4141542223359401
634,0.33670994229413875
635,0.7005117571606642
636,0.12568176385847085
637,0.26959226849884643
638,0.7874995441703796
639,0.3137981767636378
640,0.23278632709774494
641,0.5896079030964579
642,0.1664694080187235
643,0.043248792710755345
644,0.4046573349783378
645,0.11892704331729503
646,0.04212353929468997
647,0.7046136312771549
648,0.22682663957938046
649,0.25637585006464825
650,0.04099789216710832
651,0.17609442253042756
652,0.6495844908992383
653,0.042103261599464314
654,0.4265165897138918
655,0.08641088877759778
656,0.2320682443126454
657,0.483812215585349
658,0.1637783150129167
659,0.12091771050007069
660,0.16864288655329218
661,0.23265817972953426
662,0.3621113446824336
663,0.7975021738612591
664,0.2080246185861886
665,0.1659746520453505
666,0.029843706676546008
667,0.5311455864573462
668,0.6944578834310308
669,0.34054191432302783
670,0.6607716769073024
671,0.16824991704834277
672,0.2593466053332262
673,0.14341856007601878
674,0.5922453290188573
675,0.11072113134110165
676,0.2870413804412634
677,0.13280208736238586
678,0.06586375527064926
679,0.15749327692599968
680,0.19949548385200871
681,0.6120676888638097
682,0.773079452525718
683,0.4407920090821202
684,0.4698127916909093
685,0.0716175271946478
686,0.40649006306741114
687,0.7621911052314272
688,0.18099089522281234
689,0.344541343520924
690,0.21961816541380305
691,0.17355879505994906
692,0.23389202053415722
693,0.3876192547215645
694,0.49018684977205035
695,0.809660908323476
696,0.27541912071844005
697,0.04857105998193575
698,0.03792820533145912
699,0.15222565652576026
700,0.6445366387660257
701,0.05099894317119876
702,0.36698308351441705
703,0.6839870584725604
704,0.2784882255477664
705,0.16262642274275266
706,0.6755803073130701
707,0.10931700934444133
708,0.7694014869365484
709,0.6597108149103245
710,0.570127868762516
711,0.17615744463789876
712,0.28212402978847984
713,0.23231225428687688
714,0.5667241209210658
715,0.13594416261487158
716,0.16910300027506614
717,0.5042164654287119
718,0.19458847514789962
719,0.2673077622751479
720,0.5813321527170408
721,0.18832904154831231
722,0.17178287281374308
723,0.6821924323960468
724,0.297881866843743
725,0.2788552760042285
726,0.3539756009299221
727,0.08962978922986004
728,0.3559602007314706
729,0.6625555499301101
730,0.44721102713109956
731,0.6695300651653829
732,0.3119750977126759
733,0.18273023580219871
734,0.047490638392609384
735,0.18083198486090468
736,0.17082678542578433
737,0.1451006095883471
738,0.5197198328810887
739,0.14640830975331615
740,0.42310640927177257
741,0.2570237412787113
742,0.7397897659044801
743,0.6257722561215251
744,0.6991635525592883
745,0.1349678532107022
746,0.48804550308632594
747,0.1561261422090493
748,0.05821308181271457
749,0.07224329434755686
750,0.044535574573741694
751,0.1311538267925718
752,0.38865360241145547
753,0.3358382280644956
754,0.1530209676538375
755,0.028614390109540203
756,0.6090801156617217
757,0.08883330423827712
758,0.2543045748780446
759,0.17197602724764768
760,0.06011724043237443
761,0.8070593004657316
762,0.11853280006386725
763,0.06133351661948805
764,0.5418821676847456
765,0.04010132894152781
766,0.4292211412689047
767,0.6199764450796509
768,0.11008708106084476
769,0.02689268790503487
770,0.4553669145799572
771,0.6338977178422205
772,0.42700727360547186
773,0.24178261338627335
774,0.35532912829522456
775,0.23763303254193816
776,0.05795516796119334
777,0.5263256478508407
778,0.218065971353188
779,0.8032111509359547
780,0.0745911205867443
781,0.12757507448462943
782,0.05110672823827517
783,0.4656316100697006
784,0.2645691325152554
785,0.45769838434106924
786,0.07699965032425873
787,0.09278994596350049
788,0.30927418652711225
789,0.20742838271686087
790,0.08415065131963277
791,0.30461163162606586
792,0.4534717433546555
793,0.047076129733872284
794,0.5795442381241351
795,0.26029805599174155
796,0.44214381149801196
797,0.7210422654486517
798,0.7021815056816118
799,0.7185444065825204
800,0.6931838327377894
801,0.23447828054784375
802,0.05405078704403386
803,0.13556619849917848
804,0.1660050921226527
805,0.18084781096432292
806,0.1698221186844898
807,0.4751507804637165
808,0.35345974154135273
809,0.7867210925406996
810,0.3681360030242152
811,0.27895677132152524
812,0.06547081300058107
813,0.22521735150803648
814,0.047017478503721455
815,0.28511937602519294
816,0.3401247645261419
817,0.37140944626767597
818,0.457537175772212
819,0.34811672843037145
820,0.2525247625971645
821,0.5050884572386586
822,0.4555934759372462
823,0.1672602954856078
824,0.15862736048686998
825,0.6735936599811002
826,0.23022978606982983
827,0.5501243788223973
828,0.5884777927680364
829,0.21323960978385806
830,0.20219503978100814
831,0.3376811720808083
832,0.2913735231689103
833,0.41137960270211993
834,0.5860241905116832
835,0.49560785079308795
836,0.40418391031516726
837,0.2705133828881404
838,0.4493756280149481
839,0.04254327310047581
840,0.5387243390052991
841,0.8348821206296448
842,0.2922865245127927
843,0.053929514170255585
844,0.026182563460448546
845,0.08833348410038565
846,0.4420480484326552
847,0.6143991734757297
848,0.13900303940306083
849,0.4589605393969102
850,0.16362000913425134
851,0.4913551312334151
852,0.2949128691899039
853,0.05725338564328811
854,0.028586619113039852
855,0.08986049654421176
856,0.1653772020683296
857,0.39379699994335304
858,0.08442774573771099
859,0.4080489473991207
860,0.107112364407775
861,0.09545901025486227
862,0.05037120879425328
863,0.4993821908849326
864,0.47429402898033224
865,0.10204768089101524
866,0.16566285120469407
867,0.06241227244008264
868,0.39254705351203384
869,0.3255258612867091
870,0.15815967471951303
871,0.5360813896817553
872,0.2938424386964219
873,0.3757966242069139
874,0.08442466451812387
875,0.12678998769700345
876,0.3491939943650504
877,0.7931509750858629
878,0.21025738826772808
879,0.4005599187905633
880,0.19790363314172538
881,0.08163784572656382
882,0.2622050011850721
883,0.47990489762925154
884,0.23130717983656282
885,0.04057851801422868
886,0.2207761114496201
887,0.03635532018077611
888,0.08343050025657282
889,0.241260106978969
890,0.2827543022527279
891,0.23172004907117325
892,0.131122811077161
893,0.49514445519994527
894,0.7302912563986778
895,0.6718502968502426
896,0.3542173637452195
897,0.3449939514387911
898,0.3111677819500504
899,0.5889824933397356
900,0.2331458455141719
901,0.7801666923063713
902,0.43798305954711064
903,0.605778263179225
904,0.6814275435395292
905,0.15237729725498225
906,0.22478598965056362
907,0.4534608332996444
908,0.21622377105126628
909,0.3178788797892123
910,0.15120945701473765
911,0.11314246165295032
912,0.4124105949751152
913,0.3009389555639592
914,0.5516750592414381
915,0.5390534544153237
916,0.071366860948129
917,0.2459511047405541
918,0.4103295694570764
919,0.5187781068224641
920,0.28476776060084014
921,0.2798968497879937
922,0.6423645341297729
923,0.8210732256071269
924,0.44009324595757787
925,0.5668651303462714
926,0.1330349615478443
927,0.6029956444866129
928,0.03911886636390324
929,0.03065982827207292
930,0.293482011042451
931,0.3078143044654839
932,0.4118453769714305
933,0.09506816792662579
934,0.0568498541441757
935,0.07859297991327564
936,0.4800676123659235
937,0.07295301547619637
938,0.33487057226313166
939,0.4513972128660294
940,0.04072555679699294
941,0.35141838630043304
942,0.20773217836106386
943,0.2946757304836763
944,0.7773465885659038
945,0.5177765275901215
946,0.35251015050402656
947,0.08637367450175007
948,0.08152755126239036
949,0.3609608686163532
950,0.5815440604655929
951,0.6677367768699867
952,0.20506025800175184
953,0.6408925415088218
954,0.2275838242389092
955,0.1347086409772756
956,0.2533055731671651
957,0.37445794323764325
958,0.6969563462994536
959,0.29518184937418046
960,0.3569266029586344
961,0.44981012524826697
962,0.09321788175505198
963,0.45148763994755087
964,0.11577024182272445
965,0.36901059849753254
966,0.3233775246522128
967,0.19903973990915907
968,0.5232222746413822
969,0.09685653797356403
970,0.21773668089866455
971,0.18564953877177354
972,0.21896311559965997
973,0.208945572452351
974,0.17647802522633366
975,0.5333864499627707
976,0.323452276353839
977,0.06409816508666775
978,0.5705675862797186
979,0.1382301157043423
980,0.31592841582472486
981,0.47709244066586565
982,0.3109422206860736
983,0.12337577908323208
984,0.6335741717264167
985,0.20909346063492049
986,0.0330603582467831
987,0.15359809992129883
988,0.25054465455902236
989,0.036637978195217635
990,0.14849113730520924
991,0.4140380919039166
992,0.056596845793211364
993,0.3406671115596949
994,0.7554419877915405
995,0.7037739661258426
996,0.06148551861194624
997,0.40634499335838
998,0.17056564786895112
999,0.4502043296565341
1000,0.42445102874610136
1001,0.3734239378776592
1002,0.13986083247806042
1003,0.3067820456258876
1004,0.5058582232874356
1005,0.059307903729332895
1006,0.48230946044999373
1007,0.3710015458143773
1008,0.10403374819098322
1009,0.6365863655548627
1010,0.3317035064956446
1011,0.3280265721487091
1012,0.11193284389736215
1013,0.13024608891097514
1014,0.6705402105810636
1015,0.039296554304605574
1016,0.041641951232529006
1017,0.4940926339909372
1018,0.4514205879973135
1019,0.3569514845625902
1020,0.4862910824498475
1021,0.03378898318984413
1022,0.2138804115940976
1023,0.48975850898429846
1024,0.03454473192490173
1025,0.18252612944941501
1026,0.1337761750520394
1027,0.6730707199890907
1028,0.29543127493162585
1029,0.11688905956664637
1030,0.5838015409679173
1031,0.3285491069859172
1032,0.38900730865915445
1033,0.22974466034864546
1034,0.5955505611136441
1035,0.08477830819331852
1036,0.3134946687719755
1037,0.5903608975149275
1038,0.23285616424115552
1039,0.2950000975922826
1040,0.05154722311057809
1041,0.5355288651281244
1042,0.1887339668473396
1043,0.22389003419569609
1044,0.635398731404384
1045,0.4520981748288032
1046,0.18203949130488828
1047,0.15445517315781204
1048,0.440211048627485
1049,0.4749304200365587
1050,0.04775748567913964
1051,0.2184865054928198
1052,0.5104650116144576
1053,0.20093367516599359
1054,0.262664332750146
1055,0.19477324238201535
1056,0.3964755772043984
1057,0.19909734129731993
1058,0.21003893027346915
1059,0.18794064672751837
1060,0.8674613737556546
1061,0.28664603973090713
1062,0.091891028571693
1063,0.14612320236905235
1064,0.4743645369788331
1065,0.0874514383834869
1066,0.040396005071153596
1067,0.08402977185832546
1068,0.1262643272989521
1069,0.12642865195710978
1070,0.4450148963014849
1071,0.7560145232176646
1072,0.03762553633028264
1073,0.17849212004495002
1074,0.4104417733671081
1075,0.2508785190004326
1076,0.39810166271853054
1077,0.08742691155687597
1078,0.2368381646135772
1079,0.0682494049092044
1080,0.050361486068254815
1081,0.5473500028543712
1082,0.2973604275877799
1083,0.07064196691584519
1084,0.05386190463800569
1085,0.6635989908814034
1086,0.42395143976433397
1087,0.6013895752176799
1088,0.21530449485326683
1089,0.12818157253471577
1090,0.3096856435372761
1091,0.3718089594317219
1092,0.2598613039791139
1093,0.17364227034440227
1094,0.4668860623061868
1095,0.46914099577940355
1096,0.15842126881683746
1097,0.2557044534013402
1098,0.2229412185529437
1099,0.5259419346905227
1100,0.5562341011589856
1101,0.45936911504716677
1102,0.31879164621910566
1103,0.11402687910008032
1104,0.47504452671978115
1105,0.2615763302552433
1106,0.25573851298934264
1107,0.13112938375839006
1108,0.25454369938819693
1109,0.18487720451556597
1110,0.41705152568518955
1111,0.6791417758672074
1112,0.1635306374454212
1113,0.37024723865179493
1114,0.6050979371806233
1115,0.3137406542373361
1116,0.3133576720840905
1117,0.3124539369866118
1118,0.08265690636439095
1119,0.17508361176523324
1120,0.47881070895285316
1121,0.1567530264892348
1122,0.7897351677643485
1123,0.05585874400940987
1124,0.1331140574516749
1125,0.15102853178792203
1126,0.1859535451541196
1127,0.4130707517523143
1128,0.0543633824120272
1129,0.314104092592406
1130,0.272112998050858
1131,0.06651764380019125
1132,0.6265227421177644
1133,0.14018149603751073
1134,0.3098571924896673
1135,0.15580444691064982
1136,0.2707861888976711
1137,0.5845987228519653
1138,0.23524687160787008
1139,0.2591083130806356
1140,0.4378133298265966
1141,0.517693855724198
1142,0.3381898305507552
1143,0.2974593428668291
1144,0.5358175281109332
1145,0.5850741371468934
1146,0.4823681726741733
1147,0.13364142250867486
1148,0.15265489209815697
1149,0.4520766188383337
1150,0.09299288940620051
1151,0.1905176879881502
1152,0.057858570118052566
1153,0.21799327161416968
1154,0.4100357376277225
1155,0.6863644396319089
1156,0.09991081476811348
1157,0.16132834932016454
1158,0.44168088062770666
1159,0.03829573813707385
1160,0.6756244518852311
1161,0.774197881953139
1162,0.566015074083353
1163,0.14995765650753
1164,0.6530535698960547
1165,0.2886226737388982
1166,0.6118568563647623
1167,0.24299016373071583
1168,0.48507288268200843
1169,0.08473452937612938
1170,0.20537469648161685
1171,0.48870118742783336
1172,0.4731631746516722
1173,0.08876988703049471
1174,0.0359198795902195
1175,0.26356321769638363
1176,0.255250355726044
1177,0.7332895964067468
1178,0.07499769966756799
1179,0.37941645794445755
1180,0.15439876725941762
1181,0.2312181986758391
1182,0.7456510093511161
1183,0.8122829149118821
1184,0.16857616478419438
1185,0.10921379128638216
1186,0.5256952382572662
1187,0.37718874656167967
1188,0.32728745818689375
1189,0.12712876032304124
1190,0.5117322189844429
1191,0.4713039637209641
1192,0.2817229186109666
1193,0.7436666776036824
1194,0.04957627781485898
1195,0.10950580112875748
1196,0.08704847144793605
1197,0.37957116976163663
1198,0.06496430781313957
1199,0.2246404837723868
1200,0.03754620807317624
1201,0.3838566641823436
1202,0.5280074284882083
1203,0.22943705962283725
1204,0.05135197988775554
1205,0.3746206024258047
1206,0.5496281412846751
1207,0.14099686760042107
1208,0.19299038777754104
1209,0.7849336853396415
1210,0.5210941194864077
1211,0.19041029109204918
1212,0.14025580174422783
1213,0.039548180695078095
1214,0.6383906919303597
1215,0.26722346808668485
1216,0.0854869772322947
1217,0.28199698558187675
1218,0.7855964469572416
1219,0.6453031113044801
1220,0.42722926195869254
1221,0.11916577432588335
1222,0.05914454302527489
1223,0.13029033065480183
1224,0.5695205010757223
1225,0.4963358527007858
1226,0.28113041306122
1227,0.4819558088842648
1228,0.1684861011841932
1229,0.042513396656801
1230,0.08016162568960979
1231,0.07929005520485709
1232,0.3558183848278994
1233,0.058679292974820114
1234,0.5568187475330287
1235,0.42187252692873345
1236,0.25528477431572405
1237,0.8036417847003271
1238,0.35701940836665463
1239,0.2240353393505242
1240,0.31248917796048764
1241,0.12955494496553827
1242,0.0684347859522083
1243,0.3409445590840677
1244,0.25451489500201535
1245,0.5651076350445973
1246,0.2726894874485099
1247,0.20690780048591273
1248,0.613967699909461
1249,0.06848200404474757
1250,0.2725796565061389
1251,0.6791700574971311
1252,0.7658902829281101
1253,0.4245866643331863
1254,0.3937398246528764
1255,0.4053969677472599
1256,0.06568158675363915
1257,0.08282883185459547
1258,0.5199667439796458
1259,0.803180747828697
1260,0.17295349001327007
1261,0.22121441958749322
1262,0.10345264094447018
1263,0.24613428645824173
1264,0.28126280560845773
1265,0.4036111753997481
1266,0.23033276062119246
1267,0.6686466423340691
1268,0.3734581078707628
1269,0.10223146149566552
1270,0.0812366370823335
1271,0.2953920184872878
1272,0.6643500352913702
1273,0.10348826218148977
1274,0.5913903587173973
1275,0.19345364618697894
1276,0.23880007776070888
1277,0.5300851707497333
1278,0.38587076827590927
1279,0.2751089519639542
1280,0.3182436221165621
1281,0.21083119060538552
1282,0.4995095620928857
1283,0.6823173340658123
1284,0.06252209720150644
1285,0.5682343250324579
1286,0.7039387150378906
1287,0.7347492518861874
1288,0.4298795426520993
1289,0.36565701204521545
1290,0.11522198226193384
1291,0.29161330002631836
1292,0.32179429111673863
1293,0.19189738349016033
1294,0.09734739530623496
1295,0.19918272519870797
1296,0.10234307426211432
1297,0.40755691727801435
1298,0.06191495446534804
1299,0.05574800905560695
1300,0.7081440303512309
1301,0.24589573701993941
1302,0.06837308559592264
1303,0.42075539979682375
1304,0.3329990701329268
1305,0.2989515792641178
1306,0.3968406347577868
1307,0.25666955037700007
1308,0.8168894344765891
1309,0.7346692468697665
1310,0.0772479135578162
1311,0.6014140306891227
1312,0.2478224014697089
1313,0.2565642050642182
1314,0.7169475552283276
1315,0.3243760946126714
1316,0.2567148146350836
1317,0.48929149994407944
1318,0.5130946389218256
1319,0.48558919752261076
1320,0.3368259742273584
1321,0.3055391436591797
1322,0.5872489119752407
1323,0.838445543842477
1324,0.052274767484104555
1325,0.608303084249605
1326,0.4396986457558402
1327,0.5094263609885801
1328,0.6238516643378432
1329,0.12384547005630789
1330,0.4159165858382576
1331,0.3044680558167634
1332,0.551558318733702
1333,0.18252876605309856
1334,0.7058707752282691
1335,0.08860669116806556
1336,0.20682067592400635
1337,0.10507155375205501
1338,0.11951508701955098
1339,0.1457262901298813
1340,0.16467948179699446
1341,0.2191533265019473
1342,0.4963420473887919
1343,0.15537953079481934
1344,0.4638046100838435
1345,0.29347494844310534
1346,0.046145033040426386
1347,0.2792494375316396
1348,0.3605282822239795
1349,0.12107235727031614
1350,0.39496762324322043
1351,0.3313150233071121
1352,0.6576917731611462
1353,0.18911388199057347
1354,0.4033095564787545
1355,0.5040208093875644
1356,0.6137504051656039
1357,0.5604216275997392
1358,0.06361193636396055
1359,0.06332236044731399
1360,0.19664899902985064
1361,0.2918886043167373
1362,0.054795709781831306
1363,0.14128659227911827
1364,0.45016058287059324
1365,0.15591473324278315
1366,0.2916756526790904
1367,0.04282661665439319
1368,0.5358010896743283
1369,0.18385008777740475
1370,0.29531815190607374
1371,0.2140736188563565
1372,0.1872734184004256
1373,0.24289180048915127
1374,0.09514650155861451
1375,0.1765213343874437
1376,0.17370483809273468
1377,0.22650826938350396
1378,0.08290988787314159
1379,0.34731086781767384
1380,0.27851256412394465
1381,0.4737507912053058
1382,0.3422538867305023
1383,0.47964843769098175
1384,0.16959606269701077
1385,0.18149031497707083
1386,0.4762788232065793
1387,0.29093477136261836
1388,0.12883329790404113
1389,0.4137720066418263
1390,0.22846226172799375
1391,0.4009045173728033
1392,0.2975939893571982
1393,0.46096764939814766
1394,0.2229090843581716
1395,0.37063849620628925
1396,0.3990695131856865
1397,0.502845552166336
1398,0.12659367668314317
1399,0.3254577265759798
1400,0.05022867084469205
1401,0.3526144557579762
1402,0.07105254076842296
1403,0.37788561493234774
1404,0.2642071561663466
1405,0.3166596783289206
1406,0.5142903450033606
1407,0.3149554255654093
1408,0.09390010145801851
1409,0.6439430561019812
1410,0.3932783327186375
1411,0.6681575580938337
1412,0.03899977396573172
1413,0.7503291412385413
1414,0.23724699239489055
1415,0.07076462829981275
1416,0.049416428849953564
1417,0.4862123990471635
1418,0.3266143541905038
1419,0.0649443957165937
1420,0.3119310118819312
1421,0.30451885189671546
1422,0.2557521567069239
1423,0.7038868636538625
1424,0.8138260004243337
1425,0.4613559196728577
1426,0.40987290911697416
1427,0.2890471845664524
1428,0.3148030661692528
1429,0.704776284148541
1430,0.27766195231004576
1431,0.4210383485774316
1432,0.45873080012083634
1433,0.2592605467367679
1434,0.4900546026917632
1435,0.03942505739074163
1436,0.2025032605314515
1437,0.7148265717662022
1438,0.5360796672885971
1439,0.5200755174788464
1440,0.28446784191002267
1441,0.2430013378399047
1442,0.2689338739294782
1443,0.8548990460712802
1444,0.5085721457127856
1445,0.4252254527440367
1446,0.5956514768823907
1447,0.3487631548107978
1448,0.052702515657764355
1449,0.49829800768919963
1450,0.7936333841141675
1451,0.16053440607565644
1452,0.511573669081727
1453,0.6487426897662705
1454,0.07029923929145694
1455,0.3507570898886951
1456,0.21837834860991315
1457,0.04103025178514521
1458,0.5654259448049491
1459,0.6964024074649978
1460,0.3692123274418889
1461,0.251284260946378
1462,0.05042964022552318
1463,0.39854223610900597
1464,0.6557287886796908
1465,0.5809727405963709
1466,0.34140730094242305
1467,0.05482372822782598
1468,0.15152656379104334
1469,0.22371712388855872
1470,0.11897408161832589
1471,0.39797442211006717
1472,0.5769013344217709
1473,0.6655114934519408
1474,0.6502000532798843
1475,0.2724059023292277
1476,0.17788926207296557
1477,0.17097744783968552
1478,0.09842944376933946
1479,0.679851478044782
1480,0.7854387928552432
1481,0.22838327158215946
1482,0.11602707483470417
1483,0.301272166878204
1484,0.3062188156622952
1485,0.3000780030562224
1486,0.291424054083367
1487,0.49447823003904234
1488,0.23150899656417753
1489,0.28903334595462277
1490,0.07486332172215797
1491,0.10904226541487906
1492,0.45297681988757954
1493,0.11527405802489829
1494,0.41296989740162804
1495,0.696096587689522
1496,0.365115641257579
1497,0.2578907345548824
1498,0.0379652315162281
1499,0.37232739377856794
1500,0.4850252471060103
1501,0.19224767056305342
1502,0.2010389824276577
1503,0.5504355993202544
1504,0.06260698332528009
1505,0.1411737099802948
1506,0.11855934585677814
1507,0.6837036740691306
1508,0.7319470946863852
1509,0.06057715382316516
1510,0.10178039804415522
1511,0.5554009834934839
1512,0.5095729221400945
1513,0.515696650290213
1514,0.6472660229175612
1515,0.4118065634887462
1516,0.37402878451807653
1517,0.29187665241704036
1518,0.4917019671890546
1519,0.08422984297058837
1520,0.06908837343699986
1521,0.37894628385361606
1522,0.15314132960324367
1523,0.49871779112991044
1524,0.3272460477193248
1525,0.29539224165615025
1526,0.11371347476796273
1527,0.15281258775782103
1528,0.6725275666575374
1529,0.7593000950166722
1530,0.16252690870762596
1531,0.5409427404769427
1532,0.23276941094398224
1533,0.6465908776113156
1534,0.22471183271637732
1535,0.44514655604087383
1536,0.15751015105860255
1537,0.08797251042082792
1538,0.3112801884143277
1539,0.3142655329250213
1540,0.041650852975974505
1541,0.2712923891996102
1542,0.28210215279903916
1543,0.5484538910852994
1544,0.6632631354045441
1545,0.28585778333613454
1546,0.10949000041381975
1547,0.1317843160996914
1548,0.8534836363805839
1549,0.354398534667273
1550,0.5410131677885445
1551,0.1311634306781414
1552,0.4694357889811833
1553,0.1297898982917644
1554,0.43576564422031777
1555,0.47425966714912665
1556,0.09563687842324768
1557,0.45995448867161604
1558,0.11872425226417203
1559,0.09980986404059788
1560,0.30350996512611794
1561,0.6726174281025996
1562,0.38128081492708166
1563,0.6256154907794939
1564,0.5800442243679471
1565,0.06160623428730599
1566,0.534392335446114
1567,0.18076521052401712
1568,0.31520585600773765
1569,0.3583899027577924
1570,0.05330417000868305
1571,0.18734154329651095
1572,0.6893003633388112
1573,0.1216229873838479
1574,0.18311098026640432
1575,0.3997638229331182
1576,0.698834569534725
1577,0.593041385817325
1578,0.4674908364317297
1579,0.2000803183092069
1580,0.5423802038640823
1581,0.3110500829728712
1582,0.34875105118253247
1583,0.16550306104384457
1584,0.6013227898960559
1585,0.2316628514388262
1586,0.2905677700433233
1587,0.5349770429253924
1588,0.6610260394938741
1589,0.08220328072775884
1590,0.1952308373652169
1591,0.18603884936681533
1592,0.3373852278265128
1593,0.5577130418608074
1594,0.4101272508344734
1595,0.6687824813601047
1596,0.06413100769951455
1597,0.24220097995924458
1598,0.1013082313706078
1599,0.062190346270713764
1600,0.350907433092011
1601,0.48647669843005653
1602,0.4887192372139322
1603,0.6381609151587616
1604,0.4695338209212432
1605,0.3409397190021667
1606,0.05536187076520367
1607,0.1366837781288702
1608,0.6238643672611506
1609,0.2665685865146384
1610,0.15974634417573816
1611,0.27293730714932357
1612,0.7015832333286081
1613,0.12363467697883472
1614,0.13953160418136554
1615,0.23158991078714955
1616,0.7791398694660169
1617,0.18736932730012082
1618,0.09821768854255296
1619,0.7078079288168054
1620,0.24253508912599012
1621,0.288398946844744
1622,0.816415385278679
1623,0.3199239582805755
1624,0.0657233349738476
1625,0.07299812458084941
1626,0.04325159631629974
1627,0.2265296492845296
1628,0.5102914549761468
1629,0.4844061543429728
1630,0.06439647680674963
1631,0.6086796860698775
1632,0.29607358065488115
1633,0.48801333191887963
1634,0.0958897836170256
1635,0.24225410485072907
1636,0.29543255418938036
1637,0.2728961530872106
1638,0.049384282324329176
1639,0.23045581052936437
1640,0.06649345751955929
1641,0.43650863864362477
1642,0.22136710758341166
1643,0.7026911067445996
1644,0.5111220499519953
1645,0.11902549570614883
1646,0.5918679230583489
1647,0.6772996950805974
1648,0.7394888768306835
1649,0.222209561718672
1650,0.6253888549854952
1651,0.2273172148994115
1652,0.15959501143866509
1653,0.21422390027968832
1654,0.23417330025571698
1655,0.43592509537334106
1656,0.11633662586661439
1657,0.07397004606241091
1658,0.1428674523549091
1659,0.18995000590528222
1660,0.34825931382356395
1661,0.683613975700297
1662,0.40949950447025346
1663,0.08856195181642855
1664,0.2748228227836181
1665,0.5524824780580188
1666,0.13178891235074688
1667,0.2070651349648812
1668,0.28051439357189517
1669,0.7078107292209125
1670,0.16915916907944364
1671,0.15976492986427976
1672,0.11422444038549703
1673,0.7792687970447033
1674,0.8060668512173226
1675,0.31164150200149315
1676,0.27242274516764114
1677,0.17847578043087617
1678,0.4496078223532852
1679,0.10988990139525076
1680,0.6521955384551062
1681,0.22563521106685439
1682,0.4413565558433254
1683,0.10078594902307407
1684,0.3166062377123862
1685,0.14581589637318434
1686,0.13888684560655426
1687,0.1782877087804905
1688,0.2724408326550098
1689,0.6967161046994572
1690,0.21668174518124442
1691,0.30966443879642513
1692,0.09566823373735733
1693,0.2678758007798689
1694,0.09571073330159813
1695,0.22756203540029124
1696,0.07578580483412466
1697,0.6385404053159313
1698,0.41672984653592005
1699,0.48480815006464273
1700,0.10801893105347832
1701,0.20053390461056675
1702,0.7966345380037365
1703,0.08079931034944707
1704,0.4576527908806913
1705,0.13787232778244454
1706,0.5503533034739971
1707,0.19522014754685127
1708,0.058946346245447576
1709,0.7122348286636803
1710,0.0466323703102009
1711,0.3349355539290234
1712,0.5583280567036578
1713,0.18670335980296532
1714,0.21840405247365235
1715,0.10118094165226939
1716,0.800529009939879
1717,0.2050187199677827
1718,0.5029371309047508
1719,0.6753975796956604
1720,0.4190536265239468
1721,0.45110539856400256
1722,0.319174777713758
1723,0.5436202471439424
1724,0.4253525364091749
1725,0.34009638389541413
1726,0.20661096781866084
1727,0.05905524041746618
1728,0.10928002453427912
1729,0.3542979189846333
1730,0.23801302524324525
1731,0.4374847370718119
1732,0.4141804663517047
1733,0.31987162488930476
1734,0.19683735602660488
1735,0.10090741428206111
1736,0.19745783510490797
1737,0.1565115937842702
1738,0.07740078006375194
1739,0.3144877936751386
1740,0.3784913199932119
1741,0.5415842915012955
1742,0.20207758297267248
1743,0.37096635880600215
1744,0.1845445173945414
1745,0.5363318232822039
1746,0.15148037613785573
1747,0.3742216307821459
1748,0.24294889815526147
1749,0.16885747174408633
1750,0.17677830528845623
1751,0.3054046086596716
1752,0.4361529404100352
1753,0.5108417919469009
1754,0.1135128847229323
1755,0.6163572200213114
1756,0.07231816043974583
1757,0.2480578922904655
1758,0.28801690493152327
1759,0.7480992389206561
1760,0.30306921655502284
1761,0.11735131196260551
