,Portfolio Value
0,11993.23390752481
1,11973.901390974268
2,11950.143014695303
3,12101.962685630231
4,12235.576238785876
5,12339.82692650313
6,12118.211387800031
7,12314.955816078265
8,12319.699986024581
9,12309.53700118617
10,12291.434131224596
11,12402.790939562228
12,12343.89560899397
13,12340.27108028945
14,12328.16066022802
15,12299.565147346231
16,12315.179328973561
17,12261.860416818869
18,12294.306052579983
19,12262.399043676309
20,12129.866207467903
21,12160.705857263132
22,12131.220448083535
23,12244.607027747039
24,12278.768805927732
25,12279.239376519105
26,12316.314056433108
27,12378.18783741636
28,12420.149152994038
29,12444.596484626276
30,12530.658882591859
31,12464.220616773442
32,12535.9613592639
33,12526.532078307147
34,12576.302086665302
35,12642.900921198816
36,12659.894438755182
37,12661.791001085072
38,12580.912281468205
39,12517.723885964057
40,12597.362121875838
41,12592.439655484513
42,12470.781697780605
43,12470.420819189243
44,12499.310661740805
45,12513.330476869709
46,12438.593180390351
47,12370.902925030805
48,12329.461629980344
49,12380.576988915433
50,12432.807765880549
51,12430.384073444558
52,12384.535017399467
53,12345.456480076191
54,12265.386561934132
55,12268.14231694986
56,12184.937961257692
57,12238.259125848826
58,12233.006822495787
59,12312.484467705253
60,12338.219115327971
61,12381.095879328434
62,12362.981231618338
63,12287.327644054818
64,12281.517197564855
65,12337.38220930628
66,12363.212698943178
67,12192.161360021355
68,12158.107365933685
69,12158.012149755546
70,12116.648550924192
71,12164.513671596958
72,12187.345519041248
73,12250.569394911694
74,12241.623416573555
75,12215.175356867549
76,12221.53614544007
77,12161.063858331625
78,12178.047709275606
79,12415.656157267727
80,12435.831456910162
81,12442.018392830932
82,12448.105301248066
83,12465.799779310319
84,12429.00739393495
85,12355.762701771968
86,12354.656942378391
87,12453.546879404974
88,12526.332884857688
89,12518.114304122279
90,12559.744853914974
91,12505.400274302076
92,12538.174954949873
93,12584.336535847178
94,12513.50253976357
95,12490.81437187408
96,12541.735862056472
97,12528.088819130027
98,12538.28739636747
99,12537.35115281163
100,12525.783759226833
101,12554.328220466348
102,12525.707810765998
103,12517.212409572676
104,12539.743737828143
105,12569.670585345333
106,12567.50286306858
107,12599.019316519803
108,12600.103773566387
109,12553.785696187182
110,12200.927300237418
111,12199.821904023403
112,12237.149826560413
113,12263.062787072671
114,12335.588097507192
115,12354.210370968764
116,12345.399108292515
117,12350.821040474015
118,12346.503312008035
119,12353.189109308383
120,12309.828434730378
121,12293.08010114984
122,12282.72360580091
123,12286.806516285926
124,12328.279224556527
125,12348.878556659205
126,12321.523687578705
127,12305.216303959412
128,12329.009087755929
129,12295.017173866783
130,12294.60236663406
131,12270.783765855416
132,12199.441773421699
133,12181.449429349583
134,12110.645029918738
135,12244.766345406635
136,12202.980191826973
137,12211.532918214034
138,12214.532916201817
139,12271.929527536056
140,12218.76079662937
141,12221.22006727043
142,12317.629890234763
143,12330.36287429262
144,12240.987183176938
145,12228.440106994065
146,12252.808130766387
147,12252.25554828423
148,12314.557563683078
149,12261.890233843656
150,12333.356050911141
151,12340.047930707997
152,12266.08930017104
153,12342.462986340064
154,12406.636020166505
155,12392.195415079374
156,12431.288329494624
157,12492.62819287229
158,12465.158129865962
159,12442.20910151114
160,12445.3320682077
161,12562.965801514905
162,12659.064613769155
163,12646.003139445678
164,12625.898042024826
165,12634.215267773241
166,12595.57635142846
167,12559.309982954223
168,12690.704680356204
169,12741.803898959
170,12754.934978890824
171,12721.722763758664
172,12725.48567663602
173,12820.831586103237
174,12823.267879360475
175,12823.142250853054
176,12827.436356465385
177,12832.711056323906
178,12845.121600107454
179,12833.06075911632
180,12695.6162954789
181,12694.92500166368
182,12809.364324493623
183,12755.196194271566
184,12850.566451842202
185,12842.20042915787
186,12829.001217988634
187,12760.923783535516
188,12834.895046881506
189,12853.081112865259
190,12761.408116547063
191,12716.817950082032
192,12883.288579058
193,12844.227857409503
194,12788.195468386562
195,12733.372684343314
196,12751.183364889253
197,12751.746183608406
198,12849.549795926938
199,12838.785390483928
200,12974.31038350905
201,13024.494211624606
202,13008.17563886054
203,13091.674107774741
204,13087.847597321661
205,13112.352665555714
206,13134.62290980824
207,13116.415008359418
208,13407.32649554381
209,13507.501631786137
210,13551.32104903405
211,13635.701111585167
212,13610.583872074034
213,13638.47833377226
214,13668.099041498039
215,13696.582526300766
216,13682.86757963869
217,13882.881279106265
218,13897.479624001013
219,13885.752989068831
220,13887.027690305955
221,13930.011916816367
222,14040.886401010912
223,14034.910995038983
224,14141.502798760865
225,14164.488660614754
226,14225.572283520347
227,14249.207223523119
228,14284.494762070895
229,14175.247167607282
230,14213.928485398119
231,14197.386959009269
232,14197.799533666945
233,14209.320411613677
234,14263.768402305544
235,14360.311972401165
236,14154.964383711183
237,14283.651173487982
238,14239.922054602364
239,14292.429625915214
240,14225.769827768283
241,14320.309720399913
242,14375.642272640449
243,14376.533873203707
244,14420.104460877661
245,14342.851487331118
246,14402.819119929936
247,14448.339819136387
248,14459.38455420954
249,14475.074369427432
250,14436.923971804266
251,14439.702488565814
252,14375.718692001388
253,14384.937808436996
254,14460.993836118536
255,14534.600271880192
256,14489.814634166625
257,14717.77724563426
258,14709.537461402426
259,14679.294151183847
260,14596.897959506183
261,14622.912971664888
262,14677.010582911498
263,14668.481473089987
264,14732.313224574931
265,14772.747461924657
266,14826.104358807299
267,14788.305479746417
268,14684.247005446447
269,14711.321786588014
270,14762.452520450515
271,14883.850958381132
272,15078.364871854763
273,15018.65285622136
274,14986.917142527433
275,14977.295133234291
276,14962.402084629839
277,15019.349595037591
278,14992.228516427122
279,15007.770636487445
280,15003.973819058074
281,15010.973774885226
282,15036.633215413665
283,15067.670769115495
284,15156.129185502803
285,15169.710775549265
286,15143.357148470819
287,15203.790387888937
288,15232.807460549575
289,15288.086450256944
290,15284.723028906299
291,15255.323128958076
292,15249.72261679531
293,15340.454401926418
294,15243.049621388724
295,15252.080290905602
296,15215.50275837877
297,15207.374101081641
298,15238.686008375455
299,15231.97982625207
300,15276.349478143631
301,15299.17282563756
302,15300.259885579331
303,15318.737973624706
304,15313.387708476168
305,15281.323710250696
306,15282.139357254955
307,15153.276724080752
308,15158.18101084676
309,15273.884619237071
310,15307.98473870293
311,15263.12007994726
312,15220.17909433465
313,15246.661640534207
314,15258.947812500079
315,15293.619537802952
316,15384.336977002446
317,15320.105237178486
318,15370.143019035859
319,15449.960287909847
320,15450.624390130357
321,15453.033047532208
322,15449.46616381115
323,15331.901631417584
324,15412.351408740133
325,15494.578612826605
326,15461.137809476219
327,15477.850739686724
328,15503.860059792421
329,15393.145900946225
330,15372.737169917975
331,15416.964943451892
332,15298.689519509711
333,15318.917887747837
334,15388.745413193312
335,15327.161166590824
336,15360.331470953824
337,15373.889603853382
338,15426.992951184693
339,15377.509586925928
340,15344.796826789432
341,15319.34919880968
342,15330.453078618732
343,15262.646143841383
344,15278.674838778257
345,15234.365153653593
346,15164.390973240457
347,15160.736236634495
348,15155.22408771728
349,15126.489903342615
350,15171.553553597507
351,15142.553342216539
352,15102.350481430192
353,15099.64193476596
354,15076.225142301839
355,15110.13751556754
356,15046.876600918327
357,15098.166191978074
358,15053.460016610486
359,15122.548047634107
360,15134.275468119036
361,15123.720501645083
362,15119.87160771559
363,15030.713665524401
364,15083.8123636959
365,15107.4814468771
366,15159.422662502151
367,15112.517840193188
368,15157.814145882798
369,15160.290573724356
370,15092.838245897867
371,15043.072891382837
372,15039.959581746836
373,14876.29612556488
374,14888.674842649933
375,14938.664490566644
376,14970.815357018622
377,14973.217111223186
378,15124.486738646836
379,15017.99587774329
380,14972.8003869794
381,15013.572123273108
382,15038.325179481248
383,15049.185830719101
384,15013.360250672984
385,15029.525904821236
386,15032.259727036097
387,15038.117592535857
388,15017.572454587682
389,15050.266688445376
390,14996.901627323132
391,14936.227743960786
392,14885.169935270862
393,14915.17990294174
394,14888.043065571974
395,14859.864451140604
396,14864.694763064883
397,14839.929762341997
398,14883.173026341088
399,14960.667468860967
400,14897.2283334305
401,14863.11183549424
402,14988.678982652644
403,14991.027000027016
404,14953.965316976422
405,14930.814792562991
406,14947.397823998279
407,15197.732367827934
408,15185.930720766766
409,15156.136590965332
410,14975.890988827192
411,14818.264121741713
412,14545.501570302096
413,14602.301411755456
414,14864.441361004625
415,15037.18248946331
416,15122.458356142806
417,15104.319133635945
418,15047.900709047559
419,15343.928056277278
420,15289.333038489425
421,15272.649424500803
422,15426.254685924714
423,15305.426322908426
424,15137.000680804285
425,15166.772953488555
426,15104.58196214115
427,15143.048247410221
428,15192.963482929747
429,15170.59709358527
430,15081.123026805415
431,15097.910108267155
432,15127.643355678978
433,15131.05658366749
434,15045.787481900225
435,14986.04554148687
436,14714.376403029533
437,14786.174962070285
438,14875.533641723847
439,14968.539134989322
440,15050.562672845266
441,14993.335639667435
442,14895.269906318908
443,14806.998065521499
444,14812.53367200417
445,14885.372474170592
446,14889.342104986297
447,14838.29370190524
448,14806.623566452809
449,14962.061606743902
450,14913.545141928911
451,15016.34766928593
452,15008.21254600241
453,15005.637611152075
454,15117.024023950717
455,15051.095105550206
456,15110.533418711208
457,15220.183792233867
458,15243.271134639634
459,15106.896988427454
460,15122.651296033438
461,15222.216633194326
462,15241.617506473829
463,15140.091276436833
464,15131.588531689446
465,15068.872918802823
466,15265.95472253901
467,15314.584051268663
468,15302.816021937175
469,15311.056177272927
470,15243.581042890439
471,15372.878811254861
472,15505.364382250576
473,15705.635940364356
474,15747.425279552259
475,15795.441336631775
476,15958.040659436583
477,15891.962507437956
478,15930.798949946842
479,15978.435100069146
480,15773.087985226313
481,15783.848138986756
482,15791.450992534712
483,15737.613321526047
484,15842.536112581076
485,15884.77552288148
486,15941.57443191858
487,15682.99215385232
488,15814.159363932342
489,15689.85535417562
490,15866.914652073043
491,16055.74004812491
492,16098.614658709765
493,16055.831784721804
494,16005.614834571361
495,16037.80618746239
496,16025.141114751237
497,16031.571611420293
498,16032.38221531937
499,16046.70100289552
500,16066.693666579225
501,16038.725669436108
502,16016.48675921322
503,15997.109673564772
504,15994.231407043144
505,15921.28739101115
506,15742.060808486985
507,15619.472414191438
508,15679.703296799393
509,15695.481248754471
510,15453.152049543081
511,15578.132783229725
512,15477.488595601146
513,15486.005058297167
514,15430.969084527065
515,15469.936081153199
516,15616.618708089183
517,15538.381450371475
518,15494.20586447579
519,15488.52052136241
520,15443.66235182673
521,15644.259878283574
522,15640.359127515021
523,15529.164388427362
524,15529.968128685585
525,15570.972815670162
526,15516.214729478605
527,15409.301382018939
528,15408.290748121333
529,15435.007226335105
530,15408.31834722712
531,15628.006472937763
532,15888.174378529568
533,16027.524393860711
534,15986.739820248311
535,16013.753009053156
536,16071.355567854367
537,16075.844610534437
538,16185.901042994052
539,16205.729017452184
540,16145.917747745116
541,16184.81913550176
542,16253.34040001383
543,16302.736398655732
544,16237.387271203985
545,16203.49714894112
546,16186.29808379618
547,16251.6457994665
548,16288.320107783211
549,16299.056780972496
550,16338.551405833605
551,16308.08596770141
552,16214.018383049162
553,16117.230915758959
554,16103.314040196408
555,16144.76928365341
556,16082.756852669252
557,16082.766593707873
558,16088.697851741872
559,16189.72020432989
560,16202.901326371904
561,16253.383861468155
562,16443.257529281625
563,16565.439560794635
564,16630.557464757207
565,16592.23559960978
566,16568.33805656458
567,16533.38223720788
568,16354.615518936362
569,16283.54299559287
570,16156.791702728013
571,16232.650161035253
572,16393.393532042952
573,16397.019248932607
574,16460.34099693845
575,16481.255241787047
576,16458.990718452937
577,16476.875501749946
578,16401.30370209887
579,16367.837079450797
580,16380.062357755696
581,16399.35241614557
582,16370.625736643991
583,16348.085176599092
584,16291.065806275075
585,16411.202739281176
586,16346.624005693455
587,16317.962475965056
588,16238.299798916873
589,16202.41695955782
590,16314.424474027175
591,16353.466543885776
592,16235.359309275007
593,16207.020004471173
594,16174.79447285154
595,16241.348613773778
596,16167.819789839758
597,16115.676028732483
598,16153.576895842141
599,16190.040496017691
600,16178.794480582506
601,16232.484118190398
602,16313.71146622183
603,16322.425786674754
604,16485.7854765762
605,16481.94271187795
606,16520.337034229888
607,16516.972328253603
608,16473.135318749682
609,16500.28972341791
610,16462.929264456
611,16479.184546008233
612,16467.467688392673
613,16451.44152850818
614,16434.491748466127
615,16450.109246277945
616,16441.47520088837
617,16467.583060360143
618,16405.84228741424
619,16436.176702937835
620,16437.54444116142
621,16460.931977987686
622,16457.271731601235
623,16400.028366040406
624,16155.028971925733
625,16326.130569302508
626,16406.286163494096
627,16418.536743775378
628,16399.219462895344
629,16364.279488132232
630,16404.452635956924
631,16666.924982205892
632,16786.381798185306
633,16783.10288438759
634,16761.796377434
635,16726.118773248003
636,16752.870134723405
637,16752.21257220066
638,16773.70836972056
639,16793.280086238916
640,16892.214293202316
641,16882.115568849487
642,16865.196033349042
643,16910.030508094267
644,16907.479454430006
645,16908.707857346
646,16919.698662556904
647,16968.697825500152
648,16965.061211210992
649,16899.226722457097
650,16973.667196538554
651,16970.54866728018
652,17005.029822935332
653,17013.059746837444
654,16986.128722147183
655,16939.92268043874
656,16953.11220055887
657,16977.930061028314
658,16971.484008246363
659,16914.438176432945
660,16865.99749912282
661,16858.732237649623
662,16883.648343316618
663,16881.828292477814
664,16865.36507243815
665,16872.335341659236
666,16781.562654706
667,16703.77427753496
668,16712.636327458826
669,16606.187741580296
670,16604.842345066885
671,16462.92302912667
672,16420.331125826306
673,16426.654289682665
674,16295.546800061464
675,16213.643639357895
676,16088.412627947506
677,16140.762396639533
678,16071.979069530234
679,16092.748123745921
680,16156.731786201202
681,16237.370574968114
682,16267.030449944916
683,16317.945978632473
684,16365.885466501186
685,16438.626039920906
686,16412.166324082635
687,16330.708243408018
688,16328.955420866532
689,16499.793726756212
690,16381.436408553202
691,16615.184896818897
692,16569.798356271687
693,16509.740353420202
694,16516.251752603588
695,16490.498734068966
696,16578.65956076714
697,16540.53456691136
698,16224.562288442477
699,16193.936019769098
700,16224.093861480667
701,16214.38783500187
702,16091.305474517998
703,16190.881074100827
704,16237.829283784042
705,16251.028477547481
706,16188.45789296084
707,16222.43414079975
708,16142.31315396259
709,16158.858466274412
710,16152.235111915421
711,16173.641840749697
712,16112.753350004798
713,16125.943722514883
714,16097.762477588836
715,16042.731815360481
716,16063.308887553649
717,16140.352601039214
718,16235.910373607057
719,16445.918616139385
720,16420.904359077944
721,16527.14102979943
722,16657.470858761993
723,16612.247664044895
724,16609.045608476306
725,16892.90496331756
726,16847.261527694503
727,17064.93990598282
728,17212.64343417369
729,17204.17039454542
730,17214.978141190717
731,17172.85296294593
732,17188.971988392674
733,17030.564635744642
734,16986.394845841176
735,16954.945349202757
736,17054.81652869204
737,17098.76258553825
738,17025.274007204218
739,17307.88191883008
740,17391.81952364783
741,17434.32762476266
742,17410.887940417713
743,17398.205947255898
744,17415.881130298803
745,17389.486473359175
746,17347.568516662708
747,17388.568084387953
748,17252.958870545946
749,17265.752175693546
750,17320.71953528594
751,17318.01955996374
752,17269.170079177802
753,17269.835056165197
754,17264.79084633302
755,17350.019542588852
756,17503.71578792076
757,17542.23444798498
758,17546.072670768022
759,17579.4607417365
760,17618.65803104831
761,17604.576605266477
762,17625.82886758246
763,17599.56542387799
764,17650.430965866162
765,17671.770778557813
766,17652.655796904586
767,17679.344876117095
768,17652.76815260192
769,17686.252175128648
770,17768.787091819162
771,17739.936964918583
772,17713.79386684461
773,17712.776782856872
774,17786.041805991175
775,17691.96367432932
776,17784.739508531547
777,17785.56070811035
778,17748.496861434425
779,17759.77146828856
780,17801.138698369574
781,17820.03809841306
782,17830.8195455033
783,17814.02948890449
784,17958.409260142587
785,17952.600399142902
786,17947.3051850826
787,17959.89832034175
788,18058.91705626594
789,18056.22425320556
790,18037.914302582652
791,18145.201838506673
792,18234.515216545176
793,18175.192973684178
794,18199.646326871465
795,18242.798753597588
796,18082.631177238705
797,17974.050381667523
798,17969.405710378553
799,18041.836524935952
800,18022.007639315132
801,18140.26518025253
802,18127.270496557445
803,18126.768203038268
804,18171.373292397737
805,18137.59884657596
806,18154.161721404093
807,18145.767316993122
808,18109.638882633823
809,18128.80888423356
810,18045.6524554523
811,18041.442561948912
812,18064.451752128964
813,18071.93188515593
814,18109.165773158267
815,17812.413727380128
816,17816.23618648269
817,17782.56267626598
818,17788.264415780293
819,17737.56134380746
820,17821.621886845387
821,17854.863226257927
822,17885.573472675544
823,17865.24980540721
824,17881.908740875
825,17859.62000846025
826,17777.810109478556
827,17781.629739313183
828,17781.778245159283
829,17801.09125663371
830,17806.609973316263
831,17831.358992656977
832,17831.329888982415
833,17894.24715681804
834,17919.24066361608
835,17913.344472937137
836,17912.933304397582
837,17950.591598033316
838,17937.848109361785
839,17956.219248100864
840,17903.910731126944
841,17524.083794425787
842,17534.003707419688
843,17467.820709125725
844,17459.556667293546
845,17392.359037359987
846,17421.16306468728
847,17414.620345287185
848,17356.94163888288
849,17482.08472881639
850,17612.415004226514
851,17643.444491074628
852,17648.5453040934
853,17668.65870322733
854,17709.160955548694
855,17704.540929721312
856,17637.021107492703
857,17667.446388757726
858,17675.024959396495
859,17708.588867854472
860,17698.556362755662
861,17671.91072945638
862,17636.798870010603
863,17605.767037885264
864,17563.74638248214
865,17531.80240354136
866,17613.880493132354
867,17661.656762750034
868,17614.158085782612
869,17233.533803469974
870,17311.981043819163
871,17277.306511672257
872,17501.19756890447
873,17449.006588275897
874,17375.065026475873
875,17421.03382059721
876,17345.128382050716
877,17390.409522386377
878,17381.05942007362
879,17440.915674305186
880,17442.040532655014
881,17432.176417619256
882,17370.169143161365
883,17341.119373226407
884,17268.25132878453
885,17289.80822937726
886,17308.66492291171
887,17389.581186450305
888,17426.39743042938
889,17384.3056509399
890,17358.84588938515
891,17422.60227865381
892,17417.4042536839
893,17411.53570884881
894,17430.92263976019
895,17427.2297666853
896,17445.964585509657
897,17412.982331884472
898,17446.24671429785
899,17589.59977821207
900,17591.777809342973
901,17648.699921021187
902,17600.51694869579
903,17679.3721243975
904,17772.708609606132
905,17755.034016864785
906,17693.91952144307
907,17590.367134145457
908,17600.801588791503
909,17638.9876775426
910,17612.47033544822
911,17607.427033539596
912,17528.38588091426
913,17464.094454835136
914,17458.239870473684
915,17564.599931494096
916,17598.674858136517
917,17361.545424331416
918,17279.86261421046
919,17331.3984975586
920,17357.667709256122
921,17653.893782065643
922,17722.592237752135
923,17993.008791585977
924,17995.385474480034
925,17988.782596323745
926,17993.515468012934
927,17942.443688157975
928,17878.27177296813
929,17941.244062238646
930,18014.03532835198
931,17903.61932036484
932,17885.892548407064
933,17763.82797491616
934,17767.777943140893
935,17761.11462519611
936,17728.57671782176
937,17682.356978047777
938,17636.919165360418
939,17708.82049408224
940,17718.881078789178
941,17822.407579661063
942,18017.28833056859
943,18054.46144205271
944,17989.70772484004
945,17991.785776565855
946,18011.4278729428
947,17856.891452342315
948,17795.79397109476
949,17934.423933633196
950,17910.119694951707
951,17888.70502397399
952,17952.50467985092
953,17918.674093005076
954,17912.08044694075
955,17928.236288730142
956,17954.98741366279
957,18137.71621795676
958,18150.77490563877
959,18060.088283052326
960,18063.255963369797
961,18096.9244521695
962,18122.99689835552
963,18069.04187601053
964,18069.075231264884
965,18084.834460458093
966,18060.641222684513
967,18038.998671928373
968,18041.732759340226
969,18035.624439226936
970,17993.523305803974
971,18082.29415342572
972,18166.52186662039
973,18182.117278885762
974,18150.71646501734
975,18140.336389039236
976,18225.40845288891
977,18231.112951282747
978,18068.81888282337
979,18092.998687640473
980,18060.772138821983
981,18038.768819810408
982,18057.991306511212
983,18142.322300096646
984,18354.44493646164
985,18566.95689585199
986,18578.258488364474
987,18441.216976003005
988,18356.79289237148
989,18346.468481799395
990,18468.333720151975
991,18578.920275334574
992,18602.91670250523
993,18537.509517048362
994,18548.445848613374
995,18559.31710747411
996,18761.43006032218
997,18801.81274201385
998,18778.567333944604
999,18779.308815319215
1000,18820.98267831465
1001,18807.9774145038
1002,18839.51390889869
1003,18841.85125916706
1004,18820.53110652323
1005,18794.916710802092
1006,18934.482143084417
1007,18976.747741021863
1008,18985.163445257895
1009,18955.388465641343
1010,18994.11727775592
1011,18963.240052279525
1012,18939.968171777902
1013,19070.976845584064
1014,19141.504146795036
1015,19074.910156797127
1016,19095.71964253291
1017,19094.93641405771
1018,19128.0747364924
1019,19172.353959367432
1020,19176.708692067456
1021,19187.119053775426
1022,19246.658463704294
1023,19313.9877904346
1024,19277.27773530937
1025,19258.614985119606
1026,19054.020747940893
1027,19046.08748307608
1028,18860.097114185075
1029,18749.63522157661
1030,18879.15815088764
1031,18762.74710160064
1032,18492.898353493176
1033,18528.46936166627
1034,18624.842861207835
1035,18699.17294013801
1036,18883.06083273843
1037,18754.35756404131
1038,18788.22995968454
1039,18685.024944530694
1040,18625.198018927913
1041,18644.380464807364
1042,18849.435563731
1043,18872.71085350245
1044,18746.79447159724
1045,18761.553402329737
1046,18650.075865880488
1047,18707.49162839802
1048,18775.286162620036
1049,18815.594946020403
1050,18748.55885888524
1051,18735.372430662614
1052,18804.383932174514
1053,18819.567081523553
1054,18778.73889169144
1055,18748.729409171217
1056,18691.479429888368
1057,18731.906908303376
1058,18670.793736863623
1059,18751.964097040607
1060,18710.143243422608
1061,18591.276897325348
1062,18531.112771916978
1063,18998.297714921042
1064,18857.380300704943
1065,19104.901614445535
1066,19241.013060253918
1067,19124.767251618716
1068,19185.447316954618
1069,19393.168666855534
1070,19458.082518330804
1071,19172.606124379683
1072,19235.203237969537
1073,19328.795369184176
1074,19364.573692639933
1075,19693.78349246411
1076,19702.519116859825
1077,19837.431211854433
1078,19876.1442339307
1079,19895.075874287908
1080,19872.322001543664
1081,19862.00287901023
1082,19854.71126761332
1083,19615.393431470453
1084,19672.49005574496
1085,19713.18349842574
1086,19749.4834336008
1087,19795.1488364389
1088,19727.28088169248
1089,19679.723429683898
1090,19697.268560709046
1091,19657.7578560855
1092,19739.26453402679
1093,19769.16354280405
1094,19840.22166609667
1095,19845.21461087454
1096,19904.69733251443
1097,19922.675683688227
1098,19910.731255567214
1099,19997.118789274813
1100,20020.04592677576
1101,20092.20172559001
1102,20053.032932006827
1103,20039.590861553836
1104,20089.48841028062
1105,20151.366381122956
1106,20178.803179785
1107,20058.544430298476
1108,20122.97297462328
1109,20100.87233517108
1110,20206.08298551358
1111,20235.672743930823
1112,20207.992059815682
1113,20209.681171778604
1114,20365.390675831164
1115,20427.949380391638
1116,20437.24133007356
1117,20567.000911124465
1118,20558.07176958435
1119,20804.170889434834
1120,20937.18213179867
1121,20882.287604859765
1122,20930.639899561284
1123,20970.689051669524
1124,20973.018355240878
1125,21029.052521821293
1126,20952.921004971013
1127,20902.891260979613
1128,20832.87087858317
1129,20841.296703045744
1130,20857.47216722918
1131,20927.209981648295
1132,20885.065943253383
1133,20927.936675124474
1134,20993.5507139358
1135,21006.961380126257
1136,20988.15879605066
1137,20942.904240967317
1138,21017.355963560636
1139,21108.699259617057
1140,21198.260238439863
1141,21210.222468298423
1142,21213.04036392063
1143,21246.765386815045
1144,21241.578509612344
1145,21190.47515375462
1146,21081.18717906806
1147,21154.012182527615
1148,21154.048884539592
1149,21101.59869003384
1150,21039.8423526984
1151,21053.254920246964
1152,21029.032367493073
1153,21097.092003190002
1154,21061.276949291
1155,21054.69929287716
1156,21072.2942267614
1157,21115.59279538355
1158,21055.711944893297
1159,21161.64409173477
1160,21154.21257345928
1161,21204.399292679875
1162,21207.032949468397
1163,21315.490234682464
1164,21462.99624355747
1165,21551.12154902361
1166,21570.726253930447
1167,21583.85533597168
1168,21575.09080785893
1169,21642.828429991398
1170,21656.299050171725
1171,21679.57294214678
1172,21692.35482187785
1173,21691.994537978215
1174,22422.217103636016
1175,22489.429133565558
1176,22490.622739939
1177,22466.063931215616
1178,22503.161718632553
1179,22582.772478233383
1180,22549.030503455848
1181,22527.055768807764
1182,22550.796595455988
1183,22464.612492333923
1184,22342.917338116124
1185,22452.060391382995
1186,22408.541667265086
1187,22446.931299834123
1188,22447.712403847676
1189,22427.638629070334
1190,22367.97248035542
1191,22439.72987756782
1192,22654.17959288793
1193,22671.3368121062
1194,22648.446439968116
1195,22667.82007903208
1196,22566.244928592132
1197,22356.655993680943
1198,22106.416401507293
1199,22192.040064588535
1200,22225.45426156745
1201,21999.438863023817
1202,21804.15627702791
1203,22046.020601414693
1204,21979.523427473054
1205,22166.268021869586
1206,22080.30295504742
1207,22079.79424844845
1208,22075.541178819218
1209,22114.1346230482
1210,22049.2542188376
1211,21852.636684484347
1212,22001.87415440913
1213,21729.16126535369
1214,21787.78235164169
1215,21893.557505176264
1216,21993.308159676668
1217,22085.893198511912
1218,22012.589976623163
1219,22114.0737853059
1220,22109.07378060762
1221,22245.214775051667
1222,22183.08142341744
1223,22121.648695822372
1224,21895.450134159473
1225,21997.14360481038
1226,22000.948640053804
1227,21978.587286753263
1228,22116.06609542053
1229,21962.94661242119
1230,21706.129966384688
1231,21730.75256709561
1232,21751.514955060837
1233,21763.295865994725
1234,21809.95588373154
1235,21897.45010710488
1236,21899.33608203761
1237,21886.72608653073
1238,22220.018120135624
1239,22066.96451803882
1240,22202.27483235484
1241,21943.17427236466
1242,21895.477797311258
1243,22016.952789156385
1244,22256.159568498864
1245,22185.18825688649
1246,21767.71343726503
1247,21618.34403216642
1248,21621.020490077775
1249,21525.709061573754
1250,21445.900966563277
1251,21374.823828915192
1252,21199.190238909265
1253,21736.521414022944
1254,21807.4798124406
1255,21815.989690816437
1256,21869.227303611406
1257,21921.78267802927
1258,22187.214262494526
1259,22443.675069812896
1260,22569.068662951788
1261,22645.616181672765
1262,22662.630099297377
1263,22703.557080371622
1264,22696.506648031875
1265,22898.197063182884
1266,23157.67878700391
1267,23032.15310034583
1268,23148.540340346397
1269,23274.696844660408
1270,23196.422670296586
1271,23049.63243827164
1272,23062.386377095117
1273,23166.50641857047
1274,23171.90784130358
1275,23073.821569555228
1276,23097.72856032642
1277,23264.291943253123
1278,23303.95273526069
1279,23288.5116819667
1280,23305.42741272914
1281,23297.057900002736
1282,23233.519396577936
1283,23228.481073914085
1284,23251.033553654852
1285,23496.8162845717
1286,23466.435968886784
1287,23503.400398285725
1288,23514.891024541095
1289,23472.510994344084
1290,23463.184728780077
1291,23391.097639127354
1292,23437.771970247213
1293,23439.960933889342
1294,23472.102499157543
1295,23491.73109937266
1296,23483.865356126054
1297,23560.391880576324
1298,23424.715365931555
1299,23453.54643377841
1300,23397.423405378755
1301,23264.2815545465
1302,23486.026317934982
1303,23523.850085979062
1304,23616.232199394308
1305,23668.83476445442
1306,23610.859705975156
1307,23619.276473994796
1308,23711.424399166186
1309,23736.6571597884
1310,23737.856592747317
1311,23831.534650543945
1312,23711.93461236743
1313,23712.23289876469
1314,23841.68120728344
1315,23835.529084671463
1316,24143.459490457328
1317,24140.658444441095
1318,24171.46039131061
1319,24148.40597928752
1320,24168.99843489135
1321,24285.150048061132
1322,24362.294256585075
1323,24362.55999861809
1324,24296.538728906584
1325,24321.03985952122
1326,24081.4049279179
1327,24076.46308683732
1328,24123.892647719447
1329,24077.443901608363
1330,24075.50686883304
1331,24090.685840580478
1332,24014.33164683068
1333,24118.565319574136
1334,24145.47829737402
1335,24129.148365589353
1336,24106.832659939642
1337,24111.283257600277
1338,24114.76288369063
1339,24056.135911929734
1340,24096.561840378316
1341,24244.882860087055
1342,24272.352588303755
1343,24161.06174301337
1344,24197.62648957024
1345,24247.409564810092
1346,24314.082111007934
1347,23994.91801965586
1348,24068.673572689044
1349,24104.910659196168
1350,24199.46574113915
1351,24171.553865670765
1352,24190.07667818766
1353,24294.81906555238
1354,24287.802707519888
1355,24246.4845954143
1356,24228.442260490297
1357,24225.713204063286
1358,23974.959720584346
1359,24019.265755438537
1360,23990.01264778529
1361,24033.37990335304
1362,24240.593912376284
1363,24375.287833440554
1364,24385.098579363454
1365,24486.10584676367
1366,24454.114512439017
1367,24416.83153546712
1368,24402.65111420059
1369,24482.397992069014
1370,24526.189647594045
1371,24664.83687619209
1372,24727.40728071716
1373,24764.881985170538
1374,24873.8473748831
1375,24844.70487767544
1376,24798.33271988544
1377,24777.46066380614
1378,24742.668112287363
1379,24821.0487275852
1380,24814.821097076532
1381,24807.06591771554
1382,24837.91530725079
1383,25038.055032557793
1384,25003.047986113877
1385,25041.780883946467
1386,25090.599596332686
1387,25076.557130301808
1388,25093.926327752488
1389,25161.102178660476
1390,25240.846623024867
1391,25212.72370218947
1392,25233.552302047574
1393,25346.901875564916
1394,25301.361968383604
1395,25377.616691356114
1396,25260.069611549286
1397,25283.48736780902
1398,25263.11248683987
1399,25293.70712588192
1400,25306.379371405445
1401,25369.02450498148
1402,25306.165542122202
1403,25198.17606980142
1404,25118.208525115606
1405,24939.260309380046
1406,25151.610770434643
1407,25155.951657591413
1408,25228.911288318
1409,25206.497982633882
1410,25125.522091772662
1411,25212.30152874301
1412,24941.66113651179
1413,24958.917079477713
1414,25121.43985304883
1415,25158.982623311607
1416,25147.47926709345
1417,25272.131582343784
1418,25291.7840704184
1419,25030.74270606521
1420,25181.064332720423
1421,25395.196757033907
1422,25477.032384300237
1423,25616.79627441078
1424,25532.625827578868
1425,25335.28214276822
1426,25383.899505729045
1427,25648.93752966991
1428,26496.732305943864
1429,26423.58761131973
1430,26368.20762139599
1431,26244.118537395723
1432,26140.915435654857
1433,26157.431833129594
1434,26164.221050859058
1435,26258.14012183303
1436,26242.935070509124
1437,26180.21850517016
1438,26245.64175294352
1439,26414.106813400293
1440,26392.12346254545
1441,26321.466574209466
1442,26303.632400732033
1443,26221.592758326922
1444,26375.101732193732
1445,26301.767820076442
1446,26301.001224895386
1447,26548.108468638515
1448,26647.837712515346
1449,26637.691618390818
1450,26602.748328679678
1451,26657.889765860713
1452,26721.131293653852
1453,26805.982099609002
1454,26843.93700727065
1455,26878.82980275487
1456,26882.098556295496
1457,26965.070211115242
1458,27000.838344065694
1459,27033.058933718297
1460,26995.738809286326
1461,26956.06338842102
1462,26936.547706649064
1463,26936.437432173327
1464,26957.812410684353
1465,26935.871807000556
1466,27069.157170581926
1467,27003.98308302172
1468,26927.414072681677
1469,26956.115709596732
1470,26931.291266998007
1471,27016.34113323542
1472,27037.068525489623
1473,27069.644900252628
1474,27031.475311988128
1475,27076.157417562645
1476,27239.19070601093
1477,27147.078722881142
1478,27205.452273686922
1479,27243.30219876235
1480,27202.208806082395
1481,27209.042592764352
1482,27185.012533813362
1483,27256.14437482979
1484,27564.83301281788
1485,27664.47244071673
1486,27687.378275571842
1487,27654.546919575416
1488,27624.881284749736
1489,27556.093768447205
1490,27664.70197610172
1491,27571.911363722174
1492,27631.94301195644
1493,27643.029648431326
1494,27660.786976052073
1495,27649.99592049187
1496,27502.159238858
1497,27348.601375826787
1498,27430.490425770236
1499,27435.153537681705
1500,27399.747865765115
1501,27421.988323831436
1502,27415.2761302167
1503,27389.421252665572
1504,27511.141591017233
1505,27402.972903734055
1506,27381.101289084883
1507,27414.430487044847
1508,27361.034190445745
1509,27265.891316746194
1510,26880.06388078092
1511,26876.812939854935
1512,26864.408563891273
1513,26960.781314045184
1514,27141.797655900715
1515,27094.5237325458
1516,27243.78410209311
1517,27261.819806585736
1518,27263.66228102326
1519,27376.02122473843
1520,27384.32844468903
1521,27478.33223200193
1522,27479.787679440884
1523,27468.079136777073
1524,27371.114177564876
1525,27272.208229127362
1526,27354.05678740872
1527,27276.075489689083
1528,27172.822477066336
1529,27034.08227791164
1530,27010.143886814454
1531,27151.789381075836
1532,27180.457998548434
1533,27209.775925412345
1534,27207.178948672612
1535,27249.720015192615
1536,27289.851671179902
1537,27331.68670836203
1538,27520.158347755907
1539,27555.30432174695
1540,27719.21036488942
1541,27822.565435903794
1542,27879.62587657188
1543,27754.77128760081
1544,27516.609355082437
1545,27173.12836695526
1546,27203.78248240986
1547,26791.329276327357
1548,26567.633711912113
1549,27170.02386359665
1550,27003.844845369247
1551,27374.540872092366
1552,26994.36288319659
1553,26826.92027489213
1554,26117.374908881044
1555,26339.867834317705
1556,25970.12615284153
1557,25430.652459878627
1558,25925.7876542178
1559,25044.197478733575
1560,25251.755822859668
1561,25182.932061931773
1562,25324.168671245894
1563,25179.51472154914
1564,25065.705148921163
1565,26017.251985681585
1566,25989.129804380776
1567,26354.058917725793
1568,25915.17689883498
1569,26334.468972447718
1570,26185.01940485884
1571,26172.817268925322
1572,26398.851336168096
1573,26294.481933196796
1574,26953.849635404786
1575,26943.966950663198
1576,27066.105617062924
1577,26964.98445817643
1578,26976.999668850578
1579,27276.207963834786
1580,27167.273281495392
1581,27359.703570820322
1582,28160.30225961268
1583,28070.170340647586
1584,27567.936374581277
1585,27744.551678588246
1586,27686.898035578746
1587,27851.121590759998
1588,27844.017096466036
1589,27513.842742549983
1590,27661.092962926996
1591,27504.424912962473
1592,27456.37580828407
1593,27523.310628649902
1594,27418.486265390035
1595,27509.347834978347
1596,27497.06562065339
1597,27577.576668800008
1598,27886.47819248834
1599,27573.06421724774
1600,27487.69135341215
1601,27665.94449866686
1602,27747.83945334234
1603,27847.007852632396
1604,27876.96725689832
1605,27975.9701285809
1606,27949.27673142481
1607,28018.520175289104
1608,28111.42644754254
1609,28106.22866932347
1610,28263.50361168856
1611,28359.377300931308
1612,28391.51695116797
1613,28396.389254124686
1614,28400.579571620583
1615,28323.9727461025
1616,28391.180985631923
1617,28260.43907960665
1618,28225.140165564797
1619,28304.92536232835
1620,28032.867611355046
1621,27951.447507369536
1622,27970.478595470537
1623,28139.31132012371
1624,28061.48183508082
1625,28086.834294884065
1626,28295.745062035217
1627,28487.7802284782
1628,28435.519335927274
1629,28238.56008936776
1630,28287.998549139345
1631,28181.531761691575
1632,28382.42202553951
1633,28777.857557265907
1634,28772.174217367003
1635,28834.464456665268
1636,28958.497756727505
1637,28968.87400544063
1638,28975.117809244803
1639,29186.76581648153
1640,29126.238265342465
1641,28725.310702307645
1642,28984.437718189976
1643,29047.865689973398
1644,29034.85075920455
1645,29223.88130642427
1646,29360.302895658897
1647,29326.95022172592
1648,29281.960988957788
1649,29189.85291096916
1650,29121.6256003717
1651,29365.341621004816
1652,29298.512105381364
1653,29259.258256790745
1654,29211.94710335156
1655,29174.20594972613
1656,29445.821474161625
1657,29668.882232748998
1658,29890.141732292926
1659,29948.109499226328
1660,29983.748588084076
1661,29844.683258755358
1662,29702.14723710804
1663,30026.96179367791
1664,30114.30587482795
1665,30114.01002648339
1666,30297.008505283316
1667,30366.60902070372
1668,30269.598267084213
1669,30377.12342848169
1670,30359.047718513673
1671,30432.827495571037
1672,30463.64990776145
1673,30432.946964623734
1674,30422.69520910783
1675,30490.267147098883
1676,30485.52296488863
1677,30581.041934685272
1678,30844.532461138668
1679,30240.066078223914
1680,30030.68511881602
1681,29807.817942290145
1682,29874.956858915193
1683,29676.123223782735
1684,29632.400596050404
1685,29812.214726988204
1686,29686.933462270288
1687,29631.75556050383
1688,29564.756231812957
1689,29129.411514308424
1690,29232.9392968979
1691,29456.224063533573
1692,29444.820603060936
1693,29438.249039944843
1694,29419.619186292242
1695,29665.940475457945
1696,29671.56458781107
1697,29842.55919372355
1698,30163.887642007565
1699,29990.80316327836
1700,30286.773024675487
1701,30096.076147064094
1702,30208.873501711452
1703,30311.141741037594
1704,30622.07356645345
1705,30888.715435804355
1706,31024.441686596263
1707,30825.00068267264
1708,30800.628437937135
1709,30805.73074107832
1710,30664.17844384598
1711,30696.2221331822
1712,30554.585126679805
1713,30596.58151529108
1714,30575.163230128095
1715,30503.57437004139
1716,30560.150187890493
1717,30371.091998106927
1718,30378.110765783484
1719,30180.002243957373
1720,30124.21773315198
1721,30316.176942889946
1722,30708.559993824314
1723,30940.906560336833
1724,30919.864210535015
1725,30616.606696993054
1726,30464.248309580023
1727,30677.979088862267
1728,30694.04318196269
1729,30652.353362506026
1730,30738.258295804746
1731,30826.963494372394
1732,30805.990029220142
1733,30877.720744596143
1734,30832.373053761035
1735,30849.445486373344
1736,30937.306632859036
1737,31029.960417494727
1738,31250.941221562243
1739,31332.306621168114
1740,31319.16967033161
1741,31236.669004616677
1742,31182.96930136684
1743,31173.90801521352
1744,31111.21390456653
1745,31211.864158335255
1746,31041.287887088198
1747,31102.947975556606
1748,31040.07987564067
1749,31169.966562903122
1750,31096.9812912927
1751,31068.20669682047
1752,31312.166375577013
1753,31198.64870239275
1754,31085.249225916657
1755,30948.49009293426
1756,30918.743206196108
1757,30910.834070528814
1758,31004.805737206065
1759,31030.99087518661
1760,31116.094426937845
