,Profitloss
0,0.6363977051205394
1,0.48814375568133617
2,0.18226443881175225
3,-0.581441929080273
4,0.5258066863740973
5,0.7135412668103136
6,-0.8878176251247316
7,1.4884855539694986
8,0.8125520580982037
9,1.150085226469999
10,-0.21223680542548085
11,-0.027343483806685498
12,-0.12545504638842297
13,-0.38299519583088193
14,-2.318635889624243
15,-2.0963890030211707
16,-0.20368261324160697
17,-1.6660472667962223
18,-1.4834920216131087
19,-2.2562705874196176
20,-3.6819497163842696
21,-3.411338778922013
22,-4.118150088278272
23,-2.294007783056684
24,0.4367080013702562
25,0.47221934648431496
26,0.9469017698761517
27,2.6402041753532224
28,2.0028134263894604
29,1.7991428809190246
30,3.0935881855323144
31,2.705152321280524
32,4.388026998898842
33,5.303265583071659
34,6.4124798022769935
35,8.037245715505303
36,7.331975411497593
37,6.74925110828084
38,6.253484411493893
39,5.467629765898407
40,5.820851461670573
41,5.821416646309552
42,5.172661414191415
43,4.253694054676038
44,4.404496655946022
45,4.816210438556823
46,4.923309526844433
47,1.1279526641257753
48,0.7590161983548338
49,0.8541697113431113
50,1.0413250373007221
51,0.4421817695686281
52,0.32132291848003813
53,-3.3124791798233244
54,-5.1672139572715
55,-6.314684694952655
56,-8.620973216016193
57,-8.659756699044197
58,-9.396979919012727
59,-7.306813356720965
60,-6.116569894960988
61,-6.301834025631536
62,-6.693749885529754
63,-7.12978506981864
64,-7.651167439921814
65,-8.570820044216209
66,-7.491552688884018
67,-9.672155956421113
68,-9.793986150396838
69,-9.644591011086323
70,-9.964856059552707
71,-8.708355284997715
72,-7.602056422771297
73,-5.6921283949052714
74,-4.302435830496531
75,-5.582287434872802
76,-5.4462250956454845
77,-5.878570538776318
78,-5.774604923434734
79,-3.7131137924422686
80,-3.77540469369837
81,-2.839117395640811
82,-1.8400404188261943
83,-1.3708317347917776
84,-1.5246438787531291
85,-2.4567178084741847
86,-1.622063635181259
87,0.36462371724583775
88,2.3794810373644504
89,2.2162662687597035
90,1.86720843601913
91,1.1558618581589908
92,-0.09054300744891774
93,0.34724819129687834
94,-1.3170613899468608
95,-3.4552106998524623
96,-2.4258726881163373
97,-2.356748342723103
98,-1.5874437653220386
99,-1.6476560623235104
100,-1.461884987787243
101,-0.7872000430530823
102,-1.116785917305163
103,-0.4269492648088069
104,0.5261629613402263
105,1.2901717811768743
106,0.7626887740348476
107,2.8336018755986014
108,3.3382357116926498
109,2.7022608097751144
110,1.9296291401187826
111,2.087993597790505
112,2.2088595466523753
113,2.6203094460166776
114,3.6009013198662787
115,3.2027567103741994
116,3.4734765748582586
117,3.1457778125353775
118,2.9299616832482167
119,3.39966966030254
120,3.2514482242165466
121,2.682188111228556
122,2.8981030881860326
123,3.0143331251728744
124,2.703426040255219
125,2.849478314521825
126,2.5512820486623733
127,1.3188272263708223
128,1.6419426367033862
129,0.8977705653815171
130,0.7664776130856144
131,0.7287284632162327
132,0.5310601619940236
133,-1.86431740540014
134,-2.988950073626684
135,-2.3380408197230085
136,-1.8440606912137336
137,-1.5155959990218015
138,-1.09830506630878
139,-1.2383783654888125
140,-1.6783757759017082
141,-2.010816779719149
142,-0.4576867587901434
143,-0.5441459553136019
144,-2.204577051021017
145,-2.196875793727804
146,-0.21089338285955606
147,-0.38542494447432185
148,0.23876708780723455
149,-0.5799042502748764
150,0.32227913939948394
151,0.34518294384131565
152,-0.19923309095614128
153,0.4939741715435986
154,0.9712530357828264
155,1.1685269712631507
156,1.7339751160202033
157,2.111887141680935
158,1.7572317373775181
159,1.204998315449135
160,1.8623328852472198
161,6.005231462623262
162,5.887861842244613
163,5.9041729668868115
164,5.321260186418653
165,5.544169506376173
166,5.2046736611548905
167,5.001852666827311
168,5.186229054987379
169,5.30587157343807
170,5.797862435257528
171,5.367306486846624
172,5.607532038676011
173,5.533122966776571
174,4.683420353584178
175,4.572033899474848
176,6.335392581490162
177,5.873181508500203
178,6.201893501076783
179,6.348504356762175
180,5.3074454749912015
181,5.082997813352663
182,6.671510909184986
183,6.19396384941604
184,6.403555546071549
185,7.315365536993168
186,5.192686343940589
187,3.5519073664394663
188,3.124709531823311
189,3.7248417757370422
190,4.113441836765763
191,3.0302584159151325
192,5.33957837254897
193,4.510807605286704
194,3.416822687466592
195,2.2294956104489394
196,1.7738549979306795
197,1.6462164460485207
198,4.5585367597915205
199,4.935048502118966
200,7.169574545083446
201,8.097209570604825
202,8.13633348803764
203,10.452117382401859
204,10.614581390735388
205,11.046713270276198
206,11.236057441147462
207,11.305570123047005
208,12.479666068761652
209,14.701992256868856
210,16.033996639980863
211,16.15284176661993
212,16.11501354929008
213,16.866353288939017
214,17.140636438852262
215,19.23048524818356
216,19.17992868871512
217,19.95323041077759
218,21.163216904783376
219,20.87240553126626
220,21.116155687080852
221,21.672936762404603
222,22.221177414726554
223,22.118829151866493
224,22.920177802819786
225,23.560389141642002
226,22.23288997574584
227,23.34856516618813
228,24.150921569658635
229,23.378916990557897
230,24.201531895608518
231,24.075154938746437
232,24.077016301736553
233,24.597390896643855
234,25.571032516433114
235,25.80178757053948
236,23.86369178388548
237,23.46187409252036
238,21.13135222597449
239,20.261510472442467
240,19.661620121033184
241,22.80077524477422
242,24.63921541884031
243,24.430140086215644
244,24.201944325634184
245,19.256509112033115
246,19.361976144141302
247,19.65200930824611
248,19.65420659302708
249,18.736631930892656
250,17.963525827018234
251,18.10587653717257
252,17.88807231419467
253,18.52821278182595
254,19.96217145919068
255,19.957264521178566
256,18.311246416362124
257,19.66674511041373
258,20.574634779659796
259,19.69267983591898
260,17.65429188255507
261,18.0188350091248
262,20.11705363492231
263,20.12558420417172
264,20.884230038413133
265,21.643888552101398
266,24.912282500998483
267,24.205759101403366
268,22.101558812580024
269,22.320755020188376
270,20.38905623188214
271,19.184470062355064
272,23.73147050344071
273,22.061386868032006
274,23.441397871522085
275,23.24027609240986
276,23.683326772771608
277,24.25934428745391
278,23.63691987143739
279,23.718632587738654
280,23.517310949843818
281,24.846957058218333
282,25.00286017806319
283,25.042634564780553
284,25.584907738437735
285,26.01830182989675
286,25.223122429191157
287,29.709950362952142
288,30.902595904186757
289,30.156201511967808
290,31.18792525753551
291,30.76261040592645
292,30.646661364678664
293,32.67539123861432
294,31.436932268020644
295,31.770152557372853
296,30.886330186243892
297,30.788853936136263
298,31.555856847227993
299,31.363600042333406
300,33.16725474714899
301,33.48045467568408
302,33.57010536690503
303,39.71164580937187
304,40.25603707301482
305,38.27935363541777
306,37.817397045253706
307,35.021294298950046
308,33.58800459318467
309,35.55315897251157
310,35.6905105137989
311,35.04024434225279
312,34.46006963012231
313,34.34773459324993
314,34.475333900291005
315,34.10623201461289
316,34.48930087478617
317,33.949415741325836
318,34.62753327334704
319,40.3066447899183
320,40.122806800983504
321,41.71918122959526
322,41.338261169252256
323,39.5541751065307
324,43.193531890651386
325,46.97371020423464
326,46.43274189114561
327,46.469646751718365
328,46.02950561511088
329,41.42652416978034
330,39.52026088500031
331,39.77825409819224
332,37.846027829278775
333,38.857599646041365
334,39.62909544314168
335,37.68720904345677
336,38.157587527756085
337,38.924746212678805
338,40.29190853537412
339,40.00076404374771
340,39.96752154899419
341,39.35343739718324
342,39.95293115143062
343,40.86729042153152
344,41.40288329284336
345,41.683663213918074
346,41.24379456853913
347,40.69144949877506
348,40.48209549765607
349,40.14876955152147
350,41.550487875413936
351,41.52657916709872
352,42.61994542510084
353,42.385411430878946
354,40.62080801091048
355,41.325653177744194
356,39.779823818366935
357,40.52044091536848
358,39.924816841220334
359,39.600102909867175
360,40.25120120170362
361,40.51651306172393
362,39.98135757728596
363,39.510361557052455
364,39.87448885631315
365,40.98229524942503
366,42.47297784834778
367,41.36013155372667
368,42.70487357787922
369,42.55314091069453
370,40.77741072224905
371,39.845440275112324
372,39.472149894213636
373,37.43684794391675
374,39.85806921962733
375,40.607569729754765
376,41.428562576870135
377,43.808908282948565
378,45.239347553345176
379,43.091275723346016
380,44.40652016580504
381,45.55535155446662
382,48.105893394508904
383,53.20701472052922
384,52.800397848336985
385,53.83266672159179
386,53.75685916457458
387,53.00948870102562
388,52.703734899841706
389,53.937415878323215
390,53.06899431592911
391,51.405362339040096
392,47.81855037888869
393,48.665740338525396
394,47.37640763267543
395,47.07629479953517
396,48.268042034455625
397,48.345839678525216
398,48.67446795979702
399,49.02988310604617
400,46.49328651137446
401,45.12777454629497
402,45.660583440714376
403,45.464509916449124
404,47.249290995877466
405,46.502467696764604
406,45.88648739450096
407,53.80122480071663
408,53.2417757557611
409,52.90594246923557
410,51.975349994010834
411,48.46337479066693
412,41.73335024652998
413,42.451023829290115
414,48.70250143149184
415,54.428459565258215
416,55.82927713244656
417,54.39024722585748
418,53.290198190632275
419,59.129064710194726
420,57.71123870347446
421,57.55126514416169
422,60.920694563657094
423,59.10076858523734
424,62.271463283125385
425,64.85875804505321
426,63.88939080849083
427,65.61709010481633
428,66.07271775271816
429,65.80457843398561
430,64.01256684370622
431,59.23118596155721
432,58.139298097779665
433,57.785505186905574
434,55.46559109562806
435,51.76193570224981
436,47.69431643593647
437,48.82681374887097
438,58.92965749623742
439,61.77349230023707
440,67.47896649093299
441,67.65739419518194
442,66.76860842258661
443,64.5805227730083
444,66.19615312235932
445,67.76179232380075
446,69.1254239511068
447,66.95466351223973
448,68.7290618767056
449,73.40880919039101
450,72.34959814820866
451,73.42308952349062
452,74.63980375066896
453,74.3489739977028
454,77.22714404503073
455,75.59673371782776
456,77.31529032310948
457,81.24225128106772
458,82.87802309736053
459,81.25024585791823
460,81.64065309284778
461,82.48227360537994
462,82.26784192122747
463,80.30105095640383
464,79.8376297475432
465,78.12398107503853
466,78.56384994221783
467,82.42913520781934
468,82.0279224075292
469,80.17058939185615
470,80.81584197357958
471,82.96950447444385
472,85.01824885177992
473,87.14636386097008
474,86.99390744795659
475,85.85796125833822
476,85.94818155521577
477,84.79030379573346
478,85.11083006420974
479,85.6418096134315
480,82.99893478506246
481,81.42025412117948
482,82.59128489422032
483,77.00138036207687
484,79.33263910736477
485,77.80014988301724
486,79.22381390529895
487,76.12804994993397
488,78.92988378804058
489,77.60243451812279
490,78.50163461516937
491,80.75827080241001
492,82.16952731527896
493,78.79366037551753
494,76.19701843052104
495,76.6661858605802
496,73.69926098099006
497,74.45032268917909
498,74.41563102661777
499,74.04790835356508
500,75.46316469256753
501,74.00911306109768
502,73.36448834373238
503,71.18613240093634
504,71.73225638985714
505,69.95782662417751
506,67.07967932367598
507,65.4967111188892
508,66.96802384093034
509,60.68361561754949
510,59.92038719430195
511,61.374526636985905
512,58.312992770930116
513,58.170253353328214
514,59.069423604699914
515,59.81193513327987
516,65.01661997061743
517,62.7088011387946
518,59.2409848146243
519,57.88889993388069
520,46.3351325812869
521,47.09574071141718
522,49.60825657132582
523,46.85586258515784
524,45.700881052012846
525,47.40603091926398
526,47.28729272341292
527,48.07823339842905
528,48.97028434325505
529,49.06139434670222
530,41.876659694444186
531,42.424445295786214
532,42.983128885165534
533,46.849562034271464
534,42.59833414666294
535,43.71882262551949
536,44.65718573864987
537,44.24439063531827
538,45.58105880273633
539,46.0387350018691
540,45.668568772080675
541,45.902655257740776
542,45.23339345439994
543,47.528609113563824
544,47.73045955635777
545,46.19262794761008
546,45.511137385513024
547,45.81242232517548
548,45.269180037551806
549,45.796261919051105
550,45.502762331767954
551,47.73784178011506
552,47.20033827733205
553,46.04733789945386
554,43.645991424223766
555,42.96287670339336
556,44.37518947264301
557,48.967042405942294
558,48.74963882537213
559,47.985883052381894
560,49.39298587066756
561,49.53938783949168
562,51.21408664373279
563,50.51880564878066
564,53.19719007402779
565,53.77404176262435
566,53.89141139541771
567,53.18178036687171
568,62.590067153876205
569,59.96011675915105
570,58.944725307459755
571,56.64935921981409
572,58.25267530294595
573,60.604779979586844
574,59.93467445992275
575,59.225483785225876
576,59.31462652167283
577,59.24251116909927
578,59.39060163807359
579,58.02285129817646
580,56.70707751057529
581,56.84142305908109
582,55.42680608662094
583,54.133490275396824
584,53.08877833975221
585,50.97224772251951
586,53.488827046829314
587,50.103267404330424
588,48.09604976560556
589,47.87295702607006
590,47.66720055858469
591,51.790583520294845
592,52.2213247090435
593,50.830042750218695
594,50.52377103292231
595,51.159115135762676
596,56.01093750636495
597,54.56793397695103
598,53.331436234434214
599,52.91572515786554
600,53.744004855642146
601,56.01652127715637
602,56.795531529346555
603,58.68869174284064
604,61.756147975316345
605,64.61889884186145
606,64.49251946899157
607,66.60288670387314
608,67.02977188384112
609,65.8725823457703
610,66.41234241040739
611,63.970353750286705
612,64.51404369452042
613,64.88407400100007
614,65.11001356764827
615,64.96970997741585
616,64.96950803120178
617,64.39264639515592
618,64.95162081737098
619,63.22418222380275
620,64.384947615258
621,63.93155784949405
622,64.52805987217816
623,65.04975832200542
624,64.48439358886748
625,62.011912510688006
626,63.37674810427152
627,65.1889345788575
628,65.26230179535406
629,65.94516391906551
630,64.86867154449638
631,65.48190875599185
632,71.22025095819664
633,73.0465977377336
634,72.99833173522694
635,72.87469370830347
636,68.99948059727376
637,68.76098102117112
638,69.32703259603426
639,69.88723679577265
640,70.25446284979031
641,70.69019254960335
642,71.08385803201544
643,70.30658325412126
644,70.5773425004582
645,70.86697118018468
646,71.03134609877142
647,70.88050629911595
648,72.37269889182936
649,72.24657567855748
650,70.93371921131084
651,73.55386801510895
652,73.26554456244385
653,74.44511255624462
654,74.0917761840309
655,73.2664785088194
656,70.69045271475207
657,68.75224195054716
658,69.67221342430778
659,69.32802308475527
660,68.02629134316847
661,66.44948359236187
662,66.2323658507627
663,66.27469226057174
664,68.68329218819136
665,68.26063648753109
666,69.14878492135097
667,67.32811786188925
668,67.27802076514466
669,67.65324267042267
670,67.22002025020117
671,67.39735917444708
672,63.5378927779692
673,65.45814065782601
674,65.86946625529788
675,63.60557653208685
676,62.174232236490326
677,58.428137431870276
678,59.507247414430694
679,57.306038840277786
680,57.71795966039299
681,58.0304224422207
682,58.47687180569088
683,58.73241644992606
684,59.4344179861058
685,61.39684675714889
686,62.62825595462904
687,62.49505878149233
688,61.674920447777914
689,61.2709054421118
690,65.26462678441077
691,63.61126080560717
692,67.37930560228193
693,67.00609893239582
694,66.1737912788186
695,66.4786261138387
696,65.87733359324635
697,70.80016004823055
698,70.36376186620596
699,68.32801412470761
700,67.83735833677386
701,67.14750820509798
702,66.93312496873357
703,66.5429464213287
704,69.30857560604508
705,69.06938177506457
706,69.33109500002472
707,68.06295099769002
708,68.67825564493441
709,68.2101497816292
710,68.2423430048973
711,68.05191044780483
712,67.48518754698235
713,66.386023535127
714,67.36658902463914
715,63.40094392961868
716,61.51632357988321
717,60.90719585552442
718,66.15686446674802
719,67.65226301458813
720,73.1173366952555
721,73.07861737873498
722,75.52652720261965
723,76.30739310703845
724,75.29664576478564
725,74.45896160218788
726,76.98133100096847
727,75.11752082435945
728,78.78536854611701
729,78.72186532425324
730,78.67138722745801
731,78.98878073974454
732,77.05471979489009
733,77.16252794718163
734,73.46983570686459
735,73.06084045319909
736,74.00425551294249
737,76.3099365269795
738,77.447446808775
739,79.78709319108445
740,81.79048855197057
741,80.19886755471776
742,80.34763245421436
743,80.49251978964645
744,80.76992598928845
745,82.55011741828733
746,82.11170653292663
747,84.46348379677065
748,85.5391841622946
749,83.2086925854021
750,83.82161628212653
751,84.11579960848302
752,84.04622787710005
753,83.12138146997192
754,83.91338832952641
755,82.08194198880253
756,82.57314549478806
757,83.06878455928333
758,85.68746030412481
759,89.06810730828172
760,104.80829504313793
761,105.05059792640976
762,103.12341136883782
763,104.32083893216024
764,104.40195104520575
765,106.00477159959381
766,106.43257803765795
767,106.72135079892864
768,106.5199240664464
769,106.56437911341636
770,107.36587243398384
771,108.91321481046687
772,108.78900130403734
773,108.25686669075205
774,108.4176617403879
775,109.98542971771124
776,113.7750831605096
777,117.03661540102495
778,116.91503587356378
779,116.60815275560398
780,116.2147697412061
781,122.1209683682643
782,125.0411614483863
783,124.1371817307479
784,123.97604636816607
785,125.46835958301195
786,126.11686310955888
787,126.08165619630176
788,126.29572465340364
789,128.03650744748003
790,127.34624768653306
791,127.28289281822813
792,129.73505046206776
793,130.02940122241435
794,129.53439433595855
795,129.7875468434686
796,129.70719715963241
797,130.42634565532808
798,129.07307240163354
799,129.0237191272128
800,128.96066145181945
801,131.15206255626464
802,139.9070692297249
803,140.46568314505456
804,140.48920585705324
805,142.28139565727466
806,140.35585023357143
807,140.81226802358646
808,140.68086445771354
809,139.7608086333734
810,140.556373706344
811,138.7726211700744
812,138.46139874104543
813,138.68181317559606
814,139.45670948345344
815,139.4233749798382
816,138.24923308112895
817,137.44567431292077
818,138.07353773093985
819,140.20539904302137
820,139.49504001262
821,139.17088774270576
822,143.2924822480635
823,140.73841037059296
824,139.63599174276825
825,140.41419618186893
826,140.69053587744725
827,139.53918114853917
828,139.5785348465448
829,138.7144554667544
830,138.6960447995058
831,139.03185110899307
832,140.55741812444174
833,141.00452733120886
834,142.23821242896304
835,142.97422900511867
836,143.0637287158377
837,142.8269863287695
838,143.3116118799747
839,143.58581135686202
840,145.22575180594873
841,144.6433578333191
842,137.99465593842905
843,140.0504752283284
844,138.12938354086316
845,137.87710404959714
846,137.38198482324586
847,138.06349651528578
848,138.34951755265544
849,137.42532081251696
850,143.8100608694351
851,144.77021139586896
852,148.33401963685998
853,150.36226802029424
854,152.69329028105147
855,154.5935674391804
856,157.73273769766467
857,153.49800948481302
858,153.06466591562767
859,153.15848614357557
860,154.06585777698555
861,153.59345488976479
862,152.25596984997702
863,151.8970168520773
864,151.67740593569795
865,150.38702986473496
866,148.80450428774523
867,152.51765748776057
868,154.36998273245294
869,153.31063476528217
870,147.20689668429446
871,149.64279783322644
872,148.84504103448774
873,151.45700264905827
874,149.26296074448126
875,148.57086394475775
876,150.75287799391478
877,149.52102507723563
878,152.12482814639853
879,147.03322330636274
880,144.59416861484598
881,143.23869675560826
882,142.6027666203033
883,141.6722705101222
884,146.07924018880763
885,142.36542552792372
886,143.4443044476653
887,145.20081301066577
888,146.26991329183733
889,146.2322297782977
890,144.6387688310818
891,143.5582217878788
892,143.0852285814159
893,145.38725246772765
894,145.37019086006288
895,146.61641486490052
896,148.35842054239507
897,147.61228538738226
898,143.09827216386645
899,144.96672834267423
900,144.0307610721705
901,143.3064721933602
902,143.82665969399469
903,143.85765154876302
904,143.97312446294194
905,145.706319253546
906,145.9074760517909
907,145.23838533101636
908,141.54870020765077
909,143.3227886755031
910,145.8110603591797
911,144.5604535519586
912,144.2202241579131
913,141.79825854564805
914,141.097834361516
915,141.0655083851149
916,143.53932764537691
917,144.05059032035714
918,138.0192274277548
919,136.45056379540196
920,138.09501376864094
921,139.8469781425745
922,144.26585725412912
923,144.32525468866976
924,145.4405611598074
925,145.20746764809317
926,144.9253368263908
927,144.0405078609848
928,137.81163761268655
929,133.12245056833106
930,133.72164842826328
931,135.1436236606931
932,134.33014711595536
933,133.86971479453032
934,132.02703995224084
935,131.3153678048969
936,130.3964530751793
937,129.42182913676828
938,126.31106212360761
939,126.8401689459186
940,127.6042507956034
941,128.49943138711097
942,130.2090189161906
943,131.80781584563198
944,131.69976472990322
945,130.83042188208736
946,131.67858377010157
947,132.4567468774637
948,125.92216023621793
949,123.85222188194116
950,125.00138983092182
951,125.13999361955
952,124.94190158623879
953,126.19360025774932
954,125.67086048321502
955,124.40984318625294
956,123.54120403556776
957,124.17473186996735
958,124.6026851749443
959,125.71028577476389
960,126.27428367264292
961,126.27228253607817
962,126.91085885167341
963,126.9187407314453
964,123.925210728091
965,124.11142530789205
966,122.39872057474956
967,124.3009981360582
968,124.7409805635622
969,125.0426136220261
970,127.0523706833274
971,126.72229431414057
972,124.03690493260409
973,126.71918600296573
974,128.06084738384823
975,127.1644985537713
976,126.11326325439323
977,128.59680647410073
978,128.34748384544622
979,123.16582806814358
980,123.53316517775062
981,123.14450164949946
982,122.44404988786943
983,122.7827895266155
984,122.69692793383756
985,125.40502226574071
986,133.13745763927153
987,132.79119887710857
988,130.63634499659082
989,129.80403289786352
990,129.32839065946328
991,129.21268635677237
992,132.54639350816646
993,133.35875124451633
994,132.86777633165278
995,133.32752534967835
996,131.03989838884124
997,134.46085911303717
998,133.79803762655294
999,132.15588222973494
1000,131.38733004874567
1001,133.32219752872493
1002,132.70482691152435
1003,132.5033484031206
1004,132.53916557802503
1005,131.2710612842798
1006,130.64354937831843
1007,139.09020660887626
1008,139.52091782309637
1009,138.064974936671
1010,137.971675323314
1011,139.14563309397403
1012,131.9956904142233
1013,132.4420874765297
1014,133.06832306545843
1015,135.77748708037257
1016,130.7760492215367
1017,129.68681052353955
1018,129.88673006643245
1019,130.637867782721
1020,131.90979166884955
1021,132.6887513012141
1022,133.95796951838514
1023,133.59354657709176
1024,135.16258781013676
1025,133.3928939504566
1026,131.99595017162724
1027,130.56942560491643
1028,129.4098336278243
1029,124.55332219356711
1030,123.55152016529796
1031,126.99144416492732
1032,124.56430325234757
1033,119.86659694695882
1034,120.73632743712746
1035,125.67251929487804
1036,127.91949736182006
1037,129.40786431126207
1038,131.85195086211738
1039,132.21992087176213
1040,128.77010160854962
1041,127.47436791648545
1042,128.4372272025175
1043,131.72502697024964
1044,132.51614799853172
1045,131.08563309480826
1046,131.6103027018014
1047,127.77442318459839
1048,128.37820270158983
1049,133.14832549132754
1050,133.36451857202226
1051,134.28925935980502
1052,135.01433598988805
1053,138.23219600448812
1054,138.939297861709
1055,137.65246386074185
1056,134.93969044396502
1057,132.33473985851583
1058,133.671360452953
1059,126.71492869572822
1060,127.14866991242579
1061,129.04346265528903
1062,124.60503697929246
1063,122.51678279236948
1064,126.68168672883611
1065,122.65139541397252
1066,122.93353931351322
1067,124.94933381822575
1068,118.99698677419583
1069,119.10925954559866
1070,121.65705091641374
1071,121.6655858572052
1072,107.27203605195913
1073,108.09029796597103
1074,108.39702192656966
1075,108.89681251303558
1076,112.26709182024233
1077,112.73041058479309
1078,116.4739101951048
1079,117.85207501717676
1080,117.28548053509007
1081,116.3387599648403
1082,115.1527902559312
1083,114.44349697569916
1084,109.91590934111608
1085,110.5793849581747
1086,110.67704256014923
1087,111.23483396482214
1088,111.3860272460657
1089,109.5381198756206
1090,109.13865836069246
1091,108.65459520548492
1092,109.07080016254156
1093,108.24472899672037
1094,108.97206209407764
1095,110.69759176403808
1096,110.28886489378742
1097,112.36625628789976
1098,113.77597763872257
1099,113.70809844226004
1100,114.16625253398922
1101,114.40745977977772
1102,114.95190915645215
1103,112.29089020758715
1104,111.92027462496688
1105,111.48441357750518
1106,111.78978511404463
1107,113.3447076687859
1108,111.38182530047294
1109,113.83183827619266
1110,113.9215470175289
1111,113.54282940351115
1112,114.13873704306332
1113,114.23526429838095
1114,114.19769498774733
1115,117.10068752122305
1116,118.82126749746718
1117,118.70776572416295
1118,119.5538486379411
1119,118.94343139641168
1120,121.03386543095547
1121,122.44934128129876
1122,121.88026561074467
1123,123.59908524925238
1124,124.58531486739287
1125,122.90367143177616
1126,125.7615592997316
1127,125.40478654998029
1128,117.54606448447076
1129,117.11828064764096
1130,117.40141522425618
1131,118.87755423841222
1132,118.88060326072902
1133,117.97403178212798
1134,120.06548606779673
1135,120.78050429204832
1136,122.4204213808053
1137,120.91567283640549
1138,120.47932262865993
1139,122.79051148687299
1140,124.06599361374609
1141,123.77091652106058
1142,124.0091809051826
1143,124.06929788033398
1144,124.00816783050442
1145,124.14539802816682
1146,123.82181955824537
1147,123.72460405187526
1148,125.9205236122046
1149,125.95601983691442
1150,123.69241441226175
1151,123.27504986997715
1152,121.60168430420643
1153,119.59637378166121
1154,119.15430045410189
1155,119.0178350164389
1156,117.73065909270754
1157,119.720947147675
1158,120.3545501652505
1159,120.31992336702295
1160,120.76945824459804
1161,120.7621641120149
1162,121.96410917912348
1163,122.63274249787011
1164,123.22315126404115
1165,125.30636054564997
1166,125.84793731219683
1167,127.11372020727536
1168,127.28835644269667
1169,127.2237393153357
1170,129.08213097575012
1171,130.40180556269786
1172,131.61288511922078
1173,131.61806221462155
1174,131.7815829383279
1175,133.41998675113413
1176,134.00296888790467
1177,134.26159004727162
1178,133.48427455668968
1179,134.19450857915191
1180,132.790058530228
1181,133.2911129639169
1182,132.88120380124457
1183,132.9530598481348
1184,130.22118240520135
1185,127.04235591030533
1186,128.1890085192384
1187,127.33210931781392
1188,128.0249307479433
1189,125.70492901648387
1190,125.07251573795895
1191,124.22127304460737
1192,125.43049629635163
1193,125.66426482806375
1194,125.93488978537462
1195,125.30067767112692
1196,128.02549190610665
1197,127.4807461644273
1198,125.04334885152288
1199,117.46846865968763
1200,117.44104479571322
1201,118.99251514681906
1202,116.71633476739225
1203,115.79041541856508
1204,120.08361330697196
1205,118.71317733012026
1206,121.79711057722113
1207,122.4049702430809
1208,122.39175105789309
1209,122.9469750586254
1210,122.47620046541954
1211,122.1145776441237
1212,113.21811308002694
1213,121.80913860902707
1214,119.40974718107067
1215,119.5425376851365
1216,118.63905020316908
1217,124.24884094691899
1218,124.8870490899379
1219,124.88827104434654
1220,127.67992273151893
1221,129.03234897215117
1222,131.3136582300734
1223,130.0504098596513
1224,128.96945973512794
1225,124.71652445680878
1226,124.66052943279547
1227,124.64321955344798
1228,122.25279715842254
1229,123.40116200915384
1230,121.0998673283974
1231,113.03017042312243
1232,112.65447489803977
1233,114.20983223815982
1234,116.7480138281388
1235,118.49529981212834
1236,116.38010890218462
1237,116.35848601533016
1238,116.24546004674721
1239,121.45974906918795
1240,115.90976947924543
1241,120.4228807116393
1242,113.9263539988335
1243,114.37025388734115
1244,115.3254318956113
1245,117.41015670107151
1246,116.52104919919944
1247,104.46876441068112
1248,102.70863254294346
1249,102.651703282974
1250,100.49557755849735
1251,99.16862008752696
1252,97.39582342013433
1253,94.90643248894439
1254,100.6673601196781
1255,101.42797085849998
1256,102.2003995638745
1257,104.05850755990933
1258,104.19560398184795
1259,105.65080788786507
1260,114.54272427305936
1261,118.23723596201057
1262,119.73112868512592
1263,118.58561331174586
1264,119.3230747450548
1265,118.69456143837228
1266,116.31555315966176
1267,117.6395404213856
1268,114.43183116206272
1269,117.98246658942291
1270,119.66671083651615
1271,118.36294311039754
1272,117.7844910166006
1273,118.44688959894265
1274,118.38444520330236
1275,119.8895950735155
1276,119.3400160151556
1277,120.01147691173028
1278,121.17089677473683
1279,118.90399903617319
1280,119.09859172595017
1281,118.94563186698312
1282,118.9662530810517
1283,117.79383555347987
1284,116.73022570555864
1285,116.77433477135865
1286,117.7449010359195
1287,117.7009940738556
1288,119.29103137011947
1289,120.5669564183292
1290,120.80698788922658
1291,120.12739638723602
1292,119.32727158735807
1293,121.31829125694114
1294,122.34143969738528
1295,120.93246686524014
1296,122.70318425434428
1297,122.98401080326076
1298,126.8845573762765
1299,122.46199788329517
1300,122.69861398042798
1301,120.75170478422162
1302,118.4792459493047
1303,120.68052935397495
1304,123.77771285744265
1305,125.52685189889799
1306,126.3671887528198
1307,124.81825903554137
1308,124.86780161063051
1309,125.5201474010633
1310,125.77923841363194
1311,126.30991739047084
1312,127.89663979874403
1313,126.36192707390394
1314,126.68166624692682
1315,128.32753122556943
1316,126.55920921091722
1317,126.94783411455002
1318,127.32027772158321
1319,127.41130124017243
1320,125.58410270544628
1321,126.12986970311049
1322,125.37049482400539
1323,125.73068253391737
1324,125.02268761363955
1325,124.25853618114719
1326,124.76279781688184
1327,122.67330796976204
1328,122.67133197650426
1329,120.2518114815057
1330,119.3887179802262
1331,117.57544305453149
1332,117.59860574260013
1333,116.08655434007682
1334,117.16325872534466
1335,113.75675201178565
1336,114.43637340457956
1337,116.85447499268422
1338,116.94563523165505
1339,122.46655041363144
1340,123.08774845654686
1341,124.70690979505447
1342,126.88573113196182
1343,129.53775471589327
1344,127.10643726510588
1345,127.38049614158173
1346,128.38017359263668
1347,130.196206982041
1348,123.16735977924624
1349,124.07022216553693
1350,124.75839616581763
1351,127.50581868807754
1352,127.55506297309994
1353,126.96756831314748
1354,128.31388674272694
1355,128.2242725910272
1356,129.15669288601825
1357,128.88819286723745
1358,128.5635182672674
1359,119.7253761267476
1360,120.79499998680454
1361,119.99252830128123
1362,122.34725794487518
1363,127.02827293840886
1364,127.68253009251889
1365,129.230495693061
1366,131.91321619883604
1367,124.53727054349217
1368,123.27675290050162
1369,123.50497595235397
1370,124.88292417468956
1371,127.66407080291282
1372,131.35089459825377
1373,133.86222053789973
1374,134.88850804395616
1375,137.947134512961
1376,138.16580834792953
1377,134.94858317466534
1378,134.75469824954192
1379,132.66673252816798
1380,132.43261223313772
1381,132.25502347218568
1382,132.540548682477
1383,133.27836880657298
1384,136.0429413118966
1385,134.20496533170314
1386,134.3708811074234
1387,135.83044300308495
1388,136.60233277612755
1389,133.48642355126194
1390,132.94458400420024
1391,134.28373897936586
1392,134.11277117289845
1393,134.54166694861343
1394,135.96963834519138
1395,135.07958921651033
1396,135.12843790155947
1397,132.3432740349
1398,133.28006016492137
1399,132.66270938318857
1400,135.63479165760333
1401,135.7159496980727
1402,147.82496019716103
1403,146.18490097085592
1404,145.96974543558608
1405,143.82604548916885
1406,140.44014589048365
1407,143.49577922915384
1408,143.49171740879362
1409,143.80492112131168
1410,143.45568490328878
1411,143.74815441724508
1412,147.78502404788463
1413,146.09891105885305
1414,148.2496963094959
1415,150.75715848718136
1416,153.65082482833512
1417,152.64987459965923
1418,155.05116851400703
1419,154.51311692504365
1420,149.9274631087406
1421,152.68828818926156
1422,157.45427056419302
1423,158.27712580525542
1424,158.69240268499885
1425,157.76203795287506
1426,155.83851986191561
1427,156.38296217655747
1428,157.64184383898785
1429,159.1148664516311
1430,157.3797735984383
1431,155.8268588552543
1432,154.9181309518623
1433,153.44544983483902
1434,154.10880641414604
1435,157.75986843596885
1436,159.7347786867505
1437,159.51209507708367
1438,158.12484095791285
1439,159.8807593175664
1440,157.50093052624047
1441,157.16495101003628
1442,157.08200774056905
1443,156.81895425213028
1444,155.7395057265016
1445,158.20014802707664
1446,157.5695324099678
1447,157.2488812937652
1448,162.08484933780537
1449,163.15029767899597
1450,163.39260713992186
1451,162.2598676475691
1452,164.30656629858217
1453,165.19415118472023
1454,165.92486404264255
1455,167.38904725782692
1456,169.8051087917594
1457,168.65900278810054
1458,168.19585053856548
1459,168.35107951360752
1460,169.05016915166593
1461,168.3384758669179
1462,166.80308996996294
1463,165.96969785976844
1464,165.88842456363753
1465,168.20907083907633
1466,174.66056891954915
1467,177.13859930497117
1468,175.4429218019941
1469,174.67265856797675
1470,175.65721023343218
1471,176.63253895207149
1472,177.40226143271346
1473,178.23959113440702
1474,179.53711338664925
1475,178.379557120668
1476,180.9560492796188
1477,182.9065509107463
1478,181.09222389409817
1479,181.2600910990995
1480,181.6560907877205
1481,181.3084470721916
1482,182.14344709182262
1483,181.49616312359527
1484,182.0220383797651
1485,192.32843362019167
1486,193.25243075434418
1487,193.22536823955585
1488,192.67720124397619
1489,191.160166628683
1490,189.8288757725739
1491,191.41435307483752
1492,189.62913352808943
1493,191.10761542088986
1494,191.3892966975986
1495,191.69255462926614
1496,191.23923607426602
1497,187.21254913835259
1498,182.9430929047862
1499,184.77123257732475
1500,183.63625685233592
1501,181.58650381294458
1502,182.81544197466366
1503,183.00172454461693
1504,181.7664390143357
1505,184.6489681746019
1506,183.18652282782546
1507,182.72960869754237
1508,182.88633709796457
1509,181.11151281838272
1510,177.8761576888821
1511,170.5004794864868
1512,170.05308209480216
1513,169.79792497244267
1514,170.13111883327653
1515,172.8141640968325
1516,171.4326862007054
1517,173.10983357141953
1518,175.33922712063813
1519,173.4395747265693
1520,174.58509295353684
1521,174.55790976543054
1522,171.49349881483928
1523,171.14246413507666
1524,171.39440867829694
1525,169.80742397941975
1526,168.62696352370415
1527,169.73325699551083
1528,168.892444493953
1529,168.04329565063517
1530,165.8925041148735
1531,165.28495543847416
1532,167.74351214718894
1533,169.20024058503884
1534,169.12465963354464
1535,167.7447851614324
1536,168.00618586541552
1537,165.94028325142767
1538,168.3438245042631
1539,171.64135183061623
1540,171.82385093521418
1541,174.13044479400511
1542,175.65706657712616
1543,176.13902720942747
1544,174.45899548244935
1545,169.39894126994477
1546,163.46451798391413
1547,164.72177125305677
1548,163.3263930582606
1549,159.6889231681316
1550,169.64960336267018
1551,164.91784708341797
1552,171.99238259709625
1553,168.14812989430354
1554,165.4574138922932
1555,160.86301936050208
1556,167.32194404913326
1557,162.48094097907492
1558,149.87125799200896
1559,168.9886339939492
1560,157.55095259481098
1561,160.74870465911695
1562,155.87775281874116
1563,155.22159163551498
1564,152.13107657063028
1565,146.60090702283512
1566,149.23789812392764
1567,148.46023098680283
1568,155.80833989254364
1569,147.3421632809686
1570,157.54064634164004
1571,159.510425269334
1572,160.27766154862042
1573,164.36536060501882
1574,165.07348531551668
1575,175.14241422722358
1576,175.1707357906779
1577,176.10462980713825
1578,174.0583120051213
1579,175.38467151382937
1580,181.32357141722704
1581,179.89062745276163
1582,187.991336887859
1583,193.97940711710092
1584,193.92457455295147
1585,189.159623707239
1586,194.47232028982063
1587,194.80658103036026
1588,196.39249844610046
1589,194.85720685568856
1590,191.13188239690237
1591,187.7094508010317
1592,185.68547490989187
1593,185.22567441804574
1594,188.54832766719144
1595,188.1320281817409
1596,181.58691600410975
1597,180.6500387887966
1598,181.01144209960688
1599,188.86213096451354
1600,185.40592577022866
1601,184.20405141239482
1602,182.90679013908013
1603,183.5164248885875
1604,185.1653690243348
1605,185.7256804491218
1606,193.3656837259053
1607,193.20503217559116
1608,193.51517917011822
1609,192.41535316928457
1610,192.24965619362416
1611,194.92027669125744
1612,194.90617125511812
1613,194.7324018511316
1614,193.5364580703757
1615,192.8846781732094
1616,192.6735705703608
1617,192.68202078262044
1618,190.09138791610414
1619,188.98050623761944
1620,190.14130278526443
1621,185.36155652708817
1622,185.38405066639072
1623,184.79251816205985
1624,189.1700428442685
1625,190.03324484361391
1626,191.18398609057002
1627,195.83775526900854
1628,196.69221656800516
1629,196.59883969097706
1630,192.22904635801618
1631,193.32064096535464
1632,190.07563560768855
1633,192.47953287309394
1634,195.11669198928126
1635,193.8462363762404
1636,195.91268118860862
1637,199.60899502071135
1638,203.34373754572687
1639,202.80309099321227
1640,204.2962894187746
1641,200.34359014177716
1642,197.44717338216887
1643,199.21594406598103
1644,199.37729174005278
1645,195.40987765424762
1646,195.49374689263396
1647,197.91308276731937
1648,197.62529712657192
1649,196.9018787645022
1650,193.83615836712065
1651,191.03761821356468
1652,192.77744108416348
1653,190.2617903039769
1654,186.72012666209073
1655,188.85658510675563
1656,184.9872812264157
1657,190.07218505618323
1658,195.24821406003002
1659,193.994534756612
1660,193.72485124171143
1661,193.13771324770977
1662,189.57007067603783
1663,184.4179080740288
1664,187.15928296394057
1665,188.4200503558872
1666,187.08350676457394
1667,192.11352779358012
1668,192.40421379022226
1669,192.15716259329736
1670,190.5240530265127
1671,187.6988874205542
1672,187.39433435191805
1673,187.81971343375295
1674,187.50090480049803
1675,188.6852528427442
1676,188.92262041331497
1677,191.99239473957599
1678,191.68749120850913
1679,198.38869537557122
1680,194.7930627960531
1681,193.04779123704358
1682,190.42003256081762
1683,195.96738238935504
1684,189.89952530896383
1685,189.44404927413348
1686,197.879521675168
1687,195.38326574935957
1688,192.51015417908928
1689,192.3907770735088
1690,186.6892327357046
1691,187.80044305046553
1692,191.90531074109032
1693,190.40694214817026
1694,188.90864292413494
1695,189.45792960703085
1696,198.59438864676227
1697,196.36350711690108
1698,199.76221933903503
1699,202.78611771917906
1700,197.56313966560634
1701,200.44534854135878
1702,199.74990071840574
1703,203.46612387717525
1704,204.79806519832354
1705,209.56399943858645
1706,212.33643336858523
1707,212.34406081201845
1708,208.0543218405401
1709,206.25439539542035
1710,209.8338790236255
1711,205.63718585837333
1712,206.7909111116256
1713,205.03685374130885
1714,208.637968242247
1715,207.1264638319438
1716,207.00754300500802
1717,202.9745637268953
1718,200.34171344505708
1719,200.32471619942172
1720,198.50013396786844
1721,195.82053218685783
1722,198.02997972888724
1723,203.65399716189256
1724,196.76575770731955
1725,195.54194517484683
1726,188.8214489509017
1727,191.99196657654923
1728,196.14630170338302
1729,196.32971670907816
1730,197.668097309787
1731,200.0121886596424
1732,198.27484212196015
1733,197.9712089202311
1734,197.20533301801711
1735,195.92630111758797
1736,194.72427625396534
1737,193.53364467938152
1738,195.56878875284255
1739,196.90532647398632
1740,198.64063747886084
1741,198.2883309788445
1742,195.38900943010154
1743,191.40333496762798
1744,191.93576897701067
1745,191.87681834572695
1746,193.82618958216406
1747,190.11974809592442
1748,192.43065476874654
1749,193.03183721335716
1750,196.0276662738275
1751,194.67880770263636
1752,194.05542258970905
1753,196.2884120015421
1754,194.99659826314465
1755,193.70004706322
1756,192.45701562358423
1757,192.35698264556729
1758,193.58066722617636
1759,193.71863384176723
1760,192.94566557262849
1761,194.25669120642328
