,Portfolio Value
0,11939.646531422095
1,11941.06406083653
2,11772.461030309822
3,11778.420235224721
4,11609.849520078538
5,11369.695453441584
6,11376.8915127596
7,11161.202034714595
8,11153.2585951119
9,11188.218262039409
10,11240.680814818152
11,11320.417732226266
12,11356.171101026917
13,11376.934015684123
14,11422.359874578888
15,11456.252425130782
16,11333.831533716822
17,11299.984780753553
18,11261.690986708218
19,11275.73259226579
20,11295.321975470848
21,11394.133080267897
22,11530.114866361662
23,11502.773396805465
24,11503.348000705724
25,11564.134169044917
26,11478.92330355887
27,11480.134281088995
28,11503.357149302843
29,11476.866652183484
30,11513.329874411083
31,11501.857190639252
32,11425.8273479754
33,11410.6000976574
34,11421.064637772268
35,11371.213756448187
36,11398.018553403243
37,11336.127561458128
38,11324.86777521019
39,11383.315732301016
40,11413.043523839076
41,11391.75862271728
42,11292.618046356472
43,11244.542514975323
44,11083.847394196648
45,11004.690307245175
46,11012.847994660935
47,11024.561123986921
48,11045.764297479696
49,10975.371975575636
50,11326.231615843255
51,11286.668441076632
52,11494.68030165149
53,11573.871054803127
54,11601.917119462632
55,11582.19352605282
56,11578.816396251133
57,11588.06196710507
58,11630.370369735117
59,11692.001011608747
60,11627.021742564637
61,11608.566067563372
62,11609.450675869564
63,11638.542897048635
64,11688.853745725224
65,11743.268007820396
66,11725.8928530023
67,11711.068502342614
68,11683.750908789096
69,11728.230997167055
70,11581.27720352135
71,11583.65677509426
72,11547.994794493354
73,11577.70137237248
74,11787.845788524077
75,11873.487774397023
76,11876.30663274716
77,11918.131401208135
78,11785.263657061785
79,11784.03956479576
80,11630.22933317491
81,11645.12470873845
82,11626.543400046303
83,11589.296684543626
84,11501.415864757108
85,11498.537551531612
86,11558.112961165247
87,11563.803720461521
88,11422.227688741083
89,11445.451346422586
90,11450.641016421794
91,11555.218891552428
92,11495.329082411728
93,11411.913427716308
94,11408.390125533462
95,11768.239376666783
96,11780.12252923065
97,11776.139408736044
98,11799.830093847406
99,11760.905632783793
100,11738.09220560696
101,11656.646962599862
102,11735.829925908467
103,11831.46877811141
104,11748.90833188542
105,11692.154775455461
106,11655.888976222705
107,11634.411698954407
108,11664.533623330755
109,11671.372996731488
110,11654.41136925672
111,11523.640489263458
112,11586.833686424909
113,11621.982539214589
114,11608.083553736948
115,11629.664357269441
116,11645.078925353244
117,11645.816957691975
118,11553.990517225393
119,11533.123952472331
120,11419.615749365077
121,11390.07289125499
122,11306.96062059992
123,11372.440203483342
124,11284.975179453466
125,11114.14725658286
126,11078.86876447763
127,10991.735047559498
128,11063.855987278801
129,11126.525443652663
130,11220.249967194924
131,11169.028248463286
132,11010.571055200066
133,11085.349110318293
134,11112.32832718281
135,11052.413468620973
136,11101.964612703046
137,11165.633092144744
138,11160.959688438837
139,11084.938432880128
140,10946.568055114747
141,10840.605877912516
142,10855.00275546279
143,10871.991199321503
144,10880.487110339567
145,10861.667204042473
146,10857.490927095478
147,10724.687180548583
148,10714.83738849266
149,10705.153371754514
150,10795.639275479403
151,10594.435876272037
152,10499.642097573204
153,10597.149276215392
154,10579.031168453454
155,10561.395600359583
156,10519.726464629393
157,10344.801669739416
158,10270.429068905674
159,10200.366533662756
160,9870.598833364382
161,9753.22327311268
162,9978.107473167911
163,10128.965046216854
164,10125.254330029959
165,10183.936631244425
166,10004.641324574917
167,10039.210849171826
168,10101.70867577622
169,10012.295465544985
170,10043.912308549367
171,10104.76706415599
172,9990.802186251743
173,9968.783864152918
174,9903.015217534301
175,9914.988255711101
176,10020.997230641215
177,9944.559475663813
178,9890.456663149193
179,9869.320456566194
180,9679.669772916943
181,9584.25897910805
182,9417.94277581542
183,9486.991548415679
184,9442.147967606628
185,9549.92352850415
186,9694.21926228963
187,9533.142278074161
188,9803.502491076757
189,9836.029899232617
190,9891.59659675983
191,9915.940316590059
192,9904.187040643421
193,10041.52413134229
194,10066.548146503623
195,10108.186991517305
196,10058.901054829486
197,10078.377704686749
198,10085.311828803024
199,10033.839608560855
200,10015.114205796557
201,9876.617257734055
202,9719.440250201093
203,9741.942579646797
204,9884.469847189303
205,10000.675601923078
206,10115.161195622662
207,9946.247105701297
208,9967.503344041317
209,10029.176431750295
210,10012.694422239521
211,10043.93231868051
212,10048.48544944307
213,10007.028108368753
214,9967.900535105142
215,10050.663902837763
216,10058.182211840971
217,10046.023600474407
218,9945.915194148445
219,9985.777122173713
220,9983.35341886006
221,10200.240862190749
222,10400.376199370829
223,10369.70564069953
224,10534.410548826587
225,10507.804184595374
226,10409.360495241526
227,10491.71663041311
228,10545.787969592186
229,10593.810182730851
230,10786.365068522255
231,10831.528213577836
232,10807.377030336158
233,10755.840822392964
234,10666.989456026873
235,10754.152813014247
236,10727.48094510918
237,10655.019946200391
238,10557.603251017195
239,10554.074759609213
240,10562.835388917116
241,10503.400947215157
242,10403.262651475821
243,10477.286628827787
244,10560.832511925219
245,10657.249421193472
246,10642.892119104048
247,10616.051879240167
248,10649.96520248507
249,10596.078890497654
250,10540.243380417614
251,10445.174639925539
252,10470.27418850263
253,10406.683966368999
254,10216.247237860596
255,10104.558334953359
256,10236.195929257401
257,10194.966315520458
258,10026.95638061131
259,10081.168632651717
260,9860.270844613742
261,9908.569366320431
262,9825.439391802405
263,9861.853852173634
264,9958.115445764268
265,9943.670566471428
266,9969.152205869148
267,9753.045375559748
268,9773.168135190403
269,9785.912148693977
270,9789.779710233366
271,9516.746139672068
272,9446.861908290119
273,9679.163218153652
274,9635.190310756647
275,9600.438849687207
276,9551.54162888637
277,9730.468172178984
278,9661.821694046965
279,9703.481247734388
280,9869.666586533214
281,9896.234919350165
282,9894.25469316898
283,9933.545612689712
284,10122.204925636092
285,10074.085266827864
286,10075.522096756527
287,10162.598826298416
288,10316.11146256121
289,10344.519449219104
290,10493.451907451383
291,10518.059169174672
292,10617.074023998459
293,10638.45657991482
294,10661.58201761458
295,10645.476744526415
296,10732.824797920299
297,10727.114813920243
298,10816.358416684228
299,10781.23561589942
300,10793.99687780526
301,10830.638294089045
302,10824.274714103007
303,10838.000747572401
304,10839.189440307111
305,10865.410361407454
306,10856.83285180094
307,10806.628691408996
308,10807.370438303597
309,10951.727558374598
310,11101.438657995122
311,11073.23678419963
312,11038.207550331132
313,11022.397872214895
314,10840.012111765844
315,10864.865379215918
316,10787.05703800378
317,10858.386867981859
318,10964.654350252038
319,11012.822722956123
320,11258.668583626204
321,11256.011810278884
322,11269.355393519829
323,11242.49080679377
324,11432.112301780073
325,11423.785001677408
326,11415.85737644574
327,11377.07783458337
328,11459.378570803776
329,11460.935050147511
330,11382.521837736136
331,11346.031294836128
332,11281.788582146775
333,11160.586823040227
334,11040.823866246257
335,11023.247199467203
336,10942.68008667781
337,10871.55715392709
338,10847.227254375228
339,10859.465255905663
340,10764.666512997845
341,10690.035528865967
342,10783.071150085936
343,10773.469667426401
344,10823.191615628637
345,10800.206576367362
346,10688.73561176684
347,10753.477680135999
348,10731.288477833765
349,10836.663838462067
350,10859.268140339225
351,10900.449224651813
352,10935.752957428036
353,10969.892139101008
354,10905.09512546592
355,10958.366620864415
356,10953.07279854141
357,10992.795378587185
358,11015.122708533672
359,11012.599760741188
360,10962.20822854662
361,10783.293672854088
362,10786.545470435427
363,10664.87874340242
364,10659.273709557796
365,10460.31264496806
366,10497.512564466288
367,10677.801188789505
368,10804.558101267383
369,10983.585593837213
370,11022.109808981197
371,10873.13575233882
372,10701.949002887999
373,10812.150613369013
374,11110.75422018587
375,11211.389851738699
376,11264.727742381594
377,11157.8111867206
378,11095.777139202697
379,11076.899726814801
380,10975.77302391094
381,11131.236663467114
382,11113.211493407998
383,11087.965993672748
384,11037.884664050189
385,11145.082651835408
386,11045.13418630979
387,10975.20952606348
388,10946.37331581752
389,10870.031612212417
390,10823.194396228391
391,10832.544896833013
392,10846.600723962089
393,10865.992547368345
394,10946.445991051944
395,10937.790835983411
396,10940.709128419407
397,10900.542476095074
398,10933.314891457254
399,11017.633218536665
400,11118.560004835348
401,11104.665691168751
402,11211.783344956892
403,11379.796447015868
404,11373.613000730935
405,11281.876105488813
406,11304.409033703263
407,11272.566705189769
408,11156.378497628391
409,11202.41927395961
410,11197.659307183292
411,11083.927133100555
412,11109.272712080352
413,11067.903141835886
414,11061.759408565493
415,11093.509237314665
416,11086.918380590576
417,11083.432241175335
418,10949.77159809935
419,10983.520448073099
420,11018.32432004729
421,10973.061633087895
422,11004.62259799769
423,11074.618609848148
424,11048.382474538752
425,11037.66753681892
426,10914.77791342487
427,10888.719241327703
428,10947.815882473704
429,10890.53385097606
430,10900.318844602263
431,10867.219544195388
432,11226.640123778589
433,11447.649293876466
434,11359.043942826303
435,11297.449187425436
436,11258.526408201484
437,11206.42839104409
438,11186.039276548618
439,11217.098291635673
440,11218.232191477355
441,11294.344681725259
442,11293.62559467428
443,11208.810839046011
444,11178.123515577563
445,11168.745335081883
446,11068.412002777864
447,11055.835492734734
448,11006.572124360498
449,10961.562374017223
450,10876.636996553327
451,10911.717313647441
452,10890.212121786797
453,10924.12772569986
454,10877.60632899139
455,10943.499039126786
456,10970.451991779391
457,10730.311614455797
458,10579.752292130857
459,10559.89715461052
460,10576.252254908506
461,10553.145178642371
462,10463.848116626903
463,10463.381725146304
464,10436.96241208264
465,10587.770912072085
466,10494.753440022474
467,10447.602980565598
468,10421.437276397923
469,10318.411361007791
470,10245.880699361884
471,10229.265049725669
472,10332.749547862952
473,10405.94563654535
474,10396.795620039316
475,10448.073131784098
476,10491.79781065312
477,10581.494623944589
478,10560.88136640487
479,10527.64186392434
480,10569.208266577903
481,10471.112071845879
482,10401.889784215136
483,10351.66355823379
484,10462.62230082713
485,10479.669703346606
486,10572.672769745623
487,10573.91589886621
488,10619.927832207417
489,10592.622754384965
490,10680.91188902481
491,10552.959153268715
492,10498.120582060028
493,10416.520640787128
494,10421.936328341306
495,10441.567687845816
496,10431.981773725403
497,10416.23501725458
498,10489.231122865998
499,10505.932755673617
500,10469.022308681706
501,10486.161421052459
502,10431.474440408243
503,10602.125191989862
504,10714.89298442809
505,10844.61581763802
506,10823.360965349852
507,10957.381352559225
508,11049.601727754352
509,11042.82532566111
510,11057.810751503956
511,11110.120294697137
512,11102.955018138999
513,11062.985446830102
514,11068.362472946075
515,11153.86693995813
516,11143.900112842126
517,11135.127507902216
518,11137.526356559583
519,11158.859757489558
520,11146.43803242584
521,11170.878054229735
522,11228.34980825361
523,11207.98599481177
524,11290.139278824157
525,11315.061593115268
526,11287.566160756971
527,11348.88595956219
528,11774.804428249026
529,11828.87929424824
530,11807.439339398801
531,11934.247029211774
532,11977.361973336112
533,11969.709191688089
534,12034.998829652239
535,11938.541819407254
536,11956.785545384451
537,11947.36023789053
538,11909.763800357181
539,11807.26326754174
540,11805.945074870462
541,11844.2671877233
542,11864.840569426327
543,11813.567103207646
544,11849.004610581542
545,11846.750477341087
546,11821.8317196143
547,11820.204076515914
548,11854.275835200819
549,11863.98675576776
550,11843.656722641574
551,11865.576993692457
552,11918.660495802687
553,12098.91471956252
554,12135.831389125808
555,12127.98299490354
556,12025.03484300367
557,12033.952456290323
558,12024.36253257757
559,12017.34599424276
560,11977.949499609447
561,11995.721221229673
562,12026.395954134261
563,12032.489568794475
564,12035.309728760345
565,12064.083238213585
566,12032.672007875784
567,12026.434962106512
568,11890.992773696358
569,11834.446798727606
570,11828.114040056436
571,11784.671322495584
572,11743.09043078242
573,11810.909754920995
574,11827.603997103824
575,11817.0166582339
576,11900.06488885575
577,11896.774914209767
578,11865.865924248017
579,11948.284354171345
580,12183.391350420861
581,12159.611132655918
582,12049.773906842664
583,12048.538148736861
584,12043.680807518425
585,12070.818184667529
586,12095.095123234963
587,12016.552681284236
588,12056.611416395779
589,12072.730460038227
590,12112.664957693227
591,12089.271871803547
592,12156.606198370138
593,12347.972217040508
594,12328.206564319218
595,12553.441365838693
596,12501.78281576185
597,12445.280497522426
598,12469.892238796921
599,12570.243768566139
600,12636.524202860468
601,12625.398099753564
602,12635.683004275905
603,12754.63517823686
604,12755.462805846648
605,12608.236149867033
606,12625.311114187829
607,12627.353896794672
608,12621.875773278043
609,12604.111510291805
610,12666.392011274278
611,12497.913327913195
612,12398.920610876534
613,12392.748863958972
614,12475.546977478416
615,12618.746635900654
616,12609.267358623232
617,12498.59561189979
618,12548.694504429253
619,12551.471526574922
620,12500.757376683347
621,12584.633923524732
622,12603.388092932557
623,12622.902874795695
624,12601.821177261416
625,12518.308689887723
626,12530.100639133056
627,12660.01021215518
628,12709.957163827841
629,12703.273457290892
630,12651.965051868323
631,12635.314483326169
632,12702.059585126144
633,12711.520038102011
634,12720.231450792282
635,12757.098250634925
636,12802.632841426004
637,12819.748860774316
638,12796.912163419649
639,12892.410447031525
640,12808.002402545953
641,12989.662076492925
642,13020.598782551562
643,12993.755505896428
644,13114.650210266444
645,13109.37666211959
646,13364.046455809095
647,13427.620861003426
648,13423.692952650748
649,13652.411439461956
650,13626.984554403994
651,13597.977414149096
652,13631.49382101793
653,13622.565324192408
654,13661.901835840337
655,13501.847366127937
656,13447.266342729523
657,13490.642654988846
658,13480.82750455758
659,13465.858763830196
660,13278.529971323875
661,13197.816577569529
662,13160.827810716022
663,13259.483117209973
664,13225.305435202921
665,13276.709957217936
666,13430.032087461572
667,13380.982555267996
668,13376.282165327513
669,13309.60640555347
670,13386.314968721625
671,13596.395016952769
672,13562.93702275011
673,13543.20030990541
674,13657.911886901984
675,13752.564202317919
676,13884.51429066352
677,13939.558470902057
678,13877.872076715557
679,14052.940259635747
680,14243.362594644925
681,14248.330108211723
682,14178.837030480454
683,14166.038826882734
684,14095.503198549453
685,14108.133707937068
686,14089.447254578476
687,13995.961994674895
688,13989.126587055725
689,13960.889352433185
690,13995.308842294775
691,14003.282673594898
692,14106.547940439503
693,14000.20459883942
694,13983.774435669946
695,13959.5778667935
696,13989.610284244172
697,14158.337823502852
698,14139.048624658575
699,14089.725170594553
700,13907.894679647407
701,14023.103563078883
702,14023.954496784316
703,14045.273506120164
704,13977.352594309676
705,13987.023704448915
706,14192.372755366765
707,14170.4534689461
708,14029.678770586408
709,14083.884588261433
710,14010.069500348234
711,13937.388228992244
712,14077.482731313048
713,14092.168511864347
714,14084.599533917995
715,14080.355163243417
716,14119.494600159189
717,14100.21225097865
718,14044.574879124855
719,14004.846366472639
720,14018.896722719657
721,13876.455189193122
722,13820.719006687428
723,13669.694610320013
724,13913.611810747883
725,13924.791533435593
726,14055.487571329088
727,14064.386146166955
728,14148.263796565643
729,14034.509209366513
730,13968.025075292466
731,13931.426434477647
732,14102.119959423735
733,13985.638032401988
734,13969.590566811317
735,14034.633437796781
736,13813.567582227226
737,13946.376332630995
738,14044.128169539636
739,13962.765332098717
740,13960.381055986749
741,13922.582269275414
742,13897.402432963645
743,13888.684398790681
744,14120.763475890893
745,14095.775353118752
746,14077.58178469695
747,14208.873464064201
748,14316.029402485865
749,14313.723744013914
750,14260.184488688414
751,14258.293851374008
752,14255.665896799652
753,14322.454247534703
754,14381.46773140043
755,14550.197093907582
756,14623.59660665217
757,14731.715997520656
758,14756.080787157058
759,14774.088460563762
760,14889.51624421439
761,15029.217913700337
762,15058.867995960834
763,15059.6462580462
764,15050.380948190328
765,15027.340822368746
766,15078.07066947683
767,15254.961773952175
768,15145.344143858325
769,15144.380797363574
770,15321.728441511728
771,15193.955077660978
772,15129.935961488007
773,15183.53797520525
774,15125.776603059945
775,14878.534189136555
776,14623.963572176832
777,14680.648717940787
778,14839.457517564855
779,14371.681810045468
780,14315.778284435839
781,14579.243666468872
782,14611.080076697195
783,14608.091292227804
784,14734.161442042086
785,14750.110487203403
786,14750.815756662385
787,14797.45558113515
788,14690.530797136704
789,14929.037282135349
790,14868.206709713619
791,14810.286656713206
792,14816.606130163926
793,14569.892177143207
794,14519.44147509635
795,14620.87804581222
796,14687.293553787917
797,14665.588206810155
798,14740.174957617204
799,14798.814736984872
800,14851.817215089664
801,14621.768895455703
802,14859.136820111404
803,14947.540943204582
804,14901.41258180058
805,14814.251018348274
806,14735.15787167454
807,14855.467920318562
808,14624.269087710973
809,14465.706721342187
810,14599.984330120842
811,14449.01013876688
812,14415.974971883557
813,14512.240299571458
814,14451.99681197746
815,14345.558117150307
816,14357.911461962987
817,14356.517349317739
818,14326.124923476673
819,14415.801922379158
820,14295.136950248318
821,14207.304995258268
822,14215.902803709503
823,14277.444868883427
824,14294.591985400908
825,14283.489960951736
826,14287.815182061157
827,14282.792497438284
828,14233.53762807002
829,14190.852048579782
830,14365.452402233635
831,14365.452402233637
832,14480.902757765429
833,14648.50557255978
834,14657.782230329845
835,14639.893644256947
836,14589.922012856243
837,14593.959947449966
838,14599.298229201182
839,14625.683390562946
840,14700.828484449667
841,14833.151982834046
842,14986.72007422837
843,15083.602146177505
844,14975.418623370506
845,14863.649179411015
846,14884.258383652481
847,14847.752551855818
848,14777.870301088067
849,14761.264586597288
850,14929.295062373027
851,14776.275960688556
852,14753.117658972975
853,14858.987424268893
854,14804.580178082357
855,14690.543255050767
856,14835.05921389263
857,14952.92919547635
858,15131.887151323042
859,15126.485967457425
860,15027.330395039577
861,14985.6864099898
862,15082.422360227149
863,15164.49235908453
864,15099.36642679128
865,15123.171559912522
866,15142.117988223135
867,15002.971794780122
868,15135.127354485865
869,14974.547227826495
870,15018.872456011584
871,14966.427160606569
872,15015.134964022254
873,14858.51066813127
874,14859.369680327078
875,14673.60090806142
876,14477.69120549796
877,14534.6151482547
878,14575.207257905722
879,14640.903835922903
880,14710.920319593984
881,14977.006326839595
882,14948.969991268605
883,14931.28654751873
884,14947.162900694513
885,15046.04599995574
886,15022.284037539543
887,15104.232110949495
888,15182.639314687784
889,15190.041988307368
890,15130.011746407432
891,15222.643288576674
892,15219.203282386565
893,15167.564425323477
894,15402.280248784673
895,15377.404058650623
896,15301.646034179697
897,15302.69075832905
898,15292.225691496638
899,15078.58084739063
900,15079.251836017087
901,15031.175625519441
902,14954.600989058716
903,14972.008878707482
904,14992.181212960799
905,14959.987644751114
906,14858.519183260514
907,14640.876404884784
908,14737.182440342514
909,14624.189388431501
910,14633.90171503674
911,14784.128407161581
912,14726.134647635887
913,14768.186164201798
914,14693.230649650248
915,14615.18245271996
916,14683.998037960822
917,14836.754782132224
918,14644.120458196707
919,14731.533929925929
920,14692.192153554479
921,14720.447645189883
922,14714.100122265014
923,14479.121408877116
924,14503.594543630445
925,14552.588036581623
926,14532.827444959072
927,14516.44934156999
928,14560.724942702118
929,14673.446676835305
930,14525.116277971261
931,14532.438004508847
932,14699.963470485578
933,14787.146512258552
934,14805.8910533353
935,14765.916545960745
936,14738.744517927827
937,14639.530443190883
938,14742.598799851656
939,14762.619224085129
940,14716.482084562595
941,14682.817919205521
942,14703.191155107737
943,14621.844002522816
944,14514.454861621683
945,14389.40804754248
946,14545.642571193239
947,14286.308498094513
948,14275.60228724359
949,14481.923794892347
950,14457.488206588849
951,14681.562346800074
952,14641.15655771304
953,14368.842268253266
954,14430.06743324743
955,14346.97426178284
956,14141.140157195103
957,14130.458293490026
958,14196.817963723995
959,14143.31029742755
960,14094.527681270294
961,14078.875272254045
962,14199.399323902391
963,14670.890223103459
964,14593.266969742155
965,14541.69833348416
966,14658.059269027386
967,14744.558886942821
968,14735.875412753363
969,14685.2954460662
970,14603.354016431736
971,14531.779861024723
972,14590.947309173274
973,14595.85185239684
974,15076.124925820528
975,15048.819537295314
976,14938.531937523068
977,15094.636774426115
978,15048.28719379905
979,15145.882767176354
980,15128.74666656617
981,15178.327059643587
982,14943.709403132214
983,15152.025233324337
984,15345.372216552843
985,15123.946065181724
986,15108.12739815488
987,15112.762886464736
988,15100.35005884941
989,15327.305573781612
990,15482.78636262863
991,15454.20122904225
992,15364.713804098885
993,15261.002804875116
994,15457.66618585456
995,15398.44959755226
996,15267.740185113113
997,15129.867228224024
998,15090.34454016532
999,15152.91936060589
1000,14874.296252072338
1001,15348.78450101335
1002,15376.764546797667
1003,14928.389761800956
1004,15207.967043025421
1005,15280.035895997684
1006,15319.743778900825
1007,15751.369645964558
1008,15852.431969319014
1009,15722.118811593198
1010,15904.666205218893
1011,16004.680494365937
1012,16105.94928131735
1013,15973.338841868806
1014,16053.421734440017
1015,15929.137493656002
1016,15498.157164513885
1017,15480.640392819516
1018,15441.675540111475
1019,15345.823415672787
1020,15322.648468621834
1021,15519.644693194172
1022,15506.42324263397
1023,15518.92560118156
1024,15558.46074683673
1025,15539.15964935591
1026,15433.930007681081
1027,15339.307416248665
1028,15438.098415086652
1029,15400.15434687798
1030,15417.059310513609
1031,15529.58640820439
1032,15460.53526964701
1033,15524.632346856739
1034,15550.929203671003
1035,15455.25315143208
1036,15696.630414532177
1037,15526.19110900177
1038,15334.283739288388
1039,15457.89155995555
1040,15364.99313600646
1041,15333.7442787049
1042,15145.147714500825
1043,15133.31524071353
1044,15233.568396690107
1045,15337.55811445687
1046,15338.535383052465
1047,15196.347175041348
1048,15305.999461233088
1049,15372.082205602223
1050,15378.222673103528
1051,15449.225654863661
1052,15543.844010962854
1053,15597.10950908136
1054,15478.4977864753
1055,15543.584434899894
1056,15493.814857660675
1057,15399.557075309065
1058,15349.921317493136
1059,15453.373136361804
1060,15271.525417679964
1061,15275.520883104757
1062,15385.265858162098
1063,15513.693145035882
1064,15534.815624421974
1065,15529.779707617156
1066,15582.238789488198
1067,15580.805288927808
1068,15641.330973196533
1069,15600.516681658464
1070,15460.09758759759
1071,15401.299648212273
1072,15383.42676080676
1073,15438.432775568208
1074,15447.001274580856
1075,15524.061691059851
1076,15517.757074727497
1077,15504.395923460404
1078,15420.356206378588
1079,15213.165226813555
1080,15159.55012379972
1081,15164.618439129423
1082,15243.726271070851
1083,15260.196917055104
1084,15230.714087159133
1085,15260.971599590375
1086,15278.637211798627
1087,15164.896783732329
1088,15073.022664222812
1089,15048.432643921054
1090,14984.103003899092
1091,15155.555489904538
1092,15031.769132933732
1093,15169.921635617127
1094,15179.29257212184
1095,15208.830519386142
1096,14938.412139926182
1097,14876.916536075401
1098,14801.65934060615
1099,14868.629650250363
1100,14655.672778178188
1101,14686.866956460952
1102,14602.322037749582
1103,14525.046358889394
1104,14502.901237386654
1105,14571.01833586081
1106,14549.484642539106
1107,14280.03487627834
1108,14379.007251318017
1109,14365.289524813015
1110,14549.141239798188
1111,14528.198908383243
1112,14508.100707003825
1113,14364.060804344801
1114,14610.61434015441
1115,14553.084438290709
1116,14504.57676944567
1117,14577.751845075773
1118,14606.79174312322
1119,14679.40113450278
1120,14651.601410248315
1121,14742.074417152031
1122,14613.974964135165
1123,14650.06223108354
1124,14630.378519043614
1125,14656.627000507619
1126,14691.308888228734
1127,14735.142715324275
1128,14855.86699170872
1129,14845.325729631815
1130,14810.629764135732
1131,14862.254118417703
1132,14963.962735224779
1133,15024.191726774217
1134,14962.523492242033
1135,14935.862895616774
1136,14946.774701322369
1137,14905.584822500694
1138,14887.3829763939
1139,14646.04805116116
1140,14433.217636431358
1141,14279.94022140952
1142,14305.284217357395
1143,14267.241823800356
1144,14278.134024774417
1145,14240.524828329646
1146,14218.447174903253
1147,14142.615373653325
1148,14029.66494467403
1149,14001.800169898723
1150,13820.67723654935
1151,13937.03749363556
1152,13914.481956620444
1153,14081.338596353806
1154,13979.55286529022
1155,13929.517717408302
1156,14080.488920617274
1157,13986.957692970609
1158,14001.746290920868
1159,13992.76450628292
1160,14153.575642239317
1161,14378.302443489833
1162,14433.907631700526
1163,14344.028167546592
1164,14203.556791178013
1165,14330.832642727748
1166,14361.012901745791
1167,14370.645775903928
1168,14408.852661004625
1169,14573.475697362439
1170,14511.649656385029
1171,14544.192162879164
1172,14583.625226465583
1173,14554.940139186147
1174,14663.428959657784
1175,14749.51800038583
1176,14840.910585642121
1177,14861.3565446231
1178,14788.25827594176
1179,14891.564582508543
1180,14619.639165671333
1181,14537.16391838435
1182,14666.690133766908
1183,14700.976595891314
1184,14495.095883708582
1185,14439.28597131798
1186,14594.51322899529
1187,14642.0546951744
1188,14530.920873399922
1189,14533.157965330973
1190,14452.321666941127
1191,14377.924517892392
1192,14368.808316518673
1193,14361.950185873182
1194,14339.700213017373
1195,14245.391010364756
1196,14354.296574831415
1197,14542.43513418645
1198,14637.950184874073
1199,14612.310240449267
1200,14692.644057703845
1201,14694.411583321946
1202,14732.179673202572
1203,14689.10064026414
1204,14727.721078951554
1205,14756.336085994206
1206,14819.44776827438
1207,14321.607599824714
1208,14184.054500826946
1209,14253.449063125347
1210,14180.461144463048
1211,14199.865174608844
1212,14283.381628952968
1213,14426.383130503025
1214,14626.207691828893
1215,14268.700102571716
1216,14260.310352002412
1217,14864.008608200807
1218,14891.518919298942
1219,14717.537237759509
1220,14585.471004166588
1221,14595.247883644031
1222,14512.781720171097
1223,14387.762194603389
1224,14421.293954962775
1225,14463.229233688007
1226,14533.229686880857
1227,14608.15300020619
1228,14627.158204965788
1229,14738.016040560924
1230,14598.111831797365
1231,14447.71818396472
1232,14475.64696845769
1233,14612.727849095827
1234,14348.341917460297
1235,14436.474627688705
1236,14611.902275756944
1237,14628.442362343985
1238,14442.338370811935
1239,14439.866768608128
1240,14517.59178818805
1241,14716.98581565014
1242,14676.407622668128
1243,14732.527079249463
1244,14837.845153734534
1245,14866.658671659592
1246,14957.793725796122
1247,15026.210733958287
1248,14940.533505771658
1249,14961.849520123013
1250,14969.374853859525
1251,14888.393488379163
1252,14942.526873826064
