,Profitloss
0,-0.5029455714825382
1,-0.49113282636225053
2,-1.8961580807514866
3,-1.8464980397939867
4,-3.251253999345516
5,-5.252537887986808
6,-5.192570727003343
7,-6.989983044045034
8,-7.0561783740675015
9,-6.76484781633826
10,-6.327659876515401
11,-5.663185564781115
12,-5.365240824775686
13,-5.192216535965644
14,-4.813667711842607
15,-4.531229790576818
16,-5.551403885693151
17,-5.83346016038705
18,-6.152575110764857
19,-6.035561731118422
20,-5.872316871076267
21,-5.04889099776753
22,-3.9157094469861486
23,-4.143555026621126
24,-4.138766660785631
25,-3.632215257959026
26,-4.3423058036760835
27,-4.332214324258377
28,-4.13869042247631
29,-4.359444565137638
30,-4.055584379907639
31,-4.151190078006239
32,-4.784772100204993
33,-4.911665852855007
34,-4.824461351897769
35,-5.239885362931773
36,-5.016512054972977
37,-5.532270321182264
38,-5.6261018732484125
39,-5.139035564158201
40,-4.891303968007699
41,-5.068678144022664
42,-5.894849613696063
43,-6.2954790418723094
44,-7.634605048361265
45,-8.294247439623536
46,-8.22626671115888
47,-8.128657300108987
48,-7.951964187669203
49,-8.538566870203034
50,-5.614736534639542
51,-5.944429657694739
52,-4.210997486237589
53,-3.5510745433072755
54,-3.3173573378113996
55,-3.4817206162264913
56,-3.509863364573884
57,-3.4328169407910836
58,-3.080246918874019
59,-2.5666582365937773
60,-3.108152145294696
61,-3.2619494369719004
62,-3.254577701086969
63,-3.0121425245947075
64,-2.592885452289795
65,-2.139433268163371
66,-2.2842262249808343
67,-2.407762480478215
68,-2.6354090934242014
69,-2.264741690274541
70,-3.489356637322094
71,-3.4695268742145013
72,-3.7667100458887215
73,-3.5191552302293427
74,-1.767951762299358
75,-1.0542685466914725
76,-1.0307780604403294
77,-0.6822383232655382
78,-1.789469524485121
79,-1.7996702933686715
80,-3.0814222235424182
81,-2.957294093846241
82,-3.1121383329474783
83,-3.422527628803118
84,-4.154867793690775
85,-4.178853737236565
86,-3.682391990289613
87,-3.6349689961539866
88,-4.814769260490981
89,-4.621238779811787
90,-4.577991529818382
91,-3.7065092370631048
92,-4.205590979902263
93,-4.900721435697431
94,-4.930082287221149
95,-1.9313385277768047
96,-1.8323122564112504
97,-1.865504927199635
98,-1.6680825512716213
99,-1.9924530601350576
100,-2.1825649532753344
101,-2.8612753116678213
102,-2.2014172840961077
103,-1.4044268490715828
104,-2.092430567621506
105,-2.5653768712044944
106,-2.8675918648107923
107,-3.046569175379943
108,-2.795553138910367
109,-2.7385583605709307
110,-2.879905256193993
111,-3.969662589471179
112,-3.4430526131257633
113,-3.150145506545099
114,-3.2659703855254407
115,-3.0861303560879905
116,-2.9576756220562994
117,-2.951525352566875
118,-3.716745689788392
119,-3.8906337293972415
120,-4.836535421957688
121,-5.0827259062084185
122,-5.775328161667326
123,-5.229664970972148
124,-5.958540171221117
125,-7.382106195142823
126,-7.676093629353087
127,-8.402207937004192
128,-7.801200106009986
129,-7.278954636227808
130,-6.497916940042292
131,-6.924764596139276
132,-8.24524120666612
133,-7.6220907473475545
134,-7.397263940143251
135,-7.896554428158565
136,-7.483628227474615
137,-6.953057565460464
138,-6.992002596343017
139,-7.625513059332267
140,-8.778599540710442
141,-9.661617684062362
142,-9.541643704476744
143,-9.40007333898748
144,-9.329274080503602
145,-9.486106632979396
146,-9.52090894087102
147,-10.627606828761815
148,-10.709688429227826
149,-10.790388568712384
150,-10.036339371004976
151,-11.7130343643997
152,-12.502982520223306
153,-11.690422698205062
154,-11.841406929554555
155,-11.988369997003478
156,-12.335612794755058
157,-13.793319418838202
158,-14.413091092452712
159,-14.99694555281036
160,-17.74500972196349
161,-18.72313939072766
162,-16.84910439026741
163,-15.591957948192881
164,-15.622880583083676
165,-15.133861406296456
166,-16.627988961875694
167,-16.33990959023478
168,-15.819094368531495
169,-16.5642044537918
170,-16.300730762088612
171,-15.793607798700082
172,-16.7433151145688
173,-16.926801132059023
174,-17.474873187214158
175,-17.375097869074153
176,-16.491689744656547
177,-17.12867103613489
178,-17.579527807090066
179,-17.755662861948384
180,-19.336085225692145
181,-20.13117517409958
182,-21.517143534871497
183,-20.941737096536006
184,-21.3154336032781
185,-20.417303929132082
186,-19.214839480919753
187,-20.557147682715325
188,-18.30414590769369
189,-18.03308417306152
190,-17.570028360334756
191,-17.367164028416184
192,-17.465107994638164
193,-16.320632238814248
194,-16.112098779136474
195,-15.765108404022465
196,-16.175824543087614
197,-16.013519127610422
198,-15.955734759974805
199,-16.384669928659545
200,-16.540714951695357
201,-17.694856185549547
202,-19.00466458165756
203,-18.81714516961003
204,-17.62941794008914
205,-16.661036650641016
206,-15.706990036477809
207,-17.114607452489196
208,-16.93747213298903
209,-16.42352973541421
210,-16.56087981467066
211,-16.300564010995743
212,-16.262621254641086
213,-16.608099096927052
214,-16.93416220745715
215,-16.244467476351975
216,-16.181814901325243
217,-16.28313666271327
218,-17.11737338209629
219,-16.785190648552394
220,-16.805388176166158
221,-14.997992815077088
222,-13.330198338576427
223,-13.585786327503913
224,-12.213245426445107
225,-12.43496512837189
226,-13.25532920632061
227,-12.569028079890753
228,-12.118433586731792
229,-11.71824847724291
230,-10.113624428981216
231,-9.73726488685136
232,-9.938524747198684
233,-10.367993146725308
234,-11.108421199776053
235,-10.382059891547947
236,-10.604325457423492
237,-11.208167114996737
238,-12.019972908190034
239,-12.049377003256556
240,-11.97637175902404
241,-12.471658773207018
242,-13.306144571034828
243,-12.689278093101775
244,-11.993062400623177
245,-11.189588156721065
246,-11.309232340799602
247,-11.532901006331942
248,-11.250289979291084
249,-11.699342579186212
250,-12.164638496519874
251,-12.95687800062051
252,-12.747715095811419
253,-13.277633613591677
254,-14.864606351161703
255,-15.79534720872201
256,-14.698367256188327
257,-15.041947370662845
258,-16.44203016157242
259,-15.990261394569016
260,-17.831076294885484
261,-17.42858861399641
262,-18.121338401646625
263,-17.81788456521972
264,-17.0157046186311
265,-17.136078612738103
266,-16.9237316177571
267,-18.724621870335433
268,-18.556932206746644
269,-18.45073209421686
270,-18.41850241472195
271,-20.693782169399434
272,-21.276150764249014
273,-19.340306515386242
274,-19.70674741036128
275,-19.996342919273282
276,-20.40381975928024
277,-18.9127652318418
278,-19.484819216275294
279,-19.1376562688801
280,-17.75277844555655
281,-17.53137567208196
282,-17.547877556925172
283,-17.220453227585743
284,-15.648292286365905
285,-16.049289443101134
286,-16.037315860362266
287,-15.3116764475132
288,-14.032404478656579
289,-13.795671256507468
290,-12.55456743790514
291,-12.349506923544396
292,-11.524383133346172
293,-11.346195167376493
294,-11.153483186545166
295,-11.287693795613208
296,-10.559793350664181
297,-10.607376550664638
298,-9.86367986096477
299,-10.156369867504822
300,-10.050026018289493
301,-9.744680882591295
302,-9.797710715808272
303,-9.683327103563322
304,-9.67342133077408
305,-9.45491365493788
306,-9.52639290165883
307,-9.944760904925031
308,-9.938579680803361
309,-8.735603680211689
310,-7.4880111833739775
311,-7.723026798336418
312,-8.014937080573903
313,-8.146684398209214
314,-9.666565735284639
315,-9.45945517320068
316,-10.107858016635163
317,-9.513442766817848
318,-8.627880414566347
319,-8.226477308698977
320,-6.177761803114967
321,-6.199901581009303
322,-6.088705054001431
323,-6.312576610051912
324,-4.732397485166063
325,-4.801791652688269
326,-4.867855196285498
327,-5.191018045138584
328,-4.505178576635204
329,-4.492207915437407
330,-5.145651352198866
331,-5.449739209698934
332,-5.9850951487768755
333,-6.995109807998112
334,-7.993134447947858
335,-8.139606671106636
336,-8.810999277684918
337,-9.403690383940921
338,-9.606439546873101
339,-9.504456200786137
340,-10.294445725017965
341,-10.916370592783608
342,-10.14107374928387
343,-10.221086104779985
344,-9.80673653642803
345,-9.998278530271987
346,-10.927203235276329
347,-10.38768599886668
348,-10.57259601805196
349,-9.694468012816104
350,-9.50609883050646
351,-9.162923127901557
352,-8.868725354766372
353,-8.584232174158268
354,-9.124207287784003
355,-8.680278159463207
356,-8.724393345488245
357,-8.39337184510679
358,-8.2073107622194
359,-8.228335327156767
360,-8.648264762111502
361,-10.139219392882604
362,-10.112121079704773
363,-11.126010471646497
364,-11.172719087018368
365,-12.830727958599496
366,-12.520728629447609
367,-11.01832342675413
368,-9.962015822771807
369,-8.470120051356556
370,-8.149084925156691
371,-9.390535397176503
372,-10.817091642600008
373,-9.89874488859156
374,-7.41038149845108
375,-6.571751235510847
376,-6.127268813486719
377,-7.018240110661655
378,-7.535190506644196
379,-7.692502276543323
380,-8.535224800742158
381,-7.2396944711073825
382,-7.389904221600019
383,-7.600283386060436
384,-8.017627799581762
385,-7.124311234704939
386,-7.957215114085092
387,-8.539920616137675
388,-8.78022236818733
389,-9.416403231563198
390,-9.806713364763409
391,-9.728792526391562
392,-9.611660633649265
393,-9.45006210526379
394,-8.77961674123381
395,-8.851743033471571
396,-8.827423929838274
397,-9.162146032541052
398,-8.889042571189554
399,-8.186389845527797
400,-7.345333293038769
401,-7.461119240260405
402,-6.5684721253592375
403,-5.168362941534433
404,-5.2198916605755485
405,-5.984365787593227
406,-5.796591385806138
407,-6.061944123418595
408,-7.0301791864300744
409,-6.646506050336587
410,-6.686172440139226
411,-7.633940557495378
412,-7.422727399330398
413,-7.767473818034276
414,-7.818671595287563
415,-7.554089689044452
416,-7.609013495078532
417,-7.638064656872212
418,-8.751903349172075
419,-8.47066293272417
420,-8.180630666272581
421,-8.557819724267546
422,-8.294811683352588
423,-7.711511584598762
424,-7.9301460455104
425,-8.01943719317566
426,-9.043517388126077
427,-9.260672988935815
428,-8.7682009793858
429,-9.245551241866167
430,-9.164009628314474
431,-9.439837131705097
432,-6.444665635178426
433,-4.602922551029454
434,-5.341300476447475
435,-5.854590104788027
436,-6.178946598320967
437,-6.613096741299252
438,-6.783006028761518
439,-6.524180903036059
440,-6.514731737688706
441,-5.880460985622838
442,-5.886453377714329
443,-6.593243007949912
444,-6.848970703520307
445,-6.927122207650971
446,-7.763233310184459
447,-7.8680375605438835
448,-8.278565630329183
449,-8.653646883189802
450,-9.361358362055604
451,-9.06902238627132
452,-9.24823231844336
453,-8.965602285834496
454,-9.353280591738422
455,-8.804174673943454
456,-8.57956673517174
457,-10.580736546201685
458,-11.835397565576189
459,-12.000857044912328
460,-11.864564542429113
461,-12.057123511313572
462,-12.80126569477581
463,-12.805152290447463
464,-13.025313232644676
465,-11.768575732732621
466,-12.543721333146053
467,-12.936641828620022
468,-13.154689363350647
469,-14.013238658268412
470,-14.61766083865097
471,-14.756124585619423
472,-13.893753767808736
473,-13.283786362122086
474,-13.360036499672368
475,-12.932723901799182
476,-12.568351577890658
477,-11.820878133795087
478,-11.992655279959418
479,-12.269651133963833
480,-11.923264445184135
481,-12.740732734617676
482,-13.317585131540532
483,-13.73613701471842
484,-12.81148082644058
485,-12.66941913877828
486,-11.894393585453145
487,-11.884034176114922
488,-11.500601398271526
489,-11.728143713458616
490,-10.992400924793245
491,-12.058673722760705
492,-12.515661816166435
493,-13.195661326773934
494,-13.150530597155786
495,-12.986935934618193
496,-13.066818552288307
497,-13.198041522878501
498,-12.589740642783342
499,-12.45056036938652
500,-12.758147427652455
501,-12.615321491229514
502,-13.071046329931313
503,-11.648956733417815
504,-10.70922512976592
505,-9.628201519683167
506,-9.805325288751233
507,-8.688488728673127
508,-7.919985602047063
509,-7.976455619490752
510,-7.851577070800375
511,-7.415664210857187
512,-7.4753748488416765
513,-7.808454609749149
514,-7.763646058782703
515,-7.051108833682251
516,-7.134165726315622
517,-7.207270767481533
518,-7.1872803620034675
519,-7.009502020920355
520,-7.113016396451332
521,-6.909349548085542
522,-6.43041826455325
523,-6.600116709901915
524,-5.915506009798688
525,-5.7078200573727695
526,-5.936948660358576
527,-5.425950336981744
528,-1.876629764591442
529,-1.4260058812646692
530,-1.6046721716766577
531,-0.5479414232352209
532,-0.18865022219907157
533,-0.25242340259925555
534,0.29165691376866754
535,-0.5121515049395509
536,-0.3601204551295756
537,-0.43866468424558214
538,-0.7519683303568225
539,-1.6061394371521653
540,-1.6171243760794818
541,-1.2977734356391601
542,-1.126328588113934
543,-1.5536074732696137
544,-1.25829491182049
545,-1.2770793554909399
546,-1.4847356698808323
547,-1.4982993623673835
548,-1.2143680399931744
549,-1.1334437019353216
550,-1.3028606446535584
551,-1.120191719229524
552,-0.6778292016442755
553,0.8242893296876552
554,1.1319282427150634
555,1.0665249575295022
556,0.2086236916972517
557,0.2829371357526922
558,0.20302110481309477
559,0.1445499520229987
560,-0.18375416992126858
561,-0.03565648975272229
562,0.2199662844521777
563,0.27074640662063665
564,0.29424773966955087
565,0.5340269851132007
566,0.27226673229820975
567,0.22029135088759144
568,-0.908393552530351
569,-1.3796100106032827
570,-1.4323829995297022
571,-1.794405645870134
572,-2.140913076813167
573,-1.5757520423250404
574,-1.4366333574681311
575,-1.5248611813841628
576,-0.8327925928687474
577,-0.8602090482519364
578,-1.117783964599861
579,-0.43096371523879684
580,1.5282612535071793
581,1.3300927721326516
582,0.41478255702218636
583,0.4044845728071733
584,0.36400672932022093
585,0.5901515388960776
586,0.7924593602913532
587,0.13793901070195957
588,0.4717618032981541
589,0.6060871669852252
590,0.938874647443555
591,0.7439322650295566
592,1.305051653084477
593,2.899768475337572
594,2.7350547026601557
595,4.612011381989101
596,4.18152346468208
597,3.710670812686878
598,3.9157686566410055
599,4.752031404717827
600,5.3043683571705635
601,5.211650831279702
602,5.2973583689658765
603,6.288626485307169
604,6.29552338205539
605,5.068634582225262
606,5.210925951565248
607,5.22794913995559
608,5.182298110650363
609,5.034262585765048
610,5.55326676061898
611,4.149277732609957
612,3.324338423971107
613,3.2729071996580927
614,3.9628914789868075
615,5.156221965838781
616,5.0772279885269445
617,4.154963432498238
618,4.572454203577103
619,4.595596054791007
620,4.172978139027883
621,4.871949362706096
622,5.028234107771312
623,5.1908572899641126
624,5.015176477178462
625,4.319239082397686
626,4.417505326108806
627,5.500085101293184
628,5.916309698565336
629,5.860612144090771
630,5.433042098902696
631,5.294287361051397
632,5.850496542717876
633,5.929333650850088
634,6.001928756602348
635,6.30915208862437
636,6.688607011883363
637,6.831240506452629
638,6.640934695163736
639,7.4367537252627125
640,6.733353354549609
641,8.247183970774374
642,8.504989854596356
643,8.281295882470241
644,9.28875175222037
645,9.244805517663245
646,11.36705379840912
647,11.896840508361883
648,11.86410793875623
649,13.77009532884963
650,13.558204620033298
651,13.316478451242464
652,13.595781841816091
653,13.521377701603399
654,13.849181965336154
655,12.515394717732796
656,12.060552856079365
657,12.42202212490704
658,12.340229204646501
659,12.21548969858497
660,10.654416427698955
661,9.981804813079398
662,9.673565089300196
663,10.495692643416433
664,10.210878626691011
665,10.639249643482795
666,11.916934062179774
667,11.50818796056663
668,11.469018044395952
669,10.913386712945572
670,11.55262473934686
671,13.303291807939743
672,13.024475189584251
673,12.860002582545093
674,13.815932390849861
675,14.604701685982668
676,15.704285755529334
677,16.16298725751715
678,15.648933972629653
679,17.10783549696455
680,18.694688288707706
681,18.736084235097692
682,18.156975254003793
683,18.05032355735612
684,17.46252665457877
685,17.567780899475572
686,17.412060454820622
687,16.633016622290796
688,16.576054892131054
689,16.34074460360988
690,16.627573685789798
691,16.694022279957487
692,17.5545661703292
693,16.668371656995173
694,16.53145363058288
695,16.329815556612502
696,16.580085702034776
697,17.986148529190427
698,17.82540520548812
699,17.41437642162127
700,15.899122330395056
701,16.85919635899069
702,16.866287473202625
703,17.04394588433469
704,16.47793828591397
705,16.558530870407616
706,18.26977296138972
707,18.087112241217508
708,16.91398975488674
709,17.365704902178614
710,16.750579169568613
711,16.144901908268693
712,17.312356094275394
713,17.434737598869553
714,17.371662782649967
715,17.336293027028482
716,17.66245500132657
717,17.50176875815541
718,17.03812399270712
719,16.707053053938647
720,16.824139355997136
721,15.637126576609361
722,15.1726583890619
723,13.914121752666775
724,15.946765089565694
725,16.039929445296618
726,17.12906309440907
727,17.20321788472463
728,17.90219830471369
729,16.954243411387605
730,16.400208960770545
731,16.095220287313737
732,17.517666328531135
733,16.546983603349897
734,16.41325472342765
735,16.955278648306503
736,15.113063185226894
737,16.21980277192496
738,17.034401412830302
739,16.356377767489306
740,16.33650879988957
741,16.02151891062844
742,15.8116869413637
743,15.739036656589
744,17.673028965757442
745,17.46479460932293
746,17.313181539141254
747,18.407278867201683
748,19.300245020715543
749,19.28103120011595
750,18.83487073907011
751,18.81911542811674
752,18.797215806663758
753,19.353785396122515
754,19.845564428336914
755,21.251642449229855
756,21.863305055434743
757,22.764299979338798
758,22.96733989297548
759,23.117403838031358
760,24.07930203511992
761,25.243482614169466
762,25.49056663300695
763,25.497052150385002
764,25.419841234919403
765,25.227840186406205
766,25.650588912306915
767,27.12468144960145
768,26.211201198819367
769,26.203173311363127
770,27.68107034593108
771,26.616292313841484
772,26.082799679066724
773,26.529483126710417
774,26.048138358832883
775,23.987784909471287
776,21.866363101473606
777,22.33873931617323
778,23.662145979707127
779,19.764015083712238
780,19.29815237029866
781,21.493697220573928
782,21.759000639143288
783,21.73409410189837
784,22.784678683684056
785,22.917587393361693
786,22.923464638853197
787,23.312129842792917
788,22.421089976139207
789,24.40864401779457
790,23.901722580946828
791,23.41905547261005
792,23.47171775136605
793,21.41576814286006
794,20.99534562580292
795,21.8406503817685
796,22.394112948232635
797,22.21323505675128
798,22.8347913134767
799,23.32345614154061
800,23.76514345908054
801,21.848074128797524
802,23.826140167595035
803,24.56284119337151
804,24.178438181671492
805,23.452091819568956
806,22.7929822639545
807,23.795566002654688
808,21.868909064258112
809,20.5475560111849
810,21.66653608434035
811,20.408417823057334
812,20.13312476569631
813,20.935335829762145
814,20.433306766478832
815,19.54631764291923
816,19.649262183024895
817,19.637644577647826
818,19.3843743623056
819,20.13168268649299
820,19.126141252069306
821,18.394208293818902
822,18.465856697579184
823,18.978707240695236
824,19.121599878340902
825,19.029083007931135
826,19.06512651717631
827,19.023270811985693
828,18.612813567250175
829,18.257100404831505
830,19.71210335194695
831,19.712103351946975
832,20.67418964804524
833,22.070879771331487
834,22.14818525274871
835,21.999113702141226
836,21.5826834404687
837,21.616332895416377
838,21.660818576676522
839,21.88069492135789
840,22.506904037080556
841,23.609599856950393
842,24.88933395190307
843,25.696684551479223
844,24.795155194754216
845,23.863743161758457
846,24.035486530437346
847,23.731271265465146
848,23.148919175733894
849,23.010538221644072
850,24.41079218644189
851,23.135633005737954
852,22.94264715810812
853,23.824895202240782
854,23.371501484019632
855,22.42119379208973
856,23.62549344910525
857,24.60774329563624
858,26.0990595943587
859,26.05404972881187
860,25.227753291996468
861,24.88072008324833
862,25.686853001892906
863,26.37076965903775
864,25.82805355659401
865,26.02642966593769
866,26.184316568526135
867,25.02476495650101
868,26.126061287382218
869,24.7878935652208
870,25.157270466763194
871,24.720226338388063
872,25.12612470018545
873,23.820922234427243
874,23.828080669392303
875,22.280007567178494
876,20.647426712483007
877,21.121792902122504
878,21.460060482547693
879,22.007531966024185
880,22.5910026632832
881,24.808386056996625
882,24.574749927238383
883,24.427387895989416
884,24.55969083912095
885,25.38371666629784
886,25.185700312829518
887,25.86860092457912
888,26.521994289064853
889,26.58368323589473
890,26.083431220061936
891,26.855360738138945
892,26.82669401988804
893,26.396370211028962
894,28.35233540653894
895,28.14503382208853
896,27.513716951497468
897,27.522422986075412
898,27.435214095805314
899,25.65484039492192
900,25.66043196680905
901,25.25979687932869
902,24.621674908822634
903,24.76674065589568
904,24.934843441339982
905,24.666563706259282
906,23.820993193837616
907,22.007303374039864
908,22.80985366952095
909,21.868244903595844
910,21.94918095863949
911,23.20107005967984
912,22.71778873029906
913,23.068218035014976
914,22.443588747085407
915,21.793187105999667
916,22.366650316340177
917,23.639623184435198
918,22.034337151639228
919,22.762782749382747
920,22.43493461295398
921,22.670397043249025
922,22.617501018875117
923,20.659345073975956
924,20.863287863587043
925,21.271566971513533
926,21.10689537465893
927,20.970411179749917
928,21.33937452251764
929,22.278722306960887
930,21.04263564976052
931,21.10365003757373
932,22.499695587379808
933,23.22622093548794
934,23.38242544446083
935,23.04930454967287
936,22.822870982731903
937,21.996087026590683
938,22.85498999876381
939,23.021826867376085
940,22.637350704688288
941,22.356815993379353
942,22.526592959231138
943,21.84870002102346
944,20.953790513514026
945,19.911733729520662
946,21.213688093276993
947,19.052570817454285
948,18.963352393696574
949,20.682698290769565
950,20.479068388240407
951,22.34635289000062
952,22.009637980942
953,19.74035223544388
954,20.250561943728584
955,19.55811884819032
956,17.842834643292527
957,17.753819112416892
958,18.306816364366618
959,17.86091914522958
960,17.454397343919116
961,17.32396060211705
962,18.328327699186598
963,22.25741852586216
964,21.610558081184617
965,21.18081944570134
966,22.150493908561543
967,22.871324057856835
968,22.798961772944693
969,22.377462050551667
970,21.69461680359781
971,21.098165508539356
972,21.591227576443963
973,21.632098769973673
974,25.63437438183773
975,25.406829477460956
976,24.48776614602557
977,25.788639786884282
978,25.402393281658743
979,26.215689726469616
980,26.072888888051416
981,26.486058830363213
982,24.53091169276844
983,26.266876944369464
984,27.878101804607034
985,26.03288387651437
986,25.901061651290668
987,25.939690720539453
988,25.83625049041174
989,27.727546448180096
990,29.023219688571935
991,28.78501024201874
992,28.039281700824038
993,27.175023373959295
994,28.813884882121332
995,28.32041331293551
996,27.231168209275936
997,26.082226901866857
998,25.752871168044344
999,26.274328005049096
1000,23.952468767269487
1001,27.906537508444586
1002,28.139704556647228
1003,24.40324801500797
1004,26.733058691878497
1005,27.333632466647373
1006,27.664531490840204
1007,31.261413716371322
1008,32.10359974432511
1009,31.01765676327666
1010,32.53888504349079
1011,33.37233745304948
1012,34.21624401097792
1013,33.11115701557339
1014,33.778514453666794
1015,32.74281244713335
1016,29.15130970428237
1017,29.00533660682929
1018,28.680629500928955
1019,27.88186179727323
1020,27.68873723851528
1021,29.33037244328476
1022,29.220193688616412
1023,29.32438000984634
1024,29.653839556972763
1025,29.49299707796591
1026,28.61608339734234
1027,27.827561802072196
1028,28.65082012572209
1029,28.334619557316508
1030,28.475494254280065
1031,29.413220068369906
1032,28.837793913725097
1033,29.37193622380616
1034,29.591076697258355
1035,28.793776261934
1036,30.805253454434812
1037,29.38492590834807
1038,27.785697827403233
1039,28.81576299962958
1040,28.041609466720494
1041,27.781202322540842
1042,26.209564287506872
1043,26.110960339279423
1044,26.946403305750888
1045,27.812984287140587
1046,27.82112819210387
1047,26.636226458677893
1048,27.54999551027573
1049,28.100685046685193
1050,28.151855609196062
1051,28.743547123863845
1052,29.53203342469044
1053,29.975912575678
1054,28.987481553960826
1055,29.52987029083245
1056,29.115123813838963
1057,28.32964229424222
1058,27.916010979109473
1059,28.778109469681713
1060,27.262711813999708
1061,27.2960073592063
1062,28.21054881801748
1063,29.280776208632364
1064,29.456796870183123
1065,29.41483089680963
1066,29.851989912401656
1067,29.8400440743984
1068,30.34442477663777
1069,30.0043056804872
1070,28.834146563313247
1071,28.344163735102267
1072,28.19522300672299
1073,28.653606463068403
1074,28.725010621507142
1075,29.36718075883209
1076,29.3146422893958
1077,29.203299362170032
1078,28.50296838648825
1079,26.776376890112964
1080,26.32958436499766
1081,26.37182032607852
1082,27.03105225892375
1083,27.168307642125853
1084,26.922617392992777
1085,27.17476332991979
1086,27.321976764988555
1087,26.374139864436064
1088,25.608522201856765
1089,25.403605366008787
1090,24.86752503249243
1091,26.29629574920449
1092,25.264742774447768
1093,26.41601363014272
1094,26.494104767681993
1095,26.74025432821785
1096,24.486767832718193
1097,23.974304467295006
1098,23.34716117171791
1099,23.905247085419703
1100,22.130606484818237
1101,22.390557970507928
1102,21.686016981246524
1103,21.042052990744953
1104,20.85751031155545
1105,21.425152798840074
1106,21.24570535449255
1107,19.000290635652828
1108,19.825060427650133
1109,19.71074604010845
1110,21.2428436649849
1111,21.068324236527026
1112,20.900839225031874
1113,19.700506702873334
1114,21.755119501286746
1115,21.27570365242257
1116,20.871473078713908
1117,21.48126537563144
1118,21.723264526026842
1119,22.32834278752316
1120,22.096678418735948
1121,22.850620142933597
1122,21.783124701126376
1123,22.083851925696173
1124,21.919820992030115
1125,22.138558337563484
1126,22.42757406857279
1127,22.79285596103562
1128,23.79889159757267
1129,23.7110477469318
1130,23.421914701131108
1131,23.852117653480853
1132,24.699689460206486
1133,25.201597723118475
1134,24.687695768683614
1135,24.465524130139784
1136,24.556455844353064
1137,24.213206854172455
1138,24.061524803282495
1139,22.05040042634301
1140,20.276813636927994
1141,18.999501845079347
1142,19.210701811311637
1143,18.893681865002954
1144,18.984450206453474
1145,18.671040236080394
1146,18.48705979086045
1147,17.855128113777717
1148,16.913874538950257
1149,16.681668082489367
1150,15.17231030457793
1151,16.141979113629667
1152,15.95401630517037
1153,17.344488302948392
1154,16.4962738774185
1155,16.07931431173586
1156,17.337407671810624
1157,16.557980774755077
1158,16.681219091007236
1159,16.606370885690993
1160,17.94646368532764
1161,19.81918702908194
1162,20.282563597504378
1163,19.533568062888264
1164,18.362973259816773
1165,19.423605356064577
1166,19.675107514548262
1167,19.755381465866062
1168,20.073772175038542
1169,21.445630811353666
1170,20.93041380320857
1171,21.20160135732636
1172,21.53021022054653
1173,21.291167826551227
1174,22.19524133048154
1175,22.91265000321525
1176,23.67425488035102
1177,23.844637871859177
1178,23.235485632848007
1179,24.096371520904537
1180,21.830326380594435
1181,21.14303265320292
1182,22.22241778139089
1183,22.508138299094284
1184,20.792465697571515
1185,20.3273830943165
1186,21.620943574960762
1187,22.017122459786663
1188,21.091007278332686
1189,21.10964971109144
1190,20.436013891176064
1191,19.81603764910327
1192,19.740069304322283
1193,19.682918215609856
1194,19.497501775144777
1195,18.711591753039624
1196,19.619138123595125
1197,21.186959451553754
1198,21.98291820728393
1199,21.769252003743887
1200,22.438700480865382
1201,22.453429861016218
1202,22.768163943354768
1203,22.40917200220116
1204,22.731008991262946
1205,22.969467383285046
1206,23.49539806895318
1207,19.34672999853928
1208,18.20045417355789
1209,18.778742192711228
1210,18.17050953719206
1211,18.332209788407038
1212,19.02818024127473
1213,20.219859420858555
1214,21.885064098574112
1215,18.905834188097636
1216,18.835919600020112
1217,23.866738401673395
1218,24.095990994157845
1219,22.64614364799591
1220,21.545591701388233
1221,21.627065697033586
1222,20.93984766809247
1223,19.898018288361573
1224,20.177449624689793
1225,20.52691028073339
1226,21.11024739067382
1227,21.734608335051586
1228,21.892985041381575
1229,22.816800338007702
1230,21.650931931644713
1231,20.39765153303934
1232,20.630391403814087
1233,21.77273207579855
1234,19.569515978835806
1235,20.303955230739202
1236,21.76585229797454
1237,21.903686352866547
1238,20.352819756766127
1239,20.33222307173439
1240,20.979931568233745
1241,22.64154846375117
1242,22.303396855567726
1243,22.77105899374552
1244,23.648709614454443
1245,23.888822263829933
1246,24.648281048301012
1247,25.218422782985716
1248,24.50444588143048
1249,24.68207933435844
1250,24.744790448829377
1251,24.069945736493015
1252,24.521057281883873
