,Portfolio Value
0,11979.815853466645
1,11979.639959997636
2,11934.117499522998
3,11976.753504926683
4,11874.796519659245
5,11769.06397477
6,11756.77889385312
7,11653.379379207257
8,11656.43419383597
9,11682.035923987798
10,11727.820222459659
11,11794.12639040197
12,11799.365251893038
13,11795.675193354322
14,11784.981768243182
15,11795.218200223298
16,11730.947011228143
17,11710.559783656423
18,11679.383337170862
19,11694.199206838392
20,11698.644500970579
21,11739.837272777846
22,11759.605740132492
23,11714.092868705287
24,11736.164046224616
25,11768.466498025058
26,11646.114361664824
27,11655.974800592905
28,11678.980143063733
29,11679.889805938297
30,11686.824040801315
31,11679.480663214852
32,11691.267933705112
33,11649.078395501076
34,11656.435333776626
35,11626.71683987361
36,11644.67263032389
37,11660.402241614092
38,11636.330923076473
39,11736.529413853577
40,11774.905422984048
41,11789.03352397741
42,11756.86769103538
43,11733.59142704137
44,11708.063270459043
45,11635.975669942467
46,11640.748978433372
47,11649.982778114107
48,11664.680113228736
49,11615.12577893917
50,11915.04606695794
51,11918.882102988488
52,12099.166961118779
53,12238.753037397802
54,12277.936259701539
55,12243.223077242686
56,12243.99208058559
57,12289.728059006007
58,12335.38381063245
59,12360.391770294334
60,12367.292150289142
61,12352.159375948597
62,12325.60904484556
63,12366.097805114558
64,12637.408240466135
65,12663.296511755423
66,12630.746003363722
67,12626.073548071954
68,12612.786728151355
69,12632.25686850133
70,12581.15839752238
71,12583.905297661966
72,12589.736276972222
73,12603.042217191673
74,12991.107213975227
75,13054.77561417255
76,13055.36897206768
77,13069.493235269541
78,13057.40297378964
79,13056.91631364906
80,12973.579371509264
81,12982.918262421745
82,12996.034459745779
83,12950.651989879878
84,12892.40828394542
85,12912.609437422658
86,12935.603740926224
87,12962.209065441531
88,12947.30821933458
89,12947.93427604762
90,12948.640735708374
91,12982.655715328618
92,12955.210093744638
93,12914.331495229668
94,12941.461485331802
95,13169.818160655152
96,13188.09309191272
97,13172.686312199776
98,13221.108470434852
99,13207.084771789812
100,13211.183837677867
101,13110.840104452454
102,13184.883151327896
103,13233.445818291138
104,13221.074006540257
105,13198.110229832482
106,13184.950084414626
107,13176.90995581782
108,13230.799164738646
109,13234.752223150614
110,13225.903767636668
111,13179.710495013882
112,13176.636612224755
113,13285.62416807195
114,13280.053789839802
115,13288.879512842892
116,13343.326951116313
117,13359.428007366412
118,13321.346678423595
119,13275.230059201993
120,13241.130132294162
121,13220.08554363801
122,13169.187744480594
123,13260.289293931482
124,13237.919253950038
125,13176.808469501217
126,13155.108875262391
127,13080.36645414556
128,13151.00514116735
129,13194.787575409911
130,13349.555385472357
131,13313.305613100823
132,13218.534791390139
133,13304.985387356624
134,13344.250234429235
135,13319.08486509057
136,13337.243235113197
137,13349.46814316823
138,13375.350697096334
139,13373.531985974529
140,13360.987524664202
141,12911.095540180931
142,12924.222513404671
143,12931.278149415964
144,12931.234497678313
145,12877.479938077273
146,12870.19715228167
147,12857.614048792133
148,12870.002679914194
149,12872.134702673833
150,12953.777691565094
151,12909.42490149475
152,12885.615840980237
153,12910.177399096852
154,12883.36145131734
155,12900.284082083914
156,12877.507120336566
157,12823.173813288762
158,12780.477485780973
159,12719.369384502856
160,12537.935854761165
161,12414.216323840603
162,12465.720973960624
163,12593.394170019634
164,12578.319672837952
165,12675.514291654841
166,12350.231083269053
167,12385.27403819235
168,12414.538173523184
169,12383.054024635268
170,12418.572396805985
171,12513.569977174364
172,12480.390021573623
173,12479.867541534448
174,12365.900579155152
175,12372.075810784108
176,12459.257685553559
177,12446.811018028384
178,12334.6554314102
179,12262.829428853627
180,12084.397572200618
181,12078.292616479397
182,12001.971096439383
183,12069.062147346554
184,11981.068325916369
185,12116.77353988327
186,12255.291199619984
187,12206.375200662467
188,12371.422281431664
189,12400.659722729359
190,12431.788398089826
191,12516.939027472717
192,12483.72050131723
193,12513.602706826134
194,12546.2995303259
195,12553.602290969631
196,12501.934853124088
197,12567.720511951262
198,12575.032793572114
199,12563.422319006755
200,12540.849668672365
201,12467.436887936376
202,12415.465286364699
203,12459.891471067982
204,12620.10224007242
205,12634.972216382055
206,12700.239662907243
207,12488.282260731517
208,12571.457867331108
209,12626.178147260165
210,12587.926501300357
211,12677.81916194538
212,12676.22697481926
213,12691.423522134432
214,12644.864837905881
215,12673.930846112056
216,12685.290776893096
217,12679.098982597967
218,12589.663424659357
219,12610.047705231776
220,12576.756722887607
221,12806.770454106585
222,12950.719812695246
223,12896.990282638097
224,12903.591404039691
225,12890.553409279486
226,12821.998452019829
227,12924.987397653633
228,12982.886067151981
229,12998.494526060193
230,13079.524737700945
231,13103.672903521421
232,13088.027070673652
233,13053.800163382806
234,12949.13023629223
235,12871.402103834933
236,12837.190199514713
237,12836.5017702226
238,12760.272675750657
239,12765.54458358018
240,12768.637922354554
241,12701.452343960293
242,12545.646903048659
243,12618.241578423884
244,12668.462829057788
245,12770.8234301548
246,12759.29790800323
247,12755.354811828302
248,12776.71476151877
249,12648.126070173086
250,12570.750176028907
251,12554.346178426538
252,12642.009013720046
253,12587.405192704246
254,12454.754237633486
255,12366.643777983249
256,12423.851615721047
257,12423.27278493825
258,12216.639156651654
259,12297.68890322902
260,12185.723244945964
261,12230.651565851813
262,12105.030990184721
263,12123.360963901883
264,12182.493006945966
265,12172.419650654017
266,12208.92769964612
267,12051.270775226258
268,12060.154491488138
269,12211.311390426257
270,12189.531645148678
271,12030.473783527306
272,11945.515448078455
273,12063.362420391624
274,12011.890715444159
275,11986.737543868663
276,11830.159567708852
277,11981.795614162857
278,11889.151395740522
279,12079.618939564341
280,12251.170281287148
281,12255.623565892321
282,12374.40764387654
283,12429.803325719215
284,12473.055721052982
285,12348.416813461565
286,12338.490415798044
287,12311.305660127215
288,12478.377683299288
289,12504.656280370189
290,12646.906896037823
291,12589.806110457903
292,12613.571094781051
293,12650.468713672693
294,12626.71636027986
295,12521.850918432747
296,12649.578404457965
297,12638.585326631248
298,12701.494061946583
299,12642.694685720773
300,12644.470682702517
301,12685.763274351862
302,12677.58944238979
303,12680.759894465222
304,12681.575979670046
305,12691.656359116874
306,12643.45988004499
307,12585.909598680979
308,12588.816137028754
309,12690.805383033223
310,12704.188972794633
311,12688.13340243799
312,12661.01371536284
313,12641.477647752861
314,12562.020017878242
315,12571.19109013967
316,12464.895953993
317,12558.902854678729
318,12612.612499209408
319,12646.176046759376
320,12833.946493597206
321,12825.25362416728
322,12848.093295343604
323,12831.583594243077
324,13017.397028848
325,13008.478727749116
326,12996.699939519156
327,12921.869171115082
328,12947.120569239023
329,12947.410352074248
330,12932.809896132114
331,12930.805139642147
332,12881.963413225334
333,12879.244262202788
334,12820.658474161126
335,12815.90138397102
336,12787.379882169229
337,12745.805138758471
338,12648.800531104083
339,12560.939588025933
340,12523.449937050149
341,12500.31653836911
342,12693.481603082233
343,12704.305081872908
344,12733.191578103475
345,12711.375555195047
346,12699.370785382875
347,12719.707575603288
348,12713.52171387941
349,12766.08597300247
350,12810.64204884018
351,12830.955807164397
352,12863.47369984999
353,12791.562564870506
354,12755.957733061301
355,12807.807225066997
356,12814.611091770463
357,12857.320264450156
358,12822.057492308697
359,12830.573578297703
360,12784.559299657461
361,12632.084983622703
362,12638.091044854322
363,12563.908786794827
364,12561.352622535524
365,12462.426700622576
366,12480.374700459013
367,12516.984149035585
368,12625.787052649379
369,12708.94853642213
370,12756.15109701965
371,12636.386305908363
372,12597.7258420425
373,12728.599596570073
374,12999.345474499863
375,13042.515847393493
376,13071.28116811042
377,12987.143937094166
378,12944.569532600912
379,12921.857887019087
380,12907.232988568428
381,12954.409312241944
382,12937.011224145415
383,12899.827705040097
384,12831.074989769353
385,12884.984688974833
386,12842.730433661507
387,12772.655697308608
388,12759.060073326767
389,12528.107578852996
390,12498.481342381734
391,12517.049201090402
392,12539.30591348092
393,12557.465407257112
394,12572.29002770061
395,12574.274558460977
396,12563.334341307582
397,12520.700875944061
398,12543.44622969153
399,12596.050578882594
400,12741.443136324466
401,12739.07483680188
402,12813.286364046771
403,12876.040400069503
404,12935.719932044945
405,12877.982292191637
406,12905.854374094637
407,12894.774242149542
408,12840.923416554848
409,12870.664379285494
410,12870.07885008988
411,12832.667739482047
412,12838.36909426038
413,12813.844178934904
414,12826.61398986252
415,12837.949855638064
416,12822.87573797008
417,12861.950583299302
418,12774.862984848025
419,12806.171143585405
420,12840.688304277639
421,13079.192366357114
422,13084.501977656751
423,13080.738133701292
424,13066.96517656299
425,13033.990823022177
426,13014.338209537807
427,12983.288126769696
428,13008.741094241126
429,12997.405679546266
430,13019.652468755763
431,12976.423593017089
432,13274.330103008204
433,13325.185818509635
434,13253.208217092733
435,13230.833960518581
436,13228.653873576066
437,13220.213048730096
438,13196.309676602592
439,13232.872510430956
440,13246.312742199663
441,13315.326622261766
442,13314.687038374852
443,13258.334115498381
444,13237.98437559573
445,13215.104313443197
446,13159.003511502944
447,13146.364649196403
448,13118.950415748708
449,13094.201931989166
450,13065.238969230742
451,13101.650070432026
452,13102.200167309024
453,13135.263278068613
454,13083.772704391862
455,13156.327134990697
456,13128.531071933221
457,13045.158548006995
458,13050.108886423446
459,13052.130008708411
460,13059.54096911437
461,13007.361513468195
462,12799.761506273657
463,12799.274504985027
464,12759.875948671783
465,12916.89277140764
466,12859.998331478917
467,12799.729744997363
468,12726.984373503674
469,12643.412940098366
470,12590.82724862604
471,12593.18472281223
472,12693.84633760758
473,12726.915733962938
474,12712.116369743097
475,12742.729149332199
476,12753.267505042078
477,12756.219481582266
478,12729.67343816769
479,12736.20008278596
480,12769.440768245107
481,12741.002442379324
482,12713.031936597077
483,12696.354385016955
484,12797.533275494621
485,12802.626934305907
486,12937.05520243712
487,12932.537541979837
488,12954.316046070564
489,12892.348343640484
490,12954.324712193833
491,12864.735848491164
492,12757.613710384281
493,12724.393387730153
494,12731.701178843832
495,12754.094093231715
496,12749.350224658046
497,12737.429910084265
498,12757.604100333807
499,12763.136827588402
500,12753.155505364406
501,12767.377850351806
502,12721.162209072356
503,12773.761736761793
504,12852.619475040916
505,12893.212614677328
506,12860.676704260335
507,12886.567683349966
508,12969.296196355437
509,12961.147306116585
510,12954.80815094758
511,12943.465032054446
512,12920.213473086409
513,12891.293412268054
514,12894.432100919776
515,12989.190211874664
516,13027.236274404826
517,13007.335892960145
518,12993.48320108053
519,13017.411274141516
520,12993.61019781114
521,13027.493730607232
522,13039.436522555057
523,13011.819444882603
524,13035.718387850435
525,13053.157578256098
526,12965.59849644063
527,13027.02775296923
528,13110.436173973967
529,13157.314548480257
530,13101.163593468124
531,13129.567777278555
532,13149.8887363279
533,13139.532948150196
534,13164.583346129233
535,13109.133442218994
536,13163.559634353478
537,13152.062925635308
538,13131.75559271307
539,13062.113121688635
540,13058.760301624661
541,13078.361368383976
542,13090.81725073347
543,13081.033276231381
544,13123.35096557351
545,13118.995131063784
546,13115.576154247838
547,13114.478253899078
548,13122.926460992949
549,13129.749701161152
550,13128.933770205153
551,13144.030081601282
552,13152.75916030885
553,13187.08404220183
554,13206.117361731813
555,13199.859020170563
556,13147.148945547251
557,13160.969621961613
558,13161.121549731226
559,13157.595138280063
560,13159.650302712447
561,13180.89470821824
562,13197.678502712557
563,13219.973426980558
564,13221.097733403836
565,13208.150002532757
566,13206.425442881246
567,13199.756009830166
568,13111.708168997024
569,13083.564797638588
570,13088.931498102776
571,13080.134293656154
572,13073.161583697034
573,13090.913729555423
574,13103.700267962688
575,13095.639065911726
576,13167.055973840908
577,13160.536076957414
578,13142.70012150174
579,13198.92235739264
580,13207.879919332843
581,13195.128173532457
582,13177.942033054267
583,13089.95132375697
584,13084.578629115214
585,13108.847295931555
586,13087.071595540636
587,12857.773239653514
588,12876.79630247899
589,12874.24390357156
590,12878.036978157717
591,12819.830339987535
592,12865.320967471594
593,12890.335602194962
594,12876.187603239305
595,12963.376353931417
596,12952.685546300349
597,12918.032996001879
598,12878.04557868494
599,12964.428421388135
600,12980.026100146897
601,12981.079279221422
602,12994.323846404133
603,13036.443809658213
604,13032.078542243806
605,12923.031981351513
606,12937.687384381587
607,12941.14214442142
608,12935.267866939788
609,12919.169533513352
610,12963.663822567945
611,12878.506225124856
612,12822.532459325195
613,12826.22352355294
614,12849.47175221933
615,12920.692104422431
616,12913.444983121573
617,12827.628301721446
618,12829.877475548292
619,12832.769634531727
620,12827.474863336385
621,12851.254537977533
622,12850.901149508692
623,12865.791051166198
624,12849.960234738654
625,12842.303186199208
626,12874.260729032714
627,13049.76551372845
628,13087.431830601256
629,13129.06891388902
630,13107.827039954156
631,13094.424595606091
632,13156.372377404507
633,13175.307686349459
634,13190.947900652161
635,13296.614249611246
636,13333.413254928146
637,13343.950422186968
638,13310.99049522225
639,13368.711952092543
640,13229.943789158811
641,13411.242083353869
642,13348.964413369282
643,13312.158615142289
644,13398.894134697548
645,13399.270734240661
646,13553.516138948931
647,13556.393421531857
648,13549.889979730095
649,13600.271274084638
650,13597.882658595929
651,13587.908559720987
652,13599.337387416519
653,13597.328216221127
654,13615.203645871263
655,13552.219886242843
656,13548.042599085406
657,13554.771480622558
658,13551.692715989579
659,13556.655695595873
660,13460.038765134337
661,13433.986242917274
662,13432.771426996347
663,13505.873472978128
664,13406.79422926963
665,13434.300280746149
666,13622.2762650151
667,13535.682923165241
668,13526.152784717531
669,13491.490073715235
670,13568.487146540641
671,13681.704611956267
672,13726.856422280323
673,13721.188207402305
674,13744.12944486996
675,13738.272559888685
676,13897.508844816684
677,13926.84615346422
678,13896.314687025275
679,13934.801590179466
680,13945.859855438106
681,13945.102975983506
682,13897.088984204507
683,13876.592957202345
684,13802.65523668626
685,13807.37933940092
686,13784.364840611623
687,13734.277481364248
688,13773.974634521821
689,13738.51927253733
690,13790.226311856197
691,13800.258428646343
692,13829.190379911954
693,13771.822218646319
694,13790.130788716067
695,13786.402222573284
696,13828.522091159979
697,13882.39389108157
698,13861.788548988385
699,13827.128829427129
700,13816.644615172467
701,13896.701471746177
702,13893.439170668786
703,13893.304314684005
704,13871.388192228402
705,13879.919570740345
706,14043.259179159446
707,14022.337485214452
708,13780.93689144925
709,13788.455723643967
710,13716.635787065698
711,13682.93657950856
712,13784.958913445504
713,13810.17259314646
714,13781.79180756211
715,13779.802533609922
716,13852.829650263071
717,13832.764713589268
718,13786.546238167813
719,13749.78331436089
720,13726.20049027104
721,13688.755105641787
722,13647.32193346657
723,13622.064148762482
724,13680.994245723816
725,13683.889746875535
726,13714.007715199783
727,13693.445594583127
728,13775.029657422388
729,13701.73454686494
730,13667.989566262575
731,13618.796250263604
732,13636.504887204224
733,13627.493681614942
734,13598.178601053618
735,13634.81272521582
736,13569.785345097933
737,13633.20620367384
738,13680.861822219675
739,13615.890059908967
740,13620.627485163928
741,13615.425997826806
742,13561.887723455242
743,13512.862149017888
744,13578.943586728577
745,13562.387207531057
746,13548.605889143644
747,13569.747741062205
748,13630.951891469878
749,13625.936764617398
750,13597.301537812582
751,13621.031863267735
752,13632.819238659229
753,13796.093166441213
754,13830.062831205512
755,13899.654886351123
756,13914.11267941168
757,14052.668660189685
758,14065.916540024959
759,14065.068208977284
760,14141.633529126471
761,14205.895024019539
762,14181.59255136043
763,14197.25468674961
764,14195.236977818065
765,14199.389993040646
766,14232.409147652857
767,14299.288716988423
768,14292.104078171193
769,14298.368136762403
770,14404.0698233142
771,14274.767833720674
772,14197.541742030899
773,14228.36748352928
774,14187.061010449406
775,14115.756584812249
776,14032.059194050767
777,14067.079738866254
778,14114.566439402404
779,14043.333177424389
780,13912.152992188774
781,14192.886000725053
782,14199.052969926426
783,14257.997559388637
784,14356.68638653226
785,14313.89206498234
786,14304.270454691901
787,14332.200732705585
788,14221.116564419808
789,14327.712609127251
790,14287.353725729914
791,14273.750194690476
792,14221.75788922137
793,14175.735323227298
794,14159.388001098387
795,14199.657212668651
796,14219.020914962839
797,14209.096524564811
798,14275.860657545485
799,14292.247138336246
800,14420.640620816937
801,14284.611578167802
802,14449.663005216084
803,14523.373031136656
804,14408.605323784563
805,14350.707333283357
806,14337.854316905778
807,14348.253074210998
808,14136.313789237041
809,14084.026401950314
810,14175.559862095963
811,14060.746558106917
812,14034.531982430823
813,14071.875956213262
814,14088.18565936056
815,14011.780569939156
816,13999.20596113606
817,13992.012305290413
818,13933.731808146707
819,14017.346102735366
820,14118.285654935265
821,14085.424008258527
822,14056.060663485632
823,14173.899159391562
824,14179.352174755872
825,14186.465864667503
826,14203.964245280182
827,14200.427761273071
828,14174.61013181323
829,14147.417894634666
830,14208.806770243576
831,14208.806770243578
832,14258.80384300187
833,14184.40287119122
834,14190.399480436165
835,14182.037421211946
836,14138.712029562561
837,14133.491589202393
838,14141.714236143533
839,14182.511670465545
840,14172.785052345545
841,14237.338286464397
842,14307.376063568434
843,14326.047072152007
844,14273.358779577304
845,14206.907876436937
846,14269.639078698203
847,14237.48736570955
848,14122.904648862685
849,14106.401848236743
850,14280.467932657777
851,14275.377719165484
852,14213.594405578424
853,14366.4799956982
854,14299.037116333931
855,14215.099768395412
856,14231.155954618636
857,14306.631043414372
858,14521.983617851616
859,14521.319719123174
860,14522.123923198804
861,14516.104353533656
862,14509.206909352652
863,14512.623976918116
864,14477.709440833869
865,14502.064364994363
866,14518.237401326815
867,14419.852187576918
868,14434.521818191884
869,14307.415174824535
870,14332.262446605871
871,14271.903962524835
872,14326.43768158415
873,14254.532303898735
874,14249.9353597744
875,14210.77165183034
876,14161.307887955845
877,14184.662852622705
878,14254.838574758973
879,14290.168580422565
880,14306.561964101875
881,14432.617591924412
882,14418.13902344182
883,14407.957394531368
884,14417.781096835735
885,14439.728164760323
886,14382.465830183026
887,14524.661103404645
888,14575.992807193048
889,14580.661151241473
890,14532.120228605085
891,14579.25746426717
892,14578.093712087657
893,14552.790859263403
894,14583.545036392214
895,14539.901556343975
896,14487.859154411093
897,14470.060051062588
898,14475.29851200673
899,14173.52745105471
900,14167.806570456112
901,14150.3721836436
902,14122.493662702607
903,14089.833422852804
904,14095.806081592793
905,14092.152276326635
906,14060.711147774737
907,13986.642957879298
908,14040.273943662296
909,13995.465139691398
910,14047.154150617225
911,14108.189719678048
912,14082.609456419243
913,14079.34627994827
914,13944.90880696313
915,13874.497732294902
916,13898.73290144869
917,13880.542624924556
918,13847.280153634141
919,13892.46994499189
920,13889.665694243822
921,13912.316354480725
922,13793.263281627103
923,13651.102603714386
924,13651.568880682764
925,13679.44971579736
926,13671.226868773898
927,13675.87902620867
928,13685.044067874396
929,13729.322075344196
930,13703.647768105222
931,13779.92596927794
932,13851.742984632396
933,13920.08353543597
934,13952.381169625929
935,13880.001848992157
936,13877.930199790542
937,13784.054916388788
938,13791.12643786335
939,13813.111541829765
940,13800.399570626532
941,13788.310404862748
942,13773.151479756218
943,13658.594160845572
944,13593.550038400354
945,13555.739283478273
946,13639.431678748702
947,13536.145216208799
948,13578.874805117144
949,13686.151327066073
950,13630.745732060825
951,13690.658402029416
952,13659.753136494332
953,13621.552979779966
954,13716.980290772208
955,13765.211267960987
956,13624.012952826364
957,13548.432796716661
958,13605.623100292329
959,13542.720902220164
960,13550.132738895045
961,13539.550904283222
962,13591.425750420436
963,13832.42914789075
964,13694.459834999314
965,13644.68301567606
966,13676.47373400513
967,13723.37329700012
968,13587.889332210521
969,13471.225965265672
970,13392.361840883756
971,13337.756697001838
972,13358.909975135082
973,13282.017564502556
974,13304.53083321469
975,13297.448496602608
976,13162.903866430303
977,13233.644803694891
978,13209.766857958284
979,13412.576631409356
980,13378.761099145111
981,13531.48112959537
982,13276.105642208244
983,13284.642925025184
984,13434.133309729435
985,13332.706918253
986,13303.358834296236
987,13263.744435594086
988,13260.627380683105
989,13381.812290279095
990,13463.378066824065
991,13455.037568246513
992,13443.24365426098
993,13427.095589861176
994,13435.519543408049
995,13405.138483965677
996,13318.52204796511
997,13245.67650110086
998,13225.541170992059
999,13295.864461794805
1000,12883.529026825396
1001,13167.676588067854
1002,13187.891855252277
1003,13035.178926656146
1004,13230.52690318414
1005,13256.398554729252
1006,13285.016729317213
1007,13457.3112146571
1008,13486.92357894162
1009,13437.172052345893
1010,13596.471855128846
1011,13533.20220290055
1012,13554.428853120493
1013,13497.483817133523
1014,13577.958451672857
1015,13229.634910936982
1016,13185.62625516231
1017,13185.430618759314
1018,13207.727754059051
1019,13157.015373666842
1020,13149.831526670965
1021,13224.458446953186
1022,13114.559836076656
1023,13104.416999014496
1024,13159.383460381923
1025,13149.251655935152
1026,13068.040509597704
1027,12952.998501458866
1028,12994.675494353896
1029,12966.917275033775
1030,12972.115045572233
1031,13046.855203791454
1032,13040.161724885453
1033,13055.6536026215
1034,13110.391621619954
1035,13037.622878798295
1036,13252.423474286968
1037,13187.759121339843
1038,13140.170847882891
1039,13181.158095658517
1040,13152.832375419308
1041,13136.207774758468
1042,13088.221388381373
1043,13077.329381624993
1044,13120.927110305505
1045,13219.291481258071
1046,13119.638727872629
1047,13071.826764262994
1048,13123.831099099543
1049,13139.539789551662
1050,13152.906521311766
1051,13182.659401178575
1052,13223.10794628602
1053,13235.757006215943
1054,13199.240025926461
1055,13212.98721901701
1056,13207.677198829875
1057,13170.187629136328
1058,13169.21835289108
1059,13209.435420900554
1060,13200.571203601072
1061,13199.118880519396
1062,13266.726601487555
1063,13327.894807212202
1064,13336.680147666442
1065,13369.502843211849
1066,13412.45506760748
1067,13440.579339487085
1068,13464.364226595539
1069,13410.353640190964
1070,13433.792786057955
1071,13423.948604900412
1072,13421.757637343151
1073,13343.445656393442
1074,13355.64248745841
1075,13383.228780283958
1076,13371.71655376651
1077,13385.744918018356
1078,13367.66167592552
1079,13328.595135259733
1080,13258.75806322492
1081,13271.756865835996
1082,13349.11245038136
1083,13363.021693464041
1084,13355.53999735703
1085,13367.185485786433
1086,13309.215516346903
1087,13293.095042426954
1088,13255.05649555788
1089,13204.864405133369
1090,13156.37875948419
1091,13185.277851373638
1092,13125.77735317143
1093,13183.709711849326
1094,13196.5202332653
1095,13202.798511673642
1096,12732.319882167878
1097,12679.059681318959
1098,12604.895487093474
1099,12626.607187313073
1100,12491.97505090962
1101,12498.693319618527
1102,12457.222556879908
1103,12412.189047300053
1104,12363.127037174427
1105,12460.50172521548
1106,12456.575463406693
1107,12211.13896573638
1108,12202.277726512839
1109,12185.629757801134
1110,12284.91930422825
1111,12288.640210674383
1112,12021.807982737118
1113,11949.497296535767
1114,12370.790595148994
1115,12268.158016056583
1116,12255.688238770223
1117,12355.766601734631
1118,12384.389315204506
1119,12441.705004184387
1120,12433.33986657886
1121,12498.417851459406
1122,12422.654922903344
1123,12449.33211810608
1124,12442.789959279982
1125,12466.895515515365
1126,12488.238030457303
1127,12514.07802401801
1128,12538.957481533027
1129,12547.185716390019
1130,12534.82515719652
1131,12547.648249568947
1132,12576.734837740714
1133,12631.977712299433
1134,12616.539595926995
1135,12610.662578490686
1136,12607.295864665952
1137,12580.594922996794
1138,12553.39032092917
1139,12542.030667983392
1140,12401.895070046641
1141,12458.604990723245
1142,12472.451354932653
1143,12427.479525695126
1144,12433.785464018816
1145,12417.038560459689
1146,12366.810997524964
1147,12308.496916426393
1148,12156.297048394237
1149,12129.91105954948
1150,12019.501816180184
1151,12077.432902701117
1152,12054.604402862402
1153,12113.814566002162
1154,11951.473489241569
1155,11903.015023232623
1156,11959.651517578519
1157,11875.794278327388
1158,11876.690828882423
1159,11901.37390088795
1160,12097.691731976767
1161,12259.32777510425
1162,12263.001756295584
1163,12251.568348385508
1164,12228.52804583812
1165,12308.118268566415
1166,12348.829521362033
1167,12342.242412879721
1168,12358.593117522212
1169,12369.156519438802
1170,12274.039309908874
1171,12291.909133349556
1172,12349.95420186187
1173,12301.199024276848
1174,12290.839009161771
1175,12368.397321273362
1176,12423.304839538026
1177,12447.371759975576
1178,12410.080113053173
1179,12467.48448233803
1180,12225.27277948322
1181,12192.641124881377
1182,12232.240430289276
1183,12234.743259881994
1184,12161.072698854816
1185,12052.561722384351
1186,12133.289212367754
1187,12175.12928569478
1188,12144.546571405055
1189,12214.803488875219
1190,12060.653758435012
1191,12019.91226766348
1192,11996.108780471492
1193,11987.425331731165
1194,11923.960966578734
1195,11873.35148626771
1196,11922.748961144338
1197,11953.249003404877
1198,12044.410899437398
1199,12060.273373188998
1200,12162.490004825211
1201,12176.972391567968
1202,12178.970161647132
1203,12149.453290455329
1204,12178.383133186122
1205,12185.952271921942
1206,12230.061915486076
1207,12136.033048114903
1208,12019.807935383966
1209,12055.748037254889
1210,12045.66317382828
1211,12066.789167031044
1212,12089.02093755086
1213,12098.18431271127
1214,12231.052849093785
1215,11903.201345946234
1216,11884.300128572297
1217,12221.16843022347
1218,12226.131408418174
1219,12131.127365951821
1220,12092.947764849896
1221,12031.02095615349
1222,12023.847438489887
1223,11980.370889133997
1224,11995.317705513024
1225,12015.845954465163
1226,12083.505395606828
1227,12157.12046798043
1228,12176.251306923437
1229,12239.535326563904
1230,12181.279269058674
1231,12168.723905718483
1232,12167.628107342915
1233,12258.997755215642
1234,12192.406397365869
1235,12215.005081224532
1236,12300.744956786037
1237,12311.24826015213
1238,12277.808375652618
1239,12276.863333193121
1240,12334.482512076134
1241,12357.326221899157
1242,12316.73314428256
1243,12413.623429725838
1244,12443.978081554244
1245,12517.740499193682
1246,12611.4152317424
1247,12619.194322592874
1248,12582.802417876901
1249,12610.783616738621
1250,12614.54235224985
1251,12557.567635337544
1252,12570.468135511208
