,Profitloss
0,-0.168201221111286
1,-0.16966700001970203
2,-0.549020837308356
3,-0.19372079227764072
4,-1.0433623361729594
5,-1.924466876916664
6,-2.0268425512240063
7,-2.8885051732728595
8,-2.863048384700251
9,-2.649700633435015
10,-2.268164812836171
11,-1.7156134133169076
12,-1.6719562342246919
13,-1.7027067220473202
14,-1.7918185979734824
15,-1.7065149981391747
16,-2.2421082397654724
17,-2.4120018028631396
18,-2.671805523576143
19,-2.5483399430134
20,-2.5112958252451745
21,-2.168022726851282
22,-2.0032854988959015
23,-2.3825594274559436
24,-2.1986329481281985
25,-1.9294458497911782
26,-2.949046986126469
27,-2.8668766617257924
28,-2.675165474468899
29,-2.66758495051419
30,-2.6097996599890427
31,-2.6709944732095647
32,-2.5727672191240614
33,-2.9243467041576987
34,-2.8630388851947797
35,-3.110693001053244
36,-2.9610614139675806
37,-2.8299813198825685
38,-3.030575641029387
39,-2.195588217886857
40,-1.8757881417996058
41,-1.758053966854911
42,-2.0261025747051575
43,-2.2200714413219136
44,-2.4328060795079764
45,-3.033536083812771
46,-2.9937585130552335
47,-2.9168101823824455
48,-2.7943323897605343
49,-3.2072851755069243
50,-0.7079494420171639
51,-0.6759824750959376
52,0.8263913426564962
53,1.9896086449816774
54,2.3161354975128168
55,2.0268589770223944
56,2.0332673382132516
57,2.4144004917167283
58,2.7948650886037374
59,3.0032647524527833
60,3.0607679190761905
61,2.9346614662383086
62,2.7134087070463275
63,3.050815042621302
64,5.311735337217782
65,5.5274709312951975
66,5.256216694697691
67,5.217279567266275
68,5.106556067927959
69,5.268807237511086
70,4.842986646019831
71,4.86587748051639
72,4.914468974768527
73,5.0253518099306005
74,8.259226783126895
75,8.789796784771253
76,8.794741433897336
77,8.91244362724617
78,8.811691448247005
79,8.807635947075498
80,8.113161429243876
81,8.190985520181204
82,8.300287164548159
83,7.922099915665659
84,7.436735699545172
85,7.605078645188823
86,7.796697841051881
87,8.01840887867944
88,7.89423516112151
89,7.899452300396836
90,7.905339464236438
91,8.188797627738476
92,7.960084114538657
93,7.61942912691389
94,7.845512377765007
95,9.748484672126256
96,9.90077576593933
97,9.772385934998141
98,10.175903920290441
99,10.059039764915113
100,10.09319864731555
101,9.257000870437126
102,9.874026261065794
103,10.278715152426155
104,10.175616721168801
105,9.984251915270681
106,9.874584036788558
107,9.807582965148498
108,10.256659706155391
109,10.289601859588448
110,10.215864730305558
111,9.830920791782338
112,9.805305101872964
113,10.713534733932928
114,10.667114915331677
115,10.74066260702411
116,11.194391259302595
117,11.328566728053424
118,11.011222320196623
119,10.626917160016603
120,10.342751102451352
121,10.167379530316744
122,9.743231204004953
123,10.50241078276235
124,10.315993782916987
125,9.806737245843467
126,9.625907293853263
127,9.003053784546333
128,9.59170950972792
129,9.95656312841593
130,11.246294878936315
131,10.944213442506868
132,10.154456594917827
133,10.874878227971863
134,11.20208528691029
135,10.992373875754758
136,11.143693625943317
137,11.24556785973525
138,11.461255809136105
139,11.446099883121065
140,11.341562705535013
141,7.592462834841096
142,7.7018542783722665
143,7.760651245133032
144,7.760287480652606
145,7.312332817310607
146,7.251642935680569
147,7.146783739934448
148,7.250022332618289
149,7.267789188948615
150,7.948147429709107
151,7.578540845789594
152,7.3801320081686494
153,7.584811659140445
154,7.361345427644506
155,7.5023673506992905
156,7.312559336138058
157,6.85978177740636
158,6.503979048174768
159,5.994744870857138
160,4.482798789676368
161,3.451802698671691
162,3.8810081163385357
163,4.94495141683029
164,4.819330606982941
165,5.629285763790337
166,2.918592360575434
167,3.2106169849362542
168,3.4544847793598565
169,3.192116871960571
170,3.488103306716539
171,4.2797498097863595
172,4.003250179780182
173,3.998896179453726
174,3.0491714929596014
175,3.1006317565342334
176,3.827147379612983
177,3.7234251502365368
178,2.7887952617516643
179,2.1902452404468864
180,0.7033131016718208
181,0.6524384706616315
182,0.016425803661523908
183,0.5755178945546113
184,-0.15776395069692084
185,0.9731128323605898
186,2.127426663499854
187,1.7197933388539033
188,3.09518567859719
189,3.3388310227446594
190,3.598236650748543
191,4.30782522893931
192,4.031004177643571
193,4.280022556884444
194,4.5524960860491515
195,4.613352424746919
196,4.1827904427007345
197,4.731004266260519
198,4.791939946434276
199,4.695185991722961
200,4.507080572269695
201,3.895307399469794
202,3.462210719705827
203,3.8324289255665223
204,5.167518667270166
205,5.291435136517131
206,5.835330524227023
207,4.069018839429317
208,4.762148894425899
209,5.218151227168044
210,4.899387510836317
211,5.648493016211487
212,5.635224790160498
213,5.7618626844536
214,5.373873649215688
215,5.616090384267136
216,5.7107564741091466
217,5.659158188316393
218,4.913861872161296
219,5.08373087693148
220,4.8063060240634
221,6.723087117554871
222,7.922665105793714
223,7.474919021984139
224,7.529928366997418
225,7.42127841066238
226,6.849987100165245
227,7.708228313780263
228,8.19071722626652
229,8.320787717168265
230,8.996039480841223
231,9.19727419601184
232,9.066892255613768
233,8.781668028190047
234,7.909418635768595
235,7.26168419862443
236,6.976584995955948
237,6.97084808518833
238,6.335605631255481
239,6.3795381965015
240,6.405316019621288
241,5.845436199669107
242,4.547057525405496
243,5.152013153532375
244,5.570523575481556
245,6.423528584623339
246,6.327482566693576
247,6.294623431902502
248,6.472623012656409
249,5.401050584775713
250,4.756251466907568
251,4.6195514868878185
252,5.350075114333719
253,4.895043272535382
254,3.789618646945714
255,3.055364816527062
256,3.532096797675388
257,3.5272732078187596
258,1.8053263054304436
259,2.480740860241837
260,1.5476937078830355
261,1.9220963820984371
262,0.8752582515393348
263,1.0280080325157037
264,1.5207750578830614
265,1.4368304221168193
266,1.741064163717665
267,0.4272564602188167
268,0.5012874290678093
269,1.7609282535521409
270,1.5794303762389772
271,0.2539481960608825
272,-0.45403793267954073
273,0.5280201699302101
274,0.09908929536799338
275,-0.11052046776114377
276,-1.4153369357595702
277,-0.1517032153095288
278,-0.9237383688289857
279,0.6634911630361895
280,2.093085677392903
281,2.1301963824360115
282,3.120063698971176
283,3.58169438099345
284,3.942131008774852
285,2.9034734455130495
286,2.820753464983694
287,2.594213834393466
288,3.9864806941607434
289,4.205469003084916
290,5.3908908003151845
291,4.915050920482522
292,5.11309245650875
293,5.420572613939112
294,5.222636335665487
295,4.348757653606228
296,5.413153370483048
297,5.321544388593735
298,5.845783849554853
299,5.35578904767311
300,5.370589022520966
301,5.714693952932182
302,5.646578686581583
303,5.672999120543509
304,5.679799830583709
305,5.76380299264061
306,5.362165667041574
307,4.882579989008162
308,4.906801141906292
309,5.756711525276859
310,5.86824143995528
311,5.734445020316592
312,5.508447628023672
313,5.345647064607184
314,4.683500148985353
315,4.759925751163907
316,3.8741329499416777
317,4.657523788989404
318,5.105104160078411
319,5.3848003896614705
320,6.949554113310064
321,6.8771135347273304
322,7.067444127863376
323,6.929863285358984
324,8.47830857373333
325,8.403989397909296
326,8.30583282932631
327,7.682243092625685
328,7.892671410325192
329,7.895086267285412
330,7.773415801100958
331,7.7567094970179
332,7.349695110211107
333,7.327035518356562
334,6.838820618009378
335,6.799178199758504
336,6.5614990180768995
337,6.21504282298726
338,5.406671092534032
339,4.674496566882769
340,4.362082808751233
341,4.169304486409242
342,5.779013359018603
343,5.869209015607568
344,6.1099298175289585
345,5.928129626625389
346,5.828089878190612
347,5.997563130027395
348,5.946014282328416
349,6.384049775020584
350,6.755350407001504
351,6.9246317263699675
352,7.195614165416586
353,6.596354707254215
354,6.2996477755108415
355,6.731726875558319
356,6.788425764753847
357,7.144335537084645
358,6.850479102572482
359,6.921446485814187
360,6.5379941638121775
361,5.2673748635225115
362,5.317425373786011
363,4.6992398899568855
364,4.677938521129366
365,3.853555838521472
366,4.003122503825107
367,4.308201241963205
368,5.214892105411484
369,5.907904470184411
370,6.301259141830418
371,5.303219215903021
372,4.9810486836874945
373,6.0716633047506186
374,8.327878954165534
375,8.68763206161245
376,8.927343067586824
377,8.226199475784712
378,7.871412771674269
379,7.682149058492382
380,7.560274904736897
381,7.953410935349536
382,7.80842686787846
383,7.49856420866748
384,6.925624914744599
385,7.374872408123601
386,7.0227536138459
387,6.438797477571745
388,6.325500611056389
389,4.400896490441641
390,4.154011186514461
391,4.308743342420018
392,4.494215945674318
393,4.645545060475942
394,4.769083564171761
395,4.785621320508149
396,4.694452844229846
397,4.339173966200516
398,4.528718580762758
399,4.96708815735496
400,6.178692802703889
401,6.158956973349006
402,6.777386367056426
403,7.300336667245855
404,7.797666100374534
405,7.316519101596963
406,7.548786450788647
407,7.456452017912851
408,7.007695137957071
409,7.255536494045778
410,7.250657084082324
411,6.9388978290170655
412,6.986409118836501
413,6.782034824457539
414,6.888449915521
415,6.98291546365053
416,6.857297816417329
417,7.182921527494179
418,6.457191540400209
419,6.7180928632117
420,7.005735868980323
421,8.993269719642626
422,9.037516480472929
423,9.006151114177442
424,8.891376471358248
425,8.616590191851481
426,8.452818412815066
427,8.1940677230808
428,8.406175785342707
429,8.311713996218884
430,8.497103906298031
431,8.136863275142403
432,10.619417525068364
433,11.043215154246955
434,10.443401809106101
435,10.256949670988181
436,10.238782279800551
437,10.168442072750805
438,9.9692473050216
439,10.273937586924632
440,10.385939518330535
441,10.961055185514713
442,10.955725319790432
443,10.486117629153169
444,10.316536463297755
445,10.125869278693301
446,9.658362595857861
447,9.553038743303354
448,9.324586797905908
449,9.118349433243056
450,8.876991410256196
451,9.180417253600215
452,9.185001394241855
453,9.460527317238432
454,9.031439203265524
455,9.636059458255808
456,9.404425599443499
457,8.709654566724968
458,8.75090738686206
459,8.767750072570092
460,8.829508075953086
461,8.394679278901629
462,6.664679218947134
463,6.660620874875223
464,6.332299572264866
465,7.640773095063658
466,7.16665276232431
467,6.664414541644681
468,6.058203112530625
469,5.361774500819716
470,4.923560405216998
471,4.943206023435254
472,5.782052813396499
473,6.05763111635782
474,5.934303081192471
475,6.189409577768323
476,6.277229208683988
477,6.301829013185545
478,6.080611984730755
479,6.135000689882997
480,6.412006402042558
481,6.175020353161043
482,5.941932804975636
483,5.802953208474637
484,6.6461106291218375
485,6.688557785882554
486,7.808793353642685
487,7.771146183165301
488,7.952633717254698
489,7.4362361970040425
490,7.952705934948612
491,7.206132070759708
492,6.31344758653567
493,6.0366115644179485
494,6.09750982369861
495,6.2841174435976255
496,6.244585205483721
497,6.145249250702212
498,6.31336750278173
499,6.359473563236673
500,6.276295878036708
501,6.3948154195983875
502,6.009685075602955
503,6.448014473014951
504,7.1051622920076385
505,7.443438455644391
506,7.172305868836126
507,7.388064027916386
508,8.077468302961964
509,8.009560884304868
510,7.95673459122983
511,7.862208600453724
512,7.668445609053398
513,7.427445102233787
514,7.453600840998131
515,8.243251765622194
516,8.560302286706879
517,8.39446577466787
518,8.279026675671087
519,8.478427284512623
520,8.280084981759494
521,8.562447755060255
522,8.661971021292135
523,8.431828707355038
524,8.630986565420296
525,8.77631315213414
526,8.046654137005248
527,8.558564608076914
528,9.253634783116382
529,9.644287904002136
530,9.176363278901034
531,9.413064810654625
532,9.582406136065824
533,9.496107901251637
534,9.704861217743609
535,9.242778685158282
536,9.696330286278986
537,9.600524380294239
538,9.431296605942263
539,8.850942680738626
540,8.823002513538846
541,8.986344736533125
542,9.090143756112234
543,9.008610635261505
544,9.361258046445919
545,9.324959425531532
546,9.296467952065314
547,9.287318782492315
548,9.35772050827457
549,9.414580843009613
550,9.407781418376281
551,9.53358401334401
552,9.606326335907077
553,9.89236701834859
554,10.050978014431777
555,9.998825168088032
556,9.55957454622709
557,9.674746849680105
558,9.67601291442688
559,9.64662615233387
560,9.663752522603719
561,9.840789235151991
562,9.980654189271299
563,10.166445224837982
564,10.175814445031971
565,10.067916687772982
566,10.053545357343708
567,9.997966748584709
568,9.264234741641864
569,9.029706646988235
570,9.074429150856478
571,9.00111911380128
572,8.943013197475281
573,9.090947746295196
574,9.197502233022403
575,9.130325549264384
576,9.725466448674247
577,9.67113397464512
578,9.522501012514507
579,9.991019644938671
580,10.065665994440366
581,9.959401446103811
582,9.816183608785556
583,9.08292769797474
584,9.03815524262679
585,9.240394132762964
586,9.058929962838636
587,7.148110330445956
588,7.306635853991583
589,7.285365863096338
590,7.31697481798097
591,6.831919499896122
592,7.211008062263291
593,7.419463351624689
594,7.301563360327545
595,8.0281362827618
596,7.939046219169565
597,7.650274966682313
598,7.317046489041168
599,8.036903511567782
600,8.16688416789082
601,8.175660660178519
602,8.286032053367776
603,8.63703174715178
604,8.60065451869838
605,7.691933177929267
606,7.814061536513228
607,7.842851203511825
608,7.793898891164908
609,7.659746112611265
610,8.030531854732882
611,7.320885209373795
612,6.854437161043303
613,6.885196029607843
614,7.078931268494415
615,7.672434203520262
616,7.612041526013114
617,6.896902514345382
618,6.9156456295691004
619,6.93974695443107
620,6.895623861136535
621,7.093787816479447
622,7.090842912572448
623,7.214925426384977
624,7.083001956155455
625,7.019193218326736
626,7.2855060752726075
627,8.748045947737083
628,9.061931921677125
629,9.408907615741825
630,9.231891999617957
631,9.120204963384104
632,9.636436478370891
633,9.794230719578835
634,9.924565838768018
635,10.805118746760378
636,11.111777124401211
637,11.199586851558063
638,10.924920793518744
639,11.405932934104523
640,10.249531576323424
641,11.760350694615585
642,11.241370111410687
643,10.934655126185744
644,11.657451122479557
645,11.6605894520055
646,12.945967824574423
647,12.96994517943213
648,12.915749831084122
649,13.335593950705317
650,13.315688821632744
651,13.232571331008213
652,13.327811561804314
653,13.3110684685094
654,13.460030382260513
655,12.935165718690357
656,12.900354992378382
657,12.956429005187985
658,12.930772633246491
659,12.972130796632285
660,12.166989709452803
661,11.949885357643941
662,11.939761891636236
663,12.548945608151074
664,11.723285243913573
665,11.952502339551252
666,13.518968875125825
667,12.797357693043665
668,12.717939872646088
669,12.429083947626962
670,13.070726221172002
671,14.014205099635557
672,14.390470185669368
673,14.343235061685867
674,14.534412040582989
675,14.485604665739027
676,15.812573706805711
677,16.057051278868496
678,15.802622391877286
679,16.12334658482888
680,16.21549879531754
681,16.209191466529216
682,15.809074868370887
683,15.63827464335288
684,15.022126972385497
685,15.061494495007665
686,14.869707005096867
687,14.45231234470208
688,14.783121954348498
689,14.487660604477748
690,14.918552598801638
691,15.002153572052856
692,15.243253165932957
693,14.765185155385986
694,14.9177565726339
695,14.886685188110693
696,15.237684092999814
697,15.68661575901309
698,15.514904574903209
699,15.226073578559408
700,15.138705126437223
701,15.805845597884804
702,15.778659755573221
703,15.777535955700039
704,15.594901601903356
705,15.665996422836216
706,17.02715982632872
707,16.852812376787107
708,14.841140762077076
709,14.903797697033049
710,14.30529822554747
711,14.024471495904667
712,14.874657612045873
713,15.084771609553837
714,14.848265063017575
715,14.831687780082682
716,15.440247085525582
717,15.273039279910572
718,14.88788531806511
719,14.581527619674084
720,14.385004085592001
721,14.072959213681568
722,13.727682778888074
723,13.517201239687338
724,14.008285381031804
725,14.032414557296114
726,14.283397626664861
727,14.112046621526053
728,14.791913811853231
729,14.181121223874493
730,13.899913052188118
731,13.489968752196702
732,13.637540726701868
733,13.562447346791174
734,13.318155008780153
735,13.623439376798485
736,13.081544542482781
737,13.610051697282
738,14.00718185183063
739,13.465750499241391
740,13.50522904303273
741,13.461883315223378
742,13.015731028793676
743,12.607184575149066
744,13.157863222738154
745,13.019893396092153
746,12.905049076197027
747,13.081231175518383
748,13.591265762248984
749,13.549473038478311
750,13.310846148438182
751,13.508598860564458
752,13.606826988826914
753,14.967443053676766
754,15.250523593379262
755,15.830457386259367
756,15.950938995097342
757,17.105572168247374
758,17.215971166874656
759,17.208901741477355
760,17.846946076053925
761,18.38245853349616
762,18.179937928003586
763,18.31045572291341
764,18.293641481817204
765,18.328249942005392
766,18.60340956377382
767,19.160739308236852
768,19.10086731809326
769,19.153067806353352
770,20.03391519428499
771,18.956398614338955
772,18.312847850257484
773,18.569729029410674
774,18.225508420411728
775,17.631304873435404
776,16.933826617089732
777,17.225664490552116
778,17.62138699502003
779,17.027776478536573
780,15.934608268239781
781,18.27405000604212
782,18.325441416053543
783,18.81664632823865
784,19.639053221102152
785,19.28243387485282
786,19.202253789099167
787,19.43500610587987
788,18.509304703498408
789,19.39760507606043
790,19.06128104774929
791,18.947918289087305
792,18.514649076844748
793,18.13112769356082
794,17.994900009153227
795,18.330476772238757
796,18.49184095802365
797,18.409137704706758
798,18.96550547954572
799,19.102059486135392
800,20.17200517347448
801,19.038429818065005
802,20.413858376800697
803,21.02810859280546
804,20.07171103153802
805,19.589227777361316
806,19.482119307548153
807,19.568775618424983
808,17.802614910308677
809,17.36688668291928
810,18.129665517466353
811,17.172887984224317
812,16.954433186923513
813,17.265632968443857
814,17.401547161338016
815,16.764838082826294
816,16.660049676133838
817,16.60010254408677
818,16.11443173455589
819,16.811217522794706
820,17.65238045779387
821,17.378533402154407
822,17.13383886238027
823,18.115826328263008
824,18.16126812296559
825,18.22054887222919
826,18.36636871066819
827,18.336898010608916
828,18.121751098443582
829,17.895149121955555
830,18.40672308536313
831,18.406723085363154
832,18.82336535834892
833,18.203357259926833
834,18.2533290036347
835,18.183645176766206
836,17.822600246354668
837,17.779096576686616
838,17.84761863452944
839,18.187597253879552
840,18.10654210287954
841,18.64448572053665
842,19.228133863070273
843,19.383725601266732
844,18.944656496477542
845,18.390898970307813
846,18.913658989151692
847,18.64572804757958
848,17.69087207385571
849,17.553348735306184
850,19.00389943881482
851,18.96148099304571
852,18.44662004648687
853,19.72066663081833
854,19.158642636116085
855,18.45916473662843
856,18.592966288488633
857,19.22192536178644
858,21.016530148763458
859,21.010997659359788
860,21.017699359990026
861,20.967536279447142
862,20.91005757793876
863,20.938533140984305
864,20.647578673615573
865,20.850536374953023
866,20.985311677723463
867,20.16543489647431
868,20.287681818265703
869,19.228459790204468
870,19.435520388382255
871,18.9325330210403
872,19.386980679867904
873,18.787769199156124
874,18.749461331453322
875,18.42309709858616
876,18.010899066298713
877,18.20552377185587
878,18.790321456324776
879,19.084738170188054
880,19.221349700848968
881,20.271813266036776
882,20.151158528681833
883,20.066311621094734
884,20.148175806964463
885,20.331068039669354
886,19.853881918191885
887,21.038842528372047
888,21.466606726608738
889,21.50550959367894
890,21.10100190504238
891,21.493812202226415
892,21.484114267397135
893,21.27325716052837
894,21.529541969935106
895,21.165846302866463
896,20.73215962009245
897,20.583833758854908
898,20.62748760005608
899,18.112728758789242
900,18.065054753800936
901,17.919768197030006
902,17.687447189188397
903,17.41527852377336
904,17.46505067993993
905,17.434602302721956
906,17.172592898122808
907,16.55535798232748
908,17.002282863852457
909,16.628876164094986
910,17.05961792181021
911,17.568247663983726
912,17.355078803493697
913,17.327885666235577
914,16.207573391359432
915,15.620814435790841
916,15.822774178739074
917,15.671188541037973
918,15.39400128028452
919,15.770582874932426
920,15.747214118698526
921,15.935969620672697
922,14.943860680225862
923,13.759188364286556
924,13.763074005689703
925,13.995414298311326
926,13.926890573115823
927,13.965658551738901
928,14.04203389895331
929,14.411017294534979
930,14.197064734210185
931,14.832716410649493
932,15.431191538603306
933,16.000696128633084
934,16.269843080216084
935,15.666682074934645
936,15.64941833158786
937,14.867124303239908
938,14.926053648861238
939,15.109262848581384
940,15.003329755221095
941,14.902586707189581
942,14.776262331301805
943,13.821618007046443
944,13.27958365333628
945,12.964494028985607
946,13.661930656239196
947,12.801210135073315
948,13.157290042642877
949,14.051261058883945
950,13.589547767173539
951,14.088820016911807
952,13.831276137452765
953,13.512941498166375
954,14.308169089768397
955,14.710093899674902
956,13.533441273553027
957,12.903606639305497
958,13.380192502436072
959,12.856007518501379
960,12.917772824125384
961,12.829590869026841
962,13.261881253503628
963,15.270242899089581
964,14.120498624994294
965,13.705691797300501
966,13.970614450042751
967,14.361444141667668
968,13.232411101754348
969,12.26021637721393
970,11.603015340697965
971,11.147972475015312
972,11.324249792792362
973,10.68347970418797
974,10.871090276789097
975,10.812070805021733
976,9.690865553585848
977,10.280373364124085
978,10.081390482985707
979,11.771471928411303
980,11.489675826209256
981,12.762342746628086
982,10.634213685068694
983,10.705357708543195
984,11.951110914411966
985,11.105890985441658
986,10.861323619135298
987,10.531203629950724
988,10.505228172359216
989,11.515102418992452
990,12.194817223533882
991,12.125313068720933
992,12.027030452174836
993,11.892463248843121
994,11.96266286173373
995,11.709487366380644
996,10.987683733042598
997,10.380637509173818
998,10.212843091600487
999,10.798870514956715
1000,7.3627418902116215
1001,9.730638233898791
1002,9.899098793768978
1003,8.626491055467888
1004,10.254390859867835
1005,10.469987956077098
1006,10.708472744310104
1007,12.14426012214249
1008,12.391029824513499
1009,11.97643376954911
1010,13.303932126073725
1011,12.776685024171242
1012,12.953573776004102
1013,12.479031809446028
1014,13.149653763940483
1015,10.246957591141514
1016,9.880218793019235
1017,9.878588489660945
1018,10.064397950492099
1019,9.641794780557023
1020,9.581929388924703
1021,10.20382039127654
1022,9.287998633972139
1023,9.203474991787463
1024,9.66152883651603
1025,9.577097132792932
1026,8.900337579980878
1027,7.941654178823887
1028,8.288962452949145
1029,8.05764395861479
1030,8.100958713101946
1031,8.723793364928788
1032,8.66801437404543
1033,8.797113355179164
1034,9.253263513499622
1035,8.646857323319113
1036,10.436862285724736
1037,9.897992677832024
1038,9.501423732357427
1039,9.84298413048763
1040,9.606936461827576
1041,9.468398122987232
1042,9.068511569844784
1043,8.977744846874947
1044,9.341059252545868
1045,10.160762343817265
1046,9.3303227322719
1047,8.931889702191631
1048,9.365259159162864
1049,9.496164912930505
1050,9.607554344264724
1051,9.855495009821457
1052,10.192566219050159
1053,10.297975051799524
1054,9.99366688272052
1055,10.108226825141742
1056,10.06397665691563
1057,9.751563576136068
1058,9.743486274092316
1059,10.078628507504629
1060,10.004760030008942
1061,9.992657337661637
1062,10.556055012396293
1063,11.065790060101687
1064,11.139001230553692
1065,11.412523693432064
1066,11.770458896728986
1067,12.00482782905905
1068,12.203035221629488
1069,11.752947001591373
1070,11.94827321714962
1071,11.866238374170091
1072,11.847980311192918
1073,11.195380469945349
1074,11.297020728820083
1075,11.52690650236632
1076,11.43097128138757
1077,11.547874316819629
1078,11.397180632712667
1079,11.071626127164436
1080,10.489650526874318
1081,10.597973881966638
1082,11.242603753178004
1083,11.358514112200346
1084,11.296166644641904
1085,11.393212381553596
1086,10.910129302890859
1087,10.775792020224607
1088,10.45880412964899
1089,10.040536709444737
1090,9.636489662368252
1091,9.877315428113654
1092,9.381477943095252
1093,9.864247598744381
1094,9.9710019438775
1095,10.02332093061369
1096,6.102665684732322
1097,5.658830677657978
1098,5.040795725778957
1099,5.221726560942286
1100,4.09979209091349
1101,4.155777663487736
1102,3.810187973999235
1103,3.434908727500452
1104,3.026058643120222
1105,3.83751437679567
1106,3.8047955283891044
1107,1.759491381136491
1108,1.6856477209403309
1109,1.5469146483427787
1110,2.37432753523541
1111,2.4053350889531977
1112,0.1817331894759855
1113,-0.42085586220194093
1114,3.0899216262416207
1115,2.2346501338048608
1116,2.1307353230851866
1117,2.964721681121918
1118,3.2032442933708882
1119,3.6808750348698904
1120,3.6111655548238364
1121,4.153482095495042
1122,3.5221243575278782
1123,3.744434317550671
1124,3.689916327333176
1125,3.8907959626280464
1126,4.068650253810868
1127,4.283983533483426
1128,4.491312346108556
1129,4.559880969916819
1130,4.456876309971003
1131,4.563735413074554
1132,4.806123647839278
1133,5.266480935828599
1134,5.137829966058294
1135,5.088854820755717
1136,5.060798872216266
1137,4.838291024973285
1138,4.611586007743074
1139,4.516922233194931
1140,3.3491255837220013
1141,3.8217082560270343
1142,3.937094624438764
1143,3.562329380792706
1144,3.614878866823479
1145,3.475321337164061
1146,3.056758312708041
1147,2.5708076368866184
1148,1.3024754032853192
1149,1.0825921629123325
1150,0.162515134834873
1151,0.6452741891759706
1152,0.4550366905200054
1153,0.9484547166846768
1154,-0.40438758965358756
1155,-0.8082081397281393
1156,-0.3362373535123475
1157,-1.0350476806050946
1158,-1.0275764259798037
1159,-0.8218841592670945
1160,0.8140977664730542
1161,2.1610647925354165
1162,2.1916813024631887
1163,2.0964029032125575
1164,1.9044003819843391
1165,2.567652238053464
1166,2.9069126780169485
1167,2.8520201073310103
1168,2.988275979351762
1169,3.076304328656687
1170,2.283660915907282
1171,2.4325761112462985
1172,2.916285015515596
1173,2.5099918689737377
1174,2.4236584096814173
1175,3.069977677278013
1176,3.5275403294835472
1177,3.728097999796476
1178,3.417334275443107
1179,3.8957040194835812
1180,1.8772731623601713
1181,1.6053427073448034
1182,1.9353369190773018
1183,1.9561938323499506
1184,1.3422724904567973
1185,0.43801435320292015
1186,1.110743436397943
1187,1.459410714123166
1188,1.2045547617087982
1189,1.7900290739601532
1190,0.5054479869584405
1191,0.16593556386232944
1192,-0.0324268294042418
1193,-0.10478890224029369
1194,-0.6336586118438792
1195,-1.0554042811024233
1196,-0.643758657130522
1197,-0.3895916382926967
1198,0.37009082864498666
1199,0.5022781099083273
1200,1.3540833735434354
1201,1.4747699297330552
1202,1.491418013726098
1203,1.245444087127745
1204,1.4865261098843563
1205,1.5496022660161923
1206,1.9171826290506289
1207,1.1336087342908696
1208,0.165066128199709
1209,0.46456697712407014
1210,0.3805264485689852
1211,0.5565763919253675
1212,0.7418411462571717
1213,0.8182026059272429
1214,1.9254404091148647
1215,-0.8066554504480461
1216,-0.9641655952308592
1217,1.8430702518622555
1218,1.8844284034847947
1219,1.0927280495985014
1220,0.7745647070824591
1221,0.2585079679457536
1222,0.19872865408239182
1223,-0.1635759238833523
1224,-0.039019120724803624
1225,0.13204962054302882
1226,0.6958782967235733
1227,1.3093372331702602
1228,1.4687608910286531
1229,1.996127721365859
1230,1.5106605754889424
1231,1.4060325476540347
1232,1.396900894524289
1233,2.158314626797009
1234,1.6033866447155765
1235,1.791709010204423
1236,2.5062079732169673
1237,2.5937355012677576
1238,2.3150697971051404
1239,2.307194443276006
1240,2.787354267301123
1241,2.977718515826311
1242,2.6394428690213356
1243,3.4468619143819934
1244,3.6998173462853723
1245,4.314504159947341
1246,5.095126931186655
1247,5.159952688273939
1248,4.856686815640843
1249,5.089863472821854
1250,5.121186268748756
1251,4.646396961146193
1252,4.753901129260063
