,cash
0,0.7441857284840852
1,0.7746740563195901
2,0.6805027873491571
3,0.17014155307636383
4,0.5781260978359328
5,0.8876877013900745
6,0.5843406001418208
7,0.5056850418489907
8,0.7470771432561342
9,0.5375331173323789
10,0.8636218573829357
11,0.2130205149737103
12,0.6183183073572369
13,0.7834588184469236
14,0.8459290517082707
15,0.39198568917619797
16,0.8059706693767418
17,0.6657665385580696
18,0.5265852968527985
19,0.3525885557336318
20,0.8694732449828134
21,0.29668878825747214
22,0.5910603914463813
23,0.455093723308895
24,0.8215775930804455
25,0.29139845868726544
26,0.5138466170500472
27,0.717728631871962
28,0.543844849786842
29,0.41113752330538506
30,0.5414267461601536
31,0.705090479503395
32,0.19624597488991108
33,0.4257734618115082
34,0.6630848462282289
35,0.35254654411050634
36,0.6467752702869145
37,0.4529051983073225
38,0.5378280749915274
39,0.5895876638741678
40,0.6150653738821515
41,0.11124762498776847
42,0.6646400212871549
43,0.6943226650268159
44,0.4003998039234188
45,0.19844093134718863
46,0.08477722533595886
47,0.5557357169957581
48,0.7948113918938144
49,0.6376737755178205
50,0.6437462423947168
51,0.3566977211611065
52,0.6029972844716177
53,0.5655385354271095
54,0.7740390548947501
55,0.8717129159186277
56,0.8150219971668748
57,0.5852622523172689
58,0.4760602391683993
59,0.8384939116268998
60,0.6055354695876879
61,0.7196425665724008
62,0.3308466050136751
63,0.2070365218294987
64,0.7911094845005181
65,0.5212573422368614
66,0.13057634103450855
67,0.8247823458072574
68,0.5026241467064858
69,0.6824030535873382
70,0.32898214981245094
71,0.513977417936565
72,0.6720014815566271
73,0.739541067340798
74,0.4187246461893613
75,0.8580689086362433
76,0.5672979325350338
77,0.8200695818451568
78,0.8036020794975933
79,0.6860093326675442
80,0.26676477085431416
81,0.4719527281170961
82,0.660804245253928
83,0.4804920501744418
84,0.5435101138955245
85,0.6418602468485293
86,0.4198802577211072
87,0.23928998449754973
88,0.3949926716466397
89,0.48353356985961227
90,0.5725737830048622
91,0.5402013042973316
92,0.5648633470300217
93,0.40840719090785715
94,0.5566275549617378
95,0.45712913043787307
96,0.4969539594945013
97,0.5177048979564094
98,0.6787086409258987
99,0.3554420271408154
100,0.7197042296817002
101,0.8379132671016316
102,0.79234675881927
103,0.42585972775070596
104,0.259912715362073
105,0.4749879989379628
106,0.17743955711933795
107,0.4816126126019494
108,0.8595305598915144
109,0.836523443337526
110,0.7182560627524138
111,0.2336909228226247
112,0.6695858097294026
113,0.37754076719792046
114,0.5235914962495933
115,0.5359859843736814
116,0.38362199368042216
117,0.5724412005338025
118,0.5296790247358721
119,0.6142211720133491
120,0.7897390445623228
121,0.6194204622073818
122,0.6692203902312132
123,0.38920520594224656
124,0.6228013476402825
125,0.8071100832109191
126,0.5238776471556618
127,0.850149912336219
128,0.3166054542917319
129,0.5615442415160218
130,0.45971784207344807
131,0.42406047418696236
132,0.2421303325798456
133,0.5228654227958773
134,0.30581796571650116
135,0.32549862702865967
136,0.385842527927592
137,0.4263294446830308
138,0.8683132073356892
139,0.5336923043416893
140,0.46542358856218446
141,0.529248847233493
142,0.4386184039812461
143,0.539153423812392
144,0.47528048273867923
145,0.687945392050389
146,0.5162513034591623
147,0.5191999352484243
148,0.7184920643928492
149,0.33494525499029953
150,0.5325412890943437
151,0.4466204155710122
152,0.7745899818044039
153,0.17712213508449465
154,0.4830997515282995
155,0.5943166267750402
156,0.3917885647364292
157,0.44113072149157095
158,0.7282761943369884
159,0.37282350255727126
160,0.5431766676546957
161,0.2066342435722759
162,0.557093575050792
163,0.37478445949592737
164,0.4861067410159496
165,0.8140806185741436
166,0.7299982630279921
167,0.8713000460654129
168,0.4662609189006974
169,0.6100087616583441
170,0.6456589984953035
171,0.879578259422914
172,0.5926778994621619
173,0.8139875065935982
174,0.4433044572961201
175,0.799360252585195
176,0.7354780932788098
177,0.34170546681485325
178,0.15461818679119688
179,0.8821918462022916
180,0.26083289550626054
181,0.8251125273182688
182,0.41815937172771533
183,0.5637427343220824
184,0.1608474222893403
185,0.671673763816301
186,0.6301502275128279
187,0.5163524013513421
188,0.32985213798277907
189,0.343329620747142
190,0.7178283343509451
191,0.49813329478130003
192,0.7991207922151499
193,0.9183902274152622
194,0.5633536116641717
195,0.37626515194423943
196,0.6610029988505215
197,0.3152292260532378
198,0.9340764117342337
199,0.5815408852623676
200,0.4451632417627538
201,0.6337781785060688
202,0.45653570605434696
203,0.34833045676599445
204,0.6840445271939656
205,0.3757872710468813
206,0.09436617309397888
207,0.8646984943515376
208,0.8118530584868554
209,0.4970737230913967
210,0.3197184452709684
211,0.17866695743108402
212,0.5176785576342029
213,0.08063958612435358
214,0.36387199426731814
215,0.4056536057848148
216,0.4980229275981681
217,0.7645551151325369
218,0.7044064131615783
219,0.6752788288606172
220,0.5673993454593186
221,0.7789925266255915
222,0.5547636109997743
223,0.5520694633533655
224,0.602078824091062
225,0.8922545448228935
226,0.4801353224345512
227,0.6569573883408849
228,0.2274581564717473
229,0.30634688849790565
230,0.9064524172680243
231,0.9474161950797666
232,0.4076908419285693
233,0.7578969679386288
234,0.548379109546449
235,0.4166989361982965
236,0.6558545666427975
237,0.6619401193047567
238,0.7481493466937632
239,0.8592114917691863
240,0.5096628716112882
241,0.4767836073404124
242,0.4623195014124472
243,0.325409324737772
244,0.34152763547503734
245,0.7291257839102444
246,0.3539417023994834
247,0.3888176560552974
248,0.42821666537729114
249,0.7591936299210914
250,0.6064133828609707
251,0.5568543211565233
252,0.7832576026990572
253,0.7311291957262398
254,0.5967956790357739
255,0.6197885459630917
256,0.6098508953585035
257,0.5920254285599608
258,0.41874171214083505
259,0.25924001613099457
260,0.6130939315313169
261,0.7741720446478573
262,0.32780446520216333
263,0.2529563878622687
264,0.6252445067130761
265,0.33692568872525364
266,0.39902257190422624
267,0.3736696819695357
268,0.5054661371929029
269,0.8036484996077292
270,0.76747591832764
271,0.7718798505203667
272,0.40661161316400163
273,0.4325441885996156
274,0.4580104413024169
275,0.5386096435425458
276,0.5520046991107438
277,0.5246844128953148
278,0.679223986511528
279,0.6408835842317571
280,0.5688090885296072
281,0.4283816997055857
282,0.5603442281056888
283,0.5636894146459459
284,0.3113763502086511
285,0.28247207167502614
286,0.6921309632969016
287,0.8861867847052947
288,0.20824867572567488
289,0.36261549422607237
290,0.6348827895616588
291,0.2754628415961564
292,0.7714020630365934
293,0.5626379411038008
294,0.43186746081565774
295,0.4715421218033416
296,0.40732223802429174
297,0.7248052760146189
298,0.8251132543443085
299,0.8011312198378688
300,0.81606848229806
301,0.4900451046417777
302,0.883518340363356
303,0.768332795808562
304,0.5179358513624335
305,0.4958475385302211
306,0.3040943381741851
307,0.7635234308793257
308,0.4390871323241878
309,0.5697917972907991
310,0.5824614941488533
311,0.6924342244973084
312,0.15289878449966454
313,0.6104862474759082
314,0.7943146722379726
315,0.7416952996620993
316,0.5156235243353364
317,0.30114939264032065
318,0.4746345904769498
319,0.4538116962960116
320,0.6380140565309826
321,0.7323668016822941
322,0.47371843542918995
323,0.8221190113944268
324,0.822678396881604
325,0.6319255556160991
326,0.24536079557643362
327,0.5821142335842797
328,0.36425490764311336
329,0.44905630702980587
330,0.7749557019384208
331,0.7486156852607178
332,0.7687384894367439
333,0.6091992044301288
334,0.43305878541727344
335,0.8908702552469137
336,0.7513510287630655
337,0.7217154219137762
338,0.20404096029320348
339,0.14787424858280893
340,0.812153658537174
341,0.47891670596477276
342,0.405440141838813
343,0.4687871951961576
344,0.8697669936471717
345,0.27150377765774764
346,0.276130099121116
347,0.371498547594813
348,0.5820018393067278
349,0.3548792846819079
350,0.6813108319890273
351,0.3038716513996787
352,0.5641373972948232
353,0.3984158758282976
354,0.5504243384083183
355,0.4436712789798725
356,0.2914010235947096
357,0.7274879046258145
358,0.6091933288940816
359,0.5250815889988795
360,0.45219881573511045
361,0.307073902576079
362,0.750351137414251
363,0.7116918358845761
364,0.26667151955536017
365,0.5149506575453433
366,0.34358823169722913
367,0.7178174310995401
368,0.3640111625572717
369,0.3141706724970176
370,0.7817658167857071
371,0.7047890689739683
372,0.7102480383867174
373,0.5986506216726727
374,0.2905571869598815
375,0.8486739179871478
376,0.6782123300775357
377,0.26702146460075854
378,0.5782718855281024
379,0.5410847067181289
380,0.5168012422649233
381,0.7790797695835652
382,0.3822167842950302
383,0.6830716808089848
384,0.6767291256786635
385,0.702669838487943
386,0.6069740306106391
387,0.697461904550816
388,0.6897982474920564
389,0.8152299202154392
390,0.26887870352649706
391,0.5867842476074747
392,0.27768302634724584
393,0.16210909053302985
394,0.22984381654750893
395,0.13116658666912986
396,0.6220915270979731
397,0.6259922835144068
398,0.2558806985078701
399,0.7876085638685693
400,0.3728411587714621
401,0.8294545981696839
402,0.508302199315239
403,0.42611295821253553
404,0.6850390298267536
405,0.7843072128796542
406,0.25096306681540936
407,0.2693307505714643
408,0.36538902151637537
409,0.6693736228415039
410,0.676288915190137
411,0.4088775049926471
412,0.7802917782746106
413,0.6332946209824254
414,0.3912600962335601
415,0.5918700467143441
416,0.6926746100983362
417,0.6466901097144945
418,0.7696388615514645
419,0.3628553911050031
420,0.8328804470396424
421,0.4024859435329173
422,0.5513051539252479
423,0.3007481660717193
424,0.7546415585115244
425,0.36730057173042363
426,0.7312574947831958
427,0.6719669841959399
428,0.28293824080388025
429,0.429494663136892
430,0.5348134988015082
431,0.5956384480967616
432,0.6278799649085974
433,0.8661154830433944
434,0.4927891854522875
435,0.1359662320201358
436,0.4336409376040054
437,0.5707999248445729
438,0.6406257089371143
439,0.4458334442928464
440,0.2734005567110708
441,0.4166285586486713
442,0.4355501411425384
443,0.6355077198707614
444,0.513242322041041
445,0.29319489213100547
446,0.8038098986307084
447,0.2339271381975853
448,0.19920809338698323
449,0.6630914898748625
450,0.812269160206622
451,0.6343304751774742
452,0.5373031770712925
453,0.7861311493935832
454,0.722565247753787
455,0.5343206236653051
456,0.6735129843556674
457,0.5312874119739651
458,0.4150234593536988
459,0.40775709609549304
460,0.5431635045729719
461,0.580931248474108
462,0.7301083833847241
463,0.623666883438589
464,0.43262615211023703
465,0.4463522630444399
466,0.2148311020892811
467,0.38257162354903856
468,0.2042862396895681
469,0.49935547776016076
470,0.3888759893679478
471,0.7838537000460505
472,0.5554553482101897
473,0.799462614462544
474,0.2787741150079471
475,0.5861963963662019
476,0.5679826646538229
477,0.6604145955728161
478,0.25723065868503714
479,0.5319109362675939
480,0.7006024804384364
481,0.46611307502069255
482,0.7797865265924824
483,0.9429630886090041
484,0.3187939020072267
485,0.5969480860498085
486,0.5731810831645133
487,0.4982829528812737
488,0.6085558322609244
489,0.5307778685147115
490,0.2735122314547502
491,0.49383481520526074
492,0.9386951476153441
493,0.5352041441139148
494,0.5023384346697306
495,0.44856407413530797
496,0.1576870451572239
497,0.6431258126921939
498,0.2492494744787597
499,0.772294876197234
500,0.319158193180251
501,0.7390265259650254
502,0.8600307822980873
503,0.6515043278129049
504,0.7345080801057485
505,0.5142729166983484
506,0.5097673149901972
507,0.23931191971937987
508,0.5051511631759742
509,0.8368584928553722
510,0.4148239843027574
511,0.6708545575961945
512,0.43999822401033006
513,0.3814996679618382
514,0.7245614284171473
515,0.5307959412593819
516,0.7955967399789027
517,0.43491683136654297
518,0.7188143520021592
519,0.27878668876179513
520,0.7223443564804664
521,0.7132430683694676
522,0.5695491045717328
523,0.6308763280777014
524,0.3973150549867772
525,0.7792980793280515
526,0.611026990034409
527,0.7324348950074084
528,0.8365428385267983
529,0.43568987078462396
530,0.8083625929638891
531,0.3824394766005068
532,0.4874874794661191
533,0.8172445459589457
534,0.7429232536131329
535,0.8131274735563018
536,0.6190875003792969
537,0.2988328128407239
538,0.5512182142919195
539,0.6449915446751016
540,0.4517934522240714
541,0.699861460914773
542,0.5961669064030679
543,0.5973697700672362
544,0.5349906746564863
545,0.5950249119986538
546,0.7688158021973988
547,0.712430792463322
548,0.8190931053741353
549,0.7683916912044771
550,0.6850081726490987
551,0.5599126256498967
552,0.6468043920834381
553,0.5443269980961717
554,0.5741759715729395
555,0.2841000620218884
556,0.5006261600020547
557,0.35772710365542704
558,0.6139259670184978
559,0.41239902441268395
560,0.7047223248385213
561,0.810940428188646
562,0.8078126702604035
563,0.6037677067500744
564,0.5991258278916479
565,0.5329666326980674
566,0.45748350991878245
567,0.5705193689223885
568,0.607440787972012
569,0.49873839907463363
570,0.47402351007352383
571,0.30927690005133307
572,0.6509486850095254
573,0.7557014566350568
574,0.31088367213780427
575,0.801937387013878
576,0.6577715889135965
577,0.3234982430867574
578,0.8449580811991914
579,0.5025427329746744
580,0.773934119575776
581,0.8165571947368796
582,0.6263820937703776
583,0.7270554661606643
584,0.5339486669149525
585,0.6386028924687811
586,0.6292177671357667
587,0.5999421441760298
588,0.530198672116526
589,0.7148064889109544
590,0.3771715745150228
591,0.37289391945509553
592,0.4650761710020746
593,0.7295142845046857
594,0.3055438990397906
595,0.5141735835524361
596,0.6482148819102082
597,0.28188024412654533
598,0.30079771205080186
599,0.5793611373733678
600,0.3030881241680769
601,0.8437897782725183
602,0.23470649743888752
603,0.5013073069407724
604,0.5628951347288215
605,0.5315958804030767
606,0.5400521399508433
607,0.37492522552345053
608,0.7524599221080132
609,0.29019377506453653
610,0.578097633628726
611,0.2040702535114151
612,0.33542258887671517
613,0.6588852746528375
614,0.4083425296324617
615,0.6409347482112981
616,0.7478386017654814
617,0.35614722275613575
618,0.551885832860651
619,0.5160919128220691
620,0.4176893820744371
621,0.7100463787607385
622,0.19063367063841435
623,0.6146580763160376
624,0.7868326723112671
625,0.25337711844167626
626,0.26585907811259263
627,0.6783343808812489
628,0.5326406801387721
629,0.5696417755578213
630,0.768844927052704
631,0.5617659254119767
632,0.6383176708215395
633,0.5275094283250282
634,0.34248392600285277
635,0.3051999487463105
636,0.4853997249536738
637,0.4264715829769871
638,0.368807357072799
639,0.49205329847503865
640,0.28328304392880455
641,0.5701965864399415
642,0.7230387099675656
643,0.9247112585983982
644,0.35518206718348866
645,0.474124052214189
646,0.814519969980387
647,0.20547125186262502
648,0.33520574217285526
649,0.15458520216605512
650,0.5569029511395966
651,0.7667895474798976
652,0.3012867765197863
653,0.8465051360536832
654,0.1051756305472369
655,0.2155295215805419
656,0.4875041758508831
657,0.4050829316265271
658,0.802791516395893
659,0.4001113552874415
660,0.22767038023031463
661,0.6062169139479718
662,0.6416394226602795
663,0.6391063096747819
664,0.510610520307662
665,0.6902139148064611
666,0.37266836861965946
667,0.6560518731411443
668,0.49709951644080147
669,0.5603848994397944
670,0.5735067079228979
671,0.5874129755432199
672,0.48771592619059756
673,0.7768504326780242
674,0.3564693132655098
675,0.0750711295446491
676,0.8057672169773893
677,0.6576507765747172
678,0.7060242947818226
679,0.20925846579056906
680,0.3641398632132548
681,0.560038817081155
682,0.6788733634584683
683,0.6054370326389962
684,0.848999349961991
685,0.38444559709706944
686,0.3096462111422262
687,0.42518365150918225
688,0.6941582352244272
689,0.48517291166154514
690,0.8102902867705918
691,0.5105740053891629
692,0.4876137150809265
693,0.4879605581575912
694,0.5434989234631539
695,0.493731573984873
696,0.7089575507479978
697,0.5460820410190703
698,0.4729704696203878
699,0.7202071547194491
700,0.6410424365583743
701,0.5529466898571925
702,0.5449745082586696
703,0.6891908375885627
704,0.22349809214383473
705,0.44756876185186467
706,0.7196891602164497
707,0.43503798902756724
708,0.3817881884969172
709,0.3401046514855207
710,0.7030625622274869
711,0.35883826908073885
712,0.5254941057525729
713,0.766997060375836
714,0.5630935667086736
715,0.43456787006229614
716,0.3525708971146391
717,0.8296061100692771
718,0.5873096129992407
719,0.49123890087503264
720,0.4796169253485734
721,0.44499181197749377
722,0.539850099196712
723,0.7074332475964391
724,0.9166717558272311
725,0.5495454510948908
726,0.6453565645179217
727,0.843264356583023
728,0.2542881927267025
729,0.4624974538320016
730,0.43269040455578034
731,0.49294921455165075
732,0.26918708129280017
733,0.41746100285489623
734,0.782549088592786
735,0.6918070780834279
736,0.4689954317432929
737,0.5811091477476357
738,0.4981424792795612
739,0.51128995043758
740,0.06514676708663328
741,0.32196965972285163
742,0.6693799625309811
743,0.6520734352310193
744,0.3603032086298184
745,0.7361501019004449
746,0.7130078031890933
747,0.3549571350857751
748,0.9482138217630186
749,0.5853319456176101
750,0.6131177563707184
751,0.7071169025587897
752,0.26297528447454527
753,0.7353347895601988
754,0.5743087019274928
755,0.56676500240604
756,0.2211176572599065
757,0.522153308151864
758,0.5215942247910463
759,0.4403836189301379
760,0.4042123549734707
761,0.5744112817335917
762,0.2646331741961374
763,0.3157468672984425
764,0.5512348100505864
765,0.5509990239112675
766,0.4032898785788462
767,0.6556966069067113
768,0.4141354151309023
769,0.6596713765586834
770,0.5086663955212275
771,0.18210500232067303
772,0.5568514279827378
773,0.5320787123419598
774,0.3336323308367119
775,0.7051757201298672
776,0.4436864314204774
777,0.37871164357767856
778,0.758573931681029
779,0.39260792503409836
780,0.4132085325607504
781,0.46596086209273807
782,0.6540203271838805
783,0.6791055556089494
784,0.5656928881275288
785,0.22802989868760787
786,0.5822257988743371
787,0.45637668667586373
788,0.5465034863037382
789,0.583082740015854
790,0.5037107856183293
791,0.49418694025268506
792,0.26690347646623885
793,0.567516374023404
794,0.5541322663031335
795,0.623108086001186
796,0.28718371402522297
797,0.6430241414801389
798,0.26447491839166287
799,0.47371309492210334
800,0.3518672959615726
801,0.3110284118938325
802,0.5973787914681107
803,0.5002339741388153
804,0.45873525701642426
805,0.4425615942149082
806,0.6008078141991714
807,0.4345836965598464
808,0.6177842529000863
809,0.6897010369691707
810,0.39072943018299694
811,0.5649080378558046
812,0.2892469986841959
813,0.45696940317601215
814,0.9231311029245325
815,0.7648221489949374
816,0.3193979962468819
817,0.7508302397299823
818,0.5423400042324461
819,0.4095615789872239
820,0.4588865283932666
821,0.7140799577819295
822,0.21472512967413743
823,0.6778316289310808
824,0.3719928272356081
825,0.652061116970728
826,0.5934376592502302
827,0.5950530901966204
828,0.3533494826564331
829,0.2623620605146601
830,0.6921287355183802
831,0.3402565422933815
832,0.6106590448416607
833,0.5872133959364964
834,0.586300073874225
835,0.5055404051292405
836,0.5138607362603589
837,0.6767254233733111
838,0.5477199380819875
839,0.24276432099894096
840,0.5979510643176129
841,0.6662024033764267
842,0.6327931728570264
843,0.6134724946744542
844,0.21308162704475023
845,0.32148930426569655
846,0.6280297649778511
847,0.2999780634179832
848,0.7698253005687322
849,0.5447775321766415
850,0.8728734512554547
851,0.7402109789836703
852,0.7547912851165016
853,0.40130524670696877
854,0.8228482119993619
855,0.5222558392031772
856,0.5132292277638709
857,0.6494396582341599
858,0.8373879909434526
859,0.7925179896973746
860,0.7301917496953496
861,0.6963656491523922
862,0.32270942232120864
863,0.8452514887461429
864,0.696605720237115
865,0.42078698574912804
866,0.7313222066808029
867,0.5379967928809234
868,0.5018622570095305
869,0.667363250777929
870,0.7186849402904446
871,0.3870014532265699
872,0.5531787408772514
873,0.8393810279083871
874,0.649722364962674
875,0.5511805132849438
876,0.5384574456823847
877,0.7588893346427971
878,0.5917818464396586
879,0.6003245379303902
880,0.6276646856623259
881,0.6326500743967328
882,0.19075361701394117
883,0.15142167818317895
884,0.7545567926861059
885,0.36964731910720605
886,0.17152885059018846
887,0.5001670920658849
888,0.6156801081515484
889,0.5832669628760545
890,0.7069231479687272
891,0.7231767457611499
892,0.8138175500892647
893,0.436758384565615
894,0.6847305508327675
895,0.5340395164185814
896,0.21264682333283028
897,0.3503242310580673
898,0.7994455295740006
899,0.8490179652942413
900,0.5001001214241517
901,0.5231647402489918
902,0.305746208337046
903,0.603917807274899
904,0.6940741687530151
905,0.6933867486608603
906,0.8597863569507811
907,0.5418110825197157
908,0.41571609317203045
909,0.5585116633172544
910,0.37313256711548215
911,0.425632232313285
912,0.4837919455045047
913,0.5820644921069987
914,0.7076246257348102
915,0.8717253001987864
916,0.30137059963298396
917,0.6357424819892314
918,0.5160046915224337
919,0.23363173505712817
920,0.7177332231420622
921,0.44280857974778504
922,0.5716040038583127
923,0.3583576820693854
924,0.4868634104667166
925,0.5565850785122863
926,0.2725115834699786
927,0.4861225008280967
928,0.21317230303078255
929,0.6844734475432802
930,0.4904756019952826
931,0.45945366695631623
932,0.3569937239343294
933,0.6975614262694206
934,0.24097740726305314
935,0.6596241236946221
936,0.4476388812563693
937,0.7615172075769737
938,0.6083156913564972
939,0.5148799659588642
940,0.5778478567413146
941,0.2524289001572267
942,0.5034736938945717
943,0.8005224324808077
944,0.5211885246229333
945,0.23534686790044687
946,0.7015560763041377
947,0.5932048869895823
948,0.3766749627171451
949,0.5136880685854971
950,0.5139446455224825
951,0.3862933881462667
952,0.25040263893167225
953,0.5547495361618097
954,0.2927358770663796
955,0.7516076506399864
956,0.14492407237764876
957,0.6129275713417888
958,0.8445657823413195
959,0.3307042735870395
960,0.37062843055373845
961,0.159678648036371
962,0.3014971464696028
963,0.3586263340349594
964,0.31500795932498993
965,0.25656752770392294
966,0.5623585674629156
967,0.6738570201396156
968,0.48039593538475006
969,0.5940017668481591
970,0.486762437306612
971,0.19420918249947067
972,0.23071400456157676
973,0.34306184311334353
974,0.6374809582080108
975,0.41486257833730056
976,0.5857303025944676
977,0.28585135122527744
978,0.7321797978487454
979,0.6526180858741739
980,0.5061806912195671
981,0.3433135438113865
982,0.7108323652109172
983,0.3224863894109877
984,0.07801193262125243
985,0.6612566433462718
986,0.75216840513899
987,0.5134294818079572
988,0.7946833998969065
989,0.8628105578834474
990,0.7179907340640618
991,0.5220712290691343
992,0.5051861869138295
993,0.6132510217271888
994,0.3100264253356618
995,0.48757987189828583
996,0.6557151717009063
997,0.6663552350494186
998,0.436533958999862
999,0.8515671426587468
1000,0.4138786685347064
1001,0.38000495375331833
1002,0.5997832770043996
1003,0.7356895425096917
1004,0.4509088264851063
1005,0.48877461584320936
1006,0.3605522298754355
1007,0.4711490159572639
1008,0.6850488605092726
1009,0.6221059542067358
1010,0.537828795222392
1011,0.2724728291768233
1012,0.22124464487613307
1013,0.5662057940828099
1014,0.626277894031871
1015,0.3477406791183309
1016,0.31997277565503895
1017,0.5407898358494815
1018,0.651664888607493
1019,0.5005474737932517
1020,0.29406962531059627
1021,0.5841382803754727
1022,0.6491848374904958
1023,0.43362993784365333
1024,0.6531649458800596
1025,0.6234799769152468
1026,0.38144996809667947
1027,0.06977354352851892
1028,0.5978260040597095
1029,0.22129162339016908
1030,0.22827391809579098
1031,0.5112918392734005
1032,0.4872632303933181
1033,0.09448232696763838
1034,0.614619643050155
1035,0.622837844308179
1036,0.8924959821838115
1037,0.3856869972114995
1038,0.4732798082930019
1039,0.8357426054206191
1040,0.5131205715190865
1041,0.9374917503594068
1042,0.8634202262001347
1043,0.48852297007631895
1044,0.4545219860883358
1045,0.6240688422442734
1046,0.7858136998567465
1047,0.4866338129784917
1048,0.832009510874754
1049,0.6897782565425989
1050,0.7424474584909597
1051,0.6123694436048364
1052,0.553796228243468
1053,0.8274146800011378
1054,0.8079463870563626
1055,0.23943556950023168
1056,0.27729075370815004
1057,0.22968501021584672
1058,0.19658308565840737
1059,0.6959297050414104
1060,0.34991428455414064
1061,0.6802447642005885
1062,0.7222867536962524
1063,0.4525170465820484
1064,0.4283583021220423
1065,0.09926230087418354
1066,0.37841629680907496
1067,0.4178905751672432
1068,0.421917054262801
1069,0.5161083891663566
1070,0.2208567724875608
1071,0.5052453308606529
1072,0.4282967969842063
1073,0.7262908317422034
1074,0.21288169389937983
1075,0.6492517732687402
1076,0.7893243090884112
1077,0.5246733096952166
1078,0.6079022026819365
1079,0.6527667478514344
1080,0.6054694089084565
1081,0.75239649062504
1082,0.9210952654363898
1083,0.47635178343355544
1084,0.5895603626901488
1085,0.48334710588789764
1086,0.29409680435799584
1087,0.5499307324295203
1088,0.43624313554633465
1089,0.18975109069958687
1090,0.39553677082751776
1091,0.46945624307705075
1092,0.4969944155913677
1093,0.5524725332523417
1094,0.7855792402532864
1095,0.4884058067199176
1096,0.6755517906311429
1097,0.7812657149866424
1098,0.18045199467374012
1099,0.3182551169383549
1100,0.28558099117365016
1101,0.7196933727260346
1102,0.26963083657108106
1103,0.7656189967549489
1104,0.6939023734838057
1105,0.7313217078911576
1106,0.2655524601850479
1107,0.7847096971175695
1108,0.4179227621996331
1109,0.5646131487253698
1110,0.5637099020530937
1111,0.7474302444547107
1112,0.5640706741925571
1113,0.5368516314492752
1114,0.2898714088108465
1115,0.5398616205337288
1116,0.7833921740894858
1117,0.8728609486512888
1118,0.878924684430418
1119,0.7779795630765846
1120,0.37153085548647136
1121,0.20738349609522475
1122,0.496131073796779
1123,0.3744425582488982
1124,0.9164155225486033
1125,0.6089074307989827
1126,0.423085491088124
1127,0.4266736282054761
1128,0.5175596330738432
1129,0.543578694991548
1130,0.5467682413530656
1131,0.6113481688678144
1132,0.8242972656465237
1133,0.24152639568484852
1134,0.5458311478602962
1135,0.7177631820462513
1136,0.5104025251849854
1137,0.6017763500662315
1138,0.5006582115485964
1139,0.6285222214432624
1140,0.7513780104487345
1141,0.4585733397784974
1142,0.30376600407987986
1143,0.5578484005876911
1144,0.19150943094948253
1145,0.11711399837275281
1146,0.1915831287141095
1147,0.17992144156148981
1148,0.5916529752021056
1149,0.14377923357748695
1150,0.46528274078337384
1151,0.6627650910311627
1152,0.4418899183216987
1153,0.5981101052919182
1154,0.6673003523151263
1155,0.6699269242954238
1156,0.2802877955014158
1157,0.6484958795989694
1158,0.5328943069320836
1159,0.712534031392208
1160,0.530218528247648
1161,0.6207512096630375
1162,0.5041732939736201
1163,0.689580789886049
1164,0.6014233503747333
1165,0.3410390024617584
1166,0.649211488299938
1167,0.7821173832478044
1168,0.5157913802556562
1169,0.27581685908318243
1170,0.4641177589220786
1171,0.5003893220618801
1172,0.5766339587030594
1173,0.3994439187981193
1174,0.37924194623621077
1175,0.7276496477023929
1176,0.1890417490832358
1177,0.525195817554914
1178,0.7987937754219919
1179,0.42550532999277785
1180,0.5970781826434554
1181,0.5999336292383501
1182,0.1704038880991948
1183,0.4621584651555221
1184,0.6048171152393929
1185,0.441345439911784
1186,0.12044344468683768
1187,0.265029854043167
1188,0.6059617181713415
1189,0.2927488816021612
1190,0.4524402678121477
1191,0.5243045485755821
1192,0.6189162702835631
1193,0.42782688216989795
1194,0.7580103061892867
1195,0.46952669249915424
1196,0.6222688080538803
1197,0.5426110196595576
1198,0.3108991808904097
1199,0.4972564631383652
1200,0.6382000174212838
1201,0.6103441475253283
1202,0.3975132629001569
1203,0.41245601022355505
1204,0.38895074979073985
1205,0.7982399763489915
1206,0.6086805015897488
1207,0.5615042169072819
1208,0.4758166121381981
1209,0.2912871715223672
1210,0.4151520794327688
1211,0.6431710935764219
1212,0.4169348946550258
1213,0.5050271522719469
1214,0.8414970337426158
1215,0.31725650857788407
1216,0.7946135051528269
1217,0.32237357371303066
1218,0.6216675382077497
1219,0.5423054223518611
1220,0.4524931032252512
1221,0.6504990372335373
1222,0.5402528492864478
1223,0.32622197379308454
1224,0.37610234416847727
1225,0.5924791428133451
1226,0.8447756867888241
1227,0.7851437609833515
1228,0.7294060883645893
1229,0.48203077737584876
1230,0.7132739034254099
1231,0.29586503097454303
1232,0.42863588615847475
1233,0.48174710328776826
1234,0.551639534023411
1235,0.5311776172596175
1236,0.46764306665917865
1237,0.7312253550758145
1238,0.5009140548222836
1239,0.30694436336844816
1240,0.5970844357168246
1241,0.7222746901135838
1242,0.528494069906648
1243,0.6373143811193719
1244,0.5949496429994066
1245,0.4188405137335243
1246,0.8631742005992437
1247,0.498589471367332
1248,0.7116670713524567
1249,0.19855147145719462
1250,0.6364849253155666
1251,0.7051026519226693
1252,0.613204939785412
1253,0.7577641702875059
1254,0.7906346680509838
1255,0.2645559137263495
1256,0.7758403284032566
1257,0.6370258685684707
1258,0.3656479508918715
1259,0.7558291280978653
1260,0.7701814422044801
1261,0.7110282623839674
1262,0.7799238952335057
1263,0.3299931364413705
1264,0.7085759722054031
1265,0.756998615359587
1266,0.3701397175703051
1267,0.4223429093121387
1268,0.7723265040198277
1269,0.7661931277730036
1270,0.7850122134954362
1271,0.6684698565173567
1272,0.3493957593194935
1273,0.6928535677224688
1274,0.5296694679330776
1275,0.4940181649742684
1276,0.2941889796016023
1277,0.1456039057557698
1278,0.4484300909125706
1279,0.3925077286875201
1280,0.15786981926162486
1281,0.6019675414801271
1282,0.4882088703670731
1283,0.6922987481187205
1284,0.5886710344900579
1285,0.4642105852257215
1286,0.6664092781850868
1287,0.181693795374671
1288,0.7766747754693385
1289,0.4099222231073243
1290,0.5957327414258626
1291,0.34561910899013853
1292,0.8054239620735226
1293,0.5669899759603002
1294,0.6574864468212933
1295,0.36463266692586577
1296,0.7028896775710798
1297,0.8457380717609859
1298,0.5017940326459248
1299,0.7082441765645358
1300,0.8931582363033372
1301,0.5967477299468648
1302,0.5379370222774784
1303,0.6669165409197841
1304,0.6664601568788177
1305,0.3852986206109405
1306,0.626646797483191
1307,0.3659527570003339
1308,0.41247767357959325
1309,0.6667174528225766
1310,0.15470496962244745
1311,0.46195715053910247
1312,0.7585349116375616
1313,0.6684101187057374
1314,0.35771060551532863
1315,0.36799980511739766
1316,0.5756558820362989
1317,0.7233374860709579
1318,0.234561773776266
1319,0.9039687388207717
1320,0.622027634107567
1321,0.8583866231052638
1322,0.6544024294931499
1323,0.502393375295064
1324,0.3141861717753205
1325,0.8656263871933016
1326,0.3894607126495278
1327,0.6678643114118864
1328,0.7997544035306153
1329,0.4258206035598214
1330,0.4756976960566519
1331,0.8081008189269323
1332,0.6593424567667239
1333,0.6260319370290998
1334,0.687164610624245
1335,0.4039960095151083
1336,0.46232136266615786
1337,0.5183434088368714
1338,0.6266689782978726
1339,0.42424466253480636
1340,0.4532556286149182
1341,0.3307912752697488
1342,0.7021996877962272
1343,0.7210078137757958
1344,0.36769106685611386
1345,0.6606350373726297
1346,0.6149926029964262
1347,0.6661385901288172
1348,0.4488250017421384
1349,0.39880107396815095
1350,0.41478170336311415
1351,0.3534778484765829
1352,0.7951976335048545
1353,0.4041725581828444
1354,0.3032890550387232
1355,0.40985428862012374
1356,0.4646491276322021
1357,0.6704146804364676
1358,0.45965746864568424
1359,0.5225182946853197
1360,0.7311254953811487
1361,0.6571953990244638
1362,0.7832870008554603
1363,0.6301361596514564
1364,0.4439309518184911
1365,0.6668074271067879
1366,0.7128778337380653
1367,0.5448134937307463
1368,0.2507580686744583
1369,0.7905703446630037
1370,0.6974612296152469
1371,0.6199429997422433
1372,0.8091801020915693
1373,0.6741867315969569
1374,0.8922360159386559
1375,0.7295408790265652
1376,0.6409031000487893
1377,0.5488840752193794
1378,0.6628927048332575
1379,0.25872350241893394
1380,0.6149426819704266
1381,0.4900956435308999
1382,0.34186735107637256
1383,0.24140362251123357
1384,0.1296789571952161
1385,0.538260353502697
1386,0.6800769471328646
1387,0.4653456622720041
1388,0.7663171828684063
1389,0.10578809206089088
1390,0.49065915188342646
1391,0.27056326161125904
1392,0.4818702288370555
1393,0.2702536811530927
1394,0.5194131575665012
1395,0.5801566538431916
1396,0.402255960137439
1397,0.448443728623506
1398,0.6550585117277588
1399,0.5069533324499143
1400,0.8732613892018782
1401,0.6357075411923828
1402,0.3455747593527984
1403,0.1548434563342564
1404,0.6955049673820537
1405,0.8872558395789218
1406,0.6702848448152487
1407,0.8049767730564589
1408,0.30956333705585287
1409,0.19201924449878233
1410,0.42498285738355346
1411,0.46599603033820164
1412,0.7119414336485681
1413,0.5468121630285859
1414,0.3104768902567305
1415,0.42381420631791766
1416,0.6577798401913454
1417,0.7548556650832191
1418,0.11860968604447286
1419,0.5627205965323759
1420,0.5529514831343585
1421,0.6312831712877105
1422,0.8921836121093814
1423,0.47987921156152946
1424,0.5053482975597524
1425,0.4368433072035558
1426,0.61278200469099
1427,0.23330015625654654
1428,0.4440568329687928
1429,0.6818512025778961
1430,0.6787451231423385
1431,0.7783195180104566
1432,0.532071063148398
1433,0.6877761565027662
1434,0.368645044227452
1435,0.830897301894553
1436,0.6655973371920295
1437,0.4386851035793439
1438,0.6489602518305588
1439,0.38755695305785715
1440,0.5533742415667551
1441,0.16784303223642438
1442,0.2760076616493732
1443,0.4545753996152016
1444,0.5353186948224041
1445,0.7708909876159579
1446,0.5270654927403574
1447,0.8055397459689405
1448,0.6041084177837226
1449,0.7750974390162618
1450,0.6965606861364926
1451,0.5431509851004467
1452,0.8226218805836081
1453,0.793107539717209
1454,0.3418109544209164
1455,0.3621120618159712
1456,0.4968904282899081
1457,0.46920391353288043
1458,0.49519496860852974
1459,0.531486796038641
1460,0.3495552583252036
1461,0.7303307063540347
1462,0.45598874312470533
1463,0.8419947826128665
1464,0.583188381739257
1465,0.5184291527545976
1466,0.41912871526540457
1467,0.5300905320775812
1468,0.6373702895771202
1469,0.4173472631405983
1470,0.6521849041522485
1471,0.5338700511969806
1472,0.37822075247250075
1473,0.6104708208095135
1474,0.828686488357295
1475,0.41730934325580715
1476,0.8996524795567317
1477,0.6479099027681914
1478,0.5407220391259847
1479,0.8274512182847451
1480,0.39669385669957336
1481,0.8560664932307939
1482,0.11975292840405
1483,0.4624060897818181
1484,0.5828731052724855
1485,0.24696708333618037
1486,0.6694412866068958
1487,0.5490125839262895
1488,0.798550093019602
1489,0.8275986072583579
1490,0.5364985896738821
1491,0.2056502226788655
1492,0.3514710069288236
1493,0.29779531574732787
1494,0.6236322805303224
1495,0.5803998161835278
1496,0.8892880166619361
1497,0.6375149010658688
1498,0.33655452144460274
1499,0.2091851851104455
1500,0.45742138773590985
1501,0.3623060921539193
1502,0.2667195669379032
1503,0.44420692787022575
1504,0.5144960817952144
1505,0.7210354006764468
1506,0.6992933197077391
1507,0.24318155279319223
1508,0.4623541895548633
1509,0.7110999384966397
1510,0.2602891702852271
1511,0.3676364910314714
1512,0.582428730532575
1513,0.6312539571550402
1514,0.6922317265210277
1515,0.2759906959566289
1516,0.4889026017217419
1517,0.39760951417591994
1518,0.49326603914425415
1519,0.8981138791342079
1520,0.36193988126608284
1521,0.39018833553067256
1522,0.690564064143274
1523,0.7137827589734294
1524,0.5130368634673148
1525,0.8963474216093782
1526,0.8649129317357626
1527,0.17390038717780956
1528,0.7058468724387195
1529,0.5661146405694135
1530,0.2640061875528569
1531,0.8080788134085403
1532,0.3826495848129276
1533,0.7477358698614549
1534,0.3983642559782351
1535,0.7332151549163614
1536,0.49281500528114847
1537,0.6362978046993334
1538,0.5186347189656273
1539,0.5340845762503047
1540,0.8432438087021464
1541,0.5426599189904422
1542,0.7649088390446626
1543,0.4685682851218392
1544,0.6819661817277018
1545,0.31892094858313996
1546,0.6139069950195548
1547,0.14211988967960326
1548,0.47253359729164185
1549,0.5616288402385694
1550,0.7505369976800972
1551,0.4968678485313632
1552,0.6489242531964821
1553,0.7011722602942648
1554,0.5098753001075454
1555,0.5768733851484213
1556,0.757515888030125
1557,0.764809883182228
1558,0.7586767333923317
1559,0.8395690853449286
1560,0.3750519009823918
1561,0.2297143251336073
1562,0.3342541994243908
1563,0.6117674488610035
1564,0.31560230269028233
1565,0.42976606019177493
1566,0.27766972134870593
1567,0.5558444248836482
1568,0.6256556176872698
1569,0.6895720441919675
1570,0.6788677956305316
1571,0.6855827864648988
1572,0.8026186885902475
1573,0.11591152772893899
1574,0.5548888653966089
1575,0.4710063312319222
1576,0.6519029576760763
1577,0.7105917790547077
1578,0.19343527419030285
1579,0.758433475800281
1580,0.3981907942217069
1581,0.40321330280488327
1582,0.4361117577614124
1583,0.2296770858279029
1584,0.8425479011594819
1585,0.30952724373088714
1586,0.6700202477978852
1587,0.6664644072651216
1588,0.5952096166283684
1589,0.5372714330338124
1590,0.5162125497550997
1591,0.32698033201886506
1592,0.6204127217801824
1593,0.47582378743995357
1594,0.48289046404148767
1595,0.2560608519736733
1596,0.5175082831443011
1597,0.672362996555463
1598,0.43578496804738626
1599,0.10582712020817674
1600,0.60892032379941
1601,0.30960460443456517
1602,0.43763842615531606
1603,0.8678538738380929
1604,0.8829091871192768
1605,0.15942170149030077
1606,0.5847613559597457
1607,0.5305028717795303
1608,0.4929019708687992
1609,0.2159288323683287
1610,0.8607457218912765
1611,0.7425868318918327
1612,0.29903895200428793
1613,0.6058571186860789
1614,0.8275425777180395
1615,0.5126475112787073
1616,0.6383770849418771
1617,0.48618988969852484
1618,0.3298484533658411
1619,0.43229806834043144
1620,0.688279457757536
1621,0.7132237268065363
1622,0.5118863259414708
1623,0.17370763143699816
1624,0.5400402145205315
1625,0.6368061687081235
1626,0.34473904292260704
1627,0.7275128908791774
1628,0.4317519079153008
1629,0.3324591360196637
1630,0.46397041922770627
1631,0.5501104312618215
1632,0.5537934775183656
1633,0.5980549545362801
1634,0.7000061491714908
1635,0.11797149192315284
1636,0.765809732680535
1637,0.804231190417164
1638,0.6607273918779349
1639,0.2531935185988934
1640,0.6270579080711131
1641,0.6106156657431526
1642,0.43821074029143636
1643,0.4958515450507129
1644,0.6543071393994556
1645,0.4895345486568576
1646,0.5013705376776811
1647,0.4505818546248109
1648,0.3467917341343006
1649,0.2812093280762112
1650,0.49766587672069645
1651,0.5765495258413731
1652,0.3995542343167887
1653,0.1531302638116474
1654,0.6831115860266633
1655,0.797225054593019
1656,0.46111660616073646
1657,0.3448996502027968
1658,0.6180626786911284
1659,0.21027990637538643
1660,0.636361080480026
1661,0.640698848068846
1662,0.7431093096974111
1663,0.5275399910126661
1664,0.30357061272716535
1665,0.7481570513143754
1666,0.49359532856428456
1667,0.579767263192176
1668,0.5334847098499953
1669,0.6749657346792988
1670,0.6670007119154125
1671,0.30914804305453913
1672,0.24242851507268223
1673,0.3277820583493631
1674,0.5334946370089075
1675,0.44775724137194833
1676,0.6693637631419224
1677,0.13781550621239397
1678,0.2045462244286894
1679,0.5153377117272643
1680,0.8168501902537904
1681,0.42874058573932017
1682,0.6098007194118068
1683,0.39914684199570855
1684,0.4972181386263968
1685,0.40423658582970895
1686,0.7686395436667375
1687,0.8005900089106337
1688,0.5371934618921351
1689,0.710295187911792
1690,0.3168112958366991
1691,0.4906460806299861
1692,0.42078181780889107
1693,0.5463522348822688
1694,0.5927346290392338
1695,0.45743471019364185
1696,0.7004654899025801
1697,0.6684708098087949
1698,0.7046795866699117
1699,0.6178128347545033
1700,0.42083504437825364
1701,0.5233053536155485
1702,0.5420523492916774
1703,0.4089725904328105
1704,0.3984173266908107
1705,0.4723503503610309
1706,0.29995983302827284
1707,0.7728407182580022
1708,0.8237283412621402
1709,0.1378543242144629
1710,0.41665771386189765
1711,0.5295585211992859
1712,0.8655644847440158
1713,0.28835700245313234
1714,0.33218754698657693
1715,0.8001445672200258
1716,0.17945094668237568
1717,0.6395858818659436
1718,0.25430219567357293
1719,0.40661625248418737
1720,0.6546950904837676
1721,0.44367031514955974
1722,0.4151863082562879
1723,0.7374362359287027
1724,0.30937213862838125
1725,0.4590011410478513
1726,0.4431113533817574
1727,0.5836964105515544
1728,0.6638423787519221
1729,0.6566350359214409
1730,0.745778582869949
1731,0.5839670778372111
1732,0.5921471382285831
1733,0.6252998219035258
1734,0.6215189112917564
1735,0.17711191437313342
1736,0.4776575725535279
1737,0.39937708019818036
1738,0.4921232325923387
1739,0.4689543162469656
1740,0.434058127512449
1741,0.8325345480950307
1742,0.5626869362608117
1743,0.318670699270106
1744,0.6864067216094244
1745,0.73243946796765
1746,0.7854576473735924
1747,0.33743892257280117
1748,0.33857587677512085
1749,0.35786585529636405
1750,0.36638930445935985
1751,0.3709914783845815
1752,0.4298574240532026
1753,0.39079701134162576
1754,0.7349547547338021
1755,0.49334131674821824
1756,0.41378605726863266
1757,0.6663306233343697
1758,0.4216838070827265
1759,0.4663521844040689
1760,0.6182318865579188
