,Portfolio Value
0,11865.61708181129
1,11849.048750691325
2,11861.441519249256
3,11874.44671694619
4,11711.398496533344
5,11525.841798793386
6,11509.228476152333
7,11342.709110298998
8,11326.588162374785
9,11316.563839253799
10,11435.732338965301
11,11559.82230759598
12,11606.07802956877
13,11609.129813517207
14,11598.763514107204
15,11590.929856890813
16,11380.957838030576
17,11375.420205184508
18,11329.723691504061
19,11333.762630211588
20,11336.545052489811
21,11387.538484105831
22,11542.33368839377
23,11429.65581635575
24,11454.657930318954
25,11617.843364524924
26,11450.590362179168
27,11350.644976757898
28,11653.315417672013
29,11641.53915432199
30,11650.000929572612
31,11636.995397064791
32,11639.356543624064
33,11517.948048769658
34,11565.434694399668
35,11442.764497917415
36,11543.157266341632
37,11479.5443948028
38,11535.589222269511
39,11682.226417993996
40,11747.703063075864
41,12026.427864470948
42,11955.550024172813
43,11874.285020814776
44,11786.742018071838
45,11578.77931954253
46,11580.104314700684
47,11604.73026163302
48,11643.237658796468
49,11461.70565463619
50,11613.552052906989
51,11677.388906827498
52,11781.146586681763
53,11955.376351668237
54,11968.491799596079
55,11783.293360477432
56,11793.20647084857
57,11879.642386024098
58,12023.798522306111
59,12096.695453514507
60,12126.673481515247
61,12122.925493499934
62,12008.695514457515
63,12038.430128578118
64,12194.27763788026
65,12378.597060545373
66,12302.301335731463
67,12292.897650333054
68,12233.45554615526
69,12241.713812352098
70,12136.508517914026
71,12155.339120738676
72,12253.692075937852
73,12301.547320496564
74,12913.6433838959
75,13051.012137880565
76,13180.893805056687
77,13209.119878986992
78,13083.100064887862
79,13080.21724734578
80,12933.82108346789
81,12995.287232127812
82,12999.233529871039
83,12707.285503435316
84,12594.275311781787
85,12615.822694460985
86,12745.59464527978
87,12834.638264424171
88,12712.800157733373
89,12686.971258425838
90,12709.405450765204
91,12847.158087989461
92,12746.588903429278
93,12739.674212986967
94,12762.997105839138
95,13229.292797552731
96,13270.23596181026
97,13199.448796129365
98,13262.917903923224
99,13195.495348689354
100,13191.857296494314
101,13130.383683936903
102,13244.388272154772
103,13295.899607436997
104,13243.271866104766
105,13154.160052762538
106,13089.032465088452
107,13020.153393220495
108,13119.812774870188
109,13199.686496241968
110,13184.075344171157
111,13027.651047912059
112,13086.570099281527
113,13222.025641527252
114,13226.66699616949
115,13248.262517650728
116,13305.033378925615
117,13282.56418031096
118,13204.333700962561
119,13099.804485487111
120,12954.387932347472
121,12844.460096659413
122,12757.419196314679
123,12875.606473311684
124,12792.126841307783
125,12482.338363374554
126,12388.072943472427
127,12254.254716449825
128,12648.822188730912
129,12717.7509471749
130,12881.284608134429
131,12818.206692641945
132,12537.740010185558
133,12732.034481908333
134,12893.242566370263
135,12836.972135833901
136,12912.284662391052
137,13050.19457918503
138,13117.576298251775
139,13024.493004713355
140,12653.07913606137
141,11929.42654385418
142,12060.52281010983
143,12216.939655178128
144,12301.281903865956
145,12186.667047906889
146,12212.01307500248
147,12204.000737164744
148,12168.453972406185
149,12222.200419501118
150,12305.009734898795
151,12126.027829835344
152,12049.652281919207
153,12072.558786429006
154,12110.246309270507
155,12158.887372878107
156,12071.024365655847
157,11885.96495930387
158,11716.300668129577
159,11490.6980557336
160,11020.841261544672
161,10828.218288120503
162,11085.21959014414
163,11491.971453643098
164,11469.513571631689
165,11634.53578094278
166,11429.073175077667
167,11425.01101868202
168,11472.588788402049
169,11312.213634318177
170,11423.686203079933
171,11461.890586753707
172,11315.181533448424
173,11279.810941902322
174,11087.538490649811
175,11100.915373880902
176,11448.646715479885
177,11261.274368435865
178,11100.925289679395
179,10998.815322944072
180,10716.885540115014
181,10665.42134881116
182,10538.09190161097
183,10695.026517382536
184,10646.173542299905
185,10875.280566671585
186,11279.639574326107
187,11241.689206851512
188,11685.741284160118
189,11726.328124358333
190,11799.073530021307
191,11644.899656669015
192,11430.880747443032
193,11484.69507416329
194,11505.193241204179
195,11540.203880517967
196,11327.862648966118
197,11452.209141812433
198,11477.544243280385
199,11415.468097219327
200,11373.783938637618
201,11114.123421556407
202,11145.570326766408
203,11193.73095907229
204,11529.377547190474
205,11896.436330751036
206,12045.76383409803
207,11880.526857357001
208,12033.017658181345
209,12393.903925527695
210,12298.996450133189
211,12231.509179267658
212,12231.5562676271
213,12215.369536804837
214,12102.238758132613
215,12065.09157882651
216,12092.515939021081
217,12074.267962697912
218,11882.269005014012
219,11978.060600182413
220,11977.14133214514
221,12295.153970620895
222,12581.010220365777
223,12489.621498912253
224,12579.95060248378
225,12478.034982209081
226,12304.63291554088
227,12439.76421131548
228,12678.414541245482
229,12570.193412815936
230,12494.419045950644
231,12498.86567509714
232,12459.820711050059
233,12440.403233018324
234,12316.314321669122
235,12140.4482723572
236,12047.330801577875
237,11983.649987867988
238,11831.659030656392
239,11955.345132621369
240,11981.90591642139
241,11888.937858939493
242,11767.723181357214
243,12032.854337621833
244,12189.250550315433
245,12191.970163961862
246,12136.948193081716
247,12115.211859265497
248,12198.705481381288
249,12031.100130476676
250,11996.980670545625
251,11913.956654640775
252,11990.728548309748
253,11911.019353502765
254,11433.402793073505
255,11232.846266493128
256,11449.221239114826
257,11597.317833242127
258,11488.564341338584
259,11467.706258250453
260,10863.38728566555
261,10974.236627600583
262,10836.360213898024
263,10923.86925551548
264,11033.9801012629
265,10928.01966720797
266,10959.353023332444
267,10824.949622423428
268,10762.886311107795
269,10973.595793210961
270,10902.347002914434
271,10515.161695939787
272,10428.454634707101
273,10490.67448555565
274,10137.964457576158
275,10018.766802815993
276,9771.899276794898
277,9988.194174602262
278,9826.808106540399
279,10025.139934176821
280,10123.562832263775
281,10482.585273123237
282,10492.692906799886
283,10543.659702421133
284,10726.969501878477
285,10601.416148894878
286,10586.174069021234
287,10569.321117198431
288,10784.619268936127
289,10786.847446555736
290,11038.320899606557
291,11036.992100674828
292,11158.505007642874
293,11171.527280640597
294,11169.10907340706
295,11122.523795894054
296,11267.454158224295
297,11253.309472406248
298,11482.812895175852
299,11380.598863224346
300,11294.164252136421
301,11390.440445800867
302,11398.47891393092
303,11524.402168106755
304,11493.78538871116
305,11545.633090113326
306,11431.104778537021
307,11373.173034752279
308,11374.188344683993
309,11532.783409125625
310,11603.941330868965
311,11569.967402775022
312,11446.920720123202
313,11401.250210601605
314,11222.900542932157
315,11358.16228298872
316,11250.749062597704
317,11351.018218309633
318,11530.581793914698
319,11659.303902275595
320,11915.31373829733
321,11898.539622631453
322,11835.920132677384
323,11778.688013330502
324,12005.84945334969
325,11981.426878511335
326,11957.231917102397
327,11877.680680189995
328,11950.853248937969
329,11954.279888757139
330,11857.77283459108
331,11780.98610648947
332,12027.694938669954
333,11729.311604226194
334,11470.76222406686
335,11462.697319866009
336,11383.142931871414
337,11333.335636697113
338,11257.017548731406
339,11251.813721446115
340,11148.650782319506
341,11062.242557419057
342,11322.817849833737
343,11491.082812054421
344,11635.048041280008
345,11559.014969701953
346,11350.089439434774
347,11453.97161738966
348,11438.006970637933
349,11629.722016617783
350,11710.876898487986
351,11864.051820181983
352,12025.339887141337
353,11987.23098642689
354,11787.509120272789
355,11877.784724946898
356,11852.897784496128
357,11880.697857864554
358,11832.22401683998
359,11821.572493708498
360,11800.346853057781
361,11614.161360159756
362,11611.509642250747
363,11438.800022617239
364,11438.86780444844
365,11389.165876272387
366,11490.555062470094
367,11792.157178712725
368,11818.365610021545
369,11809.76364187265
370,11887.656855093006
371,11496.501548951597
372,11330.892538547758
373,11535.256353404391
374,12059.891513812343
375,12179.85526010202
376,12259.609820263666
377,12054.716202745985
378,12007.498242080917
379,11940.291598149575
380,11846.450541868668
381,11941.758475717963
382,11930.814796017008
383,11915.018728971309
384,11740.56569156639
385,11680.710740982713
386,11742.956564430044
387,11663.498031462717
388,11615.483860541786
389,11299.235819124873
390,11215.972725052896
391,11198.333961437596
392,11246.408399721891
393,11330.321870808406
394,11386.602496599344
395,11369.977311835008
396,11448.182583309132
397,11372.361443391992
398,11446.655545750122
399,11496.4544120263
400,11660.49606806571
401,11621.32997243331
402,11847.71136249505
403,12014.988155922343
404,12041.420607547665
405,11750.982022339083
406,11893.360227571704
407,11882.64915911938
408,11785.173718533333
409,11891.0090844464
410,11920.97086849143
411,11846.889968133537
412,11874.942236834871
413,11807.845042219946
414,11815.596172134785
415,11843.053961274232
416,11827.28820788647
417,11889.92914068494
418,11676.219541549675
419,11666.260669725569
420,11740.494516039707
421,11812.214109035684
422,11905.655365524282
423,11874.994432270345
424,11837.835965292516
425,11768.087984031494
426,11626.98331681766
427,11618.77004334861
428,11713.356925717339
429,11617.328999817435
430,11646.750528574274
431,11660.410262039284
432,12133.458264720839
433,12166.025532072457
434,11990.848653699162
435,11891.924261279722
436,11944.251733551318
437,11836.584339394769
438,11618.554966376047
439,11636.70113683914
440,11662.673593424504
441,11708.11073161452
442,11707.077352092312
443,11636.728283465776
444,11579.552323691045
445,11576.743403292578
446,11456.233698985086
447,11402.871834627966
448,11341.194269223
449,11283.885782223302
450,11204.703743796828
451,11268.108060150566
452,11256.345510348587
453,11213.74613724709
454,11188.477378694279
455,11344.459847572289
456,11339.058684695605
457,11215.000435323567
458,11027.695778087278
459,11091.061897831492
460,11107.066317319424
461,11028.238906860046
462,10814.572462267364
463,10806.812242790631
464,10755.952812346277
465,10951.941398933837
466,10780.228233392594
467,10676.844163794798
468,10521.06524469706
469,10381.193933892946
470,10317.685593849114
471,10333.5511948246
472,10415.23569088768
473,10565.171818164865
474,10526.289676279017
475,10628.585607390178
476,10667.135597333367
477,10736.784688664398
478,10724.321367183238
479,10676.778343942751
480,10764.85451457894
481,10608.297003951571
482,10439.2785362248
483,10377.642278463845
484,10467.968726318526
485,10505.86585755587
486,10725.66270348263
487,10687.202396517987
488,10777.722076128917
489,10739.763882941128
490,10881.208628654796
491,10740.476225092247
492,10638.947139735277
493,10460.487651034737
494,10468.571943561881
495,10505.558832015158
496,10471.011262901091
497,10435.150580053483
498,10535.674144267985
499,10555.478300748535
500,10550.194524619688
501,10578.973134933945
502,10520.194044096854
503,10762.064089585561
504,11016.195295820922
505,11094.340638996277
506,11065.541669542547
507,11160.803468633218
508,11270.167250454575
509,11243.710231483721
510,11297.250034717543
511,11337.323032850038
512,11322.523747057054
513,11293.672949294718
514,11292.46113002445
515,11461.281570481577
516,11497.889897982992
517,11497.483558708653
518,11487.024127592307
519,11606.618044681056
520,11548.639638296392
521,11615.129843041386
522,11698.549385544397
523,11665.906942300377
524,11670.397016233082
525,11726.616652367053
526,11737.523987645436
527,11818.692240433678
528,12271.796044068691
529,12313.480726001613
530,12278.39978912532
531,12368.543588574994
532,12455.227799362618
533,12467.85205892906
534,12546.09577447582
535,12547.118928835102
536,12660.066304087035
537,12658.153966886366
538,12594.918247655454
539,12382.805529129435
540,12330.74264378418
541,12395.04267284769
542,12443.254873866037
543,12390.452361964277
544,12419.767113036172
545,12398.364773475136
546,12373.794774298078
547,12369.48902186799
548,12416.782359714754
549,12419.961437624823
550,12419.706105689007
551,12457.30723481328
552,12469.09784622081
553,12755.320308245966
554,12813.231795213473
555,12797.519577289018
556,12566.148104752976
557,12524.932854226801
558,12521.278456758188
559,12483.530806398
560,12402.840623909613
561,12418.740301112792
562,12466.46522798362
563,12501.893024121659
564,12506.40556825257
565,12502.769049243247
566,12441.849632016
567,12447.84846182286
568,12324.99041794817
569,12244.577628335213
570,12275.025455586125
571,12210.26775555871
572,12243.853127946737
573,12363.767000556087
574,12383.177633405961
575,12364.72707364731
576,12580.948371279801
577,12596.30560384207
578,12543.175468809133
579,12718.196775983699
580,13026.46604152058
581,12996.33334106117
582,13011.148922879525
583,12925.968278646622
584,12918.719341166348
585,12945.970882843092
586,12950.767797489792
587,12579.764396341217
588,12639.47614496766
589,12640.074281037298
590,12766.889176911198
591,12764.901490104829
592,12931.595005772673
593,13107.398107206682
594,13028.11541028199
595,13305.789575261542
596,13221.703588290977
597,13063.635680562005
598,13245.896349967352
599,13443.241028476195
600,13525.073134345534
601,13483.839695882209
602,13542.287451803568
603,13545.611973976725
604,13546.039200517
605,13313.17608295804
606,13339.947369411722
607,13360.04961572203
608,13355.691616245218
609,13289.170649791737
610,13354.180733584459
611,13230.092981812977
612,13169.451065447036
613,13169.146427578837
614,13261.848235269537
615,13416.20286894005
616,13346.541808855152
617,13221.584287421307
618,13333.540347860846
619,13366.019274886132
620,13376.674786473304
621,13508.27770112527
622,13482.025657281067
623,13542.310111931754
624,13509.523767489047
625,13520.998447427697
626,13576.658872032052
627,13621.923825834256
628,13662.228176821998
629,13674.663718396689
630,13622.873484655644
631,13573.28123948148
632,13680.64400967271
633,13714.277322444495
634,13773.55909880266
635,13889.535890612737
636,13988.810763740237
637,13981.36443003445
638,13957.358349668313
639,14045.17331250979
640,13981.300989485242
641,14210.140995861324
642,14130.032239118907
643,14038.56646141997
644,14317.37658493155
645,14318.261496081508
646,14899.521676029146
647,14955.43980198574
648,14945.949049186962
649,14927.636021942217
650,15080.092936670862
651,15042.424045939943
652,15112.510799441447
653,14981.92348876994
654,15004.968056565642
655,14831.120665272676
656,14819.208624143923
657,14829.257661718453
658,14828.909136782573
659,14820.191780057994
660,14730.871534582282
661,14665.384198435391
662,14529.832040170426
663,14675.584587701544
664,14625.995222148296
665,14866.61972540245
666,15005.177115555718
667,14766.718283849837
668,14776.748182676856
669,14738.751959901867
670,14904.824786894438
671,15210.944233350277
672,15053.34570493122
673,15016.57234432083
674,15240.1701665911
675,15394.442644161352
676,15564.593137198946
677,15688.648428138671
678,15651.301240812787
679,15692.049435162662
680,15745.481818047754
681,15699.778508810492
682,15616.384443146315
683,15575.165107036342
684,15417.128980995927
685,15465.988643994191
686,15377.28791840575
687,15235.19350023349
688,15156.285531011134
689,15131.752446010338
690,15214.129771030017
691,15223.699045755779
692,15232.362579535553
693,15134.823073879248
694,15095.840506354141
695,14995.459120483221
696,15117.642766239744
697,15481.650168344962
698,15446.514595304789
699,15409.489734114528
700,15517.455162769587
701,15762.665189087058
702,15725.066769534686
703,15715.787424610628
704,15623.600822221852
705,15637.935412335311
706,15868.981637836367
707,15816.12514795335
708,15388.767931323939
709,15382.59657125808
710,15010.73769975804
711,14896.612343421511
712,15079.354031994164
713,15108.488503945478
714,15056.217960178807
715,15043.445751081588
716,15122.034911321512
717,15075.33603897144
718,15015.738806372203
719,14959.32332557916
720,14945.324566940983
721,14843.40992345031
722,14751.249213772513
723,14585.262655466473
724,14806.126027932934
725,14822.863331339653
726,14918.645746329512
727,15117.783172066269
728,15363.162816582526
729,15236.005228623559
730,15144.064614890098
731,15025.967265808404
732,15154.05373573486
733,15046.385131841842
734,14938.622071687128
735,15028.340626715359
736,14867.116455211813
737,15129.05701229674
738,15344.92577406361
739,15214.827104758
740,15194.363712229104
741,15202.99300464481
742,15135.434851297425
743,15192.743938957236
744,15486.332970966228
745,15342.136764842171
746,15270.149847680459
747,15355.340569547154
748,15420.764108998734
749,15412.392320650886
750,15245.749140883318
751,15325.180289142749
752,15327.676990637632
753,15579.217154304291
754,15682.265979286683
755,15752.683092403671
756,15743.358062855474
757,15810.78189844731
758,16011.546871445134
759,16025.555573106762
760,16239.58878037329
761,16335.079416671037
762,16439.154707351867
763,16390.753724445283
764,16363.518491874132
765,16378.750111488513
766,16421.67948525647
767,16609.26723567526
768,16618.49895305343
769,16544.96054621312
770,16882.68314313742
771,16650.944851440305
772,16365.72330473936
773,16501.80360315023
774,16162.912453366933
775,15860.137561826206
776,15347.361520876084
777,15474.11715080312
778,15501.954482750536
779,14924.36425823073
780,14780.281431439776
781,15055.388923276943
782,15106.855891520245
783,15186.635612427326
784,15384.009886915543
785,15366.802279252777
786,15389.610809371943
787,15456.891382889404
788,15361.57893256085
789,15493.953325737073
790,15498.670295918273
791,15347.042778340721
792,15337.53721534229
793,15050.395772260119
794,15034.038896242288
795,15217.547359641647
796,15337.669167731983
797,15294.126612338445
798,15358.824219812004
799,15405.74156279021
800,15584.245978166859
801,15361.436981552593
802,15688.789917763896
803,15769.27460949654
804,15652.555540115929
805,15217.64990910449
806,15232.420664529847
807,15798.088080653559
808,15291.137715705747
809,15026.795611355054
810,15397.443972346571
811,15101.334812087207
812,14922.999870629854
813,15152.732340709372
814,15157.492526314545
815,15125.4915890056
816,15151.700133212866
817,15173.507986253615
818,15002.474013162595
819,15230.291343884961
820,15396.842821223696
821,15286.907556150347
822,15300.40956071245
823,15379.995034427648
824,15415.992100402535
825,15499.362318441557
826,15538.905816866885
827,15515.284799755224
828,15476.554439558102
829,15413.951745889899
830,15499.64278331037
831,15499.642783310372
832,15732.201315215676
833,15697.41887951021
834,15761.04830114011
835,15747.279668602772
836,15642.016959859608
837,15685.705198043237
838,15683.942571828731
839,15712.051229959528
840,15899.565562780945
841,16008.231117108073
842,16172.316043933812
843,16230.919210120024
844,16243.64993824835
845,16079.522404495103
846,16350.553833723803
847,16298.295267398766
848,16186.402763570448
849,16070.37867712252
850,16236.439574561877
851,16226.940541781354
852,16195.600285306358
853,16445.060072088883
854,16321.421010093864
855,16248.784298180604
856,16322.618341388456
857,16517.153629818473
858,16728.62656539108
859,16698.665129653273
860,16714.63426426654
861,16660.092401558755
862,16713.50732663901
863,16853.02225950953
864,16816.23012468996
865,16962.66801075285
866,17000.013647871274
867,16982.293177568918
868,16815.612712312657
869,16441.879439244607
870,16495.934801914205
871,16355.771389253132
872,16291.908781615013
873,15935.575884730482
874,15946.488092777336
875,15622.263032401303
876,15495.809771542845
877,15596.01598266876
878,15632.526289953443
879,15642.858590563084
880,15616.202815840174
881,15992.501772274927
882,16342.175189148644
883,16287.69468590355
884,16294.719589302062
885,16387.68674474724
886,16339.319640728725
887,16606.304445236856
888,16623.782717806684
889,16612.116795383863
890,16428.70605371428
891,16422.585356688396
892,16428.666642705575
893,16393.90414051291
894,16494.279325795313
895,16368.273639707335
896,16229.84193208619
897,16236.047968211984
898,16188.695263229685
899,15924.378697598759
900,16000.162212796058
901,15907.524129414984
902,15811.377680542199
903,15796.477143931734
904,15821.041893924541
905,15725.188029747638
906,15542.723940161017
907,15374.771274075618
908,15560.946211515167
909,15333.162016318978
910,15428.051100656936
911,15720.001349992881
912,15645.169778914951
913,15689.558573014461
914,15531.884468733744
915,15362.673804255062
916,15509.46833181391
917,15572.746838638655
918,15366.236482064556
919,15405.206303560737
920,15393.849973788892
921,15481.80069773601
922,15476.34745929796
923,15080.568394761394
924,15060.247236188705
925,15165.443380945939
926,15087.83338329998
927,15038.585558746698
928,15075.1542449935
929,15228.777369293388
930,15040.673998817618
931,14974.885439118407
932,15120.6134895083
933,15306.895016433775
934,15333.55050723911
935,15230.130069608203
936,15204.431861171477
937,15098.758375103813
938,15184.773307600779
939,15191.337115771124
940,15129.310500293825
941,14849.753158679308
942,14825.894545716186
943,14651.792064941934
944,14472.41214002331
945,14350.95800245984
946,14192.61736435307
947,13824.972478289714
948,13866.182015517043
949,14070.95419776799
950,13963.429637581216
951,14196.013595986962
952,14197.22587850027
953,13720.73579070747
954,13850.924461881423
955,13785.12786158484
956,13636.625028815904
957,13394.769979595047
958,13476.836466467383
959,13405.013199865585
960,13262.510961963893
961,13241.091586793405
962,13328.72510644146
963,13972.353269320152
964,13753.713115075552
965,13535.190627464344
966,13682.132906765391
967,13727.822192717811
968,13810.02962014134
969,13789.787551461322
970,13543.86791285201
971,13430.749163806415
972,13524.993721029865
973,13439.80661670742
974,13584.439754328843
975,13454.801452918466
976,13116.244106612197
977,13431.083242197064
978,13360.242144625794
979,13640.393585511643
980,13586.818729322242
981,13680.387924212033
982,13467.134754149456
983,13681.284689134827
984,13880.247106132136
985,13743.809966807912
986,13684.700699096375
987,13642.928073649939
988,13628.86713253272
989,13678.280379230579
990,13846.157315872653
991,13793.065465636675
992,13779.227165867484
993,13661.934872960235
994,13779.111430234894
995,13681.777454142313
996,13583.940973868379
997,13505.606532010916
998,13460.727320984264
999,13613.936272718223
1000,13199.68032537094
1001,13160.198436214885
1002,13274.732513359124
1003,12761.061772025078
1004,13238.369028883404
1005,13370.339516604105
1006,13398.975418727203
1007,13619.30807058157
1008,13784.704510775278
1009,13632.215567544235
1010,13931.079151028647
1011,13782.632234364211
1012,13901.729780025527
1013,13794.642240454426
1014,13917.512866428566
1015,13659.699184570962
1016,13278.722553499005
1017,13265.406832465036
1018,13380.898607685493
1019,13377.885801439526
1020,13308.12802006636
1021,13565.101007358158
1022,13654.18623396777
1023,13608.91171924573
1024,13686.556029334954
1025,13655.674109510703
1026,13558.652008226522
1027,13356.275633595531
1028,13445.948282290688
1029,13350.380973168942
1030,13422.801237377167
1031,13567.807030227314
1032,13515.519121331658
1033,13493.452160870358
1034,13518.309038119965
1035,13405.142987491356
1036,13542.651514940408
1037,13305.282993596596
1038,13135.825587296229
1039,13083.164813984022
1040,13070.156585464829
1041,13068.450672191242
1042,12939.623361357637
1043,12896.14012753759
1044,13124.675027295292
1045,13221.56776446766
1046,13132.420810179501
1047,12974.175965792947
1048,13117.513792976053
1049,13186.997583984283
1050,13210.619382605939
1051,13235.242309980084
1052,13510.773223661108
1053,13556.180376907052
1054,13462.79587330865
1055,13519.366830986324
1056,13417.958517864576
1057,13300.994603088986
1058,13259.078561948416
1059,13368.191768985882
1060,13190.759764128647
1061,13187.422744893227
1062,13255.502425107941
1063,13503.973120290928
1064,13535.64805294245
1065,13758.728214534913
1066,13875.70725348773
1067,13855.831164202287
1068,14003.743838688377
1069,13828.711052418636
1070,13814.900516792464
1071,13841.05427220578
1072,13813.306157689354
1073,13880.872247121153
1074,13915.846150322588
1075,14001.09174074991
1076,13857.539933743876
1077,13842.068295117164
1078,13951.743934473132
1079,13865.395882985558
1080,13772.605697465402
1081,13734.301892659169
1082,13817.491666982402
1083,13839.365022057747
1084,13792.772621820033
1085,13841.38083474464
1086,13729.249364863708
1087,13680.718599355958
1088,13644.04418784982
1089,13544.983982807858
1090,13433.504423066128
1091,13506.484282229576
1092,13275.403376358261
1093,13462.125515853731
1094,13481.073559389337
1095,13557.59794329192
1096,12261.052725170783
1097,11749.035142996614
1098,11812.658744172413
1099,11879.680010642705
1100,11483.53535599315
1101,11532.350790859193
1102,11502.022344703517
1103,11434.238920355047
1104,11405.814292210054
1105,11339.299234531469
1106,11285.860279421973
1107,11241.432442860463
1108,11233.460051305956
1109,11196.618949195
1110,11406.586326937673
1111,11545.589054589514
1112,11573.87330827899
1113,11500.53072044827
1114,11946.810442556809
1115,11695.558487244203
1116,11731.738376800968
1117,11914.59093601255
1118,11978.608311166301
1119,12115.313118494661
1120,12045.036646165045
1121,12097.557564286897
1122,11919.014884374237
1123,12070.849908804255
1124,12074.100593262516
1125,12112.34559808204
1126,12158.067333997362
1127,12218.394079334477
1128,12232.8446922787
1129,12265.363160047273
1130,12064.981664673847
1131,12064.868915860485
1132,12100.164437478015
1133,12189.440962751707
1134,12143.296913976308
1135,12134.913849513247
1136,12080.420515962836
1137,12035.242360704407
1138,11898.987995453526
1139,11852.80688825351
1140,11729.408698433544
1141,11861.233867774154
1142,11925.404385484277
1143,11861.846377127951
1144,11869.806553289327
1145,11809.901107586797
1146,11766.038294216072
1147,11705.694546373195
1148,11571.20735818617
1149,11514.899740558903
1150,11166.639304658132
1151,11281.336278287079
1152,11244.71698319019
1153,11469.497475601687
1154,11208.39329467532
1155,11138.140324429836
1156,11139.760291756487
1157,11051.234592348048
1158,11033.294607111864
1159,11234.064298600117
1160,11790.517910199593
1161,12000.779320916103
1162,12002.82565644534
1163,11905.467483861146
1164,11705.362547090444
1165,11776.18160326309
1166,11802.307431250418
1167,11796.282374704231
1168,11828.372939035144
1169,11924.586740290826
1170,11854.600940880799
1171,11917.587116052156
1172,12028.05285879657
1173,11944.519542513397
1174,11885.450000546378
1175,12303.258626698891
1176,12414.799772969083
1177,12436.27426694172
1178,12374.97284576598
1179,12463.140316962705
1180,12070.035558931377
1181,11990.852845707592
1182,12176.882851062173
1183,12220.962151838385
1184,12112.836121976177
1185,11958.103718884558
1186,12090.072204709206
1187,12185.756875100584
1188,12022.089333347292
1189,12138.693528122376
1190,11970.979908861527
1191,11901.241418244099
1192,12021.109210649644
1193,12028.11028365228
1194,11806.083465215443
1195,11580.115790916983
1196,11649.306275277797
1197,11836.011756492479
1198,12008.365075325693
1199,12008.29803921175
1200,12243.383944322486
1201,12285.726593228566
1202,12314.191761216574
1203,12058.027115826699
1204,12118.939810647618
1205,12139.159598859525
1206,12199.213059522162
1207,11787.173195519077
1208,11719.3110598991
1209,11854.05868848757
1210,11776.029296222616
1211,11821.906609095622
1212,11895.262847470385
1213,12096.62798204449
1214,12324.54141645036
1215,12103.941841098447
1216,12071.007984298334
1217,13227.571476981488
1218,13270.401198038728
1219,12964.800389365959
1220,12862.186047114037
1221,12855.08336711981
1222,12796.29081739049
1223,12662.878880840082
1224,12655.587872894836
1225,12913.404778215468
1226,12999.013497753454
1227,13085.999894777045
1228,13270.78441072586
1229,13504.340870707032
1230,13316.287133353699
1231,13321.614911070366
1232,13344.879322113058
1233,13488.053702363242
1234,13134.660899062037
1235,13394.010700125185
1236,13591.27086888786
1237,13614.914168063868
1238,13434.448110250014
1239,13415.00320766995
1240,13451.624994269856
1241,13462.896888331094
1242,13362.1695917908
1243,13640.509720338552
1244,13717.73268792234
1245,13950.319690961189
1246,14124.399171501846
1247,14133.544357074135
1248,14117.784678295593
1249,14104.37972657874
1250,14091.534422486191
1251,13954.996894317299
1252,13958.411628357722
