,Profitloss
0,0.3607561311948615
1,0.2731210000767925
2,0.0746435686961755
3,-0.022497005099464396
4,1.4590193601078383
5,1.5796209085344959
6,0.5174554452156421
7,2.726999213326886
8,2.685669468495
9,3.249743629855595
10,3.141060013582364
11,3.6090586101462208
12,3.5543801361302085
13,3.454827438164032
14,3.2348965388973916
15,3.313171261610748
16,4.054676610031849
17,3.6801902336942582
18,4.457530508521046
19,4.1761503056358285
20,3.9009888868064335
21,4.161903679340262
22,3.7559553798465872
23,4.675095464727108
24,4.823810855540667
25,4.867158762349244
26,5.100591879888872
27,5.134315746632767
28,5.3378569457102065
29,3.5581915366488914
30,3.627616645226839
31,2.7926431401070095
32,3.840485412110284
33,3.6763732982767694
34,4.090882825561182
35,5.005729332323416
36,5.116138472589493
37,4.481327573699878
38,4.040703614539298
39,3.665950249348593
40,4.248181967748299
41,4.225896297328924
42,3.3989600605881076
43,3.201771680473886
44,3.035244880474397
45,4.622877326364105
46,4.749606849529209
47,3.40680796743702
48,3.1757647989562487
49,3.207689962531024
50,4.353441870961783
51,4.043635685706026
52,3.864077508986874
53,1.931549971455171
54,1.0629470036776834
55,0.9462917734549547
56,0.5776332125475792
57,0.656661260641278
58,-0.4714484469686364
59,-0.2653882118349715
60,-0.06076559340805199
61,-0.1733265785157978
62,-3.2291690853168187
63,-4.299173034841908
64,-4.299540636308019
65,-4.7456609491211
66,-1.7904416079891572
67,-2.2609551998512667
68,-2.3084532160853266
69,-3.284798994829796
70,-4.172481577205566
71,-3.295518687075538
72,-3.0743277065825914
73,-2.4068305378236787
74,-1.299844561113761
75,-1.2783943325486713
76,-1.1877132863695183
77,-1.503090673909413
78,-1.5567333597430677
79,-0.6863918440112693
80,-0.5805030487318619
81,0.8996787995541933
82,1.1910153666195633
83,1.444326742513402
84,0.9238441190947855
85,0.6295906435704435
86,1.1647814306136706
87,2.0980005729637208
88,4.595430261914224
89,4.49045906947918
90,4.414090641147372
91,4.025823109055415
92,4.138356693193934
93,4.528281359009045
94,3.600746743725458
95,2.743250336176306
96,3.0427934947341306
97,2.65464267290183
98,2.982852333043784
99,3.0777667141268505
100,3.0831577246815067
101,3.1360470642640026
102,2.955230537790121
103,2.9968437096630884
104,4.965075409641129
105,5.611442444292236
106,5.490139725259269
107,5.353908493094273
108,5.3307220394812616
109,5.194841731589017
110,4.984947223398262
111,5.368181564891716
112,5.561966555734266
113,5.688969858084247
114,6.100463742911999
115,6.089193291917638
116,6.377801033531982
117,6.319613042587169
118,6.771498183489721
119,6.945743622208611
120,6.82630851759809
121,6.563288900989139
122,6.935022555408654
123,7.103303923058113
124,6.9753618674260665
125,6.981988786814486
126,6.802510902053016
127,6.779875658743317
128,7.19711445219422
129,7.091380807667869
130,7.027764130458758
131,6.933124150818126
132,6.171771937802872
133,5.806313184117351
134,5.0536054760023985
135,5.6711051759855025
136,5.959770308427048
137,6.187074502316503
138,6.2088921423368415
139,5.510688445073675
140,4.927210478462829
141,4.749767975027797
142,5.9200983124801265
143,5.992499347879909
144,4.657329919957798
145,4.675340983307508
146,5.430485088488202
147,5.358644954032155
148,5.676462066129906
149,4.643605479765567
150,5.140244826789742
151,5.795240911013555
152,5.653833540006303
153,6.491831693430483
154,7.007296375473682
155,6.804448598110602
156,7.2882161711944615
157,7.8081952166970225
158,7.851840218085049
159,7.412718628319959
160,7.460061522599215
161,8.800317456077277
162,9.597337508274029
163,9.029176749448053
164,8.42751257400356
165,8.483019797668344
166,8.397433979020906
167,8.326751757082507
168,9.710563600598743
169,10.3099384794338
170,10.551992403779021
171,10.29702858702677
172,10.561793113234907
173,10.32524440323488
174,9.772502986349863
175,9.532158528634804
176,10.137724049914464
177,9.522386874936917
178,9.978977520316445
179,10.024920051576203
180,9.43373834730199
181,9.407795904104255
182,10.569728322488835
183,9.844187442657116
184,11.037807229040265
185,11.45698043457568
186,10.977886201036902
187,10.292221249671574
188,10.534730384257829
189,11.384254374638815
190,11.31416668154257
191,10.671698563733178
192,11.272270171980757
193,11.217084299715596
194,10.818288592353763
195,9.85000574026551
196,9.742240609748197
197,9.450158952085186
198,9.652536084190611
199,10.043389662907032
200,11.209278773674969
201,12.306886616508027
202,12.415525729383203
203,14.946984338940993
204,14.922457190262794
205,15.418178566750495
206,15.991660626745396
207,16.047631903479353
208,16.345327606821236
209,18.29579306655418
210,19.269146788946358
211,19.73268388855449
212,19.70947510989498
213,20.276945448763772
214,20.993581085939717
215,22.40651958353068
216,22.405372761927424
217,22.667294377590007
218,23.02335013294958
219,22.381889294634473
220,22.397786493736604
221,22.516057428193204
222,22.89712796654799
223,22.833589919306284
224,23.15053511250593
225,23.194955726703693
226,21.710098430819524
227,22.3612034367185
228,23.621711886898787
229,22.966985236221205
230,23.042821797291868
231,23.031452393236517
232,22.820020314592583
233,22.886790213749777
234,23.327252071744287
235,23.72250614706244
236,22.758567917715244
237,22.43212490406885
238,21.894281689854232
239,21.469124072973766
240,21.078088450280895
241,23.671354045675596
242,24.90948486937201
243,24.919660977803115
244,25.57055500583134
245,25.204535616552427
246,26.540505049305384
247,27.286586843849637
248,27.332639126948386
249,27.176306899289383
250,26.703541381356445
251,26.68105926884481
252,26.569752172755813
253,25.837892733997325
254,26.742660599750366
255,26.393022124995525
256,25.623402578109822
257,25.457220445073613
258,27.422570362509326
259,26.63649681026414
260,26.48661540479651
261,26.586639909925424
262,27.166801144365248
263,27.035221979008806
264,27.659635860002417
265,28.64197431969082
266,29.781220517418184
267,29.252907187452525
268,28.228590165883595
269,28.30554777980161
270,28.180785231536866
271,28.142694029408453
272,26.100543252863417
273,26.99711930194555
274,25.56524902641659
275,25.447362599722332
276,25.365665668618533
277,25.84814217196538
278,25.63078308957163
279,25.70906964767814
280,25.650942185909397
281,26.783777587145586
282,26.935129733559783
283,26.756940979311338
284,28.264000507041075
285,28.986516571477683
286,28.771560881686465
287,28.85375483289603
288,30.407902749341375
289,29.275483830360916
290,30.354016714243738
291,29.646024051943343
292,29.622752258667685
293,31.56028483231692
294,30.225240310890268
295,30.62392720607068
296,30.17529221110071
297,30.296438432281224
298,30.332936246972174
299,30.20591203191991
300,30.564618789252297
301,31.170315544840733
302,31.215593966581956
303,32.75357772845455
304,32.45077526347608
305,31.987716808562293
306,31.877661301113026
307,31.19418596675203
308,30.25092079926226
309,30.606467227433697
310,30.835096400554306
311,30.367222492032585
312,29.117405200663306
313,29.415791988463823
314,29.375496100038934
315,29.30500790946311
316,29.444192575027706
317,28.58250718652886
318,29.554284468471593
319,30.653788316709285
320,30.558443420338733
321,30.681407985902
322,32.104454440497165
323,31.758505987045037
324,32.39527569197176
325,33.385324405133666
326,33.00114946146244
327,33.09563950440744
328,33.265603987840485
329,30.141610442809586
330,29.923235259120908
331,30.007956822706163
332,29.128257815176852
333,29.90738353679523
334,31.675866146096652
335,31.301878194255718
336,31.651935276668965
337,32.093559984256224
338,33.162302619399675
339,32.49188700983214
340,32.523627141731446
341,32.06768336124857
342,31.992398860596396
343,32.61634411129799
344,32.653186351929506
345,32.78920615259968
346,32.59247284059539
347,32.790334678400555
348,32.64745036712375
349,32.3753123357025
350,32.89127404823204
351,32.621933668413526
352,32.6948196715517
353,32.564991666542966
354,31.879584972262265
355,32.3285218818248
356,31.303963958560566
357,31.628540416317573
358,31.14660634934987
359,31.124765565074775
360,31.49615172134297
361,31.6619541331155
362,31.524474562617264
363,30.935541318818128
364,31.316187453095456
365,31.83311007011451
366,33.36334685539262
367,33.07748559571464
368,33.486957528930496
369,33.43186766087047
370,32.99399450315945
371,32.72682009981223
372,32.74101794093276
373,31.546078922844778
374,32.067387415799644
375,32.17927197431034
376,32.16680512040606
377,32.92828753319548
378,34.224816351142294
379,33.84959561094985
380,34.467975319078306
381,34.85894045142128
382,37.53663200652757
383,38.824045374679
384,38.35725193053881
385,38.65123394228833
386,38.71449689416841
387,38.74313938681995
388,38.55077303505168
389,38.71813335801735
390,38.004120202590826
391,37.229432930725025
392,33.87433837791254
393,34.5384261472574
394,33.85400626232633
395,33.18348725946667
396,33.394110022703984
397,33.40522011323157
398,34.140189006831775
399,34.51278477224571
400,32.913712486567846
401,32.633009906649455
402,33.59134098604779
403,33.61769341839811
404,34.08350579668602
405,34.148512618845686
406,33.42076941391006
407,35.531866716755324
408,35.25658402525023
409,34.92593973561205
410,33.641526867441264
411,31.22953614318842
412,29.732428300591952
413,29.98989687290774
414,33.930963302820636
415,34.93895669002005
416,35.47003868203584
417,35.068878602941545
418,34.724508511010654
419,36.494148198007004
420,35.524663242331634
421,34.642003787031484
422,36.08223100530792
423,34.72823385630197
424,35.23115451017069
425,35.967477743975685
426,35.920958214261645
427,36.46932240380292
428,35.99100628160548
429,35.831478260190174
430,34.902516316678465
431,35.23626027555107
432,34.91850968928134
433,35.20945094563888
434,34.84445480975666
435,34.408580042360846
436,28.03381496877815
437,29.11781528800905
438,31.173835555844054
439,35.58667995794189
440,42.168803175164335
441,42.61772521212581
442,39.614091586079425
443,38.93946232960099
444,39.594837411366335
445,41.09303847345767
446,41.07945590324873
447,39.98861167502072
448,39.1108263348837
449,40.20106029646398
450,40.07087645607494
451,40.57838072485727
452,40.75872095855788
453,40.86828317978019
454,41.59434859055189
455,41.675833857823605
456,42.13716109541481
457,43.94968190526036
458,44.60942766031148
459,44.147038653410256
460,44.40373343551476
461,44.9901601677299
462,44.869459704677
463,43.954023522656314
464,43.62895539793945
465,43.32753851838434
466,44.662143865193386
467,45.81233019679989
468,43.76208688345062
469,43.199812455477414
470,43.73531671536603
471,44.11370080295247
472,45.61991429675602
473,46.13590683288309
474,46.12660160474316
475,45.66848015496914
476,45.70653432383411
477,45.27468439966458
478,46.85047594121079
479,47.423476390486144
480,46.68436895765362
481,46.292159443031935
482,46.5779149192383
483,46.45613502689589
484,48.48284016347535
485,48.47001280393406
486,49.501098363847596
487,46.51736202951251
488,47.35291005713756
489,46.512969744329325
490,47.849267782421
491,48.86601185640376
492,48.99621287563731
493,47.76413959482249
494,46.41733156077117
495,47.22220124694301
496,47.196226241947194
497,47.40090153317842
498,46.65252669594313
499,46.703033439571854
500,47.634882999259446
501,47.393165477282025
502,47.24445276352747
503,45.09225917704634
504,45.22784551461865
505,44.542678391170675
506,41.63474615725686
507,39.97429960403564
508,38.65039347884145
509,38.4627226706483
510,34.200643231528225
511,35.4509510447991
512,32.56148712898994
513,32.28473102071108
514,32.223000693056036
515,32.605947446789926
516,34.333327756575095
517,33.06056787631493
518,32.0612327614884
519,31.236709399705088
520,28.566824658839884
521,28.998398313101404
522,30.278111972851818
523,28.22606425101457
524,27.6305111802418
525,27.32845620329074
526,27.01292044307737
527,27.621534491319878
528,27.799094525236455
529,27.85261814877904
530,27.104281679195054
531,28.915132774628027
532,29.82226016288465
533,30.375088032434295
534,29.257797103204197
535,29.338643846827072
536,29.803466347266514
537,28.79872357773845
538,30.298686538515085
539,30.328485175880317
540,28.570771043609035
541,28.442145602429104
542,29.046199770037862
543,29.742097415206192
544,29.171381343616787
545,28.87886517513969
546,28.520921355400763
547,29.124842677271157
548,29.01766742761187
549,28.979376223203303
550,29.277894910992796
551,28.39526542576547
552,27.26011496997507
553,27.034819968418677
554,26.665422474782652
555,29.15756105519074
556,31.734580666758138
557,30.893896488651862
558,31.12974431515676
559,33.071214857966936
560,32.98749860143513
561,33.31577728866093
562,33.53684239952908
563,34.91527169498971
564,35.16438207131765
565,34.987094758852486
566,34.310220345047895
567,36.41996792805742
568,34.80166996201967
569,34.13188170189257
570,32.7927574284286
571,34.226468853692225
572,35.063741789982906
573,34.904679463750796
574,34.55544187098136
575,34.57931777512739
576,34.00652753946698
577,33.852201551835904
578,33.659515417067354
579,32.99179119264939
580,33.281255312837274
581,33.23140643198501
582,32.9302896171308
583,32.8204839338746
584,32.004638819627495
585,33.019941333859926
586,32.92481725861587
587,32.42580389644034
588,31.716392176096562
589,31.435646987813026
590,33.08362645973859
591,33.649695140193245
592,31.907633312254813
593,31.82225331322346
594,35.08978918243781
595,37.53740685009321
596,36.9043362982763
597,37.48799059456027
598,37.21295565312064
599,37.573397382843446
600,38.68190356527279
601,38.80746367852312
602,40.73724027473617
603,43.12100071563676
604,44.32776730158081
605,44.20048766593312
606,45.74100242313446
607,47.4379267276966
608,47.37859179908377
609,47.762864708632115
610,46.57924332189503
611,47.15881938168407
612,47.10735335012208
613,46.868226144494194
614,46.66504436000862
615,46.745482391530736
616,46.57042574186734
617,47.39225328032379
618,45.534690394440716
619,45.83518365409183
620,45.54746367042857
621,45.82329468074009
622,47.50673044948177
623,46.76669391636188
624,46.052954941395676
625,50.681856506625
626,52.023568557286445
627,52.22216550695909
628,52.09700501229957
629,51.32690340164092
630,52.066256806817734
631,53.76959904719849
632,54.53351439769509
633,54.69508455410257
634,54.50904358294466
635,54.31663845938959
636,54.294131920525615
637,54.39193662242039
638,54.81388349025487
639,54.9168018594592
640,55.35873634694701
641,55.274967412557665
642,54.99048751028104
643,55.01769578291509
644,55.23462695427022
645,54.88007492566904
646,54.734012787341825
647,56.159935056314204
648,56.27343588019124
649,55.17511162933777
650,55.15607036954273
651,55.19730286141511
652,56.00881780616962
653,55.69154968044741
654,55.752102039628056
655,54.899436035505914
656,54.45504627945026
657,54.81549506111136
658,54.678335383593215
659,54.300156716870916
660,53.27797870592865
661,53.19529487635564
662,53.26516407783137
663,53.91862314775524
664,53.72261119082404
665,53.87718117648905
666,52.07782247481285
667,51.96924092182256
668,52.18282370850218
669,51.5210252901267
670,51.58430940230101
671,50.312459932294054
672,51.31578171357178
673,51.47488504620787
674,49.9649475639375
675,48.22564943614089
676,47.56672956308139
677,48.78085542635859
678,48.14287173383669
679,48.88739836852978
680,49.57587527974439
681,49.636747199393994
682,49.62796253299524
683,50.63417880506786
684,50.884780227092506
685,51.96202059740189
686,51.5545286378233
687,51.224081269208725
688,51.23383834305806
689,54.621032916817484
690,54.27973671907378
691,56.34164553384389
692,57.072643990675175
693,56.38916906560736
694,56.33829004530344
695,55.85615909342258
696,56.54985618003479
697,56.17858798477031
698,53.88504621289958
699,53.46253514312684
700,53.29826719009374
701,51.858023142348465
702,51.506341979723835
703,52.30899798553388
704,51.79893129021123
705,52.253804973713855
706,51.88725103110827
707,53.086534292667984
708,52.30259196737443
709,52.31316832050004
710,52.268618683539984
711,51.74668652687118
712,51.1680106327159
713,51.10982367773094
714,49.895913444425275
715,48.08827543581784
716,52.68230283539304
717,53.0908569823888
718,53.49415865533829
719,56.025174208804614
720,56.299605897559736
721,57.43583469578364
722,58.15190469579405
723,57.56200993320113
724,57.542089537141436
725,57.492910613054036
726,57.13663034934528
727,57.41204231648829
728,58.184018469706004
729,58.00156843596434
730,58.60405076168824
731,57.973450128910706
732,58.033908866535874
733,56.644010731692404
734,56.442002811321835
735,56.63558515195988
736,58.267877811856735
737,59.72648723645677
738,60.186527613109384
739,61.42310785560261
740,61.57481070774848
741,61.9593102107737
742,62.0256167655999
743,62.05406435418275
744,62.84845715018194
745,62.486831079705254
746,63.0596105440437
747,64.21563373054826
748,64.105695834279
749,64.91082577849225
750,65.0047343980253
751,64.95919242783876
752,64.0623579239761
753,64.12290849021929
754,63.083794137261975
755,63.60039950107221
756,64.08135387679086
757,65.60189699762809
758,66.75645638984457
759,72.30676439508188
760,72.85287182958588
761,70.77014574265384
762,71.44557559761671
763,71.61021671976387
764,70.00359174680975
765,70.26051393379468
766,70.47432854981437
767,70.52030205613731
768,69.8666807555416
769,70.14641991384309
770,71.45099136139554
771,71.3176255134069
772,71.00110464994596
773,70.07293627401015
774,70.71640185269428
775,70.40920612313141
776,70.13963106350103
777,69.98116500302991
778,69.69608400105881
779,69.92973624096128
780,70.81996943031781
781,72.01407406423374
782,71.82032762973749
783,71.76629267735912
784,72.76324533986214
785,73.41910925237714
786,73.67123108249443
787,73.80386622569223
788,74.6450401657199
789,74.20886432406748
790,73.92520040073722
791,76.17680649606416
792,76.77265017239098
793,76.53191950771449
794,76.76714694942406
795,76.78864381345922
796,77.12859380869037
797,75.8471276619735
798,75.21844232980027
799,76.49770532925837
800,77.86157369852455
801,78.04588443959655
802,78.0023596552026
803,78.32501108101415
804,79.26740561587434
805,77.75146607320369
806,78.0165265687528
807,78.01422912733351
808,76.67806272469456
809,76.96055150910041
810,76.27360485268997
811,76.10004993399819
812,76.20583262843232
813,76.44199501393307
814,76.46668567127497
815,76.50844957171208
816,75.57721137066098
817,75.88461885387936
818,76.51343376358084
819,75.36417357846277
820,74.46735593889255
821,74.91517647000244
822,74.06857726393967
823,73.83138727942344
824,73.72541917351019
825,73.7382319370991
826,69.50982761559617
827,69.66443613568781
828,69.52486366411446
829,68.32825971422238
830,68.34923657294682
831,69.30455799886246
832,69.51236684477135
833,70.1360790201737
834,70.43099680080691
835,70.49768981006619
836,70.63165690952647
837,70.780032123677
838,70.84360681358237
839,72.73261911869922
840,71.74917931570002
841,69.48129816636053
842,69.57297903749809
843,68.87984292445964
844,67.72805355002278
845,67.25008947344826
846,67.59861402222577
847,67.5619383892206
848,67.54683009236815
849,69.19264117439977
850,69.56781341548952
851,69.86130215290389
852,70.1293203545539
853,70.5092992228833
854,70.7671817546684
855,68.88429564015665
856,67.96944331380976
857,68.09672613874791
858,68.10639696028105
859,68.63653208755242
860,67.6846002885527
861,67.40092773945352
862,67.69862388717054
863,67.65922064317802
864,67.36671178395264
865,66.55705168642018
866,67.21977207816201
867,67.74902962262495
868,67.65806525714657
869,63.95572735985451
870,63.6635006076951
871,63.97953641372891
872,68.03407014724144
873,67.66010445550646
874,66.92434966127266
875,66.6294755610947
876,64.95981149481578
877,65.54886980595747
878,63.53189427845955
879,63.76493365296518
880,63.542893332593394
881,63.84364121901407
882,62.91509805199724
883,66.36607691167342
884,65.91288895953373
885,66.54344170183187
886,67.45011200070098
887,68.35288038563058
888,68.2261223718429
889,67.7262290747513
890,67.47862367301035
891,67.36412765490405
892,67.64480043169338
893,67.63791706412692
894,68.16735706597063
895,68.16377425121469
896,67.93388343669324
897,67.85216708347812
898,68.4598872556033
899,68.30035505512848
900,66.73491871145383
901,66.21131735300905
902,63.995849658845906
903,63.656249151871
904,63.94191475921931
905,64.01943988481271
906,63.90428837528004
907,59.80204988317943
908,60.32481710798774
909,60.95449554937431
910,60.54117490874869
911,60.987235139731034
912,59.66518999571462
913,59.17682485204321
914,59.103231218532336
915,59.432786945989236
916,59.87228176843491
917,58.82202175602418
918,57.91732307873545
919,58.06956681252804
920,58.40138845750482
921,63.75153428626532
922,63.46027394691425
923,64.16761084503429
924,62.63548063864952
925,62.680873076607725
926,61.93322673390234
927,60.062547172891456
928,58.20657225859307
929,57.91910694378124
930,58.45355076559648
931,57.98623544879546
932,57.74214386571583
933,57.40134165683646
934,56.63693199576585
935,56.69639801994841
936,56.411157897209165
937,55.96775800179523
938,55.77024246372175
939,56.06604824947914
940,56.356304197374186
941,56.83212240057471
942,57.16640805967232
943,57.268307146839284
944,56.327254190741826
945,56.61270429503056
946,56.94430363739329
947,53.82546504933276
948,52.61705773077667
949,53.663348933596346
950,53.05827197485458
951,53.76599081812934
952,55.58626706481442
953,56.01609874001874
954,55.45417874432166
955,55.25908015013905
956,55.71903469643507
957,56.47845879773576
958,56.60066048303782
959,56.92398850128693
960,56.882822720348855
961,57.391136952933984
962,58.03657659634738
963,56.57595334010994
964,56.12346198184726
965,55.21713921489659
966,55.81603042343628
967,56.17165202604144
968,55.548280235524004
969,56.432249731926575
970,57.199547183234614
971,55.14051297097491
972,56.81653771152244
973,59.05200750983637
974,58.49503687787055
975,57.2607408270154
976,58.02492000195283
977,57.70494544657303
978,56.740938329602585
979,56.89784426322897
980,56.55780162760444
981,56.18501196109409
982,56.38026662218751
983,55.8318564836205
984,58.060477243814915
985,59.877835552488
986,59.80079499154709
987,60.80647920358106
988,60.765674072669015
989,60.71213106379714
990,60.53512252587849
991,61.34166422171232
992,61.78615230298041
993,61.34017263056173
994,61.984075046918164
995,60.929189769990046
996,61.66267939706329
997,60.31013422499127
998,59.80670338361349
999,59.67786408107787
1000,60.33728152552187
1001,60.19168503019636
1002,60.14773104401896
1003,60.147137247542744
1004,59.63030856739551
1005,59.2831846844281
1006,64.50891480925023
1007,65.15758247516081
1008,64.63249306755712
1009,64.46483286069682
1010,64.7962188864172
1011,60.34833787870526
1012,60.04288917986462
1013,60.103174216633406
1014,60.849519423692655
1015,58.48320921209673
1016,58.70763902092357
1017,58.555413897284026
1018,59.11219230882858
1019,59.92824093386684
1020,60.2495697333221
1021,60.5464679939923
1022,60.43699849074946
1023,61.57938312075804
1024,60.90775008887104
1025,60.42167025164906
1026,58.36704871173384
1027,57.32529553053245
1028,55.68364283411531
1029,52.406496627933066
1030,54.486262509191306
1031,53.70192230949533
1032,51.61435546470538
1033,52.75784704291655
1034,53.7673125668307
1035,54.201004807819196
1036,54.389023080078914
1037,54.44375362190876
1038,54.57131498132828
1039,54.163536695305226
1040,53.33220786734043
1041,53.380146885610216
1042,53.904214479140286
1043,53.98300937664446
1044,52.817404520981825
1045,52.55408045587453
1046,52.02562486229208
1047,53.51002380231626
1048,54.58609263750462
1049,54.59803640985723
1050,53.86814127922601
1051,53.410176507696995
1052,54.69689522593952
1053,54.787302227274395
1054,54.60765488430606
1055,52.6178676713118
1056,51.305953557850906
1057,51.588511208386876
1058,49.56789479917898
1059,50.22654288867558
1060,51.35775010096979
1061,49.74600774406268
1062,49.05260355782808
1063,52.11136927211537
1064,50.31379776196236
1065,50.59782802675332
1066,50.27905723489494
1067,47.52812081378568
1068,47.79010311027969
1069,49.194352977080435
1070,48.50303444193298
1071,41.09390093076903
1072,41.566022684115865
1073,41.55532645541693
1074,39.43281755143313
1075,41.37634539025934
1076,41.436578503077605
1077,42.86404512464954
1078,43.1684810885709
1079,42.95402019925696
1080,42.321591675611494
1081,42.025142210464026
1082,41.997853260010444
1083,40.76786809779638
1084,41.30482118890038
1085,41.708100816722094
1086,42.33026804236226
1087,42.04912711238291
1088,41.21342625084083
1089,40.50617357771444
1090,41.76635764044381
1091,41.98043732299715
1092,41.5787885061244
1093,41.923737207047296
1094,42.41249195398369
1095,42.920180605408945
1096,43.54391965047289
1097,43.60315062669133
1098,43.4383970545027
1099,44.36175334978658
1100,44.787097260235086
1101,45.232807464757016
1102,45.465353742660476
1103,45.351994322474766
1104,45.230018310569385
1105,45.3491848366534
1106,47.26547467279802
1107,46.92328579795522
1108,48.118867278012914
1109,48.2428533740354
1110,47.88192124802866
1111,48.140136392318865
1112,48.32134892788369
1113,48.40829259410286
1114,50.74568542102973
1115,51.382193266703105
1116,51.45241248421095
1117,51.54874777024487
1118,51.516470866290454
1119,52.19640361701367
1120,53.1928020607088
1121,52.46020826113327
1122,53.281181988284686
1123,53.512430086993405
1124,53.50574094758367
1125,54.031571119935485
1126,53.92614587518789
1127,52.799036978760824
1128,52.71086560261096
1129,52.55634897692963
1130,52.75900849748463
1131,52.586364316197255
1132,52.46825952427676
1133,53.943561040196066
1134,55.28861169828112
1135,55.59808925719063
1136,55.78147538958507
1137,55.58085790327097
1138,56.61791560549296
1139,56.025512944199754
1140,55.873154344307
1141,55.94308731843234
1142,56.11732757289409
1143,56.62735922723235
1144,56.021589240999134
1145,56.021555719062
1146,56.06442981456552
1147,57.33017431926304
1148,57.52216517395705
1149,55.38430348198102
1150,55.21593577623032
1151,54.987000447969116
1152,54.278445466307645
1153,53.86554855079393
1154,53.32781982410131
1155,53.04010583754497
1156,53.8961804531207
1157,54.245663458998216
1158,52.96731462824924
1159,53.354024160171235
1160,53.612525367112454
1161,54.7377903475794
1162,54.9480118620469
1163,55.478372796864164
1164,56.18051153918613
1165,56.739883049852445
1166,57.049776755049784
1167,57.01945939562372
1168,56.96113271761296
1169,58.06399511224445
1170,58.12403408001386
1171,58.28304865109366
1172,58.32732931229996
1173,58.40397566502078
1174,59.28663164933874
1175,59.46933680558786
1176,60.02056600834103
1177,59.528962452547
1178,59.93899212585412
1179,60.3584154005552
1180,60.317646614640275
1181,59.87692903083239
1182,60.72071131021506
1183,59.579170749132395
1184,58.64112178641749
1185,59.6846520558084
1186,58.87392383956285
1187,60.253142175556064
1188,60.138485343223394
1189,59.68473382941748
1190,59.50326415901546
1191,60.95055054558376
1192,62.150082302067446
1193,62.254262429529604
1194,62.205084854927065
1195,63.037379887927614
1196,62.65821564615099
1197,61.157697289368244
1198,55.40176342925407
1199,55.43454747273717
1200,55.56727999763782
1201,54.6284943169435
1202,54.73302546596357
1203,56.43413919773514
1204,55.482031352676444
1205,56.5633064664337
1206,56.760415035576386
1207,56.202851860498605
1208,57.32579374703424
1209,56.722672868329084
1210,56.57759736566101
1211,54.46522078756435
1212,55.68537411816894
1213,53.20656142992897
1214,53.57241981186678
1215,54.070501464934196
1216,54.893627116403486
1217,58.40664638527924
1218,58.485320192481296
1219,59.865415895845885
1220,60.35405859921092
1221,61.1087024353894
1222,60.617898316679074
1223,59.76493201443627
1224,56.23033800327259
1225,56.47850185374601
1226,56.5548409128525
1227,56.19129657296895
1228,56.589479781992026
1229,55.098163141850186
1230,53.942611198506405
1231,54.33895320745488
1232,55.04263405353067
1233,55.868629195576844
1234,55.89334049348702
1235,54.88907637869185
1236,54.226886945259146
1237,54.23593847145292
1238,55.51900782470083
1239,51.77206746435419
1240,52.11170595075336
1241,50.70400939474218
1242,50.985386105412786
1243,51.71588416751756
1244,53.00881184907951
1245,52.5060286147919
1246,51.65811395184061
1247,49.89109435775574
1248,50.006108992667706
1249,48.52131422282595
1250,47.42619261809571
1251,46.65139930379287
1252,45.40214242737635
1253,47.29758246861668
1254,47.58058620877519
1255,47.845620701861776
1256,48.16800737940012
1257,48.33753267482952
1258,48.33681250144859
1259,49.54960916689557
1260,49.77941043907344
1261,50.111633252264795
1262,49.990681013905025
1263,50.817514773122284
1264,50.585834268961975
1265,50.27506575633749
1266,55.179155801226074
1267,52.86186349136057
1268,53.42932691953557
1269,53.53667856606494
1270,53.27561930308635
1271,53.0483493694174
1272,53.032654292331905
1273,53.03030891703073
1274,53.638813251986896
1275,52.66829586565678
1276,53.43876817497275
1277,55.07278563757119
1278,55.61949226250202
1279,54.91672294438932
1280,54.861447234019224
1281,54.86914848235782
1282,53.74662740484739
1283,53.94984264221701
1284,53.93330063877866
1285,55.17470839674596
1286,55.158932176593225
1287,57.34751986269466
1288,57.72156994838016
1289,58.26318776914101
1290,57.975303459391725
1291,57.13379405198218
1292,57.51374933077504
1293,58.800399760413356
1294,58.426684112746386
1295,58.919387897196884
1296,58.92693912274596
1297,59.32268157935472
1298,58.46578376652576
1299,58.43212055718816
1300,58.29903090129711
1301,57.5926414916381
1302,58.89634757170039
1303,59.75702303640611
1304,60.353004625354664
1305,60.70069156671223
1306,60.14362452752317
1307,60.30237736123185
1308,61.264850833871606
1309,61.359184759031834
1310,61.92823320323386
1311,62.796790796762416
1312,62.3007273221347
1313,62.24559280107984
1314,63.38836794466898
1315,62.77220337583409
1316,63.22903457885729
1317,63.3839033998576
1318,64.15863050499662
1319,64.08381754209374
1320,64.35922450103195
1321,64.24050779984584
1322,64.71812791182991
1323,64.78086691126148
1324,62.99514908425292
1325,63.115447116868204
1326,61.269086009341756
1327,61.2795810534851
1328,61.08082049839438
1329,59.97689691681873
1330,57.40696068859297
1331,57.33817126734999
1332,56.85032185872987
1333,57.44107610057731
1334,57.03150317660315
1335,56.9906966261251
1336,57.903794471782575
1337,57.427090533071045
1338,58.36559834880839
1339,57.12056095779874
1340,59.0994152966859
1341,60.9890411691584
1342,61.22303336271911
1343,60.32453744909856
1344,60.512255251422474
1345,60.405353439803
1346,60.064221520457494
1347,57.830932011018746
1348,58.16364400452603
1349,58.87761754369451
1350,60.33421512354615
1351,59.988649686995686
1352,59.896769901258764
1353,60.39050865857683
1354,60.71795005884286
1355,61.81940735050788
1356,61.62312206322957
1357,61.58318896345105
1358,59.44986369284604
1359,59.84173499680834
1360,59.66768750568898
1361,60.07354285281774
1362,60.785074326837886
1363,60.97582058007478
1364,61.04254798235773
1365,61.86416018895382
1366,61.65373999530848
1367,61.62386570999907
1368,61.84901380123726
1369,62.15201385179001
1370,62.44680600716252
1371,63.58879198844183
1372,63.895869605854784
1373,64.23513809791268
1374,64.52919051556401
1375,64.49144024222369
1376,64.18228764216107
1377,64.12843325655358
1378,63.23366179368695
1379,63.560462533202376
1380,63.47225235998681
1381,63.70132702352542
1382,63.83890042466525
1383,65.71902546235076
1384,64.55814359470635
1385,64.71986526858244
1386,64.89897530836603
1387,64.90728795667424
1388,65.37923167477835
1389,65.73253380307071
1390,66.18012829434375
1391,65.67441382774932
1392,66.01180412818633
1393,67.2263227518436
1394,66.7473807531143
1395,67.15692858167326
1396,65.67517502764785
1397,65.95974911211937
1398,65.74100068033502
1399,66.42724682198346
1400,66.39504939176719
1401,67.75242108238669
1402,66.32080350289225
1403,66.11120687382666
1404,65.67675379707865
1405,65.14027154394462
1406,66.19085921505756
1407,65.80587360684198
1408,66.11739898585954
1409,66.431069907858
1410,65.90706009652625
1411,67.15264749029024
1412,66.01515244510799
1413,66.35633916955148
1414,69.12347074713277
1415,70.46642661815876
1416,69.93933393875899
1417,70.7747219379215
1418,71.88543135600516
1419,69.40593262512371
1420,70.5717161433712
1421,72.06412255198735
1422,72.24469633479748
1423,73.09332591527726
1424,72.52826397402296
1425,71.18078452822314
1426,70.43525211786272
1427,72.05994787263566
1428,73.74751004563073
1429,73.2040423260275
1430,72.61747072484648
1431,72.23265234983067
1432,71.15704251369941
1433,71.44516545199167
1434,70.44100933107815
1435,70.71751031825599
1436,70.68962603919466
1437,69.53556100382066
1438,70.34130113320518
1439,69.31092565398858
1440,69.32992711256993
1441,69.49258976485568
1442,68.85514429746054
1443,68.03949328158814
1444,68.68686608871847
1445,68.42750840200964
1446,68.44637278564653
1447,69.14382338247691
1448,69.71637134755628
1449,69.90747003222853
1450,69.67667622870933
1451,70.35986087093275
1452,70.60956646142897
1453,70.71466809049763
1454,71.02896394561185
1455,71.5719963060987
1456,71.65183992770056
1457,71.93363126826348
1458,72.15420277194022
1459,72.53377594688475
1460,72.18814437001359
1461,71.79660851190401
1462,71.29081414676467
1463,71.2551070375489
1464,72.70937009393923
1465,72.93661553790025
1466,73.97807160610476
1467,73.51582225288105
1468,73.28171779432301
1469,73.57362921677628
1470,73.94946460508685
1471,74.27279856495446
1472,73.47208966765648
1473,73.9375534469952
1474,73.77952903497405
1475,74.10605776654518
1476,74.28607958316265
1477,73.42255975220351
1478,73.41590555726273
1479,73.61559349458385
1480,73.01093276347221
1481,73.09206989704371
1482,72.71811078966148
1483,72.70805662220144
1484,74.51350729459303
1485,74.56567070359772
1486,74.53334444693954
1487,74.31002281825401
1488,74.29489024280444
1489,74.13280446153736
1490,74.46519433778285
1491,72.9636982780673
1492,73.57174649972946
1493,73.72135910109894
1494,74.10413218345558
1495,73.83852526144076
1496,73.74854188725968
1497,72.67811532516113
1498,73.49496837539193
1499,72.17246447977188
1500,71.80707508580578
1501,72.01691141699196
1502,71.94888677213899
1503,71.61837786067858
1504,72.32018024903482
1505,71.90976324891969
1506,71.63233055865706
1507,71.48813483316646
1508,70.84279255700925
1509,70.33644239569361
1510,68.44782876669319
1511,68.07667874818566
1512,67.95821564698872
1513,67.73976995411492
1514,68.5814295672941
1515,67.45203919574439
1516,68.17183122182662
1517,69.8608123311582
1518,69.95619727591705
1519,70.04894835454228
1520,70.2165255940015
1521,68.60113402103185
1522,68.4267142064531
1523,68.46958153723675
1524,67.03942114619417
1525,66.95292168578844
1526,67.05807241879438
1527,65.61496778016385
1528,64.8362873263301
1529,64.11214037719513
1530,62.81684399015661
1531,63.163593820646426
1532,65.36021157891673
1533,65.47425591145367
1534,64.92347528441684
1535,65.24566270775468
1536,65.00293384793277
1537,65.41883002928965
1538,66.37577126645122
1539,66.43432219903266
1540,66.73593597249446
1541,69.1838462568771
1542,69.34042837074131
1543,68.28692902108517
1544,66.9130209043812
1545,64.00206428172667
1546,64.24733852857902
1547,59.01722462079806
1548,57.22661427543534
1549,63.20412514272205
1550,62.448365538902365
1551,66.73545179305047
1552,65.77305774499489
1553,64.73003806102504
1554,61.70360191153641
1555,63.49063476912298
1556,61.98846082240359
1557,59.764252018358086
1558,62.903567677735865
1559,61.4184142371692
1560,62.98862969720555
1561,62.03834979165421
1562,61.308682417074344
1563,60.67302134111969
1564,57.53253997616221
1565,58.68545555361895
1566,60.54230226944559
1567,63.70258142281173
1568,61.09721673513946
1569,62.66570485297067
1570,62.767764495043224
1571,63.10701732913466
1572,64.09181777113476
1573,65.69464457985515
1574,70.98588099295749
1575,71.70408736049238
1576,72.24580984458461
1577,71.38212196310512
1578,71.44457001923958
1579,73.33384306692984
1580,72.6636409523062
1581,77.23687322738309
1582,77.42164306432436
1583,75.14089319362817
1584,74.31943517968875
1585,77.35898450830317
1586,77.2193004178281
1587,78.20570461361973
1588,77.80120294791844
1589,74.67413963797365
1590,73.51119202628531
1591,72.18340933419798
1592,71.9440214337107
1593,73.88483591970285
1594,74.54977649573212
1595,73.11507493674374
1596,72.30483522264288
1597,72.16286056427205
1598,73.7126683509432
1599,70.87566196474472
1600,70.57141758690875
1601,69.57287685944019
1602,69.52703500589989
1603,69.7328678167882
1604,69.69850653290099
1605,71.02066956984262
1606,71.11202258680156
1607,71.34284167256352
1608,71.41653341637945
1609,71.60444584663892
1610,71.98281048555127
1611,72.36112772670513
1612,72.28311054362419
1613,71.83080934439614
1614,71.61486830763424
1615,70.71471763779613
1616,70.69438138165336
1617,70.09970472098834
1618,68.89661731413071
1619,69.33831815840792
1620,68.16602752818449
1621,68.25866076688784
1622,68.56654342245233
1623,71.48123499308991
1624,71.72385124904153
1625,71.79863434869591
1626,72.5660361564351
1627,73.42530754663524
1628,73.50107152162546
1629,71.85182133251197
1630,72.92715549802567
1631,71.521940748669
1632,72.6291330575068
1633,73.40549368690708
1634,73.42576792319657
1635,76.64674121971122
1636,77.32685215166899
1637,77.79581310593575
1638,77.77518810336448
1639,80.62562415314527
1640,79.70690192188073
1641,78.2101266532978
1642,80.08994613516907
1643,80.43470204485888
1644,79.77256659583121
1645,80.78151778152566
1646,83.5262499637347
1647,81.69752357507478
1648,80.95558178823481
1649,79.21093198056515
1650,78.14446591241042
1651,79.41335373516685
1652,78.6859310475502
1653,75.18047605775608
1654,75.303074306916
1655,74.95753466397188
1656,77.58590968976016
1657,80.90891986095119
1658,80.7278246041629
1659,80.8929834947409
1660,80.6223676399135
1661,79.85133250234907
1662,79.01223070706142
1663,80.12095574758871
1664,79.85387757026095
1665,79.83149878229561
1666,81.16508232419145
1667,81.26233075548961
1668,81.19840071000726
1669,80.94348418831471
1670,80.72763855060154
1671,80.56555911059158
1672,80.88258639502544
1673,80.07328219438945
1674,80.57266617183632
1675,80.59151613227438
1676,81.73206688279603
1677,82.65898094576809
1678,85.80252856923913
1679,82.9435830794167
1680,82.72947758911843
1681,80.6194098696075
1682,82.17634058813161
1683,79.5507983831742
1684,79.32079630338981
1685,80.85225726750245
1686,80.39792289899934
1687,80.09175089444997
1688,80.25188414288584
1689,79.58980942525741
1690,79.60254056748948
1691,81.04171688631774
1692,81.01961467271444
1693,81.4705281115072
1694,81.10150037439499
1695,84.20325094582755
1696,83.13974773237575
1697,84.14071171887383
1698,85.21781149086374
1699,84.12507538008714
1700,85.9801076024961
1701,83.99965971596284
1702,85.21145985383988
1703,86.44185064115493
1704,89.40265859470024
1705,91.34706237879422
1706,91.56317302193014
1707,90.6300404925027
1708,90.19576372571308
1709,92.20777897380013
1710,89.32943375085051
1711,90.7333294528693
1712,90.63911436844427
1713,92.34898416000222
1714,91.83270819561109
1715,91.85032306778484
1716,90.72942158623627
1717,89.43466217006801
1718,89.41141774835084
1719,87.5586335568932
1720,87.42834440707723
1721,89.29024914588884
1722,95.12250482615892
1723,93.9998833207961
1724,93.34270673273768
1725,87.9473675890414
1726,88.57699147708338
1727,89.78832809369975
1728,89.82140202055307
1729,90.08410307283955
1730,90.63828960608602
1731,90.48410389555046
1732,90.42808656137163
1733,89.79619022559957
1734,89.76360557232839
1735,89.80325331838064
1736,89.91056999404543
1737,90.8281131680148
1738,92.60542911570234
1739,93.76495220545809
1740,94.54595528708178
1741,93.79324104837346
1742,92.9965972057207
1743,92.94790367998691
1744,92.92706042795844
1745,93.02933358609795
1746,92.317677356685
1747,93.74766759764934
1748,92.92777459403223
1749,100.21215777024662
1750,99.37423534359277
1751,98.91518482414779
1752,99.40985504723517
1753,99.16122710497952
1754,98.74726071490744
1755,99.13545777692816
1756,99.08819213804396
1757,98.9298796766032
1758,100.68281141095837
1759,100.69468546689815
1760,101.16393102660308
