,Portfolio Value
0,11963.005609827205
1,11964.818654208757
2,12019.217416853257
3,12038.296113463759
4,12006.9764804751
5,11860.405755681564
6,11859.046341045523
7,11812.428866803884
8,11802.182453595675
9,11862.798716912175
10,11934.071050405495
11,11966.609684565377
12,11972.549022568279
13,11974.030360493742
14,11979.038527547686
15,11974.375850876164
16,11883.787595526517
17,11881.197380221325
18,11872.578159725126
19,11882.410927275354
20,11883.657914400637
21,11896.470137478045
22,11912.5082530819
23,11867.297268313954
24,11873.210487752778
25,11946.013642851001
26,11875.09053015642
27,11796.737993482138
28,11888.307707179265
29,11853.186678412956
30,11845.503639732073
31,11837.655220357956
32,11875.540294329974
33,11829.925917739885
34,11846.87131658173
35,11823.657934515726
36,11832.097400709892
37,11825.653343922315
38,11809.582587239804
39,11838.639442126772
40,11850.568103167663
41,11924.110824054826
42,11913.328337216333
43,11895.83046303382
44,11863.786653013634
45,11842.743991227097
46,11848.34148756397
47,11852.257897209927
48,11858.496829348343
49,11831.319519679662
50,11981.33101723306
51,12014.0696486643
52,12031.011366900582
53,12049.447232075621
54,12047.28804279753
55,12014.20333756808
56,12008.01613705526
57,12024.80959132483
58,12048.67304210267
59,12052.384190533778
60,12080.551759477266
61,12077.346636623186
62,12073.605542263094
63,12110.140168739777
64,12134.879659324091
65,12161.85643195837
66,12156.310792148002
67,12157.846104661014
68,12144.526325196643
69,12169.708041284728
70,12112.521105822178
71,12120.084520316732
72,12141.735606134236
73,12145.316144361184
74,12316.328276798376
75,12361.004729282246
76,12370.69575677
77,12378.839966494064
78,12335.880695994629
79,12335.555175740537
80,12222.3343796917
81,12229.355074023493
82,12232.677049769942
83,12172.15313980854
84,12123.917168321992
85,12146.316921151103
86,12190.308205181895
87,12207.21829935356
88,12153.423779411798
89,12153.384947918496
90,12161.074967139284
91,12173.988702147302
92,12144.641772192406
93,12108.132330928349
94,12121.881193697363
95,12264.010692324935
96,12282.795275468192
97,12240.329948977058
98,12250.331144517759
99,12229.593627046617
100,12203.072848717995
101,12193.411878088027
102,12208.199708992472
103,12231.320379551249
104,12183.190017713641
105,12131.198326364869
106,12063.26307527968
107,12053.254226532754
108,12088.778715961844
109,12097.278675719373
110,12105.945390766705
111,12072.20657994726
112,12074.693609356631
113,12108.875044034527
114,12115.457167788949
115,12120.01386086786
116,12122.85116362647
117,12128.134073316527
118,12095.315488401147
119,12074.794053481188
120,12031.05482531335
121,12000.041827337483
122,11968.023607237892
123,11984.902993919713
124,11964.507992606374
125,11887.149808173192
126,11878.090713680218
127,11854.297115262689
128,11926.938139236849
129,11963.619492566015
130,12008.784335447288
131,11983.265471540786
132,11914.665737336045
133,11953.587517038874
134,12017.885859174317
135,12003.955406859557
136,12033.978983283421
137,12090.766935125112
138,12093.07568998183
139,12088.729347569648
140,12020.092574659848
141,11804.225669562142
142,11828.671488821463
143,11855.67753618424
144,11857.558321807614
145,11832.34317601905
146,11836.527217117113
147,11855.746165922545
148,11851.380417107965
149,11854.967451313172
150,11896.595187224846
151,11857.292135499893
152,11800.58316218018
153,11813.653425406526
154,11825.013073527165
155,11845.822593436626
156,11824.875602090577
157,11779.194043779959
158,11718.43498185045
159,11673.290002436263
160,11619.830201461828
161,11564.776316486703
162,11615.21896846807
163,11814.554248765513
164,11806.99079402344
165,11825.494299665286
166,11697.988582104686
167,11718.32846826364
168,11747.0202229189
169,11717.779041137963
170,11775.960305655934
171,11795.936690669218
172,11757.262022891158
173,11760.621256858947
174,11709.156499747356
175,11717.712998019615
176,11860.623975972374
177,11826.395919745832
178,11732.895113974928
179,11709.890620497585
180,11649.613601294293
181,11628.45133825885
182,11594.53852907061
183,11625.896957638852
184,11572.902884697383
185,11618.739077520544
186,11707.867785315822
187,11650.976013606032
188,11750.54317122154
189,11765.191938785832
190,11780.845903401478
191,11781.05772981068
192,11709.707595024398
193,11785.416147443291
194,11808.219381232757
195,11793.5768662244
196,11756.088049910484
197,11780.782775148236
198,11790.636714996195
199,11797.320873842371
200,11776.711897882706
201,11672.673207486429
202,11566.061673024271
203,11717.512191801889
204,11806.352609073372
205,11920.27887988956
206,11928.76967117565
207,11834.45789586122
208,11856.84438510602
209,11860.396724371121
210,11842.385166881953
211,11893.481046053888
212,11894.958307406014
213,11880.162185288753
214,11858.934154676446
215,11856.257623935866
216,11856.54843692309
217,11844.39382354524
218,11781.33696215665
219,11830.326303054138
220,11819.79733234635
221,11865.84998786374
222,11955.478481633381
223,11938.903401672425
224,11987.069753846275
225,11969.078741620691
226,11923.66403117252
227,11993.459855169001
228,12092.263432903757
229,12081.992411720796
230,12105.45761052072
231,12104.292894363443
232,12109.170208826043
233,12098.419903238899
234,12058.816440662631
235,12070.413788568909
236,12062.369679891395
237,11994.26480781715
238,11932.196884906363
239,11943.086724207587
240,11949.836716520953
241,11924.403669825828
242,11847.099323545193
243,11898.216377751276
244,11949.620149701597
245,11966.472952142916
246,11951.34487283702
247,11936.048421595497
248,11945.596252887715
249,11904.533950961471
250,11880.255648696944
251,11791.32434462459
252,11781.90831983019
253,11761.14280943612
254,11704.993063074324
255,11667.147031071501
256,11717.042812536858
257,11694.128867301859
258,11563.803136381839
259,11567.164099639514
260,11486.1499567962
261,11511.657158680795
262,11417.911287387298
263,11441.123355481488
264,11482.213711487862
265,11475.189552981348
266,11474.101876853261
267,11291.308003137234
268,11285.604252512854
269,11331.6263627324
270,11320.47922653412
271,11220.60288723875
272,11184.365995452896
273,11352.835954063828
274,11263.489362480008
275,11249.24943572386
276,11182.766964823772
277,11281.59874242672
278,11273.70075636968
279,11437.07718601678
280,11481.748121538305
281,11490.452814191487
282,11525.314502628611
283,11597.292010963052
284,11735.118324217598
285,11707.269619999499
286,11720.502886006752
287,11698.822892990152
288,11847.080066367365
289,11856.762484709054
290,11893.198198823138
291,11859.601169374704
292,11874.677106728179
293,11887.883802448157
294,11887.028437113564
295,11867.515703446843
296,11895.881989819321
297,11895.093135740843
298,11941.590089667618
299,11923.131868607385
300,11928.565503858383
301,11977.47208185836
302,11975.123368679288
303,12011.597152252465
304,12011.526813125578
305,12029.78520935475
306,12002.638838575569
307,11987.012092480803
308,11988.024884638646
309,12004.176181889447
310,12021.912398899442
311,12005.575342561004
312,11986.620225102084
313,11980.580943379628
314,11896.264012285792
315,11907.968896128583
316,11853.159035607941
317,11937.376034230336
318,11971.333508319049
319,12003.881044138736
320,12071.862980530277
321,12101.332493387014
322,12096.118398083243
323,12083.454263108662
324,12178.631430367644
325,12177.360112429616
326,12172.315664361315
327,12158.779844412189
328,12172.312595494743
329,12173.42057220347
330,12164.527239566305
331,12159.975081217499
332,12172.09478559392
333,12019.35369131033
334,11976.978930259309
335,12011.251153609943
336,11963.896478001814
337,11889.067923586163
338,11891.8168392244
339,11863.567641217112
340,11849.052302253123
341,11753.425094276488
342,11908.10105793661
343,11971.85978000762
344,12009.045752490278
345,11981.09000653555
346,11936.687872099323
347,11953.888532194916
348,11951.996761486647
349,12037.653799529313
350,12040.56650717668
351,12057.819493538054
352,12145.631434741685
353,12137.788798289148
354,12071.97636384967
355,12106.3065122447
356,12095.925636625387
357,12117.17815295609
358,12094.605125675316
359,12067.247376776435
360,12064.226362321393
361,11912.32474857212
362,11904.791160716162
363,11877.146936987572
364,11877.277055391185
365,11864.42013424002
366,11849.900218855484
367,11895.527332637277
368,11911.897999199102
369,11969.562228238137
370,12005.426603133548
371,11751.597420366197
372,11673.133744538602
373,11784.931021287188
374,11880.839733219234
375,11913.334619791392
376,11919.635524711863
377,11879.869987797505
378,11855.580949153471
379,11848.206162811935
380,11818.456605099835
381,11889.779325144893
382,11868.787482188007
383,11839.701381653742
384,11803.286222822939
385,11819.728048199293
386,11811.76760504638
387,11765.053216177701
388,11756.498969328695
389,11704.752899262716
390,11695.09020526408
391,11699.930411798478
392,11714.311126415858
393,11731.584212531898
394,11761.241293151861
395,11707.79477492389
396,11709.333225211778
397,11699.872675027425
398,11715.681742205961
399,11742.171352651434
400,11764.314830484222
401,11757.740317797728
402,11774.388401918719
403,11798.116833987502
404,11819.085244217446
405,11811.862668035486
406,11822.9038713527
407,11817.014437859301
408,11797.804862587396
409,11809.28467044822
410,11771.565764007059
411,11713.34196634557
412,11726.99406132424
413,11712.628129380972
414,11715.510742443483
415,11729.625116347392
416,11717.003568197713
417,11724.646935936598
418,11649.67262930867
419,11658.85212019284
420,11692.344619001859
421,11764.33230558445
422,11783.814069231928
423,11796.409016458752
424,11776.587408352747
425,11761.976938210828
426,11735.442273026456
427,11731.91938339116
428,11781.325428840617
429,11722.263674042224
430,11732.167207543922
431,11715.672291395676
432,11809.7265229312
433,11822.830343643564
434,11789.922907774944
435,11755.85566660377
436,11762.627874361751
437,11718.41631232879
438,11686.772732367139
439,11697.374178969161
440,11717.17689992151
441,11737.987945001983
442,11737.769756458003
443,11681.527443484732
444,11653.833000679013
445,11661.143449597723
446,11607.745890449312
447,11597.734063494143
448,11559.178355966718
449,11534.99128079959
450,11516.138902230106
451,11528.176748014033
452,11533.319528843513
453,11541.730668444083
454,11535.773378657766
455,11572.745650686811
456,11585.098171350352
457,11560.280034562982
458,11542.661652328366
459,11618.496616973973
460,11599.996838581395
461,11555.835302246736
462,11505.934177922987
463,11504.332826600454
464,11493.413702510166
465,11528.840992362277
466,11514.124667824366
467,11482.252857949805
468,11453.544266187584
469,11412.08545732797
470,11396.591459410294
471,11396.1160264176
472,11431.258768287744
473,11436.271494244082
474,11423.468908598164
475,11455.551555965747
476,11545.206754865914
477,11561.033102232686
478,11559.932325860485
479,11591.524699263051
480,11622.048903397561
481,11560.476514565406
482,11553.55554490947
483,11533.458041598615
484,11561.295288526902
485,11568.191476388449
486,11616.777211258957
487,11593.141215410935
488,11620.554799243788
489,11583.465997018266
490,11614.658746710264
491,11585.764820009797
492,11544.992623870468
493,11505.888683108438
494,11510.4532153908
495,11519.693378797832
496,11532.91860906075
497,11517.707046625166
498,11604.055566321558
499,11617.676349234598
500,11609.079453337363
501,11612.981578212919
502,11579.023959190652
503,11632.331594179223
504,11694.09656857672
505,11737.50392416737
506,11709.118608030007
507,11755.190609568142
508,11801.600311282758
509,11799.13002927042
510,11826.169231216672
511,11861.379838048626
512,11848.364584668363
513,11843.67662679911
514,11845.640451188869
515,11872.442937024913
516,11881.79630105346
517,11877.225933474823
518,11879.038073394577
519,11881.510643531163
520,11838.6186135063
521,11877.350518541829
522,11888.992518894767
523,11883.711635306772
524,11902.297857144738
525,11917.279621550326
526,11919.264764171556
527,11941.323958581157
528,12022.588586300031
529,12024.34969130598
530,12030.260530728583
531,12048.650921689617
532,12094.605194644493
533,12073.719469219794
534,12093.49241732911
535,12090.138058222286
536,12127.87233089879
537,12129.61075965172
538,12113.27793115493
539,12022.701466735665
540,12008.846143560404
541,12018.348619484646
542,12024.641616011704
543,12020.16863481939
544,12023.031087289299
545,12013.57453876249
546,12009.036712598867
547,12008.764886193792
548,12022.477833357396
549,12027.458163338377
550,12033.186527108133
551,12043.667256491146
552,12056.716308925857
553,12119.020935503037
554,12139.87892977286
555,12132.573800740645
556,12057.355297630973
557,12053.627801909453
558,12047.721176380968
559,12035.438136982593
560,12034.649514810171
561,12041.989960403735
562,12055.334677179726
563,12053.382931961476
564,12055.30950620505
565,12067.381409676293
566,12036.61668314727
567,12008.533977702911
568,11950.307360705407
569,11917.672461537462
570,11938.72896993576
571,11929.572590978016
572,11928.78769865751
573,11932.353061555224
574,11943.038037837085
575,11939.698686285254
576,11993.766371328584
577,11995.013696317365
578,11989.273660359862
579,12001.618708188209
580,12028.10583786264
581,12013.671053380058
582,12015.175717484492
583,11963.105015230642
584,11961.838246113308
585,11956.361742691355
586,11959.683131079348
587,11884.098749498706
588,11897.048727481377
589,11900.91724921956
590,11924.696168740871
591,11917.223681832278
592,11960.30322389079
593,11975.583654497765
594,11967.924678197905
595,12033.187374881625
596,12013.30926746237
597,11985.310263784333
598,12004.349017027476
599,12047.685067065582
600,12067.572920412045
601,12060.202533890391
602,12067.283691300981
603,12095.301017436108
604,12089.834853575563
605,12029.174564679855
606,12036.627834442577
607,12039.233949911388
608,12036.582037576662
609,12027.85633613959
610,12043.157976868684
611,11992.957441365887
612,11890.218098862188
613,11878.67104488827
614,11899.58808444504
615,11918.934788665525
616,11910.744872895973
617,11871.064611464484
618,11875.964658462353
619,11878.799676126735
620,11863.116658236357
621,11905.220748959322
622,11907.306277585398
623,11933.56192035271
624,11923.482132526075
625,11909.92550677495
626,11920.01178414451
627,11959.555200672314
628,11965.5303050549
629,12004.545580901698
630,11984.953281694816
631,11972.160036460162
632,11993.068067010763
633,12011.989557084393
634,12039.050745834276
635,12072.729545516906
636,12083.100865322735
637,12084.598525494759
638,12086.33076812768
639,12113.547631420142
640,12034.12449476952
641,12073.245416350033
642,12054.587584304101
643,12025.694207295479
644,12090.083920898527
645,12087.820591418893
646,12181.486197975886
647,12234.040672416224
648,12229.939164694342
649,12241.479813661465
650,12254.464933205683
651,12238.73123861737
652,12251.750577980596
653,12244.334605778735
654,12253.79232924802
655,12137.020686739903
656,12099.028773082764
657,12105.748438967357
658,12111.658242990223
659,12110.716909992949
660,12061.11190107129
661,12048.806427387122
662,12037.608539494831
663,12077.259063393354
664,12038.993183431781
665,12050.193171063356
666,12157.506837316232
667,12114.289216102532
668,12115.64877025625
669,12136.757257186606
670,12160.007515971403
671,12207.968214712539
672,12173.155972380126
673,12177.187465390702
674,12213.72746910506
675,12205.294049169815
676,12278.933101772553
677,12304.559499415824
678,12292.777624491808
679,12333.75864536426
680,12325.391520050154
681,12342.961802936828
682,12322.11260357937
683,12316.42872214833
684,12285.691471710816
685,12307.491819230117
686,12276.377969893905
687,12282.303930962882
688,12302.076332077515
689,12313.764750832986
690,12332.689883828083
691,12335.11974444349
692,12359.24316961329
693,12284.873762516385
694,12289.408735317078
695,12275.62488220145
696,12303.020022747362
697,12363.115463245009
698,12347.337995030419
699,12334.123193260479
700,12334.624872392562
701,12358.443875957875
702,12332.727541905373
703,12327.202158539872
704,12293.46403181013
705,12298.861845788344
706,12336.668425012758
707,12330.881842081979
708,12294.081202748443
709,12287.350103250063
710,12138.45227583213
711,12106.303770984101
712,12151.79447308962
713,12162.677366829459
714,12151.920618638485
715,12150.588093247086
716,12163.887308453746
717,12158.875436023898
718,12136.062575468302
719,12123.21121173996
720,12114.110264266556
721,12105.466045479368
722,12097.718967830046
723,12072.882885146264
724,12168.516785056956
725,12182.089109921446
726,12197.326939420107
727,12210.707693079748
728,12250.93941518191
729,12232.608332701251
730,12211.533627723835
731,12196.949777241749
732,12252.219018473543
733,12246.412597313838
734,12228.866627600804
735,12263.867213071422
736,12194.829102545915
737,12241.013649414937
738,12262.079206683284
739,12243.484271497204
740,12247.710702335076
741,12227.621126275153
742,12212.077470239039
743,12207.602301874413
744,12300.354459511193
745,12210.400370768992
746,12205.281050490694
747,12222.408301657759
748,12226.251938443764
749,12220.886130322102
750,12164.571806247302
751,12152.057901913542
752,12145.197317435111
753,12243.964420169315
754,12272.21957734161
755,12282.83215881705
756,12302.955899617584
757,12312.214986140698
758,12356.919209596657
759,12347.803620343151
760,12367.516624632628
761,12402.946263201216
762,12399.123160392786
763,12403.772612247227
764,12399.288731834891
765,12408.513279918287
766,12398.44872448701
767,12474.127540656304
768,12467.74077723697
769,12474.281986335716
770,12503.632991334667
771,12470.475850628665
772,12422.293828683945
773,12443.927119296442
774,12403.756644237552
775,12305.692331062408
776,12251.3462515655
777,12259.480652819868
778,12284.39963457425
779,12195.321356006194
780,12163.866295160542
781,12311.96788982002
782,12348.976425303987
783,12365.487114225441
784,12486.766793710314
785,12471.797484206483
786,12473.459445429056
787,12491.134862690424
788,12420.265604022507
789,12452.396219058808
790,12450.165077610789
791,12399.66751284327
792,12392.978297919299
793,12350.973990129023
794,12340.851071119374
795,12398.467743968939
796,12416.820787318957
797,12408.460172727491
798,12466.001996879955
799,12490.996761099961
800,12533.339717543684
801,12473.782756896493
802,12539.625098699202
803,12607.549861120231
804,12594.057919717447
805,12532.599142160647
806,12527.634464208864
807,12521.343534531237
808,12454.390546070279
809,12378.837036891111
810,12464.751899530418
811,12418.872385819255
812,12392.877956642193
813,12412.44641480972
814,12398.42948553785
815,12328.4837529465
816,12374.702916249807
817,12382.278146682638
818,12316.662501166507
819,12396.819899322616
820,12362.06150609998
821,12344.42062473273
822,12346.852288640803
823,12372.018383647814
824,12381.198327225045
825,12395.51669535238
826,12401.262575989746
827,12396.423172578938
828,12303.186622254052
829,12293.829528163204
830,12337.372984092799
831,12337.372984092799
832,12390.49577080605
833,12463.119372710835
834,12465.67364941852
835,12459.808000081524
836,12445.541883471278
837,12436.455332216981
838,12432.474642937435
839,12433.450265723786
840,12447.778246421654
841,12482.04953549595
842,12544.729460218754
843,12573.859588841815
844,12576.476991503476
845,12564.684496980906
846,12610.0576725551
847,12582.491616474374
848,12448.77028068656
849,12397.44021173229
850,12434.767157733562
851,12421.19176069801
852,12382.852472500374
853,12465.196156118767
854,12430.270351322026
855,12386.416326594172
856,12420.129315735001
857,12444.696467736314
858,12498.793635560598
859,12496.51386028824
860,12484.543803372755
861,12475.854246781399
862,12514.263353086893
863,12525.785786045932
864,12512.4863053351
865,12521.605829971966
866,12529.798758681836
867,12529.495882022198
868,12527.918020517203
869,12464.637718403064
870,12498.799375542065
871,12480.679880886495
872,12484.269003915862
873,12462.747203334497
874,12465.568939223616
875,12404.275658770115
876,12381.07322317323
877,12414.450774799097
878,12431.339170228064
879,12438.551779822656
880,12459.845959681372
881,12496.173335445448
882,12519.665122571521
883,12499.389737559148
884,12504.74307099191
885,12490.6350767575
886,12460.129400022708
887,12489.67186386769
888,12534.308820873706
889,12529.686561526622
890,12502.502313270128
891,12519.86426195141
892,12518.319601134566
893,12505.29752984208
894,12570.32777342783
895,12550.054090477232
896,12528.402266786248
897,12497.998924026311
898,12483.614330218845
899,12367.9484242033
900,12378.7765355759
901,12437.662630333856
902,12413.561695041757
903,12415.55340319577
904,12419.614225035295
905,12413.58809775993
906,12398.234147303328
907,12319.393441158572
908,12359.286527141643
909,12278.121302061318
910,12307.683195547645
911,12331.49142411275
912,12334.965699522556
913,12349.317104870806
914,12323.99272218669
915,12313.032403192883
916,12330.245575475474
917,12325.512101256547
918,12288.040733499312
919,12300.278888891447
920,12292.758564240143
921,12299.832182005006
922,12308.158142634025
923,12196.614123770552
924,12192.609383622237
925,12213.101400780439
926,12214.152353943251
927,12227.92530440373
928,12235.087403446452
929,12254.87441699362
930,12222.425563160376
931,12227.688212828458
932,12299.610926733503
933,12354.258380262512
934,12360.080090308313
935,12342.389826807244
936,12330.427148500872
937,12310.790862805936
938,12349.024245824923
939,12342.566904149977
940,12337.310349582809
941,12309.757616235958
942,12292.04361342129
943,12211.827888976322
944,12163.650803886574
945,12089.927993457633
946,12102.568162333853
947,12008.011378403244
948,12035.504288317872
949,12090.317185454202
950,12076.570859633983
951,12130.134052629912
952,12137.084000583116
953,12113.544851812023
954,12137.076598090276
955,12178.867125521174
956,12125.68788087771
957,12070.426660224402
958,12111.198297937444
959,12096.000676882739
960,12062.231566797227
961,12042.43390225588
962,12091.18138961615
963,12122.940158242724
964,12061.273858909313
965,12033.050284462764
966,12075.399746792078
967,12106.315959750196
968,12083.863401385837
969,11995.359737701001
970,11968.567305277536
971,11969.528013243229
972,12012.421652037088
973,12063.67373577358
974,12121.171246037831
975,12083.336894414548
976,12003.639090536493
977,12092.746118724574
978,12074.741926636249
979,12171.267581720838
980,12162.340968537075
981,12181.00240782535
982,12071.511936927067
983,12091.484517619207
984,12196.083022004697
985,12076.171319381183
986,12056.877300426944
987,12047.905242948984
988,12043.534040413164
989,12059.63322859002
990,12110.667946038255
991,12104.444452955242
992,12091.20634615648
993,12062.634379862282
994,12042.627060629544
995,12014.073180790709
996,11983.728568697497
997,11955.861370962453
998,11944.174228007894
999,11991.293744002012
1000,11925.43554317368
1001,11982.82284888394
1002,12020.571414322405
1003,11872.757636510289
1004,12022.101698275583
1005,12073.552701416298
1006,12090.148888717757
1007,12225.68237444116
1008,12250.385293243762
1009,12197.830816932576
1010,12271.426143736237
1011,12319.362840233287
1012,12353.762009461883
1013,12279.877212396808
1014,12357.059928182267
1015,12221.340290709697
1016,12210.315435989343
1017,12208.261745583626
1018,12238.861560064011
1019,12234.120897281435
1020,12223.809397376745
1021,12261.472556560508
1022,12257.850545957348
1023,12259.589168470426
1024,12265.124727585637
1025,12280.194327692396
1026,12259.057628700073
1027,12187.21464374173
1028,12197.224129989481
1029,12180.664968909374
1030,12183.242861695984
1031,12294.445121743644
1032,12292.580915565946
1033,12214.438726020717
1034,12229.889487855515
1035,12218.956536951837
1036,12319.213575126692
1037,12240.66574742481
1038,12194.785496521426
1039,12239.108134455855
1040,12233.52442533915
1041,12233.490061619526
1042,12200.415671861
1043,12193.824655618135
1044,12214.389095274639
1045,12265.588575631047
1046,12256.708583751786
1047,12199.671591383583
1048,12229.123158478951
1049,12256.581122047699
1050,12281.77667261165
1051,12289.73626429178
1052,12372.24717059809
1053,12398.988466640541
1054,12381.393532307797
1055,12396.843252823168
1056,12377.483494302202
1057,12338.053113204383
1058,12313.5031461235
1059,12328.75782608182
1060,12313.34692813945
1061,12312.594996688587
1062,12354.787128448972
1063,12387.205785293783
1064,12390.307602550212
1065,12419.666329253654
1066,12483.130607448089
1067,12492.427553269255
1068,12513.223857805582
1069,12452.637388460465
1070,12424.355499595322
1071,12426.4732320441
1072,12413.600912508558
1073,12403.4492409452
1074,12407.507068452638
1075,12450.269254412626
1076,12366.807067080834
1077,12371.99353399387
1078,12413.990639470812
1079,12383.86245781852
1080,12345.424464054995
1081,12338.38529746945
1082,12350.777669318626
1083,12354.968716315016
1084,12343.845531702336
1085,12353.113108426869
1086,12343.469609666845
1087,12317.395603355042
1088,12289.372242743146
1089,12259.778583854115
1090,12201.087849055082
1091,12210.60559782004
1092,12160.094124509025
1093,12218.337679853461
1094,12222.396184453357
1095,12230.742115655814
1096,12170.777970063136
1097,12094.628710035244
1098,12104.415906245009
1099,12098.91557025833
1100,11953.320928662979
1101,11962.843358246044
1102,11928.560660089852
1103,11893.80087278643
1104,11864.992502094387
1105,11844.233348198344
1106,11802.092454031954
1107,11769.592986996055
1108,11784.108398764183
1109,11779.848252653219
1110,11796.368222906189
1111,11800.481125139253
1112,11732.08106396503
1113,11674.296061131357
1114,11749.32165618339
1115,11679.598056765633
1116,11670.612351178976
1117,11696.575884955748
1118,11707.15399301454
1119,11728.536231461216
1120,11720.519022812852
1121,11745.817392550736
1122,11731.201392308265
1123,11744.017333722988
1124,11742.128022170757
1125,11748.781693880326
1126,11759.441342751583
1127,11766.113558444398
1128,11767.923469722436
1129,11748.680309817553
1130,11720.098423709389
1131,11745.51741887242
1132,11751.545065140013
1133,11773.930854864719
1134,11752.878591823068
1135,11749.370382430081
1136,11737.725503150494
1137,11711.736390399506
1138,11677.123047624678
1139,11569.29220283163
1140,11515.732316733513
1141,11521.626324840363
1142,11528.614514421197
1143,11504.596021122486
1144,11503.723174251
1145,11483.569434469915
1146,11447.00550454911
1147,11413.510971000016
1148,11407.270015107464
1149,11401.635312734921
1150,11297.026940691596
1151,11314.58816371987
1152,11300.070325383052
1153,11373.625601142023
1154,11293.764182134157
1155,11260.815320285368
1156,11287.846484605758
1157,11242.692331627606
1158,11236.751337532078
1159,11254.049035016686
1160,11317.37601607814
1161,11328.352386359646
1162,11331.205289479649
1163,11292.529834010036
1164,11242.582902440105
1165,11280.661512969764
1166,11306.00820702582
1167,11307.937930664568
1168,11314.367103189725
1169,11346.923748519568
1170,11331.523406771685
1171,11352.050470425113
1172,11387.065831627173
1173,11375.711065526035
1174,11389.475654283011
1175,11461.614903655876
1176,11484.122395536899
1177,11503.327539570137
1178,11487.798254715795
1179,11528.11188796614
1180,11429.528349848402
1181,11391.160806391876
1182,11415.778976377822
1183,11386.417205682821
1184,11314.907996493186
1185,11200.127441089984
1186,11219.779565877558
1187,11233.7954181637
1188,11154.564877613184
1189,11179.789452071926
1190,11082.12906636567
1191,11068.740845313783
1192,11103.201247863932
1193,11090.04478089946
1194,11030.637140205728
1195,10968.643497181478
1196,10990.195701216666
1197,11109.754011389532
1198,11144.98755747807
1199,11153.363315084836
1200,11193.710207128897
1201,11203.244578659118
1202,11208.772075033077
1203,11139.738574242101
1204,11161.442635702067
1205,11158.469233363732
1206,11183.741866167922
1207,11024.331196316187
1208,11002.50778488015
1209,11032.199196854952
1210,10998.197747353015
1211,11006.24844632868
1212,11036.80530740559
1213,11096.358973418239
1214,11164.973449617632
1215,11098.034358444907
1216,11092.261074761047
1217,11184.779043353488
1218,11204.382221270505
1219,11144.297022668996
1220,11109.990707761192
1221,11098.808658338025
1222,11093.840256305291
1223,11011.056797911633
1224,11017.474161196324
1225,11106.207699326551
1226,11123.268275261666
1227,11166.391510649244
1228,11180.858104012032
1229,11255.467128953955
1230,11209.4261049334
1231,11175.320286599956
1232,11184.713888952834
1233,11187.768169279821
1234,11128.966698534305
1235,11167.80079176208
1236,11239.56448452052
1237,11239.304328497841
1238,11207.331274927297
1239,11205.216668871402
1240,11242.600717415784
1241,11248.715755394298
1242,11210.101637768395
1243,11290.284499571493
1244,11346.43839631545
1245,11404.078436618165
1246,11434.393707814086
1247,11437.475904252351
1248,11425.245129764548
1249,11422.919296095963
1250,11416.620560052077
1251,11384.146219412509
1252,11382.58390526241
