,Profitloss
0,-0.3082865847732874
1,-0.29317788159368696
2,0.16014514044380146
3,0.3191342788646523
4,0.05813733729249648
5,-1.1632853693202994
6,-1.1746138246206406
7,-1.5630927766343006
8,-1.6484795533693752
9,-1.1433440257318739
10,-0.5494079132875362
11,-0.2782526286218556
12,-0.22875814526434057
13,-0.21641366255215067
14,-0.1746789371026236
15,-0.21353457603197068
16,-0.9684367039456854
17,-0.990021831488952
18,-1.061848668957277
19,-0.9799089393720539
20,-0.9695173799946888
21,-0.8627488543496264
22,-0.729097890984165
23,-1.1058560973837173
24,-1.0565792687268538
25,-0.4498863095749872
26,-1.0409122486965017
27,-1.6938500543155155
28,-0.9307691068394575
29,-1.2234443465586997
30,-1.287469668899388
31,-1.3528731636836988
32,-1.0371642139168857
33,-1.4172840188342861
34,-1.276072361818914
35,-1.4695172123689537
36,-1.3991883274175665
37,-1.4528888006473784
38,-1.5868117730016396
39,-1.3446713156102352
40,-1.2452658069361355
41,-0.632409799543121
42,-0.7222638565305584
43,-0.8680794747181642
44,-1.135111224886376
45,-1.3104667397741965
46,-1.2638209369669196
47,-1.2311841899172782
48,-1.179193088763808
49,-1.4056706693361454
50,-0.15557485639116075
51,0.11724707220248654
52,0.25842805750484477
53,0.4120602672968543
54,0.3940670233127497
55,0.11836114640066953
56,0.06680114212715971
57,0.20674659437358578
58,0.4056086841889073
59,0.4365349211148173
60,0.6712646623105556
61,0.6445553051932063
62,0.613379518859114
63,0.9178347394981357
64,1.1239971610340849
65,1.3488035996530812
66,1.3025899345666891
67,1.315384205508452
68,1.20438604330535
69,1.4142336773727449
70,0.9376758818514741
71,1.0007043359727685
72,1.1811300511186396
73,1.210967869676538
74,2.636068973319805
75,3.008372744018706
76,3.0891313064166592
77,3.1569997207838707
78,2.7990057999552453
79,2.7962931311711348
80,1.8527864974308361
81,1.911292283529109
82,1.938975414749522
83,1.4346094984045044
84,1.0326430693499367
85,1.219307676259196
86,1.5859017098491135
87,1.7268191612796802
88,1.2785314950983118
89,1.2782078993208046
90,1.3422913928273772
91,1.4499058512275287
92,1.2053481016033762
93,0.9011027577362496
94,1.0156766141447005
95,2.200089102707792
96,2.35662729556827
97,2.0027495748088153
98,2.0860928709813154
99,1.9132802253884806
100,1.6922737393166187
101,1.6117656507335543
102,1.7349975749372692
103,1.9276698295937367
104,1.526583480947008
105,1.0933193863739143
106,0.5271922939973361
107,0.4437852211062854
108,0.7398226330153745
109,0.8106556309947832
110,0.8828782563891968
111,0.6017214995605036
112,0.6224467446385828
113,0.9072920336210544
114,0.9621430649079166
115,1.00011550723218
116,1.0237596968872609
117,1.0677839443044013
118,0.7942957366762204
119,0.6232837790099088
120,0.25879021094457055
121,0.00034856114570214203
122,-0.26646993968423294
123,-0.12580838400239047
124,-0.2957667282802223
125,-0.9404182652234083
126,-1.0159107193315142
127,-1.214190706144258
128,-0.6088488396929326
129,-0.3031708952832113
130,0.07320279539406727
131,-0.13945440382677754
132,-0.7111188555329551
133,-0.38677069134271935
134,0.14904882645263573
135,0.03296172382964979
136,0.28315819402850995
137,0.7563911260425993
138,0.7756307498485882
139,0.7394112297470556
140,0.16743812216539755
141,-1.631452753648821
142,-1.4277375931544767
143,-1.2026871984646692
144,-1.187013984936558
145,-1.3971401998412403
146,-1.3622731906907326
147,-1.2021152839787996
148,-1.2384965241002965
149,-1.2086045723902261
150,-0.8617067731262806
151,-1.1892322041675674
152,-1.661806981831826
153,-1.5528881216122836
154,-1.4582243872736211
155,-1.2848117213614563
156,-1.459369982578529
157,-1.840049635167007
158,-2.3463751512462494
159,-2.722583313031146
160,-3.1680816544847668
161,-3.6268640292774768
162,-3.206508596099411
163,-1.5453812602873929
164,-1.608410049804665
165,-1.4542141694559474
166,-2.5167618157942773
167,-2.3472627644696598
168,-2.108164809009172
169,-2.351841323850312
170,-1.866997452867225
171,-1.7005275777565165
172,-2.022816475907019
173,-1.9948228595087714
174,-2.4236958354386995
175,-2.3523916831698743
176,-1.1614668668968875
177,-1.4467006687847395
178,-2.2258740502089314
179,-2.4175781625201287
180,-2.919886655880888
181,-3.0962388478429137
182,-3.378845591078239
183,-3.117525353009565
184,-3.559142627521805
185,-3.177174353995471
186,-2.4344351223681504
187,-2.908533219949727
188,-2.078806906487174
189,-1.956733843451397
190,-1.8262841383210215
191,-1.8245189182443333
192,-2.419103374796683
193,-1.7881987713059044
194,-1.598171823060357
195,-1.7201927814633255
196,-2.0325995840792976
197,-1.8268102070980285
198,-1.7446940416983692
199,-1.6889927179802422
200,-1.860734184310786
201,-2.727723270946425
202,-3.6161527247977387
203,-2.35406506831759
204,-1.6137282577219025
205,-0.6643426675870034
206,-0.5935860735362453
207,-1.379517534489838
208,-1.192963457449836
209,-1.1633606302406507
210,-1.3134569426503928
211,-0.8876579495509351
212,-0.8753474382832138
213,-0.9986484559270647
214,-1.175548711029617
215,-1.1978531338677878
216,-1.1954296923075813
217,-1.2967181371229985
218,-1.8221919820279098
219,-1.413947474548849
220,-1.501688897113751
221,-1.117916767802174
222,-0.3710126530551583
223,-0.5091383193964516
224,-0.10775205128104037
225,-0.2576771531609068
226,-0.6361330735623283
227,-0.05450120692498395
228,0.7688619408646513
229,0.6832700976733053
230,0.8788134210059972
231,0.8691074530286835
232,0.909751740217013
233,0.8201658603241624
234,0.49013700552191786
235,0.5867815714075686
236,0.5197473324282997
237,-0.0477932681904214
238,-0.5650259591136408
239,-0.47427729827010934
240,-0.4180273623253905
241,-0.6299694181181037
242,-1.2741723037900554
243,-0.8481968520727023
244,-0.4198320858200266
245,-0.27939206547570317
246,-0.4054593930248318
247,-0.532929820037531
248,-0.45336455926904273
249,-0.7955504086543996
250,-0.9978695941921356
251,-1.7389637947950787
252,-1.8174306680817431
253,-1.9904765880323305
254,-2.4583911410473003
255,-2.7737747410708224
256,-2.357976562192854
257,-2.548926105817839
258,-3.6349738634846696
259,-3.6069658363373835
260,-4.282083693365002
261,-4.069523677660047
262,-4.85073927177252
263,-4.657305370987597
264,-4.3148857376011485
265,-4.373420391822103
266,-4.382484359556161
267,-5.905766640523047
268,-5.953297895726218
269,-5.569780310563333
270,-5.662673112215666
271,-6.494975939677083
272,-6.796950037892535
273,-5.393033716134765
274,-6.137588645999936
275,-6.256254702301167
276,-6.810275293135238
277,-5.986677146443997
278,-6.052493696919326
279,-4.6910234498601655
280,-4.318765653847456
281,-4.246226548404275
282,-3.9557124780949082
283,-3.3558999086412356
284,-2.2073472981866904
285,-2.4394198333375083
286,-2.3291426166104023
287,-2.5098092250820603
288,-1.2743327802719584
289,-1.193645960757883
290,-0.8900150098071768
291,-1.1699902552107955
292,-1.0443574439318426
293,-0.9343016462653564
294,-0.9414296907202968
295,-1.1040358046096377
296,-0.867650084838989
297,-0.8742238688263071
298,-0.48674925276985803
299,-0.6405677616051264
300,-0.5952874678468056
301,-0.187732651180339
302,-0.20730526100594115
303,0.09664293543720781
304,0.09605677604649365
305,0.24821007795625682
306,0.02199032146308344
307,-0.10823256265997117
308,-0.09979262801128597
309,0.03480151574539736
310,0.18260332416202285
311,0.04646118800837318
312,-0.11149812414930071
313,-0.16182547183644092
314,-0.8644665642850713
315,-0.7669258655951472
316,-1.2236747032671524
317,-0.5218663814138713
318,-0.23888743067459473
319,0.03234203448947426
320,0.5988581710856478
321,0.8444374448917769
322,0.8009866506936802
323,0.6954521925721879
324,1.488595253063707
325,1.4780009369134817
326,1.4359638696776145
327,1.3231653701015755
328,1.4359382957895184
329,1.4451714350289135
330,1.3710603297192092
331,1.3331256768124966
332,1.4341232132826676
333,0.16128076091941335
334,-0.19184224783909132
335,0.09375961341619998
336,-0.30086268331821486
337,-0.9244339701153126
338,-0.9015263397966655
339,-1.1369363231907292
340,-1.2578974812239685
341,-2.054790881029267
342,-0.765824517194913
343,-0.23450183326982899
344,0.07538127075230605
345,-0.15758327887041013
346,-0.5276010658389785
347,-0.3842622317090316
348,-0.4000269876112683
349,0.31378166274427244
350,0.3380542264723285
351,0.4818291128171115
352,1.2135952895140356
353,1.1482399857428938
354,0.5998030320805814
355,0.8858876020391815
356,0.7993803052115611
357,0.9764846079674205
358,0.7883760472942924
359,0.560394806470299
360,0.535219686011601
361,-0.7306270952323279
362,-0.7934069940319866
363,-1.0237755251035652
364,-1.022691205073456
365,-1.129832214666504
366,-1.250831509537631
367,-0.8706055613560193
368,-0.7341833400074882
369,-0.25364809801552424
370,0.04522169277956234
371,-2.07002149694836
372,-2.7238854621783215
373,-1.7922414892734384
374,-0.9930022231730451
375,-0.7222115017384012
376,-0.6697039607344801
377,-1.0010834350207887
378,-1.2034920903877366
379,-1.2649486432338763
380,-1.5128616241680493
381,-0.9185056237925537
382,-1.0934376484332708
383,-1.335821819552152
384,-1.639281476475507
385,-1.5022662650058916
386,-1.5686032912801684
387,-1.9578898651858245
388,-2.0291752555942066
389,-2.460392506144038
390,-2.540914956132667
391,-2.500579901679356
392,-2.380740613201182
393,-2.2367982289008492
394,-1.989655890401154
395,-2.4350435423009187
396,-2.4222231232351787
397,-2.501061041438124
398,-2.3693188149503275
399,-2.148572061238052
400,-1.96404307929815
401,-2.018830685018924
402,-1.880096650677343
403,-1.6823597167708204
404,-1.5076229648546158
405,-1.567811099704275
406,-1.4758010720608228
407,-1.52487968450582
408,-1.6849594784383637
409,-1.5892944129314968
410,-1.9036186332745175
411,-2.3888169471202536
412,-2.2750494889646644
413,-2.3947655884918984
414,-2.370743812970977
415,-2.2531240304384026
416,-2.358303598352385
417,-2.294608867195014
418,-2.9193947557610844
419,-2.8428989983930064
420,-2.563794841651179
421,-1.963897453462915
422,-1.8015494230672613
423,-1.696591529510394
424,-1.8617715970604465
425,-1.9835255149097675
426,-2.2046477247795293
427,-2.2340051384070025
428,-1.8222880929948615
429,-2.3144693829814655
430,-2.2319399371339865
431,-2.3693975717026916
432,-1.5856123089066698
433,-1.4764138029703
434,-1.7506424352087935
435,-2.0345361116352545
436,-1.9781010469854032
437,-2.34653073059341
438,-2.6102272302738427
439,-2.5218818419236566
440,-2.3568591673207573
441,-2.1834337916501356
442,-2.1852520295166378
443,-2.6539379709605626
444,-2.8847249943415587
445,-2.823804586685641
446,-3.2687842462557293
447,-3.3522161375488135
448,-3.673513700277342
449,-3.87507266000342
450,-4.032175814749117
451,-3.931860433216383
452,-3.8890039263040577
453,-3.8189110962993156
454,-3.868555177851951
455,-3.560452910943246
456,-3.4575152387470665
457,-3.6643330453084877
458,-3.8111528972636144
459,-3.179194858550227
460,-3.333359678488368
461,-3.7013724812771986
462,-4.117215183975109
463,-4.130559778329557
464,-4.2215524790819465
465,-3.9263250636476954
466,-4.048961101463622
467,-4.314559517084959
468,-4.553797781770131
469,-4.899287855600242
470,-5.028404504914219
471,-5.0323664465199975
472,-4.739510264268798
473,-4.6977375479659855
474,-4.804425761681963
475,-4.537070366952111
476,-3.789943709450716
477,-3.6580574813942834
478,-3.667230617829287
479,-3.4039608394745735
480,-3.1495924716869905
481,-3.6626957119549552
482,-3.7203704590877518
483,-3.887849653344877
484,-3.6558725956091442
485,-3.598404363429597
486,-3.1935232395086888
487,-3.3904898715755416
488,-3.162043339635101
489,-3.471116691514453
490,-3.211177110747798
491,-3.451959833251683
492,-3.791728134412764
493,-4.117594307429684
494,-4.079556538410001
495,-4.00255517668473
496,-3.8923449244937403
497,-4.019107944790279
498,-3.2995369473203473
499,-3.1860304230450165
500,-3.2576712221886406
501,-3.2251535148923427
502,-3.508133673411229
503,-3.0639033818398165
504,-2.5491952618606595
505,-2.18746729860525
506,-2.4240115997499423
507,-2.0400782535988093
508,-1.6533307393103436
509,-1.673916422746502
510,-1.4485897398610614
511,-1.1551680162614542
512,-1.2636284610969772
513,-1.3026947766740848
514,-1.2863295734260927
515,-1.0629755247923978
516,-0.9850308245545003
517,-1.023117221043135
518,-1.008016055045191
519,-0.9874113039069821
520,-1.344844887447505
521,-1.0220790121514223
522,-0.9250623425436033
523,-0.9690697057768927
524,-0.8141845237938483
525,-0.6893364870806162
526,-0.6727936319037009
527,-0.4889670118236933
528,0.18823821916693628
529,0.20291409421651085
530,0.2521710894048512
531,0.40542434741348554
532,0.7883766220374344
533,0.6143289101649518
534,0.7791034777425709
535,0.7511504851857254
536,1.0656027574899252
537,1.0800896637643387
538,0.9439827596244177
539,0.18917888946388128
540,0.07371786300336414
541,0.15290516237205232
542,0.20534680009753892
543,0.16807195682826404
544,0.19192572741082436
545,0.11312115635409015
546,0.07530593832389965
547,0.07304071828160286
548,0.18731527797830605
549,0.22881802781979932
550,0.2765543925677738
551,0.3638938040928741
552,0.4726359077154685
553,0.9918411291919726
554,1.165657748107174
555,1.1047816728387172
556,0.47796081359143816
557,0.44689834924545035
558,0.3976764698414126
559,0.2953178081882779
560,0.288745956751435
561,0.34991633669778643
562,0.4611223098310413
563,0.444857766345641
564,0.46091255170874756
565,0.5615117473024345
566,0.3051390262272413
567,0.07111648085760258
568,-0.41410532745495
569,-0.6860628205211494
570,-0.5105919172019968
571,-0.5868950751832025
572,-0.593435844520751
573,-0.5637244870397962
574,-0.47468301802429114
575,-0.5025109476228917
576,-0.05194690559513493
577,-0.04155253068862663
578,-0.08938616366781504
579,0.013489234901742364
580,0.2342153155220128
581,0.11392544483381783
582,0.1264643123707554
583,-0.30745820641131516
584,-0.3180146157224395
585,-0.36365214423870196
586,-0.33597390767210467
587,-0.9658437541774534
588,-0.8579272709885233
589,-0.8256895898370087
590,-0.6275319271594082
591,-0.6898026513976863
592,-0.3308064675767386
593,-0.2034695458519642
594,-0.26729434835078836
595,0.2765614573468689
596,0.11091056218641704
597,-0.12241446846389392
598,0.036241808562298417
599,0.3973755588798422
600,0.5631076701003712
601,0.501687782419924
602,0.5606974275081722
603,0.7941751453008905
604,0.7486237797963646
605,0.2431213723321335
606,0.3052319536881454
607,0.32694958259489315
608,0.30485031313884914
609,0.23213613449657444
610,0.3596498072390375
611,-0.05868798861761171
612,-0.9148491761484356
613,-1.0110746259310854
614,-0.8367659629579971
615,-0.6755434277872951
616,-0.7437927258668875
617,-1.0744615711293037
618,-1.033627846147056
619,-1.0100026989438793
620,-1.140694514697027
621,-0.789827092005646
622,-0.7724476867883467
623,-0.553650663727423
624,-0.6376488956160498
625,-0.7506207768754214
626,-0.6665684654624138
627,-0.3370399943973812
628,-0.28724745787583883
629,0.037879840847487856
630,-0.12538931920986762
631,-0.23199969616531924
632,-0.05776610824363981
633,0.09991297570326463
634,0.3254228819522975
635,0.6060795459742252
636,0.6925072110227859
637,0.7049877124563286
638,0.7194230677306734
639,0.9462302618345131
640,0.2843707897459913
641,0.6103784695836056
642,0.45489653586749945
643,0.21411839412899258
644,0.7506993408210594
645,0.7318382618241026
646,1.5123849831323755
647,1.9503389368018764
648,1.9161597057861801
649,2.012331780512211
650,2.120541110047358
651,1.9894269884780824
652,2.0979214831716275
653,2.0361217148227917
654,2.1149360770668313
655,1.1418390561658498
656,0.8252397756896901
657,0.8812369913946405
658,0.9304853582518646
659,0.9226409166078975
660,0.5092658422607421
661,0.4067202282260096
662,0.3134044957902704
663,0.6438255282779526
664,0.3249431952648374
665,0.4182764255279636
666,1.3125569776352597
667,0.9524101341877644
668,0.9637397521354174
669,1.1396438098883799
670,1.3333959664283634
671,1.733068455937814
672,1.4429664365010364
673,1.476562211589183
674,1.7810622425421752
675,1.7107837430818007
676,2.3244425147712633
677,2.5379958284651893
678,2.439813537431723
679,2.7813220447021614
680,2.7115960004179485
681,2.8580150244735814
682,2.6842716964947444
683,2.6369060179027404
684,2.3807622642568083
685,2.562431826917644
686,2.3031497491158737
687,2.3525327580240063
688,2.5173027673126347
689,2.614706256941557
690,2.7724156985673654
691,2.792664537029088
692,2.9936930801107486
693,2.373948020969885
694,2.4117394609756593
695,2.2968740183454184
696,2.5251668562280116
697,3.025962193708409
698,2.894483291920147
699,2.7843599438373223
700,2.788540603271339
701,2.9870322996489618
702,2.772729515878103
703,2.7266846544989454
704,2.4455335984177484
705,2.4905153815695247
706,2.805570208439656
707,2.757348684016492
708,2.4506766895703525
709,2.3945841937505152
710,1.153768965267754
711,0.8858647582008494
712,1.2649539424135048
713,1.3556447235788305
714,1.2660051553207152
715,1.2549007770590537
716,1.3657275704478833
717,1.3239619668658165
718,1.133854795569178
719,1.0267600978330016
720,0.9509188688879622
721,0.8788837123280713
722,0.8143247319170488
723,0.6073573762188644
724,1.4043065421412981
725,1.5174092493453806
726,1.6443911618342355
727,1.7558974423312446
728,2.091161793182583
729,1.938402772510428
730,1.7627802310319574
731,1.641248143681251
732,2.1018251539461907
733,2.053438310948641
734,1.9072218966733612
735,2.198893442261851
736,1.6235758545492862
737,2.00844707845782
738,2.183993389027372
739,2.029035595810025
740,2.064255852792307
741,1.8968427189596015
742,1.7673122519919815
743,1.7300191822867683
744,2.502953829259935
745,1.753336423074936
746,1.7106754207557806
747,1.8534025138146504
748,1.8854328203647075
749,1.8407177526841734
750,1.3714317187275116
751,1.267149182612859
752,1.2099776452926037
753,2.033036834744295
754,2.2684964778467487
755,2.3569346568087512
756,2.524632496813206
757,2.601791551172483
758,2.9743267466388
759,2.898363502859591
760,3.0626385386052224
761,3.357885526676796
762,3.326026336606547
763,3.364771768726893
764,3.327406098624097
765,3.4042773326523834
766,3.3204060373917654
767,3.9510628388025326
768,3.8978398103080902
769,3.952349886130979
770,4.196941594455561
771,3.920632088572207
772,3.5191152390328773
773,3.69939266080368
774,3.3646387019796054
775,2.547436092186728
776,2.0945520963791653
777,2.1623387734988953
778,2.369996954785414
779,1.6276779667182772
780,1.365552459671182
781,2.599732415166822
782,2.9081368775332184
783,3.045725951878686
784,4.056389947585948
785,3.9316457017206874
786,3.94549537857547
787,4.092790522420198
788,3.502213366854212
789,3.769968492156739
790,3.751375646756583
791,3.3305626070272654
792,3.274819149327479
793,2.9247832510751914
794,2.840425592661444
795,3.320564533074477
796,3.473506560991302
797,3.4038347727290974
798,3.883349973999617
799,4.091639675833014
800,4.444497646197365
801,3.9481896408041006
802,4.49687582249334
803,5.062915509335264
804,4.950482664312061
805,4.438326184672059
806,4.396953868407194
807,4.344529454426982
808,3.7865878839189904
809,3.1569753074259355
810,3.8729324960868228
811,3.4906032151604593
812,3.2739829720182634
813,3.437053456747652
814,3.3202457128154172
815,2.7373646078874936
816,3.1225243020817306
817,3.1856512223553235
818,2.6388541763875617
819,3.3068324943551275
820,3.0171792174998435
821,2.870171872772742
822,2.890435738673358
823,3.100153197065114
824,3.176652726875373
825,3.295972461269847
826,3.3438547999145474
827,3.303526438157811
828,2.526555185450441
829,2.4485794013600293
830,2.8114415341066623
831,2.8114415341066623
832,3.254131423383755
833,3.8593281059236206
834,3.8806137451543377
835,3.831733334012699
836,3.712849028927323
837,3.637127768474846
838,3.603955357811972
839,3.6120855476982294
840,3.731485386847111
841,4.017079462466255
842,4.539412168489609
843,4.782163240348458
844,4.803974929195642
845,4.70570414150755
846,5.0838139379591585
847,4.854096803953123
848,3.7397523390546583
849,3.312001764435757
850,3.6230596477796917
851,3.509931339150074
852,3.190437270836455
853,3.8766346343230618
854,3.585586261016882
855,3.220136054951439
856,3.501077631125016
857,3.7058038978026175
858,4.156613629671657
859,4.137615502401992
860,4.037865028106302
861,3.9654520565116647
862,4.285527942390788
863,4.381548217049436
864,4.2707192111258285
865,4.346715249766375
866,4.414989655681967
867,4.4124656835183185
868,4.399316837643363
869,3.871980986692214
870,4.156661462850542
871,4.005665674054115
872,4.035575032632188
873,3.8562266944541346
874,3.8797411601968035
875,3.368963823084292
876,3.1756101931102565
877,3.4537564566591517
878,3.594493085233874
879,3.654598165188805
880,3.8320496640114277
881,4.134777795378741
882,4.330542688096006
883,4.161581146326232
884,4.206192258265906
885,4.0886256396458265
886,3.834411666855897
887,4.080598865564089
888,4.452573507280877
889,4.414054679388513
890,4.187519277251073
891,4.332202182928424
892,4.319330009454725
893,4.210812748684001
894,4.752731445231917
895,4.583784087310261
896,4.403352223218726
897,4.1499910335526025
898,4.030119418490363
899,3.0662368683608276
900,3.1564711297991765
901,3.6471885861154574
902,3.446347458681309
903,3.4629450266314254
904,3.496785208627462
905,3.4465674813327407
906,3.318617894194409
907,2.661612009654779
908,2.9940543928470342
909,2.317677517177641
910,2.564026629563698
911,2.7624285342729094
912,2.7913808293546394
913,2.9109758739233937
914,2.699939351555747
915,2.6086033599406866
916,2.75204646229561
917,2.712600843804558
918,2.400339445827604
919,2.5023240740953856
920,2.4396547020011816
921,2.4986015167083764
922,2.5679845219502173
923,1.638451031421262
924,1.6050781968519834
925,1.7758450065036513
926,1.784602949527092
927,1.899377536697755
928,1.9590616953871098
929,2.123953474946827
930,1.8535463596697888
931,1.897401773570473
932,2.496757722779197
933,2.9521531688542657
934,3.0006674192359473
935,2.8532485567270394
936,2.7535595708406024
937,2.5899238567161253
938,2.9085353818743664
939,2.854724201249814
940,2.810919579856752
941,2.5813134686329953
942,2.433696778510752
943,1.7652324081360193
944,1.3637566990547745
945,0.7493999454802891
946,0.8547346861154548
947,0.06676148669368942
948,0.29586906931560186
949,0.7526432121183424
950,0.6380904969498502
951,1.084450438582607
952,1.1423666715259628
953,0.9462070984335158
954,1.1423049840856292
955,1.490559379343126
956,1.0473990073142536
957,0.5868888352033474
958,0.9266524828120293
959,0.800005640689494
960,0.5185963899768886
961,0.3536158521323385
962,0.7598449134679219
963,1.0245013186893637
964,0.5106154909109373
965,0.27541903718970584
966,0.6283312232673088
967,0.8859663312516419
968,0.6988616782153123
969,-0.03866885249166341
970,-0.26193912268719366
971,-0.2539332229730906
972,0.1035137669757269
973,0.5306144647798439
974,1.0097603836485947
975,0.6944741201212246
976,0.03032575447077246
977,0.7728843227047699
978,0.6228493886353936
979,1.42722984767365
980,1.3528414044756243
981,1.5083533985445818
982,0.5959328077255632
983,0.7623709801600542
984,1.6340251833724784
985,0.6347609948431865
986,0.4739775035578653
987,0.39921035790819737
988,0.3627836701096898
989,0.4969435715834969
990,0.9222328836521188
991,0.8703704412936775
992,0.7600528846373189
993,0.5219531655190179
994,0.3552255052462039
995,0.11727650658923672
996,-0.13559526085419327
997,-0.36782190864622644
998,-0.46521476660088545
999,-0.0725521333165613
1000,-0.6213704735526626
1001,-0.1431429259671657
1002,0.17142845268671714
1003,-1.0603530290809293
1004,0.1841808189631866
1005,0.6129391784691407
1006,0.7512407393146292
1007,1.880686453676339
1008,2.0865441103646853
1009,1.6485901411047887
1010,2.261884531135294
1011,2.6613570019440536
1012,2.9480167455157025
1013,2.332310103306745
1014,2.9754994015188885
1015,1.844502422580807
1016,1.752628633244524
1017,1.7355145465302257
1018,1.9905130005334337
1019,1.9510074773452901
1020,1.8650783114728675
1021,2.178937971337569
1022,2.1487545496445604
1023,2.1632430705868844
1024,2.20937272988031
1025,2.334952730769957
1026,2.1588135725006063
1027,1.560122031181077
1028,1.6435344165790067
1029,1.505541407578126
1030,1.5270238474665243
1031,2.453709347863686
1032,2.438174296382889
1033,1.7869893835059658
1034,1.9157457321292926
1035,1.8246378079319836
1036,2.660113126055763
1037,2.0055478952067496
1038,1.6232124710118923
1039,1.9925677871321268
1040,1.9460368778262405
1041,1.9457505134960584
1042,1.6701305988416681
1043,1.6152054634844593
1044,1.786575793955314
1045,2.2132381302587323
1046,2.139238197931559
1047,1.663929928196528
1048,1.9093596539912605
1049,2.138176017064164
1050,2.348138938430422
1051,2.414468869098174
1052,3.1020597549840767
1053,3.3249038886711713
1054,3.1782794358983013
1055,3.307027106859728
1056,3.1456957858516876
1057,2.8171092767032
1058,2.612526217695832
1059,2.73964855068185
1060,2.611224401162082
1061,2.6049583057382364
1062,2.9565594037414433
1063,3.226714877448189
1064,3.252563354585103
1065,3.4972194104471166
1066,4.026088395400751
1067,4.103562943910455
1068,4.276865481713177
1069,3.771978237170548
1070,3.5362958299610225
1071,3.553943600367493
1072,3.4466742709046594
1073,3.3620770078766737
1074,3.3958922371053246
1075,3.7522437867718805
1076,3.0567255590069564
1077,3.0999461166155706
1078,3.4499219955901106
1079,3.1988538151543455
1080,2.8785372004582976
1081,2.8198774789120806
1082,2.9231472443218776
1083,2.958072635958464
1084,2.86537943085281
1085,2.942609236890581
1086,2.8622467472237068
1087,2.6449633612920076
1088,2.4114353561928814
1089,2.1648215321176334
1090,1.6757320754590133
1091,1.7550466485003247
1092,1.3341177042418773
1093,1.8194806654455054
1094,1.8533015371113182
1095,1.9228509637984503
1096,1.4231497505261315
1097,0.7885725836270341
1098,0.8701325520417358
1099,0.8242964188194257
1100,-0.3889922611418406
1101,-0.30963868128296435
1102,-0.595327832584569
1103,-0.884992726779743
1104,-1.1250624825467792
1105,-1.298055431680467
1106,-1.6492295497337217
1107,-1.9200584416995459
1108,-1.7990966769651395
1109,-1.8345978945565111
1110,-1.69693147578176
1111,-1.6626572905062198
1112,-2.2326578002914155
1113,-2.7141994905720224
1114,-2.088986198471743
1115,-2.6700161936197175
1116,-2.7448970735085343
1117,-2.5285342920354337
1118,-2.4403833915454975
1119,-2.2621980711565404
1120,-2.32900814322623
1121,-2.1181883954105363
1122,-2.239988397431125
1123,-2.133188885641768
1124,-2.1489331485770258
1125,-2.0934858843306148
1126,-2.0046554770701386
1127,-1.9490536796300195
1128,-1.9339710856463577
1129,-2.09433075152039
1130,-2.3325131357550877
1131,-2.120688176063168
1132,-2.070457790499891
1133,-1.8839095427940156
1134,-2.059345068141105
1135,-2.088580146415997
1136,-2.185620807079214
1137,-2.4021967466707816
1138,-2.690641269794347
1139,-3.589231643069757
1140,-4.035564027220728
1141,-3.986447292996975
1142,-3.9282123798233592
1143,-4.1283664906459405
1144,-4.135640214575009
1145,-4.303588046084039
1146,-4.608287462090754
1147,-4.8874085749998635
1148,-4.939416540771136
1149,-4.98637239387566
1150,-5.85810882757003
1151,-5.711765302334404
1152,-5.83274728847456
1153,-5.219786657149806
1154,-5.885298482215362
1155,-6.159872330955263
1156,-5.934612628285352
1157,-6.3108972364366185
1158,-6.360405520566015
1159,-6.216258041527622
1160,-5.688533199348833
1161,-5.597063447002948
1162,-5.573289254336256
1163,-5.895584716583036
1164,-6.311809146332459
1165,-5.994487391918635
1166,-5.783264941451504
1167,-5.767183911128604
1168,-5.713607473418958
1169,-5.442302095670271
1170,-5.570638276902629
1171,-5.3995794131240675
1172,-5.107784736440224
1173,-5.202407787283048
1174,-5.087702880974909
1175,-4.48654246953436
1176,-4.298980037192512
1177,-4.138937170248857
1178,-4.268347877368372
1179,-3.9324009336154986
1180,-4.753930417929986
1181,-5.073659946734366
1182,-4.8685085301848225
1183,-5.11318995264316
1184,-5.709100029223446
1185,-6.665604657583469
1186,-6.501836951020357
1187,-6.385038181969172
1188,-7.045292686556803
1189,-6.835087899400616
1190,-7.648924446952754
1191,-7.760492955718479
1192,-7.47332293446723
1193,-7.58296015917117
1194,-8.07802383161893
1195,-8.59463752348768
1196,-8.41503582319445
1197,-7.418716571753903
1198,-7.125103687682744
1199,-7.055305707626369
1200,-6.7190816072591915
1201,-6.639628511174022
1202,-6.5935660413910195
1203,-7.1688452146491555
1204,-6.9879780358161
1205,-7.012756388635566
1206,-6.802151115267319
1207,-8.130573364031779
1208,-8.312435125998752
1209,-8.065006692875398
1210,-8.348352105391543
1211,-8.281262947261004
1212,-8.026622438286758
1213,-7.530341888181347
1214,-6.958554586519739
1215,-7.51638034629244
1216,-7.56449104365794
1217,-6.793507972054269
1218,-6.630148156079119
1219,-7.130858144425034
1220,-7.416744101990069
1221,-7.509927847183128
1222,-7.551331197455902
1223,-8.241193350736387
1224,-8.187715323363964
1225,-7.448269172278743
1226,-7.306097706152781
1227,-6.946737411256299
1228,-6.826182466566399
1229,-6.204440592050375
1230,-6.5881157922216715
1231,-6.872330945000371
1232,-6.794050925393047
1233,-6.768598589334818
1234,-7.258610845547464
1235,-6.93499340198267
1236,-6.336962628995657
1237,-6.339130595851328
1238,-6.605572708939189
1239,-6.6231944260716435
1240,-6.311660688201803
1241,-6.26070203838085
1242,-6.582486351930039
1243,-5.914295836904227
1244,-5.44634669737124
1245,-4.966013028181959
1246,-4.71338576821595
1247,-4.687700797897076
1248,-4.789623918628772
1249,-4.809005865866977
1250,-4.8614953328993575
1251,-5.132114838229096
1252,-5.145134122813245
