,Portfolio Value
0,11985.838124733586
1,11983.84506748665
2,12010.73198035789
3,12061.932734786167
4,12019.235411299695
5,11856.06906181417
6,11857.477021269837
7,11847.325054241623
8,11851.184105070555
9,11842.10346894738
10,11844.434070639008
11,11932.093789317754
12,11945.6837775952
13,11936.588547155428
14,11921.903896130098
15,11923.977363733724
16,11848.43502769635
17,11847.194620290193
18,11833.901580900194
19,11836.1054055944
20,11845.741739241703
21,11877.589162815222
22,11885.296758250397
23,11825.995152444611
24,11858.882946175036
25,11904.498474349699
26,11845.313746463431
27,11860.068983026804
28,11882.416340104679
29,11839.918289575118
30,11851.343017223902
31,11849.932556658972
32,11814.190536746222
33,11778.737234005752
34,11785.433981797987
35,11739.96095940459
36,11747.982015000058
37,11773.911692762791
38,11778.943451100418
39,11797.54880264312
40,11809.102802273988
41,11809.762183178078
42,11801.777892211598
43,11786.936560477634
44,11685.316163125763
45,11632.878264905341
46,11635.453864558587
47,11650.12196890891
48,11661.797608727229
49,11609.446540047385
50,11753.554799365116
51,11763.852290899724
52,11865.870758144776
53,11891.618422376207
54,11912.213694104845
55,11887.337942634242
56,11856.04562853311
57,11866.357755108273
58,11889.427614746712
59,11871.895603240544
60,11862.222630290462
61,11858.884592929517
62,11855.892572750441
63,11862.299123477222
64,11916.18895379685
65,12011.781126985468
66,12008.920592243476
67,12003.871098446427
68,11994.129811813165
69,12006.295548812006
70,11905.487013099857
71,11906.237636687722
72,11933.831012342087
73,11951.450412350581
74,11994.433287502477
75,11996.310409748312
76,12023.72668701823
77,12104.819481511013
78,12083.44194595955
79,12082.957697658767
80,12045.874419360427
81,12051.428458100536
82,12054.987595884915
83,11901.787005041984
84,11867.925164390917
85,11881.410951292764
86,11890.763157351275
87,11903.479417836566
88,11850.761059660412
89,11858.561190497992
90,11853.637894252339
91,11906.029245611686
92,11881.957357278354
93,11861.367620176354
94,11884.661850307777
95,12004.992120592538
96,12014.665237715306
97,11978.519765051911
98,11987.24855809327
99,11979.239196661267
100,11982.190737874214
101,12009.749741161946
102,12030.542991454138
103,12051.06930982039
104,12043.953012456162
105,12021.413964500292
106,12004.262982981038
107,11981.931867808673
108,11993.94648923726
109,12001.481730666534
110,12004.282164865712
111,11917.006935591304
112,11921.403701155286
113,11938.581507366282
114,11934.554401660665
115,11952.517509272795
116,11951.203359391546
117,11949.797182520531
118,11880.724557831742
119,11865.000544127332
120,11760.70780671946
121,11716.813934737678
122,11675.592818901372
123,11703.208428619848
124,11668.36227240992
125,11519.014398207944
126,11497.395351660918
127,11481.498200222235
128,11588.73185691241
129,11612.750779553744
130,11656.020205415798
131,11641.733971396858
132,11573.362184162277
133,11693.246639602296
134,11851.578664399149
135,11811.027522588654
136,11842.387859952014
137,11883.306207218297
138,11880.254088781148
139,11877.73368876641
140,11737.492930643832
141,11601.098142552222
142,11619.797702306581
143,11637.460273866636
144,11632.298563976663
145,11576.493798992246
146,11588.7742206978
147,11573.289295431508
148,11588.874789823967
149,11582.161256159941
150,11670.995817363148
151,11632.823287369982
152,11459.240030412635
153,11462.043843966458
154,11486.714572001176
155,11552.733636412746
156,11536.269076647535
157,11500.940593965426
158,11469.424989440417
159,11406.842360238426
160,11163.601386286527
161,11102.729177480753
162,11150.470801852382
163,11317.85384199706
164,11314.224367800764
165,11307.361333599785
166,11142.789249667792
167,11166.73580561389
168,11212.219464889944
169,11159.443298325185
170,11195.94190842393
171,11232.66251277381
172,11216.002458044488
173,11191.453363901646
174,11163.740568275636
175,11177.737846259095
176,11321.336884801589
177,11304.26415100695
178,11234.628352511902
179,11196.125391168342
180,11105.69095637291
181,11095.676099319677
182,10955.72680993356
183,10993.875830890647
184,10963.933611033135
185,11043.576781790023
186,11146.831519097603
187,11088.794794629044
188,11228.877767361631
189,11240.156638965447
190,11293.86345269817
191,11294.84335551793
192,11221.701928282771
193,11301.909646344986
194,11341.28192805939
195,11334.974665268293
196,11281.430530864007
197,11402.246693368314
198,11411.235080019902
199,11385.923566886662
200,11366.253385635402
201,11338.002726104605
202,11352.420550082377
203,11383.113586503277
204,11450.225465386844
205,11516.890183523254
206,11543.095066074608
207,11490.465103507348
208,11534.89312916139
209,11576.882685959696
210,11534.803352596602
211,11602.31499859361
212,11615.724132374997
213,11617.930807590592
214,11601.863965139222
215,11647.183236371968
216,11660.24883939726
217,11635.410514196094
218,11579.819448292523
219,11619.241124930824
220,11602.947967742815
221,11814.349687707265
222,11975.019952442884
223,11960.98112107855
224,12012.514395634766
225,11995.363567915338
226,11956.994757143897
227,11985.692041579361
228,12052.959760549917
229,12070.892694918795
230,12054.830129109556
231,11974.807816330642
232,11947.550829727483
233,11888.579479019192
234,11855.707527878367
235,11887.792703999046
236,11875.601288222322
237,11808.013818974488
238,11711.506976404326
239,11716.604041488818
240,11717.350424921815
241,11705.954907584308
242,11694.852160229864
243,11724.872505191386
244,11727.415000828063
245,11788.213646099628
246,11755.2969350249
247,11731.911795360596
248,11760.471324510876
249,11677.36333577365
250,11665.14909171251
251,11637.064700034245
252,11618.739723625784
253,11581.165966477472
254,11425.423789808096
255,11396.216655230754
256,11403.884618737116
257,11391.860015229222
258,11327.920265907793
259,11322.809450406801
260,11153.505221502914
261,11173.011130765208
262,11094.615968512047
263,11178.242844906128
264,11208.49954274339
265,11193.861345244408
266,11203.422898015679
267,11172.197238533276
268,11171.785778615276
269,11232.051570111047
270,11254.053322762502
271,11178.207008282687
272,11063.24456901279
273,11222.498839651447
274,11226.969933178134
275,11220.525497906023
276,11212.023309398823
277,11226.938900683246
278,11134.769045587193
279,11382.620201380756
280,11462.956648312549
281,11465.886364650372
282,11523.52031794473
283,11557.139432480155
284,11632.390738746324
285,11566.544507586943
286,11556.25148017946
287,11574.73840714094
288,11949.031414786783
289,11959.335073587601
290,12007.449925420695
291,11916.629105191454
292,11968.341648375248
293,11978.613184219463
294,11954.675493741184
295,11938.466045924932
296,12006.44591328431
297,11997.663983392635
298,12062.829013523493
299,12036.722457320864
300,12029.60328154064
301,12063.958155627006
302,12068.263365847271
303,12073.7146316087
304,12069.904277424215
305,12085.754991443137
306,12082.622268589996
307,12098.404786544234
308,12098.817130379783
309,12246.194128350147
310,12344.92280727805
311,12340.375108927981
312,12330.545803155013
313,12322.856868520545
314,12263.44854435325
315,12281.882754840808
316,12269.466572701298
317,12299.252803274709
318,12334.583662638224
319,12351.13611627753
320,12410.364221508684
321,12413.509039918219
322,12408.867905749641
323,12395.239178914997
324,12467.217096938226
325,12456.732675675248
326,12454.107440014275
327,12422.372229243521
328,12454.274172445394
329,12455.395441426399
330,12394.715101223284
331,12398.34289542526
332,12435.852397566541
333,12157.742260370942
334,12106.137001867457
335,12122.768867906554
336,12106.600490738165
337,12061.50664545008
338,11927.267658522487
339,11921.544098160146
340,11868.239137020239
341,11834.61173872726
342,11869.189375604023
343,11910.069868377468
344,11937.91413982209
345,11921.693593781574
346,11873.350480573838
347,11890.616983849999
348,11874.822122507501
349,11891.925704617584
350,11913.97115972912
351,11952.431498810514
352,12249.033445709241
353,12179.87801789891
354,12139.879416915968
355,12164.777390740652
356,12149.578806073043
357,12162.88352841541
358,12176.156417975597
359,12144.126783427932
360,12126.07743283978
361,11923.845029048967
362,11922.920960656109
363,11905.297965810038
364,11905.273317520085
365,11915.215315914704
366,11910.683774039986
367,11931.644642436637
368,11923.633663861088
369,11935.75035164934
370,11978.625625486939
371,11824.878690203877
372,11719.600554771823
373,11821.82355100966
374,11933.308911829417
375,11948.978852034752
376,11950.35315775973
377,11887.320886781994
378,11845.929335071141
379,11838.352645347059
380,11773.411667277369
381,11824.27516112664
382,11819.308618105704
383,11798.64082384993
384,11798.769642047972
385,11801.748888202745
386,11802.4119622076
387,11733.129839824815
388,11728.761879061394
389,11695.682361467829
390,11682.803493309995
391,11679.648322686087
392,11671.723589287423
393,11693.987783891127
394,11698.06228567605
395,11676.605048178146
396,11681.065391714445
397,11672.845674729528
398,11681.438497594252
399,11767.064329620258
400,11900.412619447083
401,11885.24388738375
402,11926.482499141177
403,12036.323747904513
404,12077.479037615318
405,12050.146691978447
406,12053.854628140083
407,12050.492502340585
408,12030.415912329752
409,12043.238884139259
410,12016.634558020445
411,12008.734366172735
412,12011.067048228266
413,11989.634330781588
414,11950.546838370457
415,11962.630787222253
416,11942.092389850157
417,11934.170362976443
418,11855.049068427983
419,11837.977956425711
420,11871.738011724907
421,12030.813637872281
422,12041.0115220314
423,12049.70754460421
424,12031.106021570373
425,12023.015553738858
426,11967.223710433409
427,11968.209039992611
428,11992.950052920625
429,11951.235853848173
430,11957.299980516143
431,11953.623288732611
432,12198.659467964386
433,12218.214195433577
434,12208.728050795562
435,12169.010408622184
436,12175.821551884459
437,12144.009458971794
438,12098.296430185253
439,12117.413950282775
440,12125.127408535769
441,12140.006054984147
442,12138.948269270577
443,12095.321694299468
444,12071.184716987835
445,12074.514375111854
446,11993.492183411605
447,11976.713571695613
448,11945.137398310992
449,11939.714040616327
450,11922.890756361607
451,11949.432418191354
452,11887.12965506983
453,11884.642730818694
454,11872.750715373808
455,11903.353436102534
456,11916.589636535862
457,11876.846472382993
458,11806.233216716784
459,11845.101159578993
460,11830.808514207809
461,11782.544950378884
462,11771.772985642037
463,11771.489261593031
464,11765.315500794277
465,11813.624311295911
466,11754.101528662406
467,11673.80145863262
468,11610.362104442846
469,11572.581029465673
470,11550.260111257337
471,11546.677742402033
472,11570.412853523705
473,11601.922970915495
474,11570.28551469439
475,11603.612636884698
476,11598.220300014185
477,11593.138771983573
478,11590.41970964272
479,11566.96855075537
480,11586.037819217478
481,11567.239482801902
482,11532.695408952675
483,11494.179926846544
484,11526.648622721368
485,11530.561790687614
486,11547.498270142993
487,11537.636257885255
488,11542.690786007217
489,11535.84378182459
490,11620.807724483453
491,11544.582596945658
492,11525.812275463959
493,11498.624540836236
494,11497.278397623424
495,11505.605466953866
496,11503.741922285428
497,11491.05252227661
498,11501.962580613355
499,11510.736669614676
500,11494.515616020068
501,11497.57639195541
502,11467.611150519791
503,11548.259529054942
504,11590.250703203788
505,11615.68370241071
506,11585.943270793936
507,11619.34476543491
508,11680.352975217837
509,11671.182330664667
510,11660.616599020763
511,11680.825246857221
512,11681.249211533666
513,11663.97934496056
514,11668.644631909683
515,11685.55902631219
516,11715.226026275053
517,11707.080739540212
518,11696.696411370662
519,11706.560351323738
520,11689.601895509404
521,11722.643178222585
522,11731.877797910363
523,11723.278896380509
524,11725.51284621175
525,11738.201777899423
526,11763.561298254475
527,11772.173834455396
528,11805.545388731947
529,11824.675804151873
530,11839.993897448081
531,11849.145745810203
532,11905.458059428272
533,11898.162009087187
534,11943.617749273672
535,11917.408396333194
536,11922.903809694677
537,11925.887239013247
538,11883.190271730296
539,11873.4111822315
540,11863.667227616264
541,11866.104379119457
542,11888.336013328337
543,11873.179376681426
544,11874.271271108219
545,11869.842477384362
546,11858.115620288767
547,11855.323055188406
548,11870.338666687563
549,11869.869783239796
550,11873.466249836718
551,11867.987555433727
552,11882.176155968495
553,11953.752213445941
554,11954.60588356637
555,11948.016279066775
556,11880.589408447371
557,11880.643939176862
558,11879.425323700942
559,11854.82722308305
560,11857.419692693296
561,11882.982864442001
562,11894.182223787786
563,11900.218307460067
564,11903.922933491132
565,11924.336535299104
566,11915.184339382595
567,11885.502609343563
568,11873.265861671649
569,11868.234551348147
570,11865.854576691901
571,11843.989781811382
572,11828.494503375985
573,11847.319523754357
574,11869.221511306856
575,11868.144062759098
576,11929.256823144136
577,11931.50297200641
578,11913.92797610747
579,11991.615686787269
580,12024.449006916791
581,12013.383973867
582,12010.824363021236
583,11966.452337212297
584,11965.031409576966
585,11982.317850624899
586,11986.978612942019
587,11915.428957549842
588,11934.784730142426
589,11936.469718651739
590,11962.553833587059
591,11961.368034075265
592,11976.124137627818
593,11978.875895299081
594,11949.400269990196
595,12055.487619029553
596,12042.792134519532
597,11982.371873303458
598,12006.114242753212
599,12057.721886322282
600,12063.628476681142
601,12047.376448855503
602,12066.564199333943
603,12060.549766168071
604,12066.210547927783
605,12047.564976313097
606,12052.811406697718
607,12057.375303034878
608,12056.067523290458
609,12047.029304831216
610,12080.679595783027
611,12049.029141188606
612,12039.754711728772
613,12013.711042273968
614,12013.169041196314
615,12012.239425613026
616,12006.453763211573
617,11968.965439131623
618,12001.371672382083
619,12012.295815082645
620,12016.70059168616
621,12029.878941407727
622,12028.133324611415
623,12034.324082893861
624,11990.837873041171
625,11985.803585320835
626,11991.012156150859
627,12049.302814352652
628,12067.75701076957
629,12069.98459448746
630,12037.111657655081
631,12033.512103322177
632,12042.5232963602
633,12046.41697325835
634,12061.870176515593
635,12064.501112627528
636,12088.739434122535
637,12090.429468022327
638,12094.034734724624
639,12134.893005795242
640,12107.71969346917
641,12231.748675029256
642,12213.72137941275
643,12193.304214476642
644,12257.878277590518
645,12257.838741345055
646,12390.37834810766
647,12412.928835820238
648,12411.031530033733
649,12397.860058216784
650,12396.72704106668
651,12383.133118599018
652,12394.42425660442
653,12344.80019086658
654,12350.124325410685
655,12311.271694571906
656,12309.677800050737
657,12313.671637688109
658,12320.289278867198
659,12304.188643445832
660,12257.519673688905
661,12246.902481741037
662,12211.8929290255
663,12228.515336494083
664,12203.577939246765
665,12296.789535167143
666,12403.660398137794
667,12299.866645079142
668,12298.539894053318
669,12301.72037322828
670,12332.626028132401
671,12376.740367722254
672,12349.960987047527
673,12333.705048387214
674,12373.074413227549
675,12313.800996769269
676,12348.449376661763
677,12383.413545995147
678,12380.145482641978
679,12404.722290000182
680,12444.505086679977
681,12442.270406167114
682,12397.384011855436
683,12397.296588748224
684,12393.190632209766
685,12398.134447830953
686,12324.968481366348
687,12308.311235458983
688,12305.461638711415
689,12305.138776128464
690,12311.455655679545
691,12313.587572307219
692,12320.137204661127
693,12314.443226251875
694,12321.085968641135
695,12300.968824396494
696,12331.231175074961
697,12403.90382717282
698,12388.473780819771
699,12368.950609448839
700,12368.331844513215
701,12482.875361714716
702,12467.12422020902
703,12472.4640662534
704,12461.156316929417
705,12467.83350584642
706,12530.035972504575
707,12518.080677245161
708,12500.53788736978
709,12484.016108594016
710,12265.678865564636
711,12235.415553639352
712,12310.654128739528
713,12324.440316057588
714,12317.393107318912
715,12314.351075351304
716,12345.630112119961
717,12338.562795508104
718,12311.015877079108
719,12296.735775335346
720,12294.088882655764
721,12256.44569251051
722,12219.371955126999
723,12204.3591921977
724,12273.125989422704
725,12285.833864664964
726,12337.696035391546
727,12324.618746719747
728,12392.080064754258
729,12371.279442601523
730,12342.11046152733
731,12288.808561575483
732,12298.532170794611
733,12296.258758114596
734,12278.655824840518
735,12299.145563397742
736,12264.147576531403
737,12313.82795472713
738,12352.269270739971
739,12318.927885041392
740,12334.154817835357
741,12326.52900331794
742,12294.383664907218
743,12265.257824416198
744,12308.24313888822
745,12277.181324587185
746,12267.343870693721
747,12316.454457968637
748,12320.7438291754
749,12331.44831611999
750,12283.381854211992
751,12236.487279537412
752,12235.117948130795
753,12262.684776855796
754,12292.883377273445
755,12331.633456261272
756,12348.530846339136
757,12368.427605430094
758,12390.664746827839
759,12366.912826145754
760,12414.735918706636
761,12427.320419420246
762,12428.857086395028
763,12410.378920978634
764,12406.479221440992
765,12409.517702251762
766,12407.562346245757
767,12437.753944173552
768,12398.427463391708
769,12402.645283969623
770,12573.754657750047
771,12549.378126948915
772,12469.857720261065
773,12505.641756794621
774,12439.912540187855
775,12373.822775379755
776,12280.302032606338
777,12293.374313395907
778,12307.757838292631
779,12267.899375825576
780,12254.586686840434
781,12376.660550730354
782,12406.933539552621
783,12450.46646417235
784,12611.229490744223
785,12592.501064441964
786,12583.283866397285
787,12631.012532429793
788,12606.559379310202
789,12630.281865802182
790,12635.727672629451
791,12567.550444631168
792,12571.765283634813
793,12432.317794880346
794,12432.236375366272
795,12456.850328643932
796,12486.096583430899
797,12471.348633773403
798,12529.509384162335
799,12553.082938037347
800,12607.569136101203
801,12576.255920339401
802,12617.638422206375
803,12652.975294978933
804,12645.97224270761
805,12542.215652872375
806,12543.844182454137
807,12545.544000578775
808,12479.775124886955
809,12418.541334576594
810,12442.486583212918
811,12406.478665973294
812,12395.074068135744
813,12399.209039184065
814,12400.693165000896
815,12372.44294986855
816,12414.259081473838
817,12419.570978770938
818,12391.751759989991
819,12451.573154394986
820,12405.568521674177
821,12371.616439813995
822,12380.629001344256
823,12377.93296788578
824,12393.379714826262
825,12458.076300273395
826,12477.013896693676
827,12468.44984087005
828,12452.220211431426
829,12437.92838583549
830,12453.817721993508
831,12453.817721993506
832,12511.964461862455
833,12619.673469257621
834,12624.453526302592
835,12625.877990367739
836,12609.132870489466
837,12582.776958411905
838,12586.282270945672
839,12593.186135279637
840,12685.52793424045
841,12731.719200365109
842,12786.86465793338
843,12815.953726655134
844,12829.03555629545
845,12794.71806348516
846,12804.497001666363
847,12792.377179780262
848,12729.375440418527
849,12718.243718685995
850,12716.027329308992
851,12683.448210341823
852,12674.935635335009
853,12700.064852958852
854,12686.403634308079
855,12676.913451481549
856,12716.371964934367
857,12783.777082604858
858,12935.216039399245
859,12931.910064488702
860,12871.359386143007
861,12867.934660594949
862,12887.276678296657
863,12915.371219320972
864,12889.421064125858
865,12897.45399539247
866,12907.769381592465
867,12889.172353764723
868,12865.02345080477
869,12792.540927212533
870,12804.261187478927
871,12788.312953908742
872,12812.576475285663
873,12721.17612861225
874,12720.678074196301
875,12688.086765430693
876,12684.836753420075
877,12699.05584876295
878,12710.80237699045
879,12720.082531897351
880,12725.350947547962
881,12804.961153957784
882,12902.53578949273
883,12897.481402463622
884,12901.330827661848
885,12977.997285662579
886,12978.9795617589
887,13018.992650130851
888,13069.32845582134
889,13066.760755932315
890,12974.987821328275
891,12972.473080787315
892,12974.192228746513
893,12968.044746092022
894,13022.543055387274
895,13008.272990412586
896,12938.668077689435
897,12939.457795757295
898,12934.547114908635
899,12780.593898533538
900,12790.78382671749
901,12792.045705064258
902,12772.19236716974
903,12756.401598544027
904,12737.776897966169
905,12735.54216890856
906,12719.298034360063
907,12703.30833136758
908,12723.302969048844
909,12640.54388837965
910,12658.921693423195
911,12778.76037983278
912,12777.095198227218
913,12776.093844630803
914,12773.09285208204
915,12740.694483195535
916,12754.980372420152
917,12754.998162929078
918,12711.273938143058
919,12723.713682397227
920,12712.761520386055
921,12725.414739236478
922,12732.844023295962
923,12660.905887839406
924,12656.29250143163
925,12665.970982368812
926,12658.652997179577
927,12654.818347304812
928,12665.012187602859
929,12669.259083701683
930,12604.10794275516
931,12561.43907920368
932,12699.449782358102
933,12726.983365780403
934,12754.75067403611
935,12742.08418596058
936,12738.230369232784
937,12747.379066510728
938,12800.935778972414
939,12815.267665638241
940,12797.65991955079
941,12735.816659064301
942,12727.131328311842
943,12706.475744156713
944,12637.006465346574
945,12577.110823329254
946,12565.195314199884
947,12518.714912927468
948,12525.657949823308
949,12569.467447391164
950,12534.393155045214
951,12635.604995687212
952,12623.748553717489
953,12553.385651493129
954,12567.16415244721
955,12590.215683886916
956,12543.899623943902
957,12401.264648251206
958,12382.698411187794
959,12362.304049210466
960,12357.363299605831
961,12340.925936935928
962,12356.538047342025
963,12446.483250347515
964,12325.003473446768
965,12306.497521427624
966,12324.140175925002
967,12359.145019198371
968,12264.741476549183
969,12250.755571104923
970,12149.750510592386
971,12095.262746860655
972,12122.43626082648
973,12133.332888201758
974,12217.387448397636
975,12203.841029373318
976,12123.17838564868
977,12178.308987783117
978,12168.978380943136
979,12188.747290239575
980,12177.16756693629
981,12242.855026315417
982,12115.973787422869
983,12130.672896063055
984,12147.582988566352
985,12105.191642486412
986,12064.50555396937
987,12053.619835816666
988,12041.45678318059
989,12056.77276553318
990,12094.285126573342
991,12084.7349965517
992,12071.24204505211
993,12031.427282357292
994,12015.204618668453
995,11989.102457995928
996,11975.231093067989
997,11931.09538586243
998,11925.355678964075
999,11988.966791595534
1000,11976.36687414872
1001,11992.050434139193
1002,12007.616203418667
1003,11867.098435774336
1004,12029.625220586253
1005,12056.551877291313
1006,12084.364656971342
1007,12254.912102098588
1008,12280.886186556052
1009,12257.400130800945
1010,12289.360173640498
1011,12328.927423026134
1012,12383.646137078733
1013,12313.23099538466
1014,12337.96102454691
1015,12327.464149864363
1016,12343.941732852341
1017,12341.690078543892
1018,12367.105134334985
1019,12354.240226665583
1020,12334.90792006664
1021,12401.171533772274
1022,12496.276907875648
1023,12512.873434246887
1024,12499.201168493764
1025,12497.868876167888
1026,12471.885999607723
1027,12428.485186045415
1028,12417.216409739176
1029,12380.245580535042
1030,12390.892209119876
1031,12428.582393794435
1032,12406.018347328478
1033,12392.036894883897
1034,12402.236469735379
1035,12388.036430499698
1036,12499.091575360519
1037,12422.549077196807
1038,12388.598132287576
1039,12412.128473024628
1040,12404.533012201813
1041,12403.635045613468
1042,12383.439232483677
1043,12375.4798612866
1044,12460.41476924881
1045,12491.376468821667
1046,12482.259338408505
1047,12401.559801399097
1048,12448.142129608292
1049,12459.958333025648
1050,12487.201134958228
1051,12524.34974758864
1052,12571.666349144196
1053,12582.666478953293
1054,12498.385844955852
1055,12498.053319103827
1056,12455.198533800067
1057,12438.18000951733
1058,12425.381286323409
1059,12460.707463752355
1060,12453.166481695405
1061,12458.099263219807
1062,12481.879959076416
1063,12555.316212338716
1064,12562.31574928626
1065,12581.056860716102
1066,12607.197294169304
1067,12568.411786605197
1068,12580.640629266045
1069,12559.448862015575
1070,12519.043567298628
1071,12410.141068633317
1072,12422.059296224425
1073,12418.979258395137
1074,12425.587497101902
1075,12456.403979780796
1076,12414.626009846374
1077,12426.866712847705
1078,12461.990479722283
1079,12341.334005363453
1080,12316.254646177287
1081,12305.478543154042
1082,12305.288095051506
1083,12307.41761625643
1084,12291.511529454725
1085,12298.114381253243
1086,12295.370434566104
1087,12278.645542003283
1088,12272.474115221743
1089,12267.351456488721
1090,12227.328987672998
1091,12224.564200089417
1092,12160.683223560118
1093,12235.548364634826
1094,12238.276186229516
1095,12246.009987608926
1096,12131.437593086524
1097,12044.796101579981
1098,12039.558016355046
1099,12002.09178153826
1100,11905.180971306301
1101,11922.332963037614
1102,11904.774135630581
1103,11890.202743449427
1104,11879.956828644466
1105,11894.118268048234
1106,11875.886003774222
1107,11837.182880352324
1108,11839.575159342408
1109,11827.543108999915
1110,11922.032309338116
1111,11938.608319194427
1112,11923.960712425951
1113,11869.109226554066
1114,12144.254072888294
1115,12139.634635573218
1116,12142.614771733097
1117,12175.798332833681
1118,12212.558301844387
1119,12246.345481845288
1120,12226.612324934129
1121,12244.226650345396
1122,12190.024000099313
1123,12217.344588571943
1124,12203.09298175808
1125,12229.87150028767
1126,12248.829452081982
1127,12264.85280208603
1128,12267.244391057411
1129,12259.993363630609
1130,12247.323729135414
1131,12287.853891143553
1132,12304.799088844959
1133,12378.422781149893
1134,12365.58713001943
1135,12369.066669495762
1136,12365.13302248535
1137,12357.272424215782
1138,12335.468002554016
1139,12340.886952110615
1140,12318.680612808887
1141,12365.285581770455
1142,12411.609926141702
1143,12386.595595419558
1144,12390.296689443403
1145,12370.497505995349
1146,12333.232980482695
1147,12280.791648522785
1148,12218.012966364524
1149,12201.351063531294
1150,12153.493106529293
1151,12159.392639666488
1152,12146.206370705811
1153,12266.427258184667
1154,12250.033448759932
1155,12231.793486106526
1156,12236.193712658831
1157,12189.292106229814
1158,12185.72776126856
1159,12258.068589604845
1160,12328.430785058961
1161,12393.231351703726
1162,12403.004857961958
1163,12337.912356488108
1164,12282.922531764789
1165,12340.220257737277
1166,12357.905663652178
1167,12353.825997260732
1168,12376.019235187552
1169,12392.191914839612
1170,12321.259322637692
1171,12323.485904951529
1172,12345.782360568288
1173,12336.013523137608
1174,12344.087613316424
1175,12382.629512012274
1176,12465.578764667327
1177,12468.113960265497
1178,12455.643041468533
1179,12460.727623503008
1180,12370.457202921796
1181,12334.399470863074
1182,12387.330098229468
1183,12326.669434377764
1184,12167.580525206358
1185,12066.286981578092
1186,12107.068536065652
1187,12115.846179860726
1188,11994.985644533157
1189,12008.075962039138
1190,11965.062815846142
1191,11905.52876791987
1192,11917.73034729678
1193,11919.824567153275
1194,11909.03045066746
1195,11892.63774003759
1196,11920.226005989049
1197,11965.1650276766
1198,11977.875825797317
1199,12004.324809775524
1200,12078.90674508655
1201,12119.025473673792
1202,12118.968674571046
1203,12119.671728083606
1204,12122.473540009998
1205,12110.009935042324
1206,12138.156728228249
1207,11615.086214153476
1208,11600.501828347
1209,11648.401820892417
1210,11635.560069452797
1211,11641.741344156817
1212,11640.464622379792
1213,11645.67374955675
1214,11804.122796618836
1215,11734.79015557996
1216,11722.473839784301
1217,11850.032983691772
1218,11851.425725584964
1219,11753.119538902618
1220,11658.366783889378
1221,11683.039847368042
1222,11670.543772219944
1223,11656.768229957674
1224,11641.298964131118
1225,11803.57752568671
1226,11885.339484335105
1227,11912.661186324609
1228,11931.102859712217
1229,11975.812439407906
1230,11942.023772687666
1231,11845.016910561897
1232,11955.055258744611
1233,11934.816469068825
1234,11889.832117007043
1235,11934.218236405708
1236,11994.955390805513
1237,12000.087171457573
1238,11977.328795705573
1239,11973.60387725087
1240,11992.942834761478
1241,12077.506134742218
1242,12042.074943277108
1243,12134.37757428138
1244,12176.811207353598
1245,12210.17462009217
1246,12282.474577929117
1247,12285.831203312291
1248,12277.128149461885
1249,12296.169927866782
1250,12284.2277458204
1251,12258.84696919135
1252,12280.656296768128
