,Profitloss
0,-0.11801562722012493
1,-0.13462443761124154
2,0.0894331696490891
3,0.516106123218063
4,0.16029509416413124
5,-1.1994244848819058
6,-1.1876914894180302
7,-1.2722912146531429
8,-1.2401324577453687
9,-1.3158044254385048
10,-1.2963827446749288
11,-0.5658850890187139
12,-0.4526351867066625
13,-0.5284287737047588
14,-0.6508008655825237
15,-0.6335219688856308
16,-1.2630414358637432
17,-1.2733781642483954
18,-1.3841534924983856
19,-1.365788286713332
20,-1.2854855063191395
21,-1.020090309873145
22,-0.955860347913362
23,-1.4500403962949049
24,-1.1759754485413665
25,-0.7958460470858464
26,-1.289052112804745
27,-1.1660918081099703
28,-0.9798638324610032
29,-1.334014253540683
30,-1.2388081898008108
31,-1.250562027841895
32,-1.5484121937814788
33,-1.8438563832854027
34,-1.7880501516834402
35,-2.166992004961743
36,-2.100149874999513
37,-1.8840692269767367
38,-1.8421379074965105
39,-1.6870933113073416
40,-1.5908099810501009
41,-1.585315140182686
42,-1.6518508982366842
43,-1.7755286626863875
44,-2.6223653072853126
45,-3.0593477924554913
46,-3.037884462011775
47,-2.915650259092417
48,-2.818353260606421
49,-3.2546121662717864
50,-2.0537100052906987
51,-1.967897575835631
52,-1.1177436821268705
53,-0.9031798135316071
54,-0.7315525491262909
55,-0.9388504780479812
56,-1.1996197622240912
57,-1.1136853740977282
58,-0.9214365437773986
59,-1.0675366396621366
60,-1.1481447475794826
61,-1.17596172558736
62,-1.200895227079657
63,-1.1475073043564876
64,-0.6984253850262578
65,0.0981760582122293
66,0.07433826869562843
67,0.032259153720226585
68,-0.0489182348902939
69,0.052462906766725936
70,-0.7876082241678573
71,-0.7813530276023162
72,-0.5514082304826085
73,-0.4045798970784942
74,-0.04638927081268562
75,-0.030746585430729834
76,0.19772239181858886
77,0.8734956792584292
78,0.695349549662927
79,0.6913141471563966
80,0.38228682800356406
81,0.4285704841711313
82,0.45822996570763497
83,-0.8184416246501347
84,-1.1006236300756922
85,-0.988242072560297
86,-0.9103070220727094
87,-0.8043381846952746
88,-1.2436578361632367
89,-1.1786567458500596
90,-1.2196842145638431
91,-0.7830896199026216
92,-0.9836886893470509
93,-1.1552698318637145
94,-0.961151247435188
95,0.04160100493781904
96,0.12221031429422435
97,-0.17900195790073736
98,-0.10626201588941342
99,-0.1730066944894415
100,-0.1484105177148809
101,0.0812478430162189
102,0.2545249287844831
103,0.4255775818365892
104,0.3662751038013612
105,0.17844970416909245
106,0.035524858175306484
107,-0.15056776826105622
108,-0.050445923022834904
109,0.012347755554453776
110,0.03568470721426742
111,-0.6916088700724687
112,-0.6549691570392757
113,-0.5118207719476575
114,-0.5453799861611208
115,-0.3956874227267093
116,-0.406638671737114
117,-0.41835681232890165
118,-0.9939620180688169
119,-1.1249954656055716
120,-1.9941016106711729
121,-2.3598838771860198
122,-2.7033931758219
123,-2.473263094834599
124,-2.763647729917329
125,-4.008213348267131
126,-4.1883720694923525
127,-4.3208483314813755
128,-3.4272345257299053
129,-3.227076837052134
130,-2.86649828820168
131,-2.9855502383595245
132,-3.5553151319810294
133,-2.556278003314205
134,-1.2368444633404252
135,-1.5747706450945476
136,-1.3134345003998793
137,-0.9724482731808592
138,-0.997882593490429
139,-1.0188859269465889
140,-2.1875589113014016
141,-3.324182145398147
142,-3.1683524807784913
143,-3.0211643844446967
144,-3.064178633527803
145,-3.5292183417312883
146,-3.4268814941849968
147,-3.555922538070766
148,-3.4260434181336064
149,-3.4819895320004846
150,-2.7417015219737717
151,-3.059805938583482
152,-4.506333079894709
153,-4.482967966946183
154,-4.277378566656864
155,-3.7272196965604465
156,-3.8644243612705353
157,-4.158828383621449
158,-4.42145842132986
159,-4.9429803313464475
160,-6.969988447612274
161,-7.477256854327063
162,-7.0794099845634895
163,-5.684551316691177
164,-5.714796934993638
165,-5.771988886668455
166,-7.143422919435061
167,-6.943868286550925
168,-6.5648377925838
169,-7.004639180623462
170,-6.700484096467241
171,-6.39447906021825
172,-6.533312849629269
173,-6.737888634152944
174,-6.968828597703036
175,-6.852184614507539
176,-5.655525959986763
177,-5.797798741608751
178,-6.378097062400823
179,-6.698955073597157
180,-7.452575363559088
181,-7.5360325056693656
182,-8.702276583887002
183,-8.384368075911276
184,-8.63388657472387
185,-7.9701934850831435
186,-7.1097373408533056
187,-7.593376711424627
188,-6.426018605319738
189,-6.332028008621271
190,-5.884471227515253
191,-5.87630537068391
192,-6.485817264310234
193,-5.8174196137917855
194,-5.489317266171745
195,-5.5418777894308935
196,-5.98807890946661
197,-4.981277555264052
198,-4.906374333167484
199,-5.117303609277812
200,-5.281221786371648
201,-5.5166439491282855
202,-5.396495415980185
203,-5.140720112472685
204,-4.581454455109634
205,-4.0259151373062245
206,-3.8075411160449324
207,-4.246124137438767
208,-3.875890590321751
209,-3.5259776170025403
210,-3.8766387283616477
211,-3.314041678386581
212,-3.202298896875022
213,-3.1839099367450663
214,-3.3178002905064785
215,-2.940139696900268
216,-2.831259671689501
217,-3.0382457150325504
218,-3.5015045975623105
219,-3.172990625576466
220,-3.308766935476537
221,-1.5470859357727962
222,-0.20816706297596133
223,-0.32515732434541533
224,0.1042866302897183
225,-0.03863693403884927
226,-0.3583770238008599
227,-0.11923298683865768
228,0.44133133791597334
229,0.5907724576566187
230,0.45691774257963225
231,-0.20993486391132077
232,-0.43707641893764304
233,-0.9285043415067307
234,-1.2024372676802786
235,-0.9350608000079474
236,-1.0366559314806456
237,-1.5998848418792622
238,-2.4041085299639553
239,-2.3616329875931874
240,-2.35541312565154
241,-2.450375770130764
242,-2.5428986647511365
243,-2.292729123405113
244,-2.271541659766141
245,-1.7648862825030975
246,-2.0391922081258285
247,-2.234068371995035
248,-1.9960722957427013
249,-2.688638868552906
250,-2.790424235729083
251,-3.0244608330479594
252,-3.177168969785138
253,-3.490283612687728
254,-4.788135084932533
255,-5.031527873077057
256,-4.967628177190697
257,-5.067833206423156
258,-5.600664450768389
259,-5.643254579943324
260,-7.054123154142388
261,-6.891573910289939
262,-7.5448669290662735
263,-6.847976292448932
264,-6.595837143805083
265,-6.717822122963268
266,-6.638142516536016
267,-6.898356345556033
268,-6.901785178206032
269,-6.399570249074604
270,-6.21622231031248
271,-6.848274930977616
272,-7.806295258226747
273,-6.479176336237935
274,-6.4419172235155475
275,-6.495620850783146
276,-6.5664724216764725
277,-6.442175827639618
278,-7.210257953440058
279,-5.144831655160365
280,-4.475361264062094
281,-4.450946961246894
282,-3.9706640171272456
283,-3.6905047293320448
284,-3.0634105104472953
285,-3.612129103442141
286,-3.6979043318378313
287,-3.5438466071588404
288,-0.4247382101101427
289,-0.33887438676999393
290,0.06208271183911762
291,-0.6947574567378823
292,-0.26381959687293843
293,-0.17822346483781226
294,-0.3777042188234603
295,-0.5127829506255677
296,0.05371594403591473
297,-0.019466805061374437
298,0.5235751126957844
299,0.30602047767387397
300,0.24669401283865522
301,0.5329846302250418
302,0.5688613820606037
303,0.6142885967391765
304,0.5825356452017871
305,0.7146249286928086
306,0.6885189049166351
307,0.8200398878686066
308,0.8234760864981983
309,2.051617736251221
310,2.8743567273170845
311,2.8364592410665024
312,2.7545483596251197
313,2.6904739043378756
314,2.19540453627709
315,2.349022957006741
316,2.245554772510827
317,2.4937733606225754
318,2.788197188651864
319,2.926134302312744
320,3.4197018459056983
321,3.4459086659851534
322,3.4072325479136856
323,3.2936598242916393
324,3.8934758078185583
325,3.8061056306270658
326,3.7842286667856273
327,3.5197685770293363
328,3.7856181037116077
329,3.794962011886649
330,3.2892925101940307
331,3.319524128543838
332,3.632103313054502
333,1.3145188364245053
334,0.8844750155621472
335,1.023073899221294
336,0.8883374228180418
337,0.5125553787506565
338,-0.6061028456459394
339,-0.6537991819987821
340,-1.0980071914980072
341,-1.3782355106061628
342,-1.0900885366331492
343,-0.7494177635210986
344,-0.5173821681492385
345,-0.6525533851535426
346,-1.0554126618846915
347,-0.9115251345833464
348,-1.0431489791041582
349,-0.900619128186797
350,-0.7169070022573276
351,-0.39640417657904603
352,2.075278714243667
353,1.498983482490912
354,1.1656618076330671
355,1.3731449228387538
356,1.246490050608684
357,1.3573627367950758
358,1.467970149796649
359,1.2010565285661023
360,1.0506452736648297
361,-0.6346247579252728
362,-0.6423253278657559
363,-0.7891836182496892
364,-0.7893890206659648
365,-0.7065390340441402
366,-0.7443018830001202
367,-0.5696279796946979
368,-0.6363861344909294
369,-0.5354137362554967
370,-0.17811978760884362
371,-1.45934424830102
372,-2.3366620435681384
373,-1.4848037415861604
374,-0.5557590680881908
375,-0.42517623304373364
376,-0.41372368533558745
377,-0.9389926101500468
378,-1.2839222077404844
379,-1.3470612887745093
380,-1.8882361060219233
381,-1.4643736572780064
382,-1.5057615157857973
383,-1.6779931345839216
384,-1.6769196496002392
385,-1.6520925983104617
386,-1.6465669816033368
387,-2.223918001459879
388,-2.260317674488377
389,-2.5359803211014276
390,-2.643304222416709
391,-2.6695973109492677
392,-2.7356367559381423
393,-2.5501018009072784
394,-2.51614761936626
395,-2.694957931848785
396,-2.657788402379624
397,-2.7262860439206005
398,-2.6546791867145703
399,-1.9411305864978523
400,-0.829894837940981
401,-0.9563009384687571
402,-0.6126458404901891
403,0.3026978992042739
404,0.6456586467943115
405,0.4178890998203899
406,0.4487885678340353
407,0.4207708528382037
408,0.2534659360812652
409,0.36032403449381967
410,0.13862131683703982
411,0.07278638477279387
412,0.09222540190221284
413,-0.08638057682009981
414,-0.41210968024618655
415,-0.3114101064812247
416,-0.4825634179153604
417,-0.5485803085296337
418,-1.2079244297668046
419,-1.3501836964524006
420,-1.0688499022924458
421,0.25678031560234515
422,0.34176268359500384
423,0.4142295383684269
424,0.25921684641976306
425,0.19179628115715275
426,-0.27313574638825333
427,-0.264924666728239
428,-0.05874955899478618
429,-0.40636788459855744
430,-0.3558334956988096
431,-0.3864725938949043
432,1.65549556636988
433,1.818451628613138
434,1.7394004232963445
435,1.408420071851535
436,1.4651795990371586
437,1.2000788247649385
438,0.8191369182104502
439,0.9784495856898001
440,1.0427284044647323
441,1.1667171248678887
442,1.1579022439214715
443,0.7943474524955585
444,0.5932059748986251
445,0.620953125932111
446,-0.054231804903293046
447,-0.19405356920322303
448,-0.4571883474083993
449,-0.5023829948639369
450,-0.6425770303199463
451,-0.4213965150720478
452,-0.9405862077514149
453,-0.9613105765108876
454,-1.060410705218262
455,-0.805388032478882
456,-0.6950863622011472
457,-1.0262793968083939
458,-1.6147231940268014
459,-1.2908236701750564
460,-1.4099290482682547
461,-1.8121254135093023
462,-1.9018917863163565
463,-1.9042561533914037
464,-1.9557041600476888
465,-1.5531307392007365
466,-2.0491539278132853
467,-2.718321178061489
468,-3.246982462976289
469,-3.561824754452725
470,-3.7478324061888557
471,-3.7776854799830617
472,-3.5798928873024605
473,-3.317308575704203
474,-3.5809540442134247
475,-3.303228025960847
476,-3.3481641665484507
477,-3.390510233470223
478,-3.4131690863106745
479,-3.6085954103719176
480,-3.44968483985435
481,-3.606337643317481
482,-3.8942049253943734
483,-4.215167276278797
484,-3.9445948106552664
485,-3.9119850776032195
486,-3.7708477488083925
487,-3.853031184289546
488,-3.810910116606525
489,-3.8679684847950924
490,-3.1599356293045555
491,-3.7951450254528507
492,-3.9515643711336756
493,-4.178128826364702
494,-4.189346686471462
495,-4.11995444205111
496,-4.135483980954769
497,-4.241228981028245
498,-4.150311828222042
499,-4.077194419877694
500,-4.212369866499433
501,-4.186863400371587
502,-4.4365737456684045
503,-3.7645039245421508
504,-3.414577473301761
505,-3.2026358132440813
506,-3.45047274338387
507,-3.172126954709087
508,-2.6637252065180306
509,-2.7401472444610997
510,-2.828195008160306
511,-2.6597896095231555
512,-2.656256570552784
513,-2.8001721253286593
514,-2.761294734085973
515,-2.620341447398411
516,-2.3731164477078903
517,-2.4409938371649065
518,-2.5275299052444855
519,-2.445330405635515
520,-2.5866508707549696
521,-2.3113068481451338
522,-2.2343516840803046
523,-2.306009196829095
524,-2.2873929482354116
525,-2.18165185083814
526,-1.9703225145460412
527,-1.8985513795383713
528,-1.6204550939004414
529,-1.4610349654010535
530,-1.3333841879326624
531,-1.257118784914979
532,-0.787849504764393
533,-0.8486499242734369
534,-0.46985208938606915
535,-0.6882633638900515
536,-0.6424682525443592
537,-0.617606341556276
538,-0.97341440224753
539,-1.0549068147374885
540,-1.1361064365311258
541,-1.1157968406711904
542,-0.9305332222638629
543,-1.0568385276547798
544,-1.0477394074315138
545,-1.0846460217969867
546,-1.1823698309269437
547,-1.205641206763286
548,-1.080511110936977
549,-1.0844184730017026
550,-1.0544479180273458
551,-1.1001037047189466
552,-0.9818653669292132
553,-0.38539822128381696
554,-0.3782843036135852
555,-0.43319767444354174
556,-0.9950882629385704
557,-0.9946338401928156
558,-1.0047889691588208
559,-1.2097731409745793
560,-1.1881692275558686
561,-0.9751427963166526
562,-0.8818148017684546
563,-0.8315141044994423
564,-0.8006422209072328
565,-0.6305288725074631
566,-0.7067971718117128
567,-0.9541449221369791
568,-1.0561178194029242
569,-1.0980454054321132
570,-1.117878527567484
571,-1.300085151571817
572,-1.429212471866792
573,-1.272337302047022
574,-1.0898207391095371
575,-1.0987994770075171
576,-0.5895264737988626
577,-0.5708085666132456
578,-0.7172668657710823
579,-0.06986927677276045
580,0.2037417243065942
581,0.11153311555833767
582,0.09020302517697143
583,-0.27956385656419114
584,-0.2914049201919511
585,-0.14735124479251516
586,-0.1085115588165042
587,-0.7047586870846501
588,-0.5434605821464489
589,-0.5294190112355102
590,-0.3120513867745145
591,-0.3219330493727912
592,-0.19896551976819055
593,-0.1760342058409914
594,-0.4216644167483685
595,0.46239682524626957
596,0.35660112099609176
597,-0.14690105580451585
598,0.05095202294342904
599,0.4810157193523512
600,0.5302373056761844
601,0.39480374046252376
602,0.554701661116197
603,0.5045813847339264
604,0.551754566064866
605,0.39637480260914515
606,0.44009505581430464
607,0.4781275252906392
608,0.46722936075380694
609,0.39191087359347065
610,0.6723299648585535
611,0.40857617657172884
612,0.33128926440644246
613,0.1142586856164085
614,0.10974200996927141
615,0.10199521344189666
616,0.053781360096438746
617,-0.258621340569809
618,0.011430603184026111
619,0.10246512568869992
620,0.13917159738465745
621,0.24899117839771723
622,0.23444437176178834
623,0.28603402411551127
624,-0.07635105799024267
625,-0.11830345565970735
626,-0.07489869874284238
627,0.41085678627210687
628,0.5646417564130868
629,0.5832049540621664
630,0.3092638137923487
631,0.2792675276848122
632,0.35436080300166317
633,0.3868081104862586
634,0.5155848042966094
635,0.5375092718960639
636,0.7394952843544633
637,0.7535789001860582
638,0.7836227893718739
639,1.1241083816270203
640,0.8976641122430795
641,1.9312389585771195
642,1.7810114951062328
643,1.6108684539720253
644,2.1489856465876533
645,2.148656177875452
646,3.2531529008971827
647,3.441073631835323
648,3.4252627502811217
649,3.315500485139866
650,3.3060586755556676
651,3.192775988325147
652,3.2868688050368355
653,2.873334923888171
654,2.9177027117557097
655,2.593930788099219
656,2.5806483337561303
657,2.6139303140675807
658,2.6690773238933208
659,2.5349053620485895
660,2.1459972807408745
661,2.0575206811753066
662,1.7657744085458393
663,1.9042944707840181
664,1.696482827056367
665,2.4732461263928585
666,3.3638366511482776
667,2.4988887089928635
668,2.487832450444305
669,2.5143364435689985
670,2.771883567770006
671,3.1395030643521116
672,2.916341558729396
673,2.780875403226779
674,3.1089534435629007
675,2.615008306410571
676,2.9037448055146964
677,3.1951128832928832
678,3.167879022016473
679,3.372685750001514
680,3.7042090556664853
681,3.685586718059275
682,3.311533432128644
683,3.3108049062352096
684,3.276588601748043
685,3.3177870652579378
686,2.7080706780528985
687,2.5692602954915156
688,2.5455136559284552
689,2.54282313440386
690,2.5954637973295336
691,2.6132297692268214
692,2.667810038842733
693,2.620360218765616
694,2.6757164053427873
695,2.508073536637445
696,2.760259792291353
697,3.365865226440179
698,3.2372815068314242
699,3.0745884120736644
700,3.0694320376101203
701,4.02396134762264
702,3.892701835075174
703,3.9372005521116638
704,3.8429693077451477
705,3.8986125487201706
706,4.416966437538128
707,4.317338977043006
708,4.171149061414825
709,4.0334675716168
710,2.213990546371969
711,1.961796280327932
712,2.5887844061627474
713,2.703669300479894
714,2.644942560990926
715,2.6195922945942085
716,2.8802509343330174
717,2.821356629234195
718,2.591798975659221
719,2.472798127794551
720,2.4507406887980254
721,2.1370474375875803
722,1.8280996260583215
723,1.702993268314179
724,2.2760499118558597
725,2.3819488722080395
726,2.8141336282628826
727,2.705156222664562
728,3.2673338729521495
729,3.093995355012691
730,2.8509205127277504
731,2.4067380131290284
732,2.4877680899551002
733,2.468822984288299
734,2.322131873670985
735,2.492879694981176
736,2.201229804428362
737,2.61523295605941
738,2.9355772561664217
739,2.6577323753449233
740,2.7846234819613125
741,2.721075027649511
742,2.4531972075601427
743,2.2104818701349727
744,2.568692824068486
745,2.309844371559877
746,2.2278655891143417
747,2.6371204830719863
748,2.6728652431283306
749,2.762069300999914
750,2.3615154517665937
751,1.9707273294784278
752,1.9593162344232917
753,2.189039807131632
754,2.440694810612043
755,2.763612135510596
756,2.904423719492799
757,3.070230045250777
758,3.2555395568986567
759,3.0576068845479476
760,3.456132655888622
761,3.561003495168724
762,3.5738090532918987
763,3.41982434148862
764,3.3873268453415983
765,3.4126475187646887
766,3.396352885381315
767,3.6479495347796043
768,3.320228861597574
769,3.3553773664135145
770,4.7812888145837285
771,4.57815105790762
772,3.915481002175536
773,4.21368130662183
774,3.6659378348987914
775,3.1151897948312968
776,2.335850271719475
777,2.444785944965888
778,2.5646486524385947
779,2.2324947985464805
780,2.1215557236702764
781,3.1388379227529573
782,3.3911128296051807
783,3.7538872014362568
784,5.093579089535183
785,4.937508870349694
786,4.860698886644044
787,5.258437770248281
788,5.054661494251689
789,5.252348881684843
790,5.297730605245432
791,4.729587038593075
792,4.7647106969567865
793,3.602648290669541
794,3.60196979471894
795,3.8070860720327726
796,4.050804861924151
797,3.927905281445021
798,4.41257820135279
799,4.609024483644553
800,5.063076134176692
801,4.802132669495007
802,5.1469868517197925
803,5.441460791491104
804,5.383102022563424
805,4.518463773936454
806,4.5320348537844835
807,4.546200004823131
808,3.9981260407246255
809,3.4878444548049448
810,3.687388193440988
811,3.387322216444111
812,3.2922839011311877
813,3.3267419932005327
814,3.339109708340793
815,3.103691248904572
816,3.4521590122819745
817,3.49642482309116
818,3.2645979999165853
819,3.763109619958227
820,3.3797376806181445
821,3.096803665116621
822,3.171908344535468
823,3.1494413990481585
824,3.2781642902188546
825,3.817302502278297
826,3.975115805780627
827,3.9037486739170735
828,3.7685017619285555
829,3.6494032152957434
830,3.781814349945889
831,3.781814349945889
832,4.266370515520457
833,5.163945577146833
834,5.203779385854923
835,5.215649919731158
836,5.0761072540788765
837,4.856474653432552
838,4.88568559121394
839,4.943217793996979
840,5.712732785337082
841,6.097660003042571
842,6.557205482778161
843,6.799614388792796
844,6.908629635795416
845,6.622650529042984
846,6.704141680553022
847,6.603143164835523
848,6.0781286701544035
849,5.985364322383302
850,5.966894410908274
851,5.695401752848528
852,5.624463627791743
853,5.833873774657095
854,5.720030285900668
855,5.6409454290129
856,5.969766374453056
857,6.531475688373822
858,7.793466994993703
859,7.765917204072514
860,7.261328217858387
861,7.2327888382912375
862,7.3939723191388085
863,7.628093494341437
864,7.411842201048824
865,7.478783294937252
866,7.564744846603877
867,7.40976961470603
868,7.208528756706412
869,6.604507726771103
870,6.702176562324391
871,6.569274615906195
872,6.771470627380527
873,6.009801071768739
874,6.005650618302516
875,5.734056378589103
876,5.706972945167288
877,5.82546540635791
878,5.9233531415870955
879,6.000687765811263
880,6.044591229566354
881,6.708009616314858
882,7.521131579106077
883,7.479011687196846
884,7.511090230515394
885,8.1499773805215
886,8.158163014657504
887,8.491605417757086
888,8.91107046517783
889,8.889672966102635
890,8.124898511068967
891,8.103942339894289
892,8.1182685728876
893,8.067039550766841
894,8.521192128227284
895,8.40227492010488
896,7.822233980745286
897,7.828814964644115
898,7.787892624238624
899,6.504949154446149
900,6.589865222645752
901,6.600380875535494
902,6.43493639308117
903,6.303346654533559
904,6.148140816384728
905,6.129518074238005
906,5.994150286333855
907,5.860902761396503
908,6.027524742073709
909,5.337865736497083
910,5.491014111859971
911,6.489669831939837
912,6.475793318560141
913,6.467448705256684
914,6.442440434017005
915,6.17245402662947
916,6.291503103501261
917,6.291651357742323
918,5.927282817858814
919,6.030947353310223
920,5.939679336550463
921,6.04512282697065
922,6.1070335274663545
923,5.5075490653283765
924,5.469104178596917
925,5.549758186406772
926,5.488774976496469
927,5.456819560873427
928,5.541768230023814
929,5.577159030847367
930,5.034232856292986
931,4.678658993363993
932,5.828748186317512
933,6.058194714836684
934,6.289588950300917
935,6.18403488300483
936,6.151919743606538
937,6.228158887589408
938,6.674464824770121
939,6.793897213652
940,6.647165996256588
941,6.131805492202513
942,6.059427735932021
943,5.887297867972596
944,5.308387211221444
945,4.809256861077116
946,4.709960951665693
947,4.322624274395559
948,4.380482915194239
949,4.745562061593023
950,4.453276292043462
951,5.296708297393438
952,5.197904614312399
953,4.61154709577607
954,4.726367937060094
955,4.918464032390957
956,4.532496866199187
957,3.3438720687600565
958,3.189153426564939
959,3.0192004100872305
960,2.978027496715252
961,2.841049474466062
962,2.971150394516875
963,3.720693752895965
964,2.7083622787230643
965,2.554146011896874
966,2.7011681327083537
967,2.99287515998643
968,2.2061789712432
969,2.0896297592076785
970,1.2479209216032183
971,0.7938562238387847
972,1.0203021735539997
973,1.1111074016813216
974,1.8115620699802992
975,1.6986752447776476
976,1.026486547072336
977,1.4859082315259675
978,1.4081531745261389
979,1.5728940853297901
980,1.476396391135748
981,2.023791885961823
982,0.9664482285238973
983,1.088940800525462
984,1.2298582380529277
985,0.8765970207200935
986,0.537546283078072
987,0.446831965138883
988,0.3454731931715971
989,0.4731063794431778
990,0.7857093881111776
991,0.706124971264166
992,0.5936837087675784
993,0.2618940196440933
994,0.12670515557045015
995,-0.0908128500339278
996,-0.20640755776676345
997,-0.5742051178130758
998,-0.6220360086327092
999,-0.09194340337055351
1000,-0.19694271542732844
1001,-0.06624638217338497
1002,0.06346836182222759
1003,-1.1075130352138585
1004,0.24687683821877915
1005,0.4712656440942764
1006,0.7030388080945249
1007,2.124267517488221
1008,2.340718221300442
1009,2.145001090007881
1010,2.411334780337482
1011,2.7410618585511193
1012,3.197051142322782
1013,2.6102582948721587
1014,2.8163418712242594
1015,2.7288679155363704
1016,2.8661811071028387
1017,2.8474173211991083
1018,3.0592094527915448
1019,2.9520018888798516
1020,2.7908993338886745
1021,3.343096114768951
1022,4.135640898963744
1023,4.2739452853907345
1024,4.160009737448034
1025,4.148907301399074
1026,3.9323833300643596
1027,3.570709883711798
1028,3.4768034144931237
1029,3.168713171125348
1030,3.25743507599896
1031,3.5715199482869497
1032,3.38348622773732
1033,3.2669741240324734
1034,3.3519705811281497
1035,3.233636920830829
1036,4.159096461337652
1037,3.5212423099733936
1038,3.238317769063137
1039,3.434403941871911
1040,3.3711084350151133
1041,3.363625380112234
1042,3.1953269373639737
1043,3.1289988440549976
1044,3.8367897437400877
1045,4.094803906847222
1046,4.0188278200708805
1047,3.346331678325809
1048,3.734517746735766
1049,3.832986108547076
1050,4.060009457985236
1051,4.369581229905339
1052,4.763886242868298
1053,4.855553991277439
1054,4.153215374632091
1055,4.150444325865221
1056,3.7933211150005475
1057,3.6515000793110763
1058,3.544844052695084
1059,3.8392288646029504
1060,3.776387347461707
1061,3.8174938601650554
1062,4.015666325636791
1063,4.627635102822625
1064,4.685964577385504
1065,4.842140505967518
1066,5.059977451410869
1067,4.736764888376643
1068,4.838671910550385
1069,4.6620738501298
1070,4.325363060821896
1071,3.4178422386109686
1072,3.5171608018702116
1073,3.491493819959479
1074,3.546562475849191
1075,3.8033664981732995
1076,3.4552167487197805
1077,3.5572226070642143
1078,3.8499206643523465
1079,2.8444500446954457
1080,2.6354553848107365
1081,2.5456545262836805
1082,2.5440674587625445
1083,2.5618134688035976
1084,2.429262745456051
1085,2.4842865104437006
1086,2.461420288050875
1087,2.322046183360693
1088,2.2706176268478595
1089,2.2279288040726763
1090,1.8944082306083132
1091,1.8713683340784826
1092,1.3390268630009805
1093,1.9629030386235424
1094,1.9856348852459682
1095,2.0500832300743843
1096,1.0953132757210327
1097,0.37330084649984663
1098,0.32965013629204787
1099,0.017431512818832928
1100,-0.7901585724474858
1101,-0.6472253080198831
1102,-0.7935488697451532
1103,-0.9149771379214466
1104,-1.0003597612961102
1105,-0.8823477662647128
1106,-1.034283301881489
1107,-1.3568093303973017
1108,-1.336873672146599
1109,-1.4371407583340434
1110,-0.6497307555156984
1111,-0.5115973400464435
1112,-0.6336607297837471
1113,-1.090756445382779
1114,1.2021172740691144
1115,1.1636219631101508
1116,1.1884564311091417
1117,1.4649861069473413
1118,1.771319182036546
1119,2.052879015377407
1120,1.888436041117747
1121,2.03522208621163
1122,1.583533334160947
1123,1.8112049047661838
1124,1.6924415146506666
1125,1.915595835730599
1126,2.0735787673498374
1127,2.207106684050264
1128,2.227036592145093
1129,2.1666113635884
1130,2.06103107612845
1131,2.3987824261962887
1132,2.539992407041325
1133,3.1535231762491067
1134,3.046559416828587
1135,3.0755555791313505
1136,3.042775187377922
1137,2.977270201798188
1138,2.795566687950135
1139,2.8407246009217957
1140,2.6556717734073976
1141,3.0440465147537843
1142,3.430082717847527
1143,3.221629961829642
1144,3.252472412028351
1145,3.0874792166279086
1146,2.7769415040224565
1147,2.3399304043565383
1148,1.8167747197043616
1149,1.6779255294274487
1150,1.2791092210774346
1151,1.3282719972207424
1152,1.2183864225484342
1153,2.2202271515388894
1154,2.08361207299943
1155,1.9316123842210597
1156,1.9682809388235967
1157,1.5774342185817858
1158,1.547731343904668
1159,2.1505715800403724
1160,2.736923208824682
1161,3.2769279308643817
1162,3.358373816349647
1163,2.815936304067579
1164,2.357687764706573
1165,2.835168814477318
1166,2.9825471971014927
1167,2.9485499771727763
1168,3.1334936265629443
1169,3.268265956996763
1170,2.6771610219807673
1171,2.695715874596072
1172,2.8815196714023994
1173,2.8001126928133946
1174,2.8673967776368547
1175,3.1885792667689428
1176,3.879823038894381
1177,3.900949668879128
1178,3.7970253455711145
1179,3.8393968625250574
1180,3.087143357681632
1181,2.786662257192285
1182,3.2277508185788895
1183,2.722245286481373
1184,1.3965043767196539
1185,0.5523915131507628
1186,0.8922378005471021
1187,0.9653848321727221
1188,-0.04178629555702251
1189,0.06729968365948302
1190,-0.2911432012821513
1191,-0.787260267334422
1192,-0.6855804391935005
1193,-0.6681286070560399
1194,-0.7580795777711646
1195,-0.8946854996867537
1196,-0.664783283424597
1197,-0.29029143602833374
1198,-0.18436811835569333
1199,0.036040081462695994
1200,0.6575562090545883
1201,0.9918789472815881
1202,0.9914056214253897
1203,0.997264400696718
1204,1.0206128334166564
1205,0.9167494586860281
1206,1.151306068568747
1207,-3.207614882054366
1208,-3.329151430441668
1209,-2.9299848258965255
1210,-3.0369994212266938
1211,-2.985488798693192
1212,-2.9961281468350642
1213,-2.9527187536937505
1214,-1.6323100281763647
1215,-2.2100820368336715
1216,-2.312718001797487
1217,-1.2497251359019024
1218,-1.2381189534586334
1219,-2.0573371758115133
1220,-2.846943467588514
1221,-2.641334605266321
1222,-2.7454685648337973
1223,-2.8602647503527145
1224,-2.989175298907354
1225,-1.6368539526107617
1226,-0.9555042972074546
1227,-0.7278234472949285
1228,-0.5741428357315281
1229,-0.20156300493411328
1230,-0.48313522760278227
1231,-1.2915257453175233
1232,-0.37453951046158007
1233,-0.5431960910931344
1234,-0.9180656916079721
1235,-0.5481813632857713
1236,-0.042038409954059386
1237,0.0007264288131025864
1238,-0.18892670245356236
1239,-0.21996768957609492
1240,-0.05880971032101723
1241,0.6458844561851418
1242,0.350624527309229
1243,1.1198131190115035
1244,1.4734267279466362
1245,1.7514551674347567
1246,2.353954816075965
1247,2.3819266942690875
1248,2.3094012455157076
1249,2.468082732223187
1250,2.368564548503338
1251,2.157058076594587
1252,2.338802473067725
