,Portfolio Value
0,11968.899242611647
1,11966.909738434375
2,11967.909428543504
3,12093.194018348006
4,12057.267990359818
5,11957.853346363665
6,11946.862103524523
7,11935.738178129719
8,11940.91762117395
9,11953.526021898075
10,11985.576116065218
11,12068.921546426916
12,12080.297745146374
13,12108.27076269182
14,12099.79361513599
15,12112.830906958512
16,12007.47423410886
17,11986.699297273246
18,11972.81997303014
19,11977.100894040286
20,12000.77243351416
21,12030.918921249659
22,12075.23614837281
23,12018.804617968417
24,12021.374867837174
25,12130.057750681257
26,12032.607661427266
27,11985.517904124477
28,12023.66147305214
29,12000.742893792933
30,11985.66309291065
31,11976.447913304135
32,11985.553832004844
33,11965.923923737017
34,11990.61948140961
35,11917.619060208208
36,11939.166850117994
37,11931.246411268201
38,11911.596712298297
39,11984.936295217354
40,12009.850407138478
41,12083.713265058808
42,12059.562920629996
43,12020.710628462117
44,11891.307772650667
45,11853.149731386377
46,11857.764178194988
47,11866.588822488238
48,11877.31665198081
49,11785.927407323557
50,11924.890904416676
51,11959.887787178648
52,12021.81119131443
53,12067.571077370256
54,12021.308496095251
55,11996.927326537461
56,11980.462480351145
57,12013.893922537205
58,12029.261647512625
59,12046.353763709456
60,12031.74771264646
61,12009.866124561551
62,11930.760414141334
63,11970.392606079517
64,12180.725596912136
65,12241.057284883922
66,12201.662878457546
67,12208.623765452412
68,12183.028403939134
69,12190.786758463917
70,12060.98742838715
71,12073.456048495893
72,12102.978191433134
73,12116.549466429327
74,12347.838947004673
75,12398.162176053123
76,12428.990864429477
77,12475.409418818324
78,12431.547299715457
79,12429.365968808946
80,12348.621093861446
81,12369.339483581847
82,12359.2743651895
83,12316.279477258393
84,12295.630388454816
85,12322.489953014992
86,12369.15139698708
87,12397.620334728887
88,12344.034424447942
89,12343.540545725522
90,12345.12237839205
91,12401.07306169474
92,12377.108808464844
93,12325.194659069024
94,12336.623181111641
95,12636.60580640276
96,12639.791224422315
97,12610.615569204387
98,12662.490569009624
99,12647.004731674157
100,12628.577185419255
101,12622.432109228628
102,12657.144148411535
103,12704.395697909427
104,12656.071311485905
105,12655.463743783746
106,12646.472648045956
107,12634.142474728154
108,12677.616939819201
109,12703.780869923885
110,12709.115520789212
111,12636.885346961182
112,12626.226379943171
113,12705.64325378641
114,12722.693446339963
115,12736.827485776343
116,12768.302003793515
117,12771.430112047648
118,12706.057944524797
119,12680.912079987615
120,12562.216842393942
121,12519.497162299269
122,12490.448287121653
123,12509.359400541489
124,12485.55382329628
125,12173.749922642644
126,12146.06002408444
127,12106.368681336657
128,12195.473255965197
129,12273.165758235671
130,12349.998947477807
131,12328.174309462056
132,12265.95488627697
133,12326.403873542084
134,12424.958204649687
135,12411.715915757668
136,12463.217704627521
137,12516.575488527218
138,12524.263327082144
139,12502.315188580096
140,12374.06586475332
141,11887.145713890068
142,11916.308872922451
143,11922.161579327169
144,11904.75809929207
145,11844.594325182446
146,11844.14477854751
147,11792.199066938094
148,11776.712500615618
149,11782.589693021053
150,11867.406557415237
151,11813.61545821126
152,11805.412111939175
153,11922.195882385717
154,11938.544504978774
155,11937.535560774939
156,11922.56728758793
157,11837.511466180771
158,11780.149823625985
159,11704.355015796296
160,11451.38502636866
161,11401.977892539553
162,11607.85729728268
163,11839.28453279773
164,11839.436585973028
165,11815.31823307304
166,11694.655130681831
167,11719.206482325264
168,11738.895904025589
169,11677.824104085232
170,11713.939832124071
171,11768.263121062353
172,11632.57385435838
173,11599.74948223239
174,11531.428237170856
175,11540.732145808423
176,11656.885889721962
177,11568.183212402506
178,11439.143846479788
179,11401.589796018394
180,11306.891763313482
181,11272.980441557384
182,11180.846657122987
183,11226.990072818775
184,11182.49782733973
185,11243.5795541677
186,11325.610180964093
187,11255.095806983089
188,11306.203727034635
189,11347.500955800755
190,11376.610948340489
191,11271.569601189387
192,11235.005235068576
193,11325.186548571133
194,11366.263029781501
195,11360.89880162843
196,11292.580894595061
197,11379.449138642085
198,11382.691601637262
199,11441.618176343805
200,11409.410425412467
201,11255.025881460864
202,11211.292999999321
203,11308.989591654034
204,11488.042812535114
205,11592.762953463787
206,11593.981220223424
207,11539.599144073041
208,11786.588464310507
209,11872.63396232121
210,11846.665365810757
211,11838.634305685562
212,11845.24181815973
213,11793.029847883952
214,11699.559057524384
215,11701.327449439423
216,11719.634523633595
217,11703.513722417074
218,11572.149979927995
219,11641.586238607437
220,11630.041915746391
221,11908.6171240907
222,12053.06319991639
223,12020.434159146316
224,12118.049825239697
225,12068.420993035485
226,12008.881010483929
227,12075.347170222341
228,12184.399619969843
229,12184.238722794604
230,12175.104547085753
231,12167.478836752734
232,12161.205688667424
233,12138.14406232711
234,12099.866240422329
235,12045.41371215053
236,12021.493812417464
237,11990.827581747819
238,11846.118872786808
239,11937.94076694551
240,11952.482409141192
241,11925.315881094852
242,11863.069174334141
243,11900.03056934802
244,11911.132275359065
245,11932.846864766776
246,11886.399749986156
247,11865.399101066916
248,11903.504262401677
249,11867.147833102284
250,11812.96358733623
251,11725.236226522067
252,11729.077126698183
253,11624.77509186749
254,11386.963452740882
255,11266.780737255767
256,11257.166567882601
257,11284.227599181308
258,11120.458997994796
259,11166.93568949595
260,10955.641323165502
261,11004.857369540185
262,10866.031369938792
263,10910.06759573992
264,10941.012437056945
265,10918.789757737697
266,10929.689798681058
267,10751.412718595493
268,10737.746309656657
269,10740.264559757794
270,10737.947375372525
271,10498.989683044867
272,10432.283176255623
273,10487.65079148307
274,10419.692978954175
275,10376.4187329481
276,10320.337869960127
277,10441.68625253377
278,10415.69651643535
279,10590.483187221003
280,10665.735020188265
281,10685.018085586204
282,10809.078651149832
283,10797.663562019703
284,10876.821596818112
285,10800.90906685108
286,10792.10722071506
287,10782.117788551188
288,10835.889177523262
289,10849.67530668716
290,11008.094386743142
291,11029.620691046724
292,11076.366648741507
293,11086.282741421746
294,11095.788892135757
295,11046.580465186838
296,11100.691202830287
297,11092.631564567635
298,11229.046950503602
299,11200.517369496283
300,11188.084348049542
301,11272.815787485082
302,11273.695058280926
303,11312.005845478781
304,11315.780261399568
305,11322.805740402659
306,11315.329502665658
307,11287.516069247293
308,11294.211450341294
309,11391.11864976856
310,11448.933854127987
311,11442.628882567784
312,11408.20644721418
313,11395.886852272235
314,11316.036317734148
315,11364.614270462795
316,11338.276600180205
317,11440.204271238197
318,11492.912346573507
319,11537.674169594497
320,11621.470520618015
321,11647.791079961638
322,11649.535123483083
323,11637.987543269832
324,11726.834983660267
325,11722.628324556863
326,11713.564855616847
327,11685.877214753285
328,11698.847200078699
329,11700.022247127117
330,11682.658184213815
331,11695.758961252937
332,11775.999792135925
333,11744.278164508225
334,11637.734819962214
335,11652.215894941932
336,11617.350870544837
337,11517.16586453961
338,11477.651660890973
339,11483.994995345176
340,11416.633624248585
341,11352.27301034239
342,11615.863085653971
343,11709.732668872235
344,11768.309530981613
345,11738.240340090755
346,11640.404526924909
347,11691.47314792339
348,11683.017753693712
349,11765.386272686734
350,11807.842599668418
351,11850.647397282824
352,11999.921767060869
353,11966.065883540465
354,11906.333336874657
355,11905.02876844209
356,11902.48453732087
357,11922.389585312972
358,11898.255037089673
359,11857.822653919939
360,11847.713616689094
361,11628.966018033974
362,11632.074392089784
363,11572.87642793525
364,11574.748574927959
365,11570.979245420804
366,11568.073944022975
367,11680.250835551022
368,11654.566731679519
369,11664.640269386124
370,11713.994932663685
371,11577.23614714091
372,11477.616267440198
373,11589.491540214925
374,11898.556637774685
375,12078.911826784368
376,12091.464826555039
377,12013.371343503764
378,11976.130934139961
379,11970.88120505257
380,11909.160867062445
381,12028.7110040963
382,12000.433179695476
383,11975.132286822249
384,11983.658999291394
385,11989.080153070787
386,11990.047308158199
387,11897.518517832923
388,11859.324379156516
389,11813.106759628146
390,11781.574327570002
391,11782.270199671144
392,11837.529752895982
393,11855.30834576402
394,11879.276154536376
395,11754.199587143521
396,11843.756445371753
397,11816.119056845062
398,11842.000140428985
399,11866.512069680903
400,11946.59002542032
401,11937.233185159443
402,12005.48463017397
403,12013.060379018149
404,12027.320466185884
405,11988.791514515902
406,12058.029944668024
407,12056.68165728122
408,12010.64819138074
409,12056.986443421747
410,12035.689925849994
411,11991.159243123628
412,11986.559167630352
413,11959.338870098296
414,11965.869462377581
415,11975.528770625135
416,11977.374690782912
417,11975.399502817225
418,11907.021353454835
419,12043.721056935454
420,12067.05067996141
421,12197.049422912574
422,12275.017858031251
423,12299.498955281844
424,12188.046890562056
425,12206.118733643583
426,12100.821322549773
427,12101.216918211554
428,12173.120262755105
429,12140.21583510734
430,12159.999318324428
431,12113.354082742291
432,12253.361848824707
433,12257.080399707029
434,12175.203697546678
435,12132.576069206065
436,12192.822100433754
437,12178.496414877176
438,12089.553726241757
439,12101.932208703953
440,12097.555263971351
441,12128.09256437984
442,12128.011304237469
443,12090.183242365389
444,12066.93693799253
445,12088.734485818502
446,11999.976237156683
447,11974.309673964444
448,11910.099739202342
449,11912.852265253374
450,11897.5158631744
451,11917.792952843885
452,11899.75224398603
453,11930.049615607346
454,11910.551511610296
455,11969.178145923062
456,11926.73202488564
457,11697.28119459785
458,11693.864016665286
459,11715.836593761029
460,11714.833364749098
461,11640.789008201082
462,11578.674150706207
463,11574.69556522936
464,11535.372178286001
465,11564.390253979087
466,11454.987139577299
467,11426.243658304744
468,11286.660721085624
469,11212.783750108823
470,11185.266987146733
471,11207.783930788926
472,11332.311499033942
473,11335.957329283567
474,11325.94246148662
475,11460.343221836532
476,11480.293217490505
477,11466.172240090771
478,11449.064459822086
479,11431.619272130863
480,11480.915199987838
481,11418.39010390329
482,11356.016227027752
483,11292.11879763641
484,11373.110609397128
485,11390.70088196089
486,11488.135600121617
487,11482.37667707603
488,11494.654553215032
489,11427.38678032915
490,11458.605416207885
491,11356.268696396872
492,11306.140073632829
493,11268.1114653304
494,11269.5971935819
495,11314.185153186385
496,11299.511117170454
497,11275.49538238319
498,11299.320992359499
499,11311.38815371556
500,11280.626317141609
501,11294.215627667023
502,11263.892057601539
503,11422.537142673445
504,11532.003351700607
505,11642.945171178786
506,11629.52518108106
507,11682.787200258432
508,11792.219568923241
509,11779.929720356484
510,11809.663868951986
511,11841.552875275098
512,11834.747104567867
513,11806.162824982082
514,11809.031788101105
515,11875.210652606775
516,11922.386185245206
517,11915.00221062382
518,11915.350151815128
519,11939.222488658997
520,11890.41954946334
521,11908.352824724549
522,11938.834943557842
523,11919.559052449675
524,11921.527535916419
525,11941.19568266579
526,11912.405480034326
527,11963.147679184724
528,12013.640001702217
529,12017.046352386533
530,12027.428912215091
531,12062.50100018078
532,12105.278672394286
533,12106.878470220401
534,12127.960761304234
535,12125.724961278866
536,12217.781272882077
537,12211.067682569723
538,12184.711126450431
539,12100.035064647305
540,12091.728647446513
541,12122.475525785245
542,12129.385099507961
543,12097.113576339376
544,12107.937936732407
545,12102.601084667907
546,12091.96030373863
547,12093.369709791095
548,12128.965300715847
549,12145.503042450553
550,12143.218616139444
551,12181.175996172358
552,12187.457453333715
553,12246.4470470215
554,12280.318123726809
555,12277.750896112928
556,12183.752955358335
557,12183.945841160374
558,12180.045103499411
559,12160.097495550832
560,12175.046793578036
561,12205.273107310253
562,12236.438617703376
563,12257.098928893243
564,12259.121854231154
565,12236.374967739297
566,12235.798357846863
567,12200.709571662263
568,12200.518496225779
569,12189.66048989845
570,12210.993012677116
571,12178.566565028359
572,12172.042762897028
573,12209.754638251856
574,12239.802736247007
575,12248.68085100795
576,12282.890324611497
577,12288.385683413682
578,12257.271779074363
579,12319.835365245171
580,12522.716417122652
581,12498.518894885523
582,12457.18870033347
583,12441.701629531895
584,12436.920935316073
585,12471.891206918212
586,12512.677108079268
587,12483.62538440898
588,12516.83391092918
589,12527.419425111608
590,12603.60273336124
591,12578.53831286404
592,12641.387198632692
593,12661.819904393167
594,12652.252026916865
595,12746.674291663967
596,12698.901284008374
597,12632.98600381487
598,12631.223135812863
599,12716.8279345026
600,12733.402137075063
601,12730.14704946663
602,12730.16113853877
603,12810.64960557596
604,12808.08005372724
605,12736.563956233049
606,12757.366297835066
607,12759.449005216695
608,12754.054190596948
609,12739.237014317858
610,12780.653904645205
611,12598.287925909159
612,12484.899988662453
613,12483.335118125995
614,12551.660988719272
615,12545.723391577834
616,12526.300409626576
617,12430.862779248218
618,12470.010584651354
619,12479.862958180885
620,12488.800832968365
621,12469.635852077496
622,12434.629605397551
623,12446.235262534134
624,12398.770805160226
625,12394.977747626443
626,12412.596296800592
627,12466.021698673389
628,12481.312788980602
629,12509.184944661676
630,12487.689705733745
631,12474.874098599328
632,12494.162135703455
633,12537.396842174823
634,12556.091033267225
635,12656.842286536286
636,12698.090451018053
637,12712.354912067143
638,12706.174754033991
639,12762.600682740722
640,12684.623817945403
641,12830.218588897542
642,12914.84373679509
643,12902.64219637348
644,12972.37106978115
645,12970.065723379586
646,13301.989078585113
647,13383.250807880137
648,13379.467547124028
649,13456.647959405302
650,13440.535541950641
651,13417.872130872267
652,13449.71637426124
653,13361.653270010022
654,13383.270477875289
655,13337.795797462342
656,13340.584455197855
657,13361.737636102192
658,13373.179548873188
659,13363.266939738824
660,13288.373137720318
661,13250.073993773965
662,13269.294075030739
663,13347.99891538544
664,13303.587816876414
665,13381.334830603133
666,13461.157461040175
667,13404.48199305826
668,13413.673067151583
669,13423.964813788372
670,13448.101574178758
671,13510.757493327794
672,13522.65441705424
673,13546.712770140395
674,13607.346219808811
675,13610.286126058725
676,13663.725901357022
677,13712.716253081819
678,13683.750694138867
679,13716.58831403585
680,13782.734916314681
681,13809.686326148223
682,13760.566359576304
683,13756.766504216313
684,13710.995700395613
685,13728.589338533477
686,13666.563128389287
687,13631.641402684756
688,13648.02468225979
689,13649.884880234042
690,13822.262106320231
691,13830.400130646387
692,13898.151507049253
693,13819.948823559098
694,13808.286630962964
695,13811.091251293901
696,13920.441010009143
697,14090.781146196414
698,14078.244349737834
699,14045.746127176128
700,14047.16231109373
701,14163.268383825027
702,14110.145952651816
703,14109.366103195482
704,14049.349110719335
705,14054.555823572624
706,14149.10363011739
707,14138.939110410909
708,14065.720978773837
709,14017.375177255166
710,13853.196534927878
711,13771.143133343929
712,13875.974015426775
713,13894.867131544495
714,13863.112656793164
715,13858.744608289917
716,13942.21563330033
717,13930.21076119896
718,13894.39031706817
719,13867.333172961367
720,13865.348671973621
721,13835.694435832356
722,13800.170480524966
723,13722.27851639043
724,13775.48695298993
725,13782.023037291525
726,13801.21619023609
727,13827.258964287686
728,13899.018379618887
729,13881.861791621754
730,13847.674032458095
731,13828.130068545937
732,13900.22950898495
733,13852.69266248246
734,13638.236764170266
735,13672.94567081067
736,13626.553397760694
737,13782.198206855737
738,13816.92867774843
739,13808.544820444069
740,13813.444189924203
741,13797.326885842569
742,13767.133551373408
743,13720.078434622741
744,13951.343759185727
745,13910.729052129082
746,13885.146794713888
747,14043.14533566571
748,14061.54676516398
749,14054.908658854429
750,14030.896230505612
751,14024.293201548651
752,14030.292442482409
753,14107.696012078351
754,14121.451394639467
755,14165.365071026512
756,14161.425968479443
757,14211.049564262757
758,14246.412848124144
759,14203.519123991051
760,14243.938313425831
761,14289.08911009795
762,14328.238497392624
763,14279.91238308945
764,14275.102217682146
765,14281.323864980612
766,14270.979097114
767,14369.222358261813
768,14294.423330612455
769,14228.192614761709
770,14304.310160433932
771,14196.906838612002
772,14050.589939303854
773,14101.731163522287
774,14021.56698890568
775,13808.85086815535
776,13593.258521429141
777,13618.714028560782
778,13581.225996468358
779,13505.00291292875
780,13450.80682945304
781,13560.184223744896
782,13595.909616954354
783,13790.973137527184
784,13995.578405510247
785,13987.260648835494
786,13980.866991242434
787,14018.380220882558
788,13913.490959881
789,14020.995019673306
790,14031.852943876811
791,13977.815469607263
792,13977.18310550513
793,13700.588977834854
794,13679.548889912723
795,13769.614203571267
796,13804.173336147607
797,13793.066883787124
798,13804.316637833388
799,13885.707995194294
800,13942.044636522896
801,13797.430130498915
802,13857.616381024762
803,13943.820155562444
804,13895.999235785877
805,13802.01192096029
806,13769.98249773076
807,13928.847865503054
808,13646.185482962435
809,13534.82490794928
810,13617.383340055123
811,13518.596661271971
812,13442.50536651842
813,13517.91391436617
814,13442.756409038935
815,13367.37513486309
816,13411.625184619905
817,13423.240258073547
818,13344.684714170638
819,13412.883479355227
820,13457.79616041475
821,13411.664733014519
822,13382.087198708483
823,13415.02162409532
824,13425.695445270974
825,13461.384996775245
826,13489.915158586551
827,13474.487963282256
828,13460.519269346269
829,13443.195676214187
830,13494.600302759154
831,13494.600302759154
832,13609.882344530139
833,13655.590689159437
834,13658.82645240897
835,13631.909061813176
836,13602.278196615602
837,13566.312030142577
838,13563.348955102925
839,13577.764610904227
840,13717.391920673457
841,13725.626569831238
842,13760.340045086505
843,13800.534639247337
844,13767.872065691923
845,13696.57503864487
846,13822.720239754122
847,13767.1971830198
848,13467.948948498974
849,13451.786752191565
850,13474.150719705143
851,13413.646043684817
852,13367.047397725502
853,13515.954957811085
854,13484.348968674078
855,13451.040592291129
856,13479.188458225995
857,13558.190712676886
858,13772.537709277065
859,13770.575944117723
860,13766.45612011831
861,13759.722345088341
862,13777.047110970074
863,13878.073895940872
864,13834.908630753034
865,13846.301556668073
866,13858.973252048694
867,13880.898630910047
868,13849.869893137837
869,13726.689152720304
870,13766.500329918996
871,13721.970135158339
872,13755.08890911239
873,13597.616010960948
874,13598.65998793543
875,13454.195472855377
876,13371.693362764554
877,13440.90353672562
878,13479.588302796688
879,13496.78076459427
880,13488.754284567807
881,13664.456086053031
882,13669.865723574792
883,13658.484821126718
884,13661.896607413877
885,13670.087857175002
886,13644.616851022523
887,13662.010657138522
888,13682.907300751214
889,13681.855234575793
890,13669.33035349584
891,13676.596942125372
892,13678.990676151001
893,13652.162320127725
894,13731.015641176233
895,13726.97576026196
896,13711.90558545131
897,13684.919973527336
898,13642.476542863149
899,13621.71349944306
900,13617.163745501424
901,13567.201058468567
902,13530.943329765396
903,13502.206681745905
904,13503.315747617287
905,13454.798818072373
906,13414.076832559895
907,13343.419382294736
908,13364.671161475058
909,13305.113511908385
910,13324.506636034974
911,13418.330150367332
912,13402.762205883002
913,13431.680248026109
914,13374.520720900005
915,13360.852181562148
916,13373.439047106467
917,13440.57483893435
918,13404.320355873428
919,13447.474643208523
920,13436.979226969419
921,13467.555941038327
922,13430.546635764722
923,13213.980351062664
924,13193.98482488613
925,13209.277419950457
926,13191.387943784232
927,13209.018956643282
928,13285.444319988044
929,13320.97044324965
930,13248.555523003928
931,13260.330303364071
932,13339.506691133094
933,13379.297780271027
934,13359.809587292853
935,13280.203159501294
936,13277.99862413502
937,13199.012837319726
938,13243.239575744234
939,13228.063618687831
940,13206.09211712279
941,13077.122766552655
942,13046.831670869931
943,12958.635401995125
944,12816.313434024498
945,12797.35721383564
946,13062.79393991427
947,12976.066102253657
948,12999.371898744308
949,13069.168216728445
950,13035.216486864434
951,13246.696231616897
952,13208.183583388633
953,13093.318064466232
954,13110.958315952967
955,13085.755954396021
956,12912.896167503823
957,12898.702369052755
958,12941.013544030446
959,12865.174465931035
960,12844.41023848824
961,12800.628937320214
962,12953.118335335434
963,13252.32786021386
964,13215.612831618257
965,13183.038880778475
966,13245.181294390593
967,13283.043956960164
968,13134.227711268475
969,13079.642735383415
970,12956.477103771693
971,12962.845780362628
972,12996.605876488205
973,12997.398809779623
974,13073.07396248322
975,13049.770930104913
976,12939.57127695733
977,13067.694810869567
978,13009.82919030772
979,13130.214447332008
980,13108.024642246426
981,13134.23229327438
982,12880.374781950011
983,12913.246059266896
984,12986.881867378317
985,12877.589811886017
986,12863.747939476089
987,12846.524307030972
988,12841.965978678292
989,12854.011644385091
990,12892.61527174872
991,12879.625132524377
992,12876.178520683394
993,12797.142113415854
994,12922.862847534683
995,12865.24509531396
996,12838.624171194815
997,12796.510567356176
998,12788.194924824322
999,12948.199477699374
1000,12696.901300704929
1001,13106.520103675288
1002,13147.354090901195
1003,12864.730885493045
1004,13128.226638245942
1005,13209.631164470753
1006,13228.224359283557
1007,13292.367743049275
1008,13356.591021714528
1009,13304.982776650488
1010,13365.639279829486
1011,13368.54577999383
1012,13437.382132979417
1013,13375.913634270346
1014,13422.489707509425
1015,13355.15646686621
1016,13243.11381216586
1017,13242.663625987369
1018,13308.605907873069
1019,13304.78154694115
1020,13297.165918661185
1021,13338.180320913532
1022,13331.385801031754
1023,13299.997517100175
1024,13292.331082793562
1025,13283.70733716409
1026,13238.320890807827
1027,13153.410931190814
1028,13181.210531443505
1029,13167.865734127177
1030,13171.754886040637
1031,13260.632606184798
1032,13222.631686493307
1033,13215.25947084002
1034,13249.27213199218
1035,13198.150654151532
1036,13352.308538105657
1037,13235.039002184985
1038,13138.35908035643
1039,13180.81367176908
1040,13157.60703640443
1041,13153.156909692496
1042,13107.372080855785
1043,13091.38266336304
1044,13220.366839061653
1045,13242.16470104728
1046,13226.413284272572
1047,13166.687670295472
1048,13199.20109508412
1049,13208.432864155888
1050,13221.400398153175
1051,13225.764948032052
1052,13250.226333316179
1053,13288.965624823792
1054,13249.02659094939
1055,13261.144482615684
1056,13268.17669898487
1057,13167.463357471901
1058,13160.145755991598
1059,13196.607140045311
1060,13091.56426148946
1061,13098.51491155118
1062,13117.861849622615
1063,13217.89778436562
1064,13225.326822666857
1065,13226.211483795936
1066,13256.474861916198
1067,13221.191763890982
1068,13258.813391182995
1069,13151.084283749977
1070,13066.311458527685
1071,13029.785875078034
1072,13023.478243085665
1073,12964.330314560684
1074,12970.588296063781
1075,12990.256766841809
1076,12879.824452160814
1077,12886.206588147323
1078,12848.969981252607
1079,12811.520971541782
1080,12783.53404846154
1081,12752.428834853594
1082,12757.192812162875
1083,12762.637121247633
1084,12734.471424883744
1085,12754.770160190667
1086,12775.215509157242
1087,12743.067760366914
1088,12674.704220945463
1089,12644.9927417602
1090,12572.277275062379
1091,12596.730902827634
1092,12412.37953134437
1093,12520.518245624227
1094,12526.792102116688
1095,12553.428118619959
1096,12319.105437641454
1097,12211.506716902284
1098,12221.799742436087
1099,12223.248522699983
1100,12131.40860923667
1101,12145.893296688078
1102,12091.959509296104
1103,12041.018660355357
1104,11989.972449905632
1105,12035.047431505725
1106,12037.264543601501
1107,11923.388467521407
1108,11912.276547948726
1109,11890.545306946417
1110,11927.02362540617
1111,11898.46900019284
1112,11947.712620944438
1113,11834.147130006118
1114,11974.357418180243
1115,11880.036099512552
1116,11891.7913624338
1117,11981.410674374323
1118,11998.160907065221
1119,12021.463187648567
1120,12006.059936246174
1121,12017.546915966495
1122,11956.738582158032
1123,12033.933146513544
1124,12023.290166247798
1125,12044.824265249832
1126,12064.352854296385
1127,12096.390703963269
1128,12112.073420783836
1129,12083.462115838227
1130,12061.588183405109
1131,12078.368328743329
1132,12091.065647614143
1133,12106.633938695939
1134,12088.846570773756
1135,12092.449633399749
1136,12082.185390298238
1137,12066.348962675847
1138,12041.511065758721
1139,12029.237960296712
1140,11895.854804225604
1141,11804.053861474538
1142,11818.286440108712
1143,11760.893706499948
1144,11769.57433695412
1145,11725.008141082846
1146,11689.896787202708
1147,11634.530631709242
1148,11565.26378060161
1149,11509.786157687402
1150,11398.034977148156
1151,11433.722690837672
1152,11412.296848369011
1153,11513.183772258677
1154,11431.92754885933
1155,11386.077018135898
1156,11372.16460439322
1157,11334.026301330916
1158,11330.461292015862
1159,11333.752251588558
1160,11516.173449002397
1161,11589.909546105153
1162,11587.153603834795
1163,11538.73802649524
1164,11398.667616066552
1165,11441.32539279871
1166,11463.872003418248
1167,11464.704139399042
1168,11488.278020519054
1169,11548.011058125483
1170,11492.471323409254
1171,11503.244414659346
1172,11576.320179215007
1173,11524.1563945164
1174,11540.982313243345
1175,11628.526550491297
1176,11696.624112013098
1177,11691.684486815893
1178,11655.306594435677
1179,11694.23219770328
1180,11499.145275060944
1181,11448.723008239354
1182,11514.025453287277
1183,11494.231079502799
1184,11361.528040810661
1185,11247.255189193633
1186,11278.645807415853
1187,11327.316322755674
1188,11247.103241819188
1189,11254.904962039398
1190,11220.469908943107
1191,11156.966056034737
1192,11169.667914687145
1193,11165.575953096708
1194,11130.15922759136
1195,11006.356953853043
1196,11028.414641543059
1197,11091.44547631897
1198,11116.664367904392
1199,11120.395369650829
1200,11211.047543049885
1201,11215.058477134935
1202,11215.195502274642
1203,11183.554329131128
1204,11207.588872389548
1205,11199.55697196955
1206,11254.896060365469
1207,11135.653900375748
1208,11124.411823479362
1209,11166.777040572815
1210,11129.630270412395
1211,11141.678679864794
1212,11117.190848752958
1213,11195.37961738126
1214,11328.976283657952
1215,11148.07515503344
1216,11127.265129591286
1217,11241.791153501446
1218,11244.615658546585
1219,11086.174035409531
1220,11067.729436992695
1221,11018.618727626976
1222,11003.099603307795
1223,10959.758191325569
1224,10957.155835405716
1225,11022.60914309967
1226,11037.790481060438
1227,11101.618201831743
1228,11117.04473694884
1229,11168.860499305565
1230,11096.357989712898
1231,11069.355290016032
1232,11256.133889370109
1233,11311.613899932858
1234,11254.547576941033
1235,11305.496201353233
1236,11333.468661870316
1237,11317.351558163462
1238,11273.10902786559
1239,11271.156056994068
1240,11320.09022430345
1241,11415.919452294875
1242,11382.206668884144
1243,11453.445588664052
1244,11485.110341669399
1245,11516.923412099446
1246,11577.641895530982
1247,11581.133093302158
1248,11536.328694756396
1249,11542.443054856092
1250,11530.858654894728
1251,11460.347838097117
1252,11487.211729398305
