,Profitloss
0,-0.25917297823626617
1,-0.2757521797135398
2,-0.26742142880413766
3,0.7766168195667111
4,0.47723325299848796
5,-0.3512221136361293
6,-0.44281580396230424
7,-0.5355151822523441
8,-0.49235315688375136
9,-0.38728315084938236
10,-0.12019903278984723
11,0.5743462202242977
12,0.6691478762197889
13,0.9022563557651742
14,0.8316134594665847
15,0.9402575579876116
16,0.06228528424050417
17,-0.11083918938962212
18,-0.2265002247488268
19,-0.19082588299761394
20,0.006436945951326933
21,0.2576576770804806
22,0.6269679031067454
23,0.15670514973680216
24,0.17812389864311218
25,1.083814589010479
26,0.2717305118938862
27,-0.12068413229602282
28,0.1971789421011616
29,0.00619078160777331
30,-0.11947422574457578
31,-0.19626738913220976
32,-0.1203847332929664
33,-0.28396730219152344
34,-0.07817098825324553
35,-0.6865078315982709
36,-0.5069429156833838
37,-0.5729465727649874
38,-0.736694064180865
39,-0.12553087318871725
40,0.08208672615397372
41,0.6976105421567347
42,0.49635767191664737
43,0.17258857051765109
44,-0.9057685612444355
45,-1.2237522384468624
46,-1.185298515041766
47,-1.1117598125980122
48,-1.022361233493252
49,-1.7839382723036867
50,-0.6259091298610353
51,-0.33426844017793167
52,0.18175992762023974
53,0.5630923114188002
54,0.1775708007937693
55,-0.025605612187817872
56,-0.16281266374045256
57,0.11578268781005097
58,0.24384706260520694
59,0.38628136424545545
60,0.2645642720538355
61,0.0822177046795991
62,-0.5769965488222173
63,-0.24672828267069402
64,1.5060466409344775
65,2.0088107073660266
66,1.6805239871462208
67,1.7385313787700918
68,1.5252366994927824
69,1.5898896538659724
70,0.5082285698929212
71,0.6121337374657809
72,0.8581515952761132
73,0.9712455535777265
74,2.8986578917056027
75,3.318018133776035
76,3.57492387024565
77,3.961745156819374
78,3.5962274976288233
79,3.5780497400745626
80,2.905175782178726
81,3.077829029848722
82,2.993953043245834
83,2.6356623104865973
84,2.4635865704567994
85,2.687416275124943
86,3.076261641558986
87,3.3135027894073854
88,2.866953537066186
89,2.862837881046021
90,2.8760198199337506
91,3.3422755141228278
92,3.142573403873694
93,2.7099554922418667
94,2.805193175930354
95,5.305048386689659
96,5.331593536852619
97,5.088463076703231
98,5.520754741746869
99,5.391706097284632
100,5.238143211827118
101,5.186934243571906
102,5.476201236762801
103,5.869964149245233
104,5.467260929049211
105,5.462197864864549
106,5.387272067049631
107,5.284520622734612
108,5.646807831826672
109,5.864840582699049
110,5.90929600657677
111,5.30737789134319
112,5.218553166193085
113,5.880360448220068
114,6.022445386166364
115,6.140229048136181
116,6.4025166982792925
117,6.428584267063742
118,5.883816204373304
119,5.674267333230132
120,4.685140353282846
121,4.329143019160564
122,4.087069059347104
123,4.244661671179073
124,4.0462818608023365
125,1.4479160220220333
126,1.2171668673703229
127,0.8864056778054685
128,1.6289437997099698
129,2.2763813186305937
130,2.916657895648389
131,2.7347859121837903
132,2.216290718974756
133,2.7200322795173593
134,3.541318372080715
135,3.4309659646472257
136,3.860147538562675
137,4.304795737726819
138,4.368861059017859
139,4.1859599048341245
140,3.1172155396109957
141,-0.940452384249435
142,-0.6974260589795778
143,-0.6486535056069331
144,-0.7936825058994179
145,-1.2950472901462784
146,-1.2987935121040795
147,-1.7316744421825514
148,-1.8607291615365118
149,-1.8117525581578975
150,-1.1049453548730215
151,-1.5532045149061702
152,-1.6215657338402134
153,-0.6483676467856969
154,-0.5121291251768856
155,-0.5205369935421755
156,-0.6452726034339218
157,-1.354071115160238
158,-1.8320848031167958
159,-2.4637082016975342
160,-4.571791446927831
161,-4.983517562170392
162,-3.267855855977664
163,-1.339295560018916
164,-1.3380284502247708
165,-1.539014724391341
166,-2.5445405776514107
167,-2.339945980622804
168,-2.1758674664534294
169,-2.6847991326230725
170,-2.383834732299406
171,-1.9311406578137236
172,-3.0618845470135048
173,-3.335420981396753
174,-3.904764690242868
175,-3.8272321182631464
176,-2.859284252316985
177,-3.5984732299791156
178,-4.673801279335099
179,-4.986751699846714
180,-5.775901972387643
181,-6.058496320355133
182,-6.826277857308439
183,-6.441749393176877
184,-6.812518105502252
185,-6.303503715269166
186,-5.61991515863256
187,-6.207534941807591
188,-5.7816356080447
189,-5.437492034993707
190,-5.194908763829265
191,-6.07025332342177
192,-6.374956374428531
193,-5.623445428573892
194,-5.28114141848749
195,-5.3258433197630906
196,-5.895159211707823
197,-5.171257177982625
198,-5.144236653022816
199,-4.653181863801626
200,-4.9215797882294465
201,-6.208117654492796
202,-6.572558333338985
203,-5.758420069549719
204,-4.26630989554072
205,-3.3936420544684376
206,-3.3834898314714645
207,-3.8366737993913214
208,-1.778429464079101
209,-1.0613836473232552
210,-1.2777886182436915
211,-1.3447141192869827
212,-1.289651515335588
213,-1.7247512676337284
214,-2.503674520630128
215,-2.4889379213381413
216,-2.336378969720043
217,-2.4707189798577223
218,-3.565416833933366
219,-2.9867813449380276
220,-3.0829840354467453
221,-0.7615239659108264
222,0.4421933326365979
223,0.17028465955264416
224,0.9837485436641424
225,0.5701749419623647
226,0.07400842069940072
227,0.6278930851861819
228,1.5366634997487028
229,1.535322689955021
230,1.4592045590479552
231,1.395656972939463
232,1.3433807388951946
233,1.1512005193925923
234,0.8322186701860801
235,0.378447601254428
236,0.17911510347887738
237,-0.07643681876817743
238,-1.2823427267765974
239,-0.5171602754540761
240,-0.3959799238233974
241,-0.6223676575428994
242,-1.1410902138821566
243,-0.8330785887665004
244,-0.7405643720077904
245,-0.5596094602768664
246,-0.9466687501153648
247,-1.1216741577756983
248,-0.8041311466526979
249,-1.1071013908142913
250,-1.5586367721980854
251,-2.2896981123161075
252,-2.257690610848473
253,-3.126874234437582
254,-5.108637893825985
255,-6.110160522868602
256,-6.190278600978328
257,-5.964770006822439
258,-7.329508350043367
259,-6.942202587533752
260,-8.702988973620817
261,-8.2928552538318
262,-9.449738583843404
263,-9.082770035500666
264,-8.82489635785879
265,-9.01008535218586
266,-8.919251677657847
267,-10.404894011704224
268,-10.51878075286119
269,-10.497795335351723
270,-10.51710520522896
271,-12.50841930795944
272,-13.064306864536468
273,-12.602910070974405
274,-13.169225175381872
275,-13.52984389209917
276,-13.997184416998943
277,-12.98594789555192
278,-13.202529029705424
279,-11.745973439824976
280,-11.118874831764458
281,-10.958182620114965
282,-9.924344573751398
283,-10.019470316502478
284,-9.359820026515731
285,-9.992424442907666
286,-10.065773160707836
287,-10.149018428740098
288,-9.700923520639481
289,-9.586039110940325
290,-8.265880110473823
291,-8.086494241277297
292,-7.696944593820776
293,-7.6143104881521095
294,-7.535092565535361
295,-7.945162790109683
296,-7.494239976414274
297,-7.561403628603037
298,-6.424608745803317
299,-6.662355254197639
300,-6.7659637662538135
301,-6.059868437624316
302,-6.0525411809922876
303,-5.73328462101016
304,-5.7018311550036005
305,-5.643285496644513
306,-5.705587477786189
307,-5.937366089605889
308,-5.881571247155881
309,-5.074011251928667
310,-4.59221788226678
311,-4.644759311935132
312,-4.931612939881836
313,-5.034276231064705
314,-5.699697352215438
315,-5.29488107947671
316,-5.514361665164957
317,-4.66496440634836
318,-4.225730445220776
319,-3.852715253379191
320,-3.1544123281832093
321,-2.9350743336530094
322,-2.920540637640978
323,-3.0167704727514066
324,-2.2763751361644435
325,-2.311430628692812
326,-2.3869595365262786
327,-2.617689877055951
328,-2.509606666010844
329,-2.49981460727402
330,-2.644515131551539
331,-2.535341989558859
332,-1.8666683988672994
333,-2.131015295764793
334,-3.018876500314882
335,-2.898200875483903
336,-3.188742745459694
337,-4.023617795503254
338,-4.352902825908556
339,-4.30004170545687
340,-4.86138646459513
341,-5.397724913813429
342,-3.2011409528835744
343,-2.4188944260647105
344,-1.93075390848656
345,-2.1813304992437055
346,-2.996628942292423
347,-2.5710571006384075
348,-2.6415187192190714
349,-1.9551143942772242
350,-1.6013116694298501
351,-1.2446050226431304
352,-0.0006519411594241298
353,-0.2827843038294642
354,-0.780555526044524
355,-0.7914269296492527
356,-0.8126288556594141
357,-0.6467534557252241
358,-0.8478746909193924
359,-1.1848112173338476
360,-1.2690531942575523
361,-3.0919498497168796
362,-3.066046732585137
363,-3.559363100539581
364,-3.5437618756003486
365,-3.575172954826633
366,-3.599383799808542
367,-2.664576370408156
368,-2.8786105693373476
369,-2.7946644217823002
370,-2.3833755611359586
371,-3.5230321071590853
372,-4.353197771331674
373,-3.420903831542288
374,-0.845361351877616
375,0.6575985565363984
376,0.7622068879586497
377,0.11142786253137693
378,-0.19890888216699265
379,-0.24265662456190995
380,-0.7569927744796257
381,0.23925836746916396
382,0.0036098307956367037
383,-0.20723094314792911
384,-0.13617500590504816
385,-0.09099872441010737
386,-0.08293909868167804
387,-0.8540123513923081
388,-1.1722968403623635
389,-1.557443669765446
390,-1.8202139369166481
391,-1.814415002740466
392,-1.3539187258668206
393,-1.2057637852998293
394,-1.006032045530203
395,-2.0483367738039937
396,-1.3020296219020566
397,-1.5323411929578201
398,-1.316665496425129
399,-1.1123994193258158
400,-0.445083121497325
401,-0.5230567903379724
402,0.0457052514497569
403,0.10883649181789856
404,0.2276705515490196
405,-0.09340404570081784
406,0.48358287223353447
407,0.47234714401016564
408,0.08873492817282891
409,0.4748870285145479
410,0.2974160487499544
411,-0.0736729739697739
412,-0.11200693641373327
413,-0.33884274918086765
414,-0.2844211468534974
415,-0.20392691145720843
416,-0.18854424347573007
417,-0.20500414318979088
418,-0.7748220545430451
419,0.3643421411287928
420,0.5587556663450899
421,1.6420785242714508
422,2.291815483593762
423,2.4958246273486973
424,1.5670574213504596
425,1.7176561136965196
426,0.8401776879147782
427,0.8434743184296156
428,1.4426688562925394
429,1.1684652925611605
430,1.3333276527035753
431,0.9446173561857618
432,2.1113487402058873
433,2.1423366642252306
434,1.4600308128889905
435,1.104800576717202
436,1.6068508369479373
437,1.4874701239764754
438,0.7462810520146412
439,0.8494350725329447
440,0.8129605330945866
441,1.067438036498669
442,1.0667608686455665
443,0.7515270197115731
444,0.5578078166044165
445,0.73945404848752
446,-0.00019802369430887978
447,-0.21408605029630268
448,-0.7491688399804852
449,-0.7262311228885543
450,-0.8540344735466721
451,-0.6850587263009578
452,-0.8353979667830913
453,-0.5829198699387805
454,-0.7454040699142017
455,-0.25684878397448374
456,-0.6105664592863325
457,-2.522656711684579
458,-2.5511331944559568
459,-2.368028385324761
460,-2.376388627090853
461,-2.993424931657651
462,-3.511048744114942
463,-3.544203623088671
464,-3.871898514283323
465,-3.6300812168409413
466,-4.541773836855844
467,-4.781302847460466
468,-5.944493990953137
469,-6.560135415759804
470,-6.789441773777227
471,-6.601800576758943
472,-5.564070841383817
473,-5.533688922636948
474,-5.6171461542781636
475,-4.497139818028895
476,-4.33088985424579
477,-4.448564665910237
478,-4.591129501482616
479,-4.73650606557614
480,-4.325706666768014
481,-4.84674913413925
482,-5.366531441435396
483,-5.899010019696571
484,-5.224078255023934
485,-5.077492650325921
486,-4.265536665653191
487,-4.313527691033081
488,-4.211212056541402
489,-4.771776830590413
490,-4.511621531600952
491,-5.364427530026072
492,-5.782166053059756
493,-6.099071122246668
494,-6.086690053484167
495,-5.715123723446791
496,-5.837407356912882
497,-6.037538480140093
498,-5.838991730337506
499,-5.738432052370335
500,-5.994780690486601
501,-5.881536436108137
502,-6.134232853320509
503,-4.812190477721289
504,-3.8999720691616058
505,-2.9754569068434544
506,-3.0872901576578293
507,-2.6434399978463974
508,-1.731503592306327
509,-1.8339189970293046
510,-1.5861344254001208
511,-1.3203927060408516
512,-1.3771074619344459
513,-1.6153097918159776
514,-1.5914017658241186
515,-1.0399112282768797
516,-0.6467817896232853
517,-0.7083149114681775
518,-0.7054154015405989
519,-0.5064792611750191
520,-0.9131704211388314
521,-0.7637264606287664
522,-0.5097088036846498
523,-0.6703412295860467
524,-0.6539372006965083
525,-0.490035977785086
526,-0.7299543330472891
527,-0.30710267346063524
528,0.11366668085179832
529,0.14205293655444873
530,0.228574268459103
531,0.5208416681731665
532,0.8773222699523853
533,0.8906539185033369
534,1.0663396775352885
535,1.0477080106572112
536,1.8148439406839856
537,1.7588973547476794
538,1.539259387086922
539,0.8336255387275449
540,0.7644053953876018
541,1.0206293815437029
542,1.0782091625663348
543,0.8092798028281223
544,0.899482806103391
545,0.8550090388992349
546,0.7663358644885765
547,0.7780809149257939
548,1.0747108392987315
549,1.212525353754601
550,1.193488467828696
551,1.5097999681029872
552,1.5621454444476157
553,2.0537253918458287
554,2.3359843643900646
555,2.3145908009410743
556,1.5312746279861233
557,1.5328820096697893
558,1.5003758624950958
559,1.3341457962569248
560,1.4587232798169758
561,1.7106092275854357
562,1.9703218141948087
563,2.142491074110353
564,2.1593487852596294
565,1.9697913978274695
566,1.9649863153905267
567,1.6725797638521778
568,1.6709874685481685
569,1.5805040824870886
570,1.7582751056426371
571,1.4880547085696527
572,1.4336896908085706
573,1.7479553187654595
574,1.9983561353917212
575,2.0723404250662547
576,2.3574193717624814
577,2.4032140284473424
578,2.143931492286355
579,2.66529471037642
580,4.355970142688759
581,4.154324124046016
582,3.8099058361122484
583,3.6808469127658006
584,3.6410077943006103
585,3.9324267243184385
586,4.272309233993887
587,4.0302115367415015
588,4.306949257743153
589,4.395161875930076
590,5.0300227780103235
591,4.82115260720033
592,5.344893321939104
593,5.515165869943051
594,5.435433557640534
595,6.222285763866386
596,5.8241773667364605
597,5.274883365123917
598,5.260192798440522
599,5.973566120855001
600,6.111684475625534
601,6.084558745555246
602,6.084676154489754
603,6.755413379799657
604,6.734000447727007
605,6.138032968608731
606,6.311385815292225
607,6.32874171013913
608,6.283784921641233
609,6.1603084526488106
610,6.505449205376701
611,4.985732715909652
612,4.04083323885378
613,4.027792651049955
614,4.597174905993939
615,4.5476949298152824
616,4.385836746888128
617,3.590523160401826
618,3.916754872094619
619,3.99885798484072
620,4.073340274736381
621,3.913632100645792
622,3.6219133783129243
623,3.71862718778444
624,3.323090043001886
625,3.291481230220361
626,3.4383024733382728
627,3.883514155611567
628,4.0109399081716735
629,4.243207872180643
630,4.06408088111454
631,3.9572841549944116
632,4.1180177975287835
633,4.4783070181235285
634,4.634091943893548
635,5.473685721135713
636,5.817420425150455
637,5.936290933892852
638,5.884789616949937
639,6.355005689506021
640,5.70519848287836
641,6.918488240812848
642,7.623697806625751
643,7.522018303112321
644,8.103092248176246
645,8.08388102816322
646,10.849908988209279
647,11.52709006566781
648,11.495562892700239
649,12.138732995044176
650,12.00446284958867
651,11.815601090602224
652,12.08096978551032
653,11.347110583416843
654,11.527253982294061
655,11.148298312186178
656,11.1715371266488
657,11.347813634184934
658,11.44316290727656
659,11.360557831156859
660,10.73644281433599
661,10.417283281449707
662,10.57745062525617
663,11.233324294878667
664,10.863231807303443
665,11.511123588359439
666,12.176312175334791
667,11.704016608818835
668,11.780608892929866
669,11.866373448236445
670,12.067513118156326
671,12.589645777731606
672,12.688786808785334
673,12.889273084503294
674,13.394551831740099
675,13.419051050489372
676,13.864382511308527
677,14.272635442348491
678,14.03125578449056
679,14.304902616965421
680,14.85612430262233
681,15.08071938456852
682,14.671386329802537
683,14.639720868469276
684,14.258297503296768
685,14.404911154445642
686,13.88802606991073
687,13.59701168903964
688,13.733539018831586
689,13.749040668617019
690,15.185517552668593
691,15.253334422053232
692,15.817929225410454
693,15.16624019632582
694,15.069055258024711
695,15.092427094115845
696,16.00367508340952
697,17.42317621830345
698,17.318702914481943
699,17.047884393134403
700,17.05968592578109
701,18.02723653187521
702,17.58454960543179
703,17.578050859962357
704,17.077909255994463
705,17.121298529771867
706,17.90919691764492
707,17.82449258675758
708,17.21434148978198
709,16.811459810459706
710,15.44330445773232
711,14.759526111199396
712,15.633116795223124
713,15.790559429537465
714,15.525938806609707
715,15.489538402415981
716,16.185130277502747
717,16.085089676658004
718,15.78658597556808
719,15.561109774678062
720,15.544572266446831
721,15.297453631936309
722,15.001420671041377
723,14.352320969920251
724,14.795724608249404
725,14.850191977429382
726,15.010134918634076
727,15.227158035730714
728,15.825153163490713
729,15.682181596847954
730,15.397283603817469
731,15.234417237882813
732,15.835245908207929
733,15.439105520687168
734,13.651973034752206
735,13.941213923422247
736,13.554611648005777
737,14.85165172379781
738,15.141072314570248
739,15.071206837033913
740,15.112034916035032
741,14.977724048688067
742,14.726112928111746
743,14.333986955189504
744,16.261197993214395
745,15.92274210107567
746,15.709556622615729
747,17.026211130547587
748,17.1795563763665
749,17.124238823786907
750,16.924135254213436
751,16.86911001290543
752,16.91910368735341
753,17.564133433986264
754,17.678761621995555
755,18.04470892522094
756,18.011883070662037
757,18.425413035522986
758,18.720107067701196
759,18.362659366592094
760,18.699485945215265
761,19.07574258414959
762,19.401987478271863
763,18.999269859078737
764,18.95918514735122
765,19.011032208171773
766,18.92482580928332
767,19.743519652181774
768,19.120194421770464
769,18.5682717896809
770,19.202584670282775
771,18.307556988433337
772,17.08824949419878
773,17.514426362685718
774,16.846391574214014
775,15.073757234627916
776,13.277154345242836
777,13.48928357133985
778,13.176883303902986
779,12.541690941072915
780,12.090056912108672
781,13.001535197874126
782,13.299246807952937
783,14.92477614605987
784,16.62982004591873
785,16.560505406962456
786,16.50722492702028
787,16.819835174021325
788,15.945757999008347
789,16.841625163944208
790,16.9321078656401
791,16.48179558006053
792,16.476525879209426
793,14.171574815290455
794,13.996240749272681
795,14.746785029760566
796,15.03477780123006
797,14.942224031559359
798,15.035971981944908
799,15.714233293285783
800,16.183705304357467
801,14.978584420824292
802,15.480136508539676
803,16.198501296353697
804,15.79999363154898
805,15.016766008002413
806,14.749854147756336
807,16.07373221252546
808,13.718212358020288
809,12.790207566244005
810,13.47819450045935
811,12.654972177266433
812,12.020878054320171
813,12.649282619718093
814,12.02297007532447
815,11.394792790525754
816,11.763543205165883
817,11.860335483946226
818,11.205705951421985
819,11.774028994626896
820,12.148301336789569
821,11.763872775120987
822,11.51739332257069
823,11.791846867460997
824,11.880795377258124
825,12.17820830646037
826,12.415959654887931
827,12.287399694018797
828,12.170993911218897
829,12.026630635118218
830,12.455002522992942
831,12.455002522992942
832,13.41568620441782
833,13.796589076328637
834,13.82355377007476
835,13.59924218177646
836,13.352318305130018
837,13.052600251188151
838,13.027907959191044
839,13.148038424201891
840,14.31159933894548
841,14.38022141526032
842,14.66950037572088
843,15.00445532706114
844,14.73226721409937
845,14.138125322040596
846,15.189335331284347
847,14.726643191831656
848,12.232907904158118
849,12.098222934929703
850,12.284589330876194
851,11.780383697373487
852,11.392061647712515
853,12.632957981759052
854,12.36957473895064
855,12.092004935759416
856,12.326570485216637
857,12.984922605640703
858,14.771147577308884
859,14.754799534314355
860,14.720467667652581
861,14.664352875736174
862,14.808725924750622
863,15.65061579950726
864,15.290905256275277
865,15.385846305567274
866,15.491443767072454
867,15.674155257583733
868,15.415582442815312
869,14.389076272669211
870,14.720836082658305
871,14.349751126319488
872,14.625740909269913
873,13.313466758007909
874,13.32216656612859
875,12.118295607128138
876,11.430778023037957
877,12.007529472713507
878,12.329902523305748
879,12.47317303828559
880,12.406285704731722
881,13.870467383775264
882,13.9155476964566
883,13.820706842722652
884,13.849138395115634
885,13.917398809791681
886,13.70514042518769
887,13.850088809487682
888,14.024227506260111
889,14.01546028813161
890,13.911086279132
891,13.971641184378104
892,13.991588967925006
893,13.768019334397707
894,14.425130343135283
895,14.391464668849663
896,14.265879878760913
897,14.040999779394458
898,13.687304523859577
899,13.514279162025499
900,13.476364545845199
901,13.06000882057139
902,12.757861081378309
903,12.518389014549204
904,12.527631230144065
905,12.123323483936455
906,11.783973604665787
907,11.19516151912281
908,11.37225967895883
909,10.875945932569863
910,11.037555300291446
911,11.819417919727758
912,11.689685049025012
913,11.93066873355091
914,11.454339340833375
915,11.340434846351233
916,11.445325392553896
917,12.00479032445292
918,11.702669632278573
919,12.062288693404355
920,11.974826891411826
921,12.22963284198606
922,11.92122196470602
923,10.116502925522198
924,9.949873540717746
925,10.077311832920465
926,9.92823286486859
927,10.075157972027359
928,10.71203599990036
929,11.008087027080403
930,10.404629358366059
931,10.50275252803392
932,11.16255575944245
933,11.494148168925221
934,11.33174656077378
935,10.668359662510785
936,10.649988534458487
937,9.991773644331058
938,10.360329797868605
939,10.233863489065254
940,10.050767642689905
941,8.976023054605452
942,8.723597257249427
943,7.98862834995937
944,6.8026119502041515
945,6.6446434486303385
946,8.856616165952257
947,8.133884185447137
948,8.328099156202562
949,8.909735139403718
950,8.626804057203618
951,10.389135263474136
952,10.068196528238605
953,9.110983870551937
954,9.257985966274717
955,9.047966286633514
956,7.6074680625318525
957,7.489186408772963
958,7.8417795335870455
959,7.209787216091956
960,7.036751987402012
961,6.671907811001776
962,7.942652794461957
963,10.436065501782155
964,10.130106930152149
965,9.858657339820631
966,10.376510786588277
967,10.692032974668031
968,9.451897593903968
969,8.997022794861786
970,7.970642531430783
971,8.023714836355222
972,8.30504897073505
973,8.311656748163522
974,8.942283020693509
975,8.748091084207598
976,7.829760641311068
977,8.897456757246381
978,8.41524325256433
979,9.418453727766728
980,9.233538685386877
981,9.45193577728649
982,7.3364565162501005
983,7.610383827224121
984,8.224015561485976
985,7.313248432383479
986,7.197899495634075
987,7.054369225258106
988,7.016383155652428
989,7.116763703209084
990,7.438460597906005
991,7.33020943770315
992,7.301487672361606
993,6.642850945132106
994,7.690523729455689
995,7.210375794282986
996,6.988534759956799
997,6.637588061301458
998,6.5682910402026895
999,7.901662314161451
1000,5.807510839207741
1001,9.221000863960738
1002,9.56128409084329
1003,7.206090712442048
1004,9.401888652049518
1005,10.080259703922945
1006,10.235202994029645
1007,10.769731192077291
1008,11.304925180954406
1009,10.87485647208739
1010,11.380327331912387
1011,11.404548166615246
1012,11.978184441495143
1013,11.465946952252892
1014,11.854080895911867
1015,11.292970557218428
1016,10.359281768048834
1017,10.355530216561416
1018,10.905049232275577
1019,10.873179557842928
1020,10.809715988843216
1021,11.151502674279445
1022,11.094881675264624
1023,10.833312642501468
1024,10.769425689946344
1025,10.697561143034084
1026,10.319340756731886
1027,9.611757759923446
1028,9.843421095362537
1029,9.732214451059807
1030,9.764624050338643
1031,10.505271718206654
1032,10.18859738744422
1033,10.127162257000165
1034,10.410601099934835
1035,9.984588784596093
1036,11.26923781754714
1037,10.29199168487487
1038,9.48632566963692
1039,9.840113931409
1040,9.646725303370252
1041,9.609640914104123
1042,9.2281006737982
1043,9.094855528025336
1044,10.169723658847118
1045,10.35137250872733
1046,10.220110702271445
1047,9.722397252462267
1048,9.993342459034338
1049,10.070273867965728
1050,10.178336651276453
1051,10.214707900267106
1052,10.418552777634815
1053,10.741380206864925
1054,10.408554924578262
1055,10.509537355130693
1056,10.568139158207245
1057,9.728861312265845
1058,9.667881299929991
1059,9.971726167044249
1060,9.096368845745495
1061,9.154290929593166
1062,9.315515413521801
1063,10.14914820304682
1064,10.211056855557143
1065,10.218429031632791
1066,10.470623849301642
1067,10.176598032424856
1068,10.490111593191621
1069,9.592369031249802
1070,8.885928821064049
1071,8.581548958983621
1072,8.528985359047203
1073,8.036085954672378
1074,8.088235800531507
1075,8.25213972368173
1076,7.331870434673449
1077,7.3850549012276945
1078,7.074749843771722
1079,6.762674762848175
1080,6.529450403846182
1081,6.270240290446605
1082,6.309940101357303
1083,6.3553093437302755
1084,6.120595207364543
1085,6.289751334922222
1086,6.4601292429770085
1087,6.192231336390952
1088,5.622535174545518
1089,5.37493951466832
1090,4.768977292186483
1091,4.972757523563609
1092,3.436496094536423
1093,4.337652046868556
1094,4.389934184305733
1095,4.611900988499662
1096,2.659211980345444
1097,1.7625559741857089
1098,1.848331186967389
1099,1.8604043558331895
1100,1.0950717436389201
1101,1.2157774724006476
1102,0.7663292441342007
1103,0.34182216962796996
1104,-0.08356291745306166
1105,0.29206192921438223
1106,0.31053786334585
1107,-0.6384294373216082
1108,-0.7310287670939442
1109,-0.9121224421131946
1110,-0.6081364549485935
1111,-0.8460916650596673
1112,-0.43572815879635574
1113,-1.3821072499490161
1114,-0.21368818183130633
1115,-0.9996991707287295
1116,-0.9017386463849975
1117,-0.15491104688063473
1118,-0.015325774456487196
1119,0.17885989707140393
1120,0.05049946871811262
1121,0.14622429972079853
1122,-0.36051181534972887
1123,0.28277622094619037
1124,0.19408471873165745
1125,0.3735355437485932
1126,0.5362737858032096
1127,0.8032558663605638
1128,0.9339451731986248
1129,0.6955176319852319
1130,0.5132348617092442
1131,0.6530694061944065
1132,0.7588803967845337
1133,0.8886161557994932
1134,0.7403880897812964
1135,0.7704136116645666
1136,0.6848782524853103
1137,0.5529080222987259
1138,0.34592554798933417
1139,0.24364966913927866
1140,-0.8678766314533015
1141,-1.6328844877121829
1142,-1.5142796657607316
1143,-1.9925524458337618
1144,-1.9202138587156692
1145,-2.2915988243096153
1146,-2.5841934399774336
1147,-3.0455780690896495
1148,-3.6228018283199215
1149,-4.085115352604984
1150,-5.016375190432032
1151,-4.718977576352734
1152,-4.897526263591578
1153,-4.056801897844354
1154,-4.7339370928389135
1155,-5.116024848867518
1156,-5.231961630056503
1157,-5.549780822242367
1158,-5.579489233201151
1159,-5.55206457009535
1160,-4.031887924980026
1161,-3.4174204491237203
1162,-3.4403866347100465
1163,-3.843849779206332
1164,-5.011103199445399
1165,-4.655621726677417
1166,-4.467733304847932
1167,-4.460798838341318
1168,-4.264349829007886
1169,-3.7665745156209796
1170,-4.229405638256212
1171,-4.13962987783878
1172,-3.5306651732082805
1173,-3.965363379030007
1174,-3.8251473896387944
1175,-3.095612079239196
1176,-2.528132399890848
1177,-2.569295943200889
1178,-2.872445046369365
1179,-2.548065019139323
1180,-4.173789374492132
1181,-4.5939749313387175
1182,-4.049787889272693
1183,-4.214741004143341
1184,-5.320599659911163
1185,-6.272873423386393
1186,-6.011284938201222
1187,-5.605697310369385
1188,-6.274139651506772
1189,-6.209125316338349
1190,-6.496084092140775
1191,-7.025282866377191
1192,-6.919434044273798
1193,-6.953533724194106
1194,-7.248673103405324
1195,-8.280358717891312
1196,-8.096544653807847
1197,-7.571287697341922
1198,-7.3611302674634
1199,-7.330038586243093
1200,-6.574603807917634
1201,-6.54117935720887
1202,-6.5400374810446475
1203,-6.803713923907273
1204,-6.603426063420437
1205,-6.6703585669204095
1206,-6.209199496954431
1207,-7.202884163535439
1208,-7.2965681376719775
1209,-6.943524661893208
1210,-7.253081079896706
1211,-7.152677667793384
1212,-7.356742927058679
1213,-6.705169855156157
1214,-5.591864302850402
1215,-7.099373708054657
1216,-7.272790586739286
1217,-6.318407054154617
1218,-6.29486951211179
1219,-7.615216371587241
1220,-7.768921358394209
1221,-8.1781772697752
1222,-8.307503305768371
1223,-8.668681738953588
1224,-8.690368038285701
1225,-8.144923807502757
1226,-8.018412657829687
1227,-7.486514984735471
1228,-7.357960525426344
1229,-6.926162505786959
1230,-7.530350085725845
1231,-7.755372583199738
1232,-6.198884255249093
1233,-5.736550833892851
1234,-6.212103525491386
1235,-5.787531655389722
1236,-5.554427817747365
1237,-5.688737015304479
1238,-6.057424767786745
1239,-6.073699525049426
1240,-5.66591479747125
1241,-4.867337897542711
1242,-5.148277759298803
1243,-4.554620094466233
1244,-4.2907471527550145
1245,-4.025638232504614
1246,-3.519650870575153
1247,-3.4905575558153434
1248,-3.863927543696699
1249,-3.812974542865899
1250,-3.9095112092106032
1251,-4.497101349190691
1252,-4.2732355883474575
