,Portfolio Value
0,11952.60824698634
1,11947.022864637913
2,11871.60415109824
3,11871.907547079258
4,11838.279103766086
5,11797.231159659395
6,11795.217696642187
7,11754.6613443427
8,11754.992298981568
9,11769.714468009348
10,11787.721495630212
11,11799.649873344377
12,11808.796358549753
13,11816.964146856575
14,11851.99159951196
15,11865.28570305819
16,11840.284339410444
17,11831.771237225461
18,11819.178422567675
19,11825.172405661446
20,11829.138728047696
21,11848.336458907785
22,11912.255173884743
23,11857.896704353561
24,11877.226692298524
25,11951.64343402412
26,11925.629633991575
27,11914.865607619522
28,11968.373728988485
29,11942.243527204055
30,11946.71812587083
31,11944.11230595694
32,11925.609888192883
33,11917.18115199147
34,11930.723247756832
35,11912.807034242447
36,11925.14651568819
37,11917.118380412685
38,11925.061186222654
39,11938.896035538448
40,11951.397518156951
41,11974.503885731761
42,11951.035553389378
43,11941.754821885432
44,11933.89876791838
45,11922.63421963146
46,11917.630253428322
47,11926.580114918619
48,11932.800300705569
49,11917.193115342729
50,12063.849524132815
51,12073.236278569517
52,12102.460487309123
53,12115.199845668796
54,12091.111223901326
55,12044.725279386665
56,12042.713056501729
57,12044.893965974346
58,12049.036776788093
59,12039.692658246702
60,12051.48997831461
61,12045.965024099509
62,12027.008819992618
63,12036.437851897095
64,12116.269861434563
65,12133.210469632573
66,12130.510249383426
67,12131.27125584067
68,12125.483680151267
69,12122.347375087398
70,12085.47464306144
71,12103.866587779878
72,12135.490930876542
73,12141.485595207074
74,12165.99487080916
75,12157.910912685293
76,12164.536787481391
77,12179.060175983926
78,12173.764993380957
79,12172.813524770281
80,12105.480226572807
81,12108.016626649121
82,12116.59854706861
83,12045.055714359663
84,12033.413372203824
85,12032.438410769479
86,12046.688642426761
87,12046.389961963094
88,12029.336076854366
89,12033.312871115066
90,12038.545705542652
91,12048.011254346262
92,12045.388223479937
93,12052.979784744351
94,12058.771119922038
95,12114.248608057103
96,12117.383333781781
97,12086.844189420517
98,12098.768582705154
99,12080.26077097298
100,12081.306059792252
101,12098.602626352149
102,12110.948011877412
103,12129.43357127446
104,12125.169915732917
105,12118.971139122434
106,12103.78881538488
107,12089.892464610306
108,12097.221549539521
109,12103.44908516933
110,12103.273663749009
111,12061.495017999869
112,12058.849117342008
113,12082.424426476673
114,12088.859639010956
115,12094.613723635279
116,12110.55348173096
117,12118.922987164535
118,12105.740892619977
119,12098.092983311475
120,12049.784515671165
121,12043.130751565293
122,12028.470827148292
123,12066.588040906732
124,12042.0666525034
125,11985.097410218768
126,11976.198110273384
127,11938.03037874643
128,11978.686801387721
129,11996.053659093533
130,12077.20677324896
131,12063.85911001176
132,12000.238169459797
133,12057.397742570049
134,12097.966568851425
135,12089.71432465717
136,12101.43872980055
137,12114.548760854981
138,12117.157999018262
139,12106.700179515894
140,12059.870962782668
141,11989.11801557261
142,12005.860425338216
143,12021.642811747402
144,12028.271720070608
145,12017.147148554295
146,12017.654447318218
147,12006.096128192066
148,12010.837163013455
149,12014.838684342074
150,12028.79555821193
151,12019.476081711433
152,11990.572968458962
153,12014.674970049964
154,12028.120578501008
155,12040.46211004101
156,12033.44587043385
157,11974.924644187497
158,11962.856954075945
159,11950.264904283851
160,11815.095064916417
161,11784.10955297984
162,11843.734700841886
163,11922.0185446218
164,11919.10388117355
165,11905.976978667995
166,11836.626769533985
167,11839.05635731255
168,11851.822809700323
169,11795.755365624998
170,11808.960326948516
171,11841.517609532619
172,11806.533103478818
173,11795.270584217382
174,11771.375631193037
175,11782.536212134333
176,11811.833889343885
177,11792.842322324588
178,11740.619100095897
179,11731.103317648462
180,11713.215601920721
181,11708.217670684911
182,11649.641345894763
183,11673.6454054684
184,11644.770003851865
185,11692.749214315321
186,11799.8987680798
187,11765.848937215555
188,11990.767777319332
189,12013.894212849671
190,12025.877303315105
191,12019.363603056234
192,12006.048366610257
193,12032.317698738927
194,12045.260640316514
195,12041.209863277096
196,12018.675866938614
197,12030.282741419749
198,12032.627921522666
199,12032.261712230213
200,12024.193660053217
201,11914.528380147141
202,11927.130066551023
203,11944.80536819559
204,12009.996883938997
205,12053.308034633625
206,12093.76121769152
207,12030.562154011728
208,12391.20937925767
209,12421.861738027665
210,12389.81102355999
211,12397.981995222328
212,12398.863178604961
213,12411.597245685796
214,12376.829741759442
215,12376.988871935944
216,12397.151627549696
217,12384.370337285593
218,12283.808904915333
219,12336.347165894194
220,12325.328205062091
221,12378.097077761233
222,12448.268007971948
223,12403.004451932877
224,12442.295885807216
225,12422.33974486318
226,12404.545474380478
227,12441.824807102836
228,12489.994822319131
229,12493.832090837532
230,12510.942905118993
231,12545.83617888437
232,12540.938410155908
233,12526.573302789944
234,12508.350112700415
235,12503.372670817542
236,12500.438355370025
237,12376.336045291464
238,12319.246168782896
239,12333.495015951763
240,12338.301817491089
241,12304.146213446542
242,12247.129192401524
243,12329.573521417728
244,12339.1605779132
245,12356.257572183058
246,12333.81206959481
247,12327.301015020728
248,12344.278770313651
249,12316.300157768273
250,12287.816273795313
251,12256.496500556515
252,12234.272112799272
253,12189.887363662241
254,12043.884284587946
255,12013.235321201115
256,12012.150281384653
257,12029.900504460293
258,12001.315679200066
259,12012.847705670778
260,11969.94284662074
261,11990.787822269873
262,11967.545303108132
263,11980.827406201743
264,12008.666866532132
265,11980.740895597954
266,11976.842912183365
267,11927.956801926997
268,11918.48645944639
269,11951.841128566179
270,11956.84736294052
271,11831.07820813757
272,11802.078473824064
273,11909.145866265775
274,11926.641575765147
275,11916.76059906748
276,11910.243955435866
277,11943.811577986757
278,11902.190922828951
279,11993.024185465541
280,12111.521311787867
281,12141.718778490023
282,12159.258271183637
283,12147.896362857711
284,12155.255321080465
285,12072.971516223466
286,12071.39342925755
287,12107.875970152443
288,12140.265166515157
289,12142.549466672735
290,12199.992923443007
291,12197.23910405503
292,12202.768334468576
293,12221.289311919802
294,12216.341029517906
295,12205.569849808027
296,12220.711910049245
297,12219.142472082867
298,12258.126579401029
299,12245.201127475224
300,12238.784281987668
301,12273.90950235731
302,12274.76173691301
303,12284.009912483034
304,12278.447714489486
305,12294.69473914502
306,12245.028693315044
307,12250.543035711218
308,12250.910976264726
309,12260.52881465432
310,12282.98495058342
311,12266.656869190643
312,12255.511611984632
313,12245.722656240836
314,12235.702053604597
315,12244.331364470085
316,12211.895577204301
317,12277.880288247163
318,12289.832159421441
319,12309.170951894675
320,12404.682643448734
321,12409.549118946494
322,12404.381534003873
323,12400.444508410224
324,12486.516351149305
325,12481.909457403282
326,12471.701271795195
327,12461.665849849034
328,12460.55948862674
329,12461.229965469036
330,12433.974505007269
331,12423.984198346881
332,12382.648299767503
333,12341.9181576903
334,12316.922706990088
335,12289.171705505438
336,12271.8693342185
337,12229.684844872578
338,12226.89456829706
339,12228.642946981994
340,12203.91894692982
341,12173.634822446249
342,12252.99356796464
343,12261.366796900415
344,12280.52564851558
345,12265.538492732812
346,12229.438860796958
347,12250.856238110338
348,12246.037486125602
349,12311.25639082749
350,12319.284767166146
351,12336.23748356067
352,12423.412431495435
353,12422.183531643272
354,12408.554167074923
355,12409.013681976143
356,12403.812756483994
357,12412.725450407062
358,12399.962982430949
359,12394.664571951638
360,12393.188239877372
361,12324.388690003929
362,12333.644939681899
363,12301.801498852485
364,12302.901391975087
365,12381.823913969318
366,12381.775876912729
367,12420.673634211042
368,12411.251549008948
369,12445.627425308872
370,12461.832798268824
371,12178.72334319836
372,12165.200838726256
373,12230.111289895729
374,12297.48243499237
375,12323.614079005503
376,12344.37213432639
377,12305.804733697332
378,12290.27259385182
379,12287.014581355577
380,12162.928375086089
381,12187.830128168845
382,12160.741874199039
383,12154.660493939831
384,12120.511629433631
385,12149.682322164414
386,12145.82212455307
387,12123.118676346287
388,12116.883281981658
389,11992.26890248154
390,11985.504608241077
391,11985.908531920928
392,11990.061617927227
393,12006.927884252513
394,12042.34054291057
395,12024.832316389859
396,12049.095010729672
397,12041.62444194415
398,12059.46473828229
399,12076.69621753226
400,12104.361042335488
401,12089.873278558822
402,12131.14895553844
403,12154.402785254353
404,12156.328281079028
405,12149.910270753895
406,12155.603204027124
407,12154.714491852737
408,12124.104042045792
409,12142.491359841993
410,12145.361301370656
411,12137.88529225905
412,12139.493249921774
413,12111.331419788288
414,12109.45740470082
415,12112.412040391253
416,12101.943416956203
417,12103.828439383737
418,12068.44292433031
419,12096.31992103707
420,12108.970832818348
421,12114.055441527757
422,12123.866526729938
423,12114.370927580248
424,12065.478682638739
425,12077.290404795187
426,12022.71609843742
427,12020.556590496013
428,12065.904265470586
429,12048.677925022823
430,12060.480745470448
431,12060.126551947065
432,12142.529137631505
433,12158.67685364894
434,12125.23356011349
435,12106.72519181341
436,12075.83785297599
437,12040.009979325027
438,11985.689637848132
439,11998.192545754744
440,12001.28687284437
441,12041.957086838851
442,12041.182626134567
443,12012.133370244455
444,11989.136382002329
445,11999.745132720262
446,11961.824897674382
447,11954.177875741452
448,11930.897762376613
449,11898.463199566308
450,11881.04386245585
451,11894.671705242734
452,11890.450131074738
453,11892.339431054561
454,11887.881531317913
455,11940.83727859528
456,11932.612223056578
457,11768.905057182988
458,11768.590019162068
459,11811.875926730547
460,11807.856402635298
461,11763.21937339867
462,11752.761261159221
463,11752.003547728396
464,11733.501802424893
465,11786.302049413032
466,11751.10240928611
467,11730.134380662415
468,11695.533279518015
469,11685.71750145913
470,11668.816714622033
471,11682.337831522002
472,11725.345530939192
473,11748.398966491217
474,11737.243373486654
475,11750.812892450052
476,11755.919314695131
477,11772.244473254852
478,11760.434106486216
479,11752.373499953317
480,11773.690478286388
481,11751.792314124024
482,11723.385122855494
483,11694.455005861022
484,11719.129497795559
485,11728.391012152584
486,11791.985826666252
487,11775.539988752562
488,11783.161611022291
489,11771.323655072803
490,11786.012739892665
491,11766.613530602568
492,11748.519032176113
493,11717.375933816784
494,11720.656366506257
495,11728.229348136136
496,11725.810479266402
497,11718.38626941588
498,11762.799531576211
499,11764.964778019166
500,11758.52531169227
501,11767.900573346453
502,11749.255916692302
503,11773.530657756293
504,11824.50803749103
505,11835.39596044561
506,11825.881312296706
507,11849.356397727617
508,11862.68838332741
509,11848.840858491181
510,11837.09894413706
511,11842.44040295346
512,11842.125185189758
513,11829.265575350117
514,11828.970676626532
515,11861.284709220063
516,11860.37722657104
517,11855.391765965845
518,11854.895219477286
519,11853.806255864149
520,11845.936990352791
521,11853.746369306076
522,11878.101693918265
523,11846.745331078511
524,11848.667229433184
525,11869.079963591246
526,11879.976860672008
527,11893.14196740825
528,11945.134516053771
529,11945.72055310089
530,11942.276797725077
531,11946.762183302046
532,11936.504641995025
533,11936.794438113304
534,11961.28989040411
535,11958.186694199674
536,11963.538714052464
537,11960.628744619167
538,11955.44559278654
539,11900.497450752062
540,11893.41313017395
541,11916.431544050438
542,11944.200364322656
543,11939.12783319093
544,11947.765269700407
545,11946.393927641248
546,11948.265711513763
547,11950.383540868817
548,11951.795744529752
549,11952.80762336076
550,11955.00821438781
551,11955.845145310168
552,11952.713663141754
553,12000.376617790414
554,12005.770104588764
555,12003.89159315431
556,11990.496993521494
557,11988.255616471115
558,11981.607190130084
559,11968.439110055335
560,11961.046931006658
561,11971.378357371437
562,11976.49667322786
563,11977.92486305741
564,11980.297108826864
565,11979.118715996374
566,11970.207251551199
567,11952.374172453292
568,11914.003113797657
569,11898.461995190408
570,11903.479340534983
571,11889.814791384135
572,11887.84588240722
573,11883.846689930084
574,11914.425890714307
575,11916.674719010176
576,11943.816517338353
577,11945.931976296675
578,11940.106759431605
579,11945.612863421795
580,12029.958831733997
581,12006.023940272888
582,11999.12349019541
583,11983.465958471988
584,11980.475381497292
585,11980.52677035928
586,11985.268099646606
587,11935.411692577212
588,11947.379798199228
589,11949.32489009729
590,11959.619305691747
591,11954.504211319285
592,11968.048561579026
593,11976.980561733535
594,11962.019867952788
595,12010.794945527025
596,11995.313497879044
597,11975.283413321962
598,11976.336404901123
599,12016.73462892873
600,12020.52318550656
601,12017.734057357748
602,12027.195853685398
603,12032.674309873995
604,12034.089873441864
605,11955.093735290835
606,11957.738414656851
607,11959.805364300068
608,11957.876283756608
609,11947.00880124025
610,11971.04838764622
611,11936.908408902702
612,11858.315149192073
613,11855.098061567774
614,11854.790084173137
615,11907.930681834752
616,11899.789736882596
617,11887.039434387692
618,11909.367716228067
619,11928.2575605985
620,11928.044678040578
621,11952.97927207315
622,11929.946048212787
623,11934.108443038906
624,11915.358626426105
625,11923.763902925944
626,11932.245940309565
627,11971.90550756521
628,12010.309694302263
629,12049.715362089026
630,12039.03399867276
631,12021.353971360415
632,12046.893404905291
633,12052.809766173343
634,12072.465175746558
635,12081.338884445491
636,12092.638843749854
637,12104.713429582702
638,12105.46052750606
639,12137.77510203699
640,12114.391102492391
641,12165.923708741531
642,12179.002415114011
643,12176.239621947629
644,12211.27662834529
645,12211.375071713093
646,12263.764595546827
647,12338.795041508787
648,12337.813669618154
649,12336.495783717706
650,12351.06474373579
651,12347.949582284004
652,12351.278394934066
653,12319.157688170753
654,12335.641815080313
655,12307.276283598709
656,12298.066230162975
657,12301.573652608851
658,12311.587309521829
659,12305.91451089175
660,12246.510383183404
661,12228.186829804943
662,12219.14413480233
663,12257.980569025802
664,12250.582298629033
665,12281.117274520084
666,12297.824487622835
667,12251.488919507581
668,12252.64575102461
669,12243.528758032313
670,12277.1770317958
671,12338.610588016409
672,12332.94089659717
673,12340.586126986027
674,12370.341587863993
675,12383.608981995938
676,12425.538528545314
677,12449.112976980961
678,12445.53772371165
679,12471.21802336283
680,12486.789072862952
681,12498.550275326274
682,12492.52041718408
683,12482.384165955962
684,12438.444015280447
685,12441.809947234908
686,12437.704618846461
687,12430.820581404236
688,12436.432609632653
689,12420.160574771799
690,12442.46644586022
691,12445.851454583271
692,12474.325351229894
693,12456.28140972643
694,12451.997241443021
695,12445.12086807411
696,12457.395671707147
697,12483.45269694652
698,12481.417425039726
699,12474.89055834879
700,12479.291213433231
701,12522.85051696652
702,12513.542382715477
703,12506.977537567009
704,12481.998135407273
705,12487.57592574644
706,12518.969061284248
707,12510.467813707755
708,12485.082761780193
709,12481.88565943801
710,12392.66396564044
711,12379.071289975258
712,12466.225717032148
713,12477.201124215679
714,12473.406384720536
715,12467.759269547909
716,12482.34314758906
717,12473.666555252286
718,12459.983693588802
719,12438.580169537989
720,12429.333572722919
721,12392.407682487481
722,12383.07490333396
723,12345.234395622341
724,12407.016427269307
725,12407.502599032898
726,12451.12155099137
727,12477.527574981023
728,12543.084637326592
729,12514.65523025739
730,12488.732369970063
731,12427.291542871702
732,12436.713957153752
733,12394.700281473188
734,12367.06328801303
735,12375.260049095035
736,12305.557232784418
737,12323.624413689697
738,12381.820551502635
739,12373.487298592318
740,12377.990527659582
741,12366.486835251893
742,12348.589784562007
743,12358.02501338118
744,12403.758798346
745,12374.951703163732
746,12375.123078048917
747,12445.366889521827
748,12475.204601089903
749,12460.64578771744
750,12440.843881778252
751,12446.767606716418
752,12441.376500649203
753,12479.414567716243
754,12491.915783156754
755,12513.441116806614
756,12551.348969216837
757,12540.982555963623
758,12561.559072709602
759,12560.690354808754
760,12578.568312005727
761,12591.85228408298
762,12602.557569353132
763,12604.924636479283
764,12598.274314240296
765,12594.397751202207
766,12644.422503064192
767,12682.64097916052
768,12676.813000286418
769,12666.582902286003
770,12721.724009892097
771,12690.202993143834
772,12664.981477208403
773,12685.922783957569
774,12671.682341292593
775,12606.56331907626
776,12511.111525094548
777,12555.006754912747
778,12573.534161147705
779,12522.025327387677
780,12505.792342128538
781,12563.130023509135
782,12568.146505770224
783,12567.44817541169
784,12584.294528104938
785,12592.240523455126
786,12584.516823901724
787,12593.803672482794
788,12581.062054659802
789,12618.602622245648
790,12583.614743795582
791,12558.29211575864
792,12546.069954115004
793,12526.674445053313
794,12530.215557612113
795,12561.829810812875
796,12571.110923421538
797,12565.332380724883
798,12571.927884394756
799,12581.181013105299
800,12586.469447789572
801,12509.171131809479
802,12551.625651110537
803,12598.671994457804
804,12589.93116782608
805,12525.173777459022
806,12528.800360610412
807,12528.300789485156
808,12478.917569769055
809,12401.16732328361
810,12459.718522403038
811,12415.548141946534
812,12375.558782125525
813,12405.12608661739
814,12392.661823035305
815,12384.425154986904
816,12374.104806562864
817,12379.820470322822
818,12372.465813557736
819,12403.960626854356
820,12403.745385217731
821,12394.658985753036
822,12399.69671663202
823,12396.219084838787
824,12397.735779075994
825,12420.817114560166
826,12424.477439091868
827,12422.646869860964
828,12421.246312499896
829,12413.401509035599
830,12420.834182195727
831,12420.83418219573
832,12452.596657952152
833,12466.63605066363
834,12465.582534130766
835,12457.992431404135
836,12444.91825899758
837,12428.54095964657
838,12434.579651415117
839,12437.103632131568
840,12445.352424683
841,12450.318361457083
842,12498.505282573344
843,12526.704143649387
844,12528.26051163092
845,12511.634331296673
846,12514.616222579747
847,12506.729324216756
848,12474.991949776151
849,12437.485448322665
850,12448.71929304807
851,12443.934988654164
852,12435.669484349271
853,12495.48713011629
854,12481.391402027146
855,12474.891465743704
856,12484.249485259194
857,12504.795417640302
858,12572.728232524245
859,12571.523263940333
860,12569.543231678808
861,12563.729816570487
862,12598.145672267568
863,12665.51556544308
864,12649.228075340969
865,12650.741825873296
866,12661.505968183621
867,12636.51694981806
868,12633.688610940115
869,12569.10746162529
870,12580.708730351975
871,12542.322595007341
872,12570.204424290634
873,12545.793073604033
874,12548.819537034282
875,12480.260861309376
876,12454.522036933286
877,12464.109682030674
878,12475.531011909185
879,12482.554885609416
880,12485.583281513223
881,12585.161340448953
882,12693.068333345433
883,12681.982487497931
884,12685.546445739996
885,12689.896008739472
886,12684.19270845343
887,12691.478189797306
888,12720.070520791603
889,12718.825660172934
890,12672.079975734572
891,12664.05490726637
892,12666.495586049787
893,12638.348937513489
894,12652.682246678729
895,12645.86650511213
896,12630.300891967105
897,12618.146425093972
898,12582.092368423062
899,12558.653173817029
900,12551.696964486342
901,12557.849586908158
902,12556.115801336588
903,12551.98592265658
904,12557.732951152097
905,12542.217635559236
906,12530.957745789237
907,12510.948572399418
908,12538.635766382862
909,12503.303300105035
910,12524.098163071432
911,12549.764823828706
912,12549.38576338247
913,12548.969646596159
914,12546.282529654858
915,12522.130652611027
916,12610.047568379447
917,12617.955379375664
918,12608.940724708365
919,12612.042172243428
920,12609.304134316644
921,12613.942955788661
922,12597.28024969125
923,12541.569584807237
924,12538.714763495691
925,12554.043298720218
926,12552.611138182232
927,12568.209777114436
928,12587.679506178625
929,12599.200055442116
930,12579.319987111945
931,12568.87914186365
932,12628.84094317524
933,12693.840371576076
934,12692.832128105876
935,12681.89635261878
936,12675.367897303599
937,12599.678502930306
938,12624.344544180316
939,12613.544544495222
940,12596.25018144533
941,12591.511119562121
942,12578.339173945831
943,12539.525802559885
944,12506.460097704014
945,12485.988031200222
946,12589.776233397242
947,12555.381555663327
948,12581.092149590762
949,12660.800433025683
950,12643.370794411327
951,12676.5866361505
952,12676.473614092742
953,12641.096640048523
954,12659.3884087885
955,12661.64177358073
956,12594.372000181324
957,12549.403910100751
958,12568.478101948514
959,12557.192437785048
960,12452.745168566787
961,12475.808458133113
962,12483.071456571795
963,12589.23030277677
964,12548.037433748701
965,12528.162990231647
966,12573.378928680353
967,12638.034598998902
968,12638.239302645245
969,12631.675384553222
970,12589.226114377134
971,12581.643391926647
972,12599.814482940603
973,12585.763409364803
974,12635.482797957498
975,12626.431200985597
976,12604.199802561798
977,12626.016158573731
978,12620.888009729159
979,12651.541261171278
980,12629.301083831891
981,12666.788006037603
982,12594.848583595662
983,12633.754517485024
984,12668.758028478196
985,12621.091886382412
986,12607.658292149692
987,12598.533740079558
988,12588.936608872224
989,12596.723873516767
990,12634.959359578406
991,12613.727747755865
992,12601.185079963718
993,12587.26287331772
994,12586.986085572818
995,12546.442793287199
996,12516.602646221554
997,12503.255902538773
998,12499.440655999764
999,12541.831808827515
1000,12400.770950000899
1001,12513.533533656904
1002,12554.318367461385
1003,12468.572245796979
1004,12559.313363125984
1005,12612.311623308957
1006,12614.087998249906
1007,12655.533292649407
1008,12682.99094018669
1009,12665.225552199348
1010,12675.171074545038
1011,12743.368708713762
1012,12762.879798222128
1013,12747.855525205123
1014,12770.79295514974
1015,12754.640481219169
1016,12636.200713059
1017,12637.601898011177
1018,12629.979941903943
1019,12628.661566867047
1020,12574.780605813114
1021,12599.938331024206
1022,12648.91266983599
1023,12664.371755086495
1024,12662.79778636061
1025,12664.744042826074
1026,12618.19139058683
1027,12596.156011590117
1028,12605.842427786709
1029,12588.909068534143
1030,12604.84742245226
1031,12635.476116810916
1032,12619.794305605401
1033,12608.162031991907
1034,12619.183230900753
1035,12609.484620949195
1036,12659.98843926836
1037,12634.28587750034
1038,12583.752545117006
1039,12557.036866706207
1040,12544.33984510542
1041,12535.869026111983
1042,12487.67155461285
1043,12480.06361208808
1044,12505.73682093096
1045,12531.733188571046
1046,12516.476188663155
1047,12439.121516471694
1048,12448.885210259814
1049,12457.67419990169
1050,12466.774736277748
1051,12486.667838398442
1052,12538.358879348834
1053,12547.50334414036
1054,12521.079504505027
1055,12556.260377277302
1056,12553.068715748052
1057,12542.19161262021
1058,12535.180988187198
1059,12556.027942920677
1060,12496.422271867785
1061,12496.585883391344
1062,12511.671426702562
1063,12560.717476176776
1064,12565.221279785539
1065,12581.378484602108
1066,12613.787865537071
1067,12640.357662496517
1068,12665.927101626317
1069,12621.551255039025
1070,12617.181585750086
1071,12600.330253894195
1072,12606.525556608993
1073,12616.378991482454
1074,12622.268868608791
1075,12628.021902347064
1076,12581.437846683762
1077,12580.849241190686
1078,12565.530065958244
1079,12528.966584104013
1080,12503.157899854736
1081,12501.711755397222
1082,12509.588506755399
1083,12516.483023876443
1084,12511.594018298509
1085,12520.8873997609
1086,12514.015812345737
1087,12488.847780288788
1088,12458.411443479
1089,12448.381392893074
1090,12434.889996457881
1091,12470.406557222532
1092,12446.099283578014
1093,12474.109091949136
1094,12478.99533288093
1095,12505.31429813832
1096,12187.489497509241
1097,12152.235318425437
1098,12227.328957122692
1099,12213.46250285416
1100,12167.019850478397
1101,12179.93577367211
1102,12169.622146903828
1103,12149.393375266834
1104,12126.219441522504
1105,12151.878104879583
1106,12144.707375826789
1107,12068.71472177985
1108,12073.861795321342
1109,12070.233696767014
1110,12121.080724063975
1111,12157.797652424559
1112,12161.18327746414
1113,12144.243620266478
1114,12217.52721604827
1115,12152.665224235963
1116,12150.834319990494
1117,12233.13159139006
1118,12249.993251489626
1119,12267.294613326798
1120,12258.258368332688
1121,12300.79232395993
1122,12297.269649746935
1123,12325.555075360471
1124,12319.909408753896
1125,12336.770906649901
1126,12349.229066442113
1127,12369.415219887946
1128,12368.4445193334
1129,12350.505195869635
1130,12338.296154463691
1131,12350.207666565435
1132,12359.625972204314
1133,12370.900713246318
1134,12363.460697806242
1135,12365.199689456382
1136,12362.702014461545
1137,12353.589802902039
1138,12330.131885538522
1139,12277.9887250583
1140,12267.902021172195
1141,12315.111179391653
1142,12330.942298764288
1143,12323.34644015822
1144,12323.936733902412
1145,12302.039032181196
1146,12267.173911437425
1147,12260.029228624751
1148,12231.600959971945
1149,12217.76513093869
1150,12152.356655160356
1151,12170.067972451538
1152,12169.597682749161
1153,12232.504799543254
1154,12214.591632856613
1155,12192.333987677715
1156,12188.130685583437
1157,12163.341985753514
1158,12150.37173348035
1159,12160.889180768836
1160,12254.077045535685
1161,12263.615493136333
1162,12270.24555685048
1163,12256.006443745604
1164,12233.409177826981
1165,12269.094600208982
1166,12314.109569275934
1167,12312.61774330118
1168,12319.397908417992
1169,12355.848791892107
1170,12337.303580409056
1171,12358.5994597619
1172,12369.083517177029
1173,12341.640563486957
1174,12334.118734742087
1175,12399.122468760697
1176,12419.265542668263
1177,12424.07066488337
1178,12421.395832793614
1179,12448.468456303975
1180,12412.152583511002
1181,12387.588309094599
1182,12434.43376572884
1183,12434.712791738315
1184,12385.332216466873
1185,12373.687283449864
1186,12399.807807790145
1187,12416.38428806121
1188,12373.123560074031
1189,12374.307728769085
1190,12338.156023343656
1191,12326.953184477727
1192,12330.347603281909
1193,12321.235094660242
1194,12298.437504057183
1195,12171.330254650631
1196,12196.513254406334
1197,12306.27800347806
1198,12332.211167088906
1199,12330.961596696285
1200,12367.894664361218
1201,12372.824601485945
1202,12357.561933318848
1203,12334.549727110223
1204,12340.575541847775
1205,12327.876395283967
1206,12353.786529693083
1207,12251.555596032833
1208,12237.582811670594
1209,12254.912572127494
1210,12239.852811490015
1211,12241.541253623218
1212,12255.24748399235
1213,12294.112350583158
1214,12330.72733775307
1215,12208.441684865256
1216,12207.573113375005
1217,12215.547574224784
1218,12235.16032148943
1219,12204.452879565453
1220,12156.912215481414
1221,12156.451977707577
1222,12128.18408066304
1223,12083.373258572765
1224,12079.25624585655
1225,12067.530413983794
1226,12070.562843998563
1227,12081.496688518857
1228,12090.404799688622
1229,12096.164658731408
1230,12051.989248158417
1231,12055.260269909919
1232,12091.424641651894
1233,12109.330185644263
1234,12096.874039879922
1235,12109.061589868905
1236,12137.874721799912
1237,12131.865480957964
1238,12070.300627877192
1239,12070.158615461161
1240,12120.057819480768
1241,12128.492430002249
1242,12118.7961148593
1243,12205.696744653073
1244,12230.28262322385
1245,12255.84192325333
1246,12272.51069886301
1247,12292.000033677208
1248,12283.411151984765
1249,12293.977286380312
1250,12289.029571625886
1251,12265.54855802717
1252,12266.668782126475
