,Profitloss
0,-0.3949312751138412
1,-0.4414761280173929
2,-1.0699654075146725
3,-1.0674371076728528
4,-1.3476741352826171
5,-1.6897403361717078
6,-1.7065191946484481
7,-2.0444887971441728
8,-2.041730841820266
9,-1.919046099922106
10,-1.768987536414901
11,-1.669584388796863
12,-1.5933636787520578
13,-1.5252987761952053
14,-1.2334033374003295
15,-1.1226191411817465
16,-1.3309638382463018
17,-1.4019063564544965
18,-1.506846478602708
19,-1.4568966194879573
20,-1.4238439329358643
21,-1.2638628424351261
22,-0.7312068842938113
23,-1.184194130386984
24,-1.0231108975123027
25,-0.4029713831323334
26,-0.6197530500702042
27,-0.7094532698373124
28,-0.2635522584292893
29,-0.48130393996621557
30,-0.4440156177430876
31,-0.46573078369216425
32,-0.6199175983926386
33,-0.690157066737751
34,-0.5773062686930674
35,-0.7266080479796044
36,-0.6237790359317485
37,-0.6906801632276305
38,-0.6244901148112159
39,-0.5091997038462637
40,-0.4050206820254032
41,-0.21246761890199028
42,-0.40803705508851706
43,-0.48537648428806923
44,-0.5508436006801731
45,-0.644714836404503
46,-0.686414554763981
47,-0.6118323756781785
48,-0.5599974941202568
49,-0.6900573721439263
50,0.5320793677734637
51,0.6103023214126369
52,0.8538373942426958
53,0.9599987139066402
54,0.7592601991777137
55,0.3727106615555309
56,0.35594213751439785
57,0.3741163831195493
58,0.4086398065674457
59,0.3307721520558582
60,0.42908315262175645
61,0.3830418674959146
62,0.22507349993847736
63,0.30364876580912803
64,0.9689155119546822
65,1.1100872469381073
66,1.0875854115285577
67,1.0939271320055788
68,1.045697334593898
69,1.0195614590616575
70,0.7122886921786531
71,0.8655548981656436
72,1.129091090637857
73,1.1790466267256106
74,1.383290590076336
75,1.3159242723774334
76,1.3711398956782528
77,1.4921681331993897
78,1.4480416115079775
79,1.4401127064190167
80,0.879001888106723
81,0.9001385554093355
82,0.9716545589050885
83,0.3754642863305291
84,0.2784447683652047
85,0.270320089745657
86,0.38907202022300247
87,0.38658301635912107
88,0.2444673071197112
89,0.27760725929222296
90,0.3212142128554252
91,0.40009378621885805
92,0.3782351956661323
93,0.44149820620293934
94,0.489759332683648
95,0.9520717338092011
96,0.9781944481815019
97,0.7237015785042988
98,0.8230715225429508
99,0.668839758108164
100,0.6775504982687641
101,0.8216885529345852
102,0.9245667656450962
103,1.0786130939538285
104,1.043082631107639
105,0.9914261593536144
106,0.8649067948740097
107,0.7491038717525544
108,0.8101795794960065
109,0.8620757097444143
110,0.8606138645750772
111,0.5124584833322343
112,0.49040931118340403
113,0.6868702206389354
114,0.7404969917579773
115,0.788447696960648
116,0.9212790144246696
117,0.9910248930377952
118,0.8811741051664823
119,0.8174415275956193
120,0.41487096392636147
121,0.35942292971078427
122,0.23725689290243768
123,0.5549003408894304
124,0.3505554375283326
125,-0.12418824817692631
126,-0.19834908105512694
127,-0.5164135104464118
128,-0.17760998843565634
129,-0.03288617422055884
130,0.6433897770746544
131,0.5321592500979966
132,0.00198474549830685
133,0.478314521417067
134,0.8163880737618756
135,0.7476193721430935
136,0.8453227483379067
137,0.9545730071248482
138,0.976316658485521
139,0.8891681626324477
140,0.49892468985557326
141,-0.09068320356158122
142,0.048836877818470015
143,0.18035676456169547
144,0.23559766725507192
145,0.14289290461912962
146,0.14712039431847845
147,0.050801068267225524
148,0.09030969177878934
149,0.12365570285062244
150,0.23996298509942893
151,0.1623006809286176
152,-0.07855859617531546
153,0.12229141708304248
154,0.2343381541750622
155,0.3371842503417488
156,0.2787155869487634
157,-0.20896129843752664
158,-0.3095253827004596
159,-0.41445913096790354
160,-1.5408744590298618
161,-1.7990870585013252
162,-1.302210826317618
163,-0.6498454614849991
164,-0.6741343235537434
165,-0.7835251777667085
166,-1.361443587216793
167,-1.341197022395424
168,-1.2348099191639705
169,-1.7020386197916793
170,-1.5919972754290357
171,-1.3206865872281814
172,-1.6122241376765212
173,-1.7060784648551541
174,-1.9052030733913594
175,-1.8121982322138908
176,-1.5680509221342898
177,-1.7263139806284356
178,-2.1615074992008543
179,-2.2408056862628145
180,-2.3898699839939863
181,-2.431519410959071
182,-2.919655450876979
183,-2.7196216210966684
184,-2.9602499679011296
185,-2.560423214038987
186,-1.6675102660016705
187,-1.9512588565370415
188,-0.07693518900556695
189,0.11578510708059042
190,0.21564419429254134
191,0.16136335880194697
192,0.05040305508547949
193,0.26931415615771837
194,0.37717200263760464
195,0.34341552730912106
196,0.1556322244884445
197,0.25235617849790337
198,0.27189934602220855
199,0.2688476019184316
200,0.20161383377681474
201,-0.7122634987738241
202,-0.6072494454081423
203,-0.4599552650367489
204,0.08330736615831391
205,0.44423362194687677
206,0.781343480762664
207,0.25468461676441123
208,3.260078160480595
209,3.515514483563864
210,3.24842519633326
211,3.316516626852728
212,3.3238598217079973
213,3.4299770473816382
214,3.140247847995359
215,3.141573932799524
216,3.3095968962474576
217,3.2030861440466074
218,2.365074207627771
219,2.8028930491182935
220,2.7110683755174225
221,3.1508089813436113
222,3.73556673309956
223,3.3583704327739827
224,3.6857990483934566
225,3.5194978738598337
226,3.3712122865039884
227,3.681873392523638
228,4.083290185992761
229,4.115267423646096
230,4.257857542658283
231,4.548634824036424
232,4.507820084632574
233,4.388110856582861
234,4.2362509391701275
235,4.19477225681284
236,4.170319628083541
237,3.136133710762201
238,2.66038473985748
239,2.779125132931348
240,2.8191818124257306
241,2.5345517787211724
242,2.0594099366793683
243,2.7464460118143963
244,2.8263381492766637
245,2.9688131015254804
246,2.781767246623401
247,2.727508458506067
248,2.8689897526137598
249,2.6358346480689354
250,2.3984689482942745
251,2.137470837970956
252,1.952267606660607
253,1.582394697185352
254,0.3657023715662122
255,0.11029434334262067
256,0.10125234487210477
257,0.24917087050244646
258,0.010963993333890087
259,0.10706421392314702
260,-0.2504762781605052
261,-0.07676814775106067
262,-0.27045580743223496
263,-0.1597716149854822
264,0.072223887767775
265,-0.16049253668372065
266,-0.19297573180528937
267,-0.6003599839416895
268,-0.6792795046134059
269,-0.4013239286151826
270,-0.359605308829003
271,-1.407681598853594
272,-1.6493460514661384
273,-0.7571177811185437
274,-0.6113202019571107
275,-0.6936616744376622
276,-0.7479670380344472
277,-0.46823685011035954
278,-0.8150756430920669
279,-0.058131787787152334
280,0.9293442648988792
281,1.180989820750189
282,1.3271522598636398
283,1.2324696904809196
284,1.2937943423372067
285,0.6080959685288878
286,0.5949452438129166
287,0.8989664179370305
288,1.1688763876263053
289,1.1879122222727911
290,1.666607695358402
291,1.6436592004585915
292,1.6897361205714612
293,1.8440775993316727
294,1.8028419126492112
295,1.7130820817335524
296,1.8392659170770376
297,1.8261872673572377
298,2.151054828341903
299,2.043342728960207
300,1.9898690165639055
301,2.282579186310918
302,2.289681140941746
303,2.366749270691959
304,2.3203976207457178
305,2.455789492875171
306,2.0419057776253746
307,2.08785863092682
308,2.090924802206051
309,2.1710734554526656
310,2.358207921528499
311,2.2221405765886937
312,2.129263433205253
313,2.047688802006964
314,1.9641837800383088
315,2.0360947039173682
316,1.765796476702497
317,2.315669068726356
318,2.4152679951786826
319,2.5764245991222845
320,3.3723553620727875
321,3.412909324554114
322,3.369846116698949
323,3.3370375700852106
324,4.054302926244202
325,4.015912145027345
326,3.9308439316266153
327,3.8472154154086224
328,3.837995738556166
329,3.843583045575305
330,3.6164542083939155
331,3.533201652890683
332,3.1887358313958503
333,2.849317980752497
334,2.6410225582507385
335,2.4097642125453067
336,2.2655777851541714
337,1.9140403739381417
338,1.8907880691421797
339,1.9053578915166236
340,1.699324557748505
341,1.4469568537187394
342,2.108279733038665
343,2.1780566408367896
344,2.337713737629832
345,2.2128207727734273
346,1.9119905066413034
347,2.090468650919486
348,2.0503123843800264
349,2.5938032568957547
350,2.6607063930512043
351,2.8019790296722524
352,3.528436929128631
353,3.5181960970272597
354,3.404618058957687
355,3.4084473498011914
356,3.365106304033283
357,3.439378753392197
358,3.3330248535912377
359,3.2888714329303292
360,3.2765686656447635
361,2.7032390833660713
362,2.7803744973491584
363,2.515012490437374
364,2.524178266459054
365,3.1818659497443225
366,3.181465640939396
367,3.5056136184253406
368,3.4270962417412454
369,3.7135618775739454
370,3.848606652240205
371,1.4893611933196604
372,1.3766736560521409
373,1.9175940824644133
374,2.4790202916030735
375,2.696783991712537
376,2.8697677860532567
377,2.5483727808111034
378,2.418938282098493
379,2.39178817796315
380,1.357736459050729
381,1.565251068073703
382,1.3395156183253265
383,1.2888374494985921
384,1.0042635786135845
385,1.24735268470344
386,1.2151843712755683
387,1.0259889695523938
388,0.9740273498471508
389,-0.0644258126538233
390,-0.12079493132435282
391,-0.11742890065893352
392,-0.08281985060644148
393,0.05773236877093524
394,0.35283785758808417
395,0.20693596991547825
396,0.4091250894139309
397,0.3468703495345782
398,0.49553948568574757
399,0.6391351461021655
400,0.8696753527957402
401,0.7489439879901916
402,1.092907962820333
403,1.2866898771196178
404,1.3027356756585728
405,1.2492522562824515
406,1.2966933668927094
407,1.2892874321061454
408,1.0342003503815977
409,1.187427998683277
410,1.2113441780888135
411,1.1490441021587472
412,1.1624437493481077
413,0.9277618315690628
414,0.9121450391734953
415,0.9367670032604414
416,0.8495284746350196
417,0.8652369948644711
418,0.5703577027525775
419,0.8026660086422499
420,0.9080902734862395
421,0.9504620127313013
422,1.032221056082827
423,0.9530910631687428
424,0.5456556886561659
425,0.6440867066265676
426,0.18930082031183293
427,0.17130492080010828
428,0.5492022122548956
429,0.40564937519018684
430,0.504006212253727
431,0.50105459955887
432,1.1877428135958823
433,1.3223071137411724
434,1.0436130009457534
435,0.8893765984450797
436,0.6319821081332444
437,0.33341649437521603
438,-0.11925301793223042
439,-0.015062118710462702
440,0.010723940369739005
441,0.34964239032375666
442,0.34318855112138724
443,0.10111141870379203
444,-0.09053014998059439
445,-0.002123893997818538
446,-0.31812585271349114
447,-0.3818510354879012
448,-0.5758519801948858
449,-0.8461400036141042
450,-0.9913011462012511
451,-0.8777357896438853
452,-0.9129155743771822
453,-0.8971714078786608
454,-0.934320572350722
455,-0.49302267837266767
456,-0.5615648078618474
457,-1.925791190141768
458,-1.9284165069827663
459,-1.5677006105787816
460,-1.601196644705849
461,-1.973171888344416
462,-2.0603228236731552
463,-2.066637102263369
464,-2.220818313125894
465,-1.780816254891393
466,-2.074146589282422
467,-2.248880161146538
468,-2.5372226706832146
469,-2.619020821173912
470,-2.759860711483053
471,-2.6471847373166546
472,-2.2887872421733957
473,-2.096675279239857
474,-2.189638554277884
475,-2.076559229582897
476,-2.0340057108739096
477,-1.8979627228762341
478,-1.9963824459481971
479,-2.0635541670556923
480,-1.8859126809467663
481,-2.0683973822997914
482,-2.3051239762042153
483,-2.54620828449148
484,-2.3405875183703406
485,-2.263408232061803
486,-1.7334514444478977
487,-1.8705000937286553
488,-1.80698657481424
489,-1.9056362077266353
490,-1.7832271675611189
491,-1.9448872449785992
492,-2.0956747318657265
493,-2.3552005515268037
494,-2.327863612447856
495,-2.2647554321988728
496,-2.284912672779982
497,-2.346781088201
498,-1.9766705701982468
499,-1.9586268498402837
500,-2.012289069231077
501,-1.934161888779562
502,-2.089534027564155
503,-1.8872445186975506
504,-1.4624330209080827
505,-1.3717003296199182
506,-1.4509890641941192
507,-1.255363352269856
508,-1.1442634722715894
509,-1.2596595125734855
510,-1.3575087988578316
511,-1.312996642054498
512,-1.3156234567520242
513,-1.42278687208236
514,-1.4252443614455657
515,-1.1559607564994745
516,-1.1635231119080047
517,-1.205068616951288
518,-1.209206504355942
519,-1.2182812011320987
520,-1.283858413726735
521,-1.2187802557826921
522,-1.015819217347791
523,-1.2771222410124072
524,-1.2611064213901346
525,-1.0910003034062865
526,-1.0001928277332706
527,-0.890483604931247
528,-0.4572123662185734
529,-0.4523287241592566
530,-0.4810266856243639
531,-0.44364847248294925
532,-0.5291279833747886
533,-0.5267130157224686
534,-0.322584246632418
535,-0.34844421500271894
536,-0.303844049562807
537,-0.32809379484026735
538,-0.37128672677883
539,-0.829187910399487
540,-0.888223915217079
541,-0.6964037995796812
542,-0.4649969639778595
543,-0.5072680567422494
544,-0.4352894191632761
545,-0.44671726965627157
546,-0.4311190707186441
547,-0.4134704927598598
548,-0.4017021289187239
549,-0.3932698053269901
550,-0.37493154676825347
551,-0.36795712241526335
552,-0.3940528071520455
553,0.0031384815867951943
554,0.04808420490636234
555,0.03242994295258317
556,-0.07919172065421476
557,-0.09786986274070708
558,-0.1532734155826332
559,-0.2630074162055407
560,-0.32460890827784583
561,-0.23851368857135125
562,-0.1958610564344987
563,-0.1839594745215889
564,-0.1641907597761283
565,-0.1740107000302138
566,-0.24827290374001
567,-0.3968818962225673
568,-0.7166407183528567
569,-0.8461500400799293
570,-0.8043388288751396
571,-0.918210071798875
572,-0.9346176466064948
573,-0.9679442505826308
574,-0.713117577380773
575,-0.6943773415818644
576,-0.46819568884706175
577,-0.4505668641943683
578,-0.4991103380699635
579,-0.45322613815170776
580,0.24965693111664855
581,0.050199502274073105
582,-0.007304248371575728
583,-0.13778367940009417
584,-0.16270515418923548
585,-0.1622769136726654
586,-0.12276583627828241
587,-0.538235895189898
588,-0.438501681673098
589,-0.4222925825225765
590,-0.3365057859021081
591,-0.3791315723392974
592,-0.26626198684145397
593,-0.19182865222053813
594,-0.31650110039344037
595,0.0899578793918776
596,-0.03905418434130281
597,-0.20597155565031944
598,-0.1971966258239699
599,0.1394552410727501
600,0.17102654588798671
601,0.1477838113145724
602,0.22663211404498895
603,0.2722859156166324
604,0.28408227868219615
605,-0.37421887257637065
606,-0.35217987785957083
607,-0.33495529749943964
608,-0.351030968694932
609,-0.441593322997913
610,-0.24126343628150249
611,-0.5257632591441519
612,-1.1807070900660577
613,-1.2075161536018841
614,-1.210082631890519
615,-0.767244318043736
616,-0.8350855259783629
617,-0.9413380467692356
618,-0.7552690314327704
619,-0.5978536616791597
620,-0.5996276829951852
621,-0.39183939939042567
622,-0.5837829315601062
623,-0.5490963080091227
624,-0.7053447797824575
625,-0.6353008089504675
626,-0.5646171640869557
627,-0.23412077028991396
628,0.08591411918552616
629,0.41429468407521153
630,0.3252833222729956
631,0.17794976133678198
632,0.390778374210754
633,0.4400813847778462
634,0.6038764645546424
635,0.6778240370457711
636,0.7719903645821091
637,0.8726119131891918
638,0.8788377292171745
639,1.148125850308257
640,0.9532591874365837
641,1.3826975728461033
642,1.4916867926167532
643,1.4686635162302286
644,1.7606385695440707
645,1.7614589309424389
646,2.198038296223559
647,2.823292012573231
648,2.8151139134846126
649,2.804131530980891
650,2.9255395311315713
651,2.899579852366707
652,2.9273199577838804
653,2.6596474014229488
654,2.7970151256692777
655,2.5606356966558996
656,2.48388525135812
657,2.513113771740416
658,2.5965609126819
659,2.549287590764582
660,2.0542531931950325
661,1.9015569150411915
662,1.8262011233527664
663,2.149838075215005
664,2.088185821908617
665,2.342643954334034
666,2.481870730190283
667,2.095740995896511
668,2.105381258538408
669,2.0294063169359333
670,2.309808598298324
671,2.8217549001367415
672,2.774507471643095
673,2.8382177248835516
674,3.0861798988666145
675,3.196741516632806
676,3.5461544045442883
677,3.7426081415080192
678,3.712814364263739
679,3.9268168613569188
680,4.0565756071912595
681,4.154585627718954
682,4.104336809867326
683,4.019868049633013
684,3.653700127337056
685,3.6817495602909034
686,3.64753849038717
687,3.590171511701956
688,3.6369384136054395
689,3.5013381230983187
690,3.68722038216851
691,3.7154287881939307
692,3.95271126024912
693,3.802345081053593
694,3.766643678691839
695,3.709340567284247
696,3.8116305975595566
697,4.028772474554332
698,4.011811875331062
699,3.957421319573262
700,3.994093445276925
701,4.357087641387669
702,4.27951985596231
703,4.224812813058398
704,4.016651128393955
705,4.063132714553674
706,4.3247421773687345
707,4.25389844756463
708,4.0423563481682745
709,4.0157138286500915
710,3.272199713670343
711,3.1589274164604886
712,3.885214308601226
713,3.976676035130655
714,3.9450532060044674
715,3.8979939128992447
716,4.019526229908821
717,3.9472212937690543
718,3.8331974465733554
719,3.6548347461499153
720,3.577779772690981
721,3.270064020729002
722,3.1922908611163425
723,2.8769532968528466
724,3.3918035605775554
725,3.3958549919408165
726,3.75934625826142
727,3.9793964581751773
728,4.5257053110549395
729,4.2887935854782455
730,4.072769749750527
731,3.560762857264188
732,3.639282976281266
733,3.2891690122765604
734,3.058860733441926
735,3.12716707579197
736,2.5463102732034892
737,2.696870114080796
738,3.1818379291886245
739,3.1123941549359824
740,3.1499210638298525
741,3.0540569604324386
742,2.9049148713500728
743,2.9835417781765017
744,3.3646566528833244
745,3.1245975263644254
746,3.126025650407649
747,3.7113907460152307
748,3.9600383424158503
749,3.8387148976453345
750,3.6736990148187543
751,3.7230633893034826
752,3.6781375054100174
753,3.9951213976353595
754,4.099298192972944
755,4.278675973388446
756,4.594574743473645
757,4.508187966363519
758,4.679658939246689
759,4.6724196234062765
760,4.821402600047731
761,4.932102367358149
762,5.021313077942757
763,5.041038637327366
764,4.985619285335807
765,4.953314593351732
766,5.370187525534931
767,5.6886748263376585
768,5.640108335720151
769,5.554857519050027
770,6.014366749100808
771,5.75169160953195
772,5.541512310070029
773,5.716023199646414
774,5.597352844104941
775,5.0546943256355
776,4.259262709121225
777,4.6250562909395665
778,4.779451342897545
779,4.350211061563969
780,4.214936184404472
781,4.6927501959094675
782,4.734554214751863
783,4.728734795097411
784,4.869121067541138
785,4.935337695459374
786,4.8709735325143555
787,4.948363937356626
788,4.842183788831678
789,5.155021852047059
790,4.863456198296512
791,4.652434297988672
792,4.5505829509583595
793,4.38895370877761
794,4.4184629801009345
795,4.6819150901072915
796,4.759257695179486
797,4.711103172707354
798,4.766065703289635
799,4.843175109210818
800,4.8872453982464314
801,4.243092765078993
802,4.596880425921146
803,4.988933287148356
804,4.916093065217342
805,4.376448145491851
806,4.406669671753427
807,4.402506579042975
808,3.9909797480754516
809,3.3430610273634143
810,3.830987686691989
811,3.46290118288779
812,3.129656517712709
813,3.3760507218115965
814,3.272181858627543
815,3.2035429582242037
816,3.1175400546905374
817,3.1651705860235246
818,3.103881779647799
819,3.3663385571196303
820,3.364544876814435
821,3.2888248812753096
822,3.3308059719334926
823,3.3018257069898915
824,3.31446482563329
825,3.506809288001378
826,3.537311992432235
827,3.5220572488413593
828,3.5103859374991275
829,3.4450125752966576
830,3.5069515182977185
831,3.5069515182977407
832,3.7716388162679415
833,3.8886337555302575
834,3.879854451089715
835,3.8166035950344623
836,3.7076521583131683
837,3.5711746637214326
838,3.6214970951259806
839,3.6425302677630667
840,3.7112702056916635
841,3.7526530121423596
842,4.154210688111193
843,4.3892011970782185
844,4.402170930257676
845,4.263619427472265
846,4.28846852149789
847,4.222744368472964
848,3.958266248134601
849,3.6457120693555334
850,3.739327442067264
851,3.699458238784703
852,3.6305790362439305
853,4.12905941763575
854,4.011595016892877
855,3.9574288811975222
856,4.0354123771599415
857,4.206628480335839
858,4.7727352710353665
859,4.762693866169432
860,4.7461935973234
861,4.697748471420726
862,4.984547268896411
863,5.5459630453589925
864,5.4102339611747485
865,5.422848548944126
866,5.512549734863503
867,5.304307915150508
868,5.280738424500964
869,4.742562180210741
870,4.839239419599783
871,4.519354958394506
872,4.751703535755292
873,4.548275613366948
874,4.573496141952349
875,4.002173844244794
876,3.787683641110706
877,3.867580683588945
878,3.962758432576541
879,4.021290713411796
880,4.046527345943529
881,4.876344503741281
882,5.77556944454527
883,5.683187395816103
884,5.712887047833304
885,5.7491334061622545
886,5.701605903778595
887,5.762318248310883
888,6.000587673263369
889,5.990213834774449
890,5.600666464454762
891,5.533790893886414
892,5.554129883748216
893,5.319574479279066
894,5.43901872232273
895,5.382220875934407
896,5.252507433059206
897,5.151220209116425
898,4.850769736858851
899,4.6554431151419
900,4.597474704052851
901,4.648746557567973
902,4.634298344471555
903,4.599882688804846
904,4.6477745929341285
905,4.518480296326977
906,4.424647881576971
907,4.257904769995147
908,4.488631386523845
909,4.194194167541965
910,4.367484692261936
911,4.581373531905886
912,4.57821469485391
913,4.574747054967987
914,4.552354413790494
915,4.35108877175856
916,5.083729736495379
917,5.149628161463871
918,5.074506039236382
919,5.100351435361894
920,5.077534452638699
921,5.116191298238837
922,4.977335414093753
923,4.513079873393644
924,4.489289695797427
925,4.617027489335146
926,4.6050928181852635
927,4.735081475953629
928,4.8973292181552
929,4.993333795350963
930,4.827666559266208
931,4.740659515530421
932,5.240341193126996
933,5.782003096467303
934,5.773601067548961
935,5.682469605156504
936,5.628065810863325
937,4.997320857752552
938,5.2028712015026235
939,5.112871204126845
940,4.9687515120444115
941,4.929259329684332
942,4.819493116215257
943,4.496048354665705
944,4.220500814200112
945,4.0499002600018486
946,4.914801944977021
947,4.628179630527729
948,4.842434579923016
949,5.506670275214032
950,5.361423286761058
951,5.638221967920831
952,5.637280117439514
953,5.3424720004043635
954,5.494903406570839
955,5.51368144650608
956,4.953100001511035
957,4.578365917506266
958,4.737317516237627
959,4.643270314875392
960,3.7728764047232355
961,3.965070484442612
962,4.02559547143162
963,4.9102525231397465
964,4.566978614572514
965,4.401358251930398
966,4.778157739002942
967,5.316954991657519
968,5.318660855377044
969,5.263961537943507
970,4.910217619809454
971,4.8470282660553865
972,4.998454024505028
973,4.881361744706703
974,5.295689982979157
975,5.2202600082132955
976,5.034998354681641
977,5.216801321447773
978,5.174066747742989
979,5.42951050976066
980,5.244175698599096
981,5.556566716980016
982,4.957071529963852
983,5.281287645708521
984,5.572983570651635
985,5.175765719853431
986,5.063819101247424
987,4.987781167329652
988,4.907805073935201
989,4.972698945973053
990,5.291327996486728
991,5.11439789796555
992,5.009875666364305
993,4.893857277647662
994,4.891550713106829
995,4.55368994405998
996,4.305022051846286
997,4.1937991878231
998,4.162005466664698
999,4.515265073562635
1000,3.3397579166741576
1001,4.279446113807528
1002,4.619319728844862
1003,3.9047687149748267
1004,4.66094469271654
1005,5.102596860907971
1006,5.117399985415894
1007,5.462777438745059
1008,5.691591168222421
1009,5.543546268327892
1010,5.626425621208653
1011,6.194739239281355
1012,6.357331651851061
1013,6.232129376709361
1014,6.423274626247832
1015,6.288670676826413
1016,5.301672608824992
1017,5.3133491500931385
1018,5.249832849199532
1019,5.238846390558738
1020,4.789838381775957
1021,4.999486091868377
1022,5.407605581966579
1023,5.536431292387456
1024,5.523314886338415
1025,5.539533690217291
1026,5.1515949215569234
1027,4.967966763250975
1028,5.048686898222576
1029,4.907575571117873
1030,5.0403951871021535
1031,5.295634306757635
1032,5.164952546711676
1033,5.068016933265906
1034,5.159860257506277
1035,5.079038507909961
1036,5.499903660569672
1037,5.285715645836175
1038,4.864604542641726
1039,4.641973889218387
1040,4.536165375878509
1041,4.465575217599849
1042,4.063929621773754
1043,4.000530100734001
1044,4.21447350775801
1045,4.431109904758723
1046,4.3039682388596345
1047,3.6593459705974496
1048,3.7407100854984554
1049,3.813951665847415
1050,3.889789468981242
1051,4.055565319987009
1052,4.486323994573627
1053,4.56252786783633
1054,4.3423292042085615
1055,4.635503143977515
1056,4.608905964567089
1057,4.518263438501746
1058,4.459841568226652
1059,4.633566191005634
1060,4.136852265564883
1061,4.1382156949278714
1062,4.26392855585469
1063,4.6726456348064715
1064,4.71017733154615
1065,4.844820705017572
1066,5.1148988794756045
1067,5.336313854137642
1068,5.549392513552642
1069,5.1795937919918655
1070,5.143179881250726
1071,5.002752115784959
1072,5.054379638408268
1073,5.13649159568712
1074,5.18557390507326
1075,5.233515852892201
1076,4.845315389031346
1077,4.84041034325573
1078,4.712750549652034
1079,4.40805486753344
1080,4.192982498789455
1081,4.180931294976853
1082,4.2465708896283205
1083,4.3040251989703515
1084,4.263283485820901
1085,4.3407283313408485
1086,4.283465102881134
1087,4.073731502406575
1088,3.8200953623250156
1089,3.7365116074422833
1090,3.624083303815673
1091,3.920054643521098
1092,3.7174940298167813
1093,3.9509090995761387
1094,3.9916277740077444
1095,4.210952484485997
1096,1.5624124792436689
1097,1.2686276535453178
1098,1.8944079760224275
1099,1.77885419045134
1100,1.3918320873199663
1101,1.4994647806009231
1102,1.4135178908652346
1103,1.2449447938902791
1104,1.0518286793542053
1105,1.2656508739965266
1106,1.2058947985565727
1107,0.5726226814987578
1108,0.6155149610111765
1109,0.5852808063917969
1110,1.0090060338664664
1111,1.314980436871327
1112,1.3431939788678404
1113,1.2020301688873136
1114,1.8127268004022534
1115,1.2722102019663506
1116,1.256952666587452
1117,1.9427632615838242
1118,2.083277095746894
1119,2.227455111056642
1120,2.152153069439078
1121,2.5066026996660717
1122,2.477247081224454
1123,2.712958961337253
1124,2.6659117396157894
1125,2.806424222082504
1126,2.910242220350945
1127,3.078460165732877
1128,3.070370994445004
1129,2.9208766322469604
1130,2.819134620530761
1131,2.9183972213786324
1132,2.9968831017026076
1133,3.0908392770526483
1134,3.0288391483853427
1135,3.043330745469852
1136,3.022516787179552
1137,2.946581690850336
1138,2.751099046154337
1139,2.3165727088191534
1140,2.2325168431016174
1141,2.625926494930453
1142,2.757852489702395
1143,2.6945536679851667
1144,2.699472782520096
1145,2.5169919348432934
1146,2.226449261978547
1147,2.1669102385395878
1148,1.9300079997662145
1149,1.8147094244890694
1150,1.2696387930029696
1151,1.417233103762805
1152,1.413314022909673
1153,1.9375399961937934
1154,1.7882636071384406
1155,1.6027832306476197
1156,1.567755713195318
1157,1.3611832146126046
1158,1.2530977790029096
1159,1.340743173073644
1160,2.1173087127973833
1161,2.1967957761360957
1162,2.25204630708733
1163,2.133387031213374
1164,1.9450764818915056
1165,2.242455001741517
1166,2.617579743966103
1167,2.60514786084316
1168,2.661649236816599
1169,2.965406599100895
1170,2.8108631700754616
1171,2.988328831349163
1172,3.0756959764752345
1173,2.847004695724631
1174,2.7843227895173905
1175,3.3260205730058168
1176,3.4938795222355212
1177,3.5339222073614174
1178,3.511631939946791
1179,3.737237135866467
1180,3.4346048625916836
1181,3.2299025757883237
1182,3.6202813810736645
1183,3.6226065978193
1184,3.2111018038906147
1185,3.1140606954155325
1186,3.331731731584542
1187,3.469869067176745
1188,3.109363000616927
1189,3.119231073075701
1190,2.81796686119713
1191,2.7246098706477317
1192,2.752896694015905
1193,2.676959122168676
1194,2.4869792004765356
1195,1.427752122088588
1196,1.637610453386129
1197,2.552316695650503
1198,2.7684263924075525
1199,2.758013305802365
1200,3.065788869676811
1201,3.10687167904955
1202,2.9796827776570556
1203,2.787914392585189
1204,2.8381295153981245
1205,2.732303294033067
1206,2.9482210807757037
1207,2.096296633606931
1208,1.979856763921628
1209,2.1242714343957747
1210,1.9987734290834558
1211,2.012843780193485
1212,2.1270623666029165
1213,2.450936254859659
1214,2.756061147942246
1215,1.737014040543805
1216,1.7297759447917116
1217,1.7962297852065268
1218,1.9596693457452519
1219,1.7037739963787768
1220,1.3076017956784591
1221,1.3037664808964733
1222,1.068200672191999
1223,0.6947771547730408
1224,0.6604687154712519
1225,0.5627534498649389
1226,0.5880236999880273
1227,0.6791390709904643
1228,0.7533733307385271
1229,0.8013721560950593
1230,0.43324373465347676
1231,0.46050224924931715
1232,0.7618720137657853
1233,0.911084880368862
1234,0.8072836656660254
1235,0.9088465822408631
1236,1.1489560149992695
1237,1.0988790079830224
1238,0.5858385656432707
1239,0.5846551288430035
1240,1.0004818290064055
1241,1.0707702500187377
1242,0.9899676238275035
1243,1.7141395387755942
1244,1.919021860198744
1245,2.1320160271110833
1246,2.2709224905250958
1247,2.433333613976729
1248,2.3617595998730367
1249,2.449810719835943
1250,2.408579763549046
1251,2.2129046502264327
1252,2.2222398510539643
