,Portfolio Value
0,11958.633825680152
1,11957.24485508681
2,11963.241995739674
3,11990.682479687017
4,11972.105354066738
5,11911.038145526878
6,11893.017356526609
7,11867.265781203932
8,11863.065536423957
9,11877.78708516595
10,11882.860492445107
11,11932.324029564534
12,11945.705258473801
13,11960.760195030945
14,11918.787161188719
15,11917.359377302662
16,11867.593398163945
17,11863.620561104295
18,11842.562705097605
19,11847.560883383307
20,11862.591026686607
21,11892.455798064715
22,11895.900280960075
23,11869.545206774952
24,11908.497007766597
25,11964.962832799492
26,11884.558208738687
27,11869.349756596883
28,11951.542181741455
29,11926.394016633883
30,11918.746276081789
31,11916.684002400452
32,11922.604617948593
33,11886.759847816122
34,11900.907362485159
35,11837.172839995292
36,11849.156736446295
37,11810.472931035161
38,11818.91667574622
39,11835.47772267463
40,11854.133035904142
41,11931.448059816039
42,11920.431864110447
43,11895.287967829461
44,11826.0213436614
45,11724.053209776823
46,11730.208983050552
47,11734.811687349926
48,11742.296989981967
49,11688.677072318418
50,11882.313824298239
51,11904.291909673366
52,11895.438001285966
53,11957.04875379942
54,11952.825110314632
55,11917.564275702684
56,11907.114850307185
57,11921.23164353616
58,11962.538885988643
59,11955.285270824683
60,11963.498833481877
61,11948.445941749269
62,11882.031282587142
63,11897.544424044225
64,11977.076899699896
65,12014.674562332213
66,12005.875304326943
67,12001.294809139225
68,11974.097024044577
69,11945.77204845268
70,11868.009213380145
71,11872.680984444884
72,11884.817315217479
73,11899.927729594994
74,11922.804181973552
75,11956.478823265554
76,11968.380545576563
77,11996.63428583665
78,11982.455190113767
79,11981.899815443736
80,11949.993553192653
81,11967.326770172436
82,11969.166211933869
83,11853.742557630541
84,11839.115488155609
85,11869.356087074799
86,11876.259452244929
87,11838.118920309036
88,11782.458801043942
89,11773.736680375769
90,11780.663832584874
91,11812.672246380473
92,11807.471101565781
93,11805.803696697389
94,11828.876528649631
95,11930.618936569077
96,11958.634938981095
97,11932.480841833725
98,11943.707925644252
99,11928.514054140553
100,11923.871474268351
101,11954.691112689556
102,11982.150393447091
103,11989.975064235883
104,11985.603975777214
105,11972.889666809038
106,11951.789208026503
107,11936.149426809496
108,11949.614055022794
109,11970.897633926006
110,11974.919882935079
111,11954.75762074011
112,11959.03587710439
113,12021.740905240076
114,12035.215265997236
115,12037.512183934792
116,12035.852603966596
117,12052.68150477623
118,12018.76589221672
119,12006.614386246476
120,11982.475708910184
121,11951.816366872969
122,11940.05363947462
123,11952.389049773388
124,11919.814888659257
125,11786.090936072693
126,11771.227443284704
127,11710.692804452345
128,11825.675423676365
129,11849.379329398205
130,11910.426096187624
131,11889.106635704873
132,11836.196173487459
133,11861.014822204184
134,11946.970225401212
135,11951.676426878106
136,11984.882597864864
137,12021.087522366159
138,12028.015864622206
139,12024.690187070619
140,11973.460139935922
141,11803.411701656554
142,11831.739566849457
143,11860.21414494879
144,11863.66197006648
145,11800.70854335593
146,11812.991769586464
147,11847.83425541932
148,11858.930289226275
149,11879.118461851942
150,11912.021886506238
151,11833.856240487323
152,11801.145045746902
153,11823.948212892074
154,11841.8367997902
155,11902.393830954012
156,11880.885298862875
157,11828.866240011655
158,11771.212497417751
159,11707.213663829865
160,11412.568391967336
161,11387.768193941487
162,11525.32755392066
163,11679.08068987086
164,11675.41464408921
165,11636.875853174823
166,11611.750011032582
167,11683.27178178493
168,11692.202602579602
169,11664.791196982243
170,11692.267828011267
171,11723.577873669885
172,11662.871427828028
173,11620.893708034491
174,11568.884281191149
175,11572.914450736418
176,11678.242723142548
177,11651.4042538883
178,11583.670914562166
179,11546.107037481399
180,11465.66578554374
181,11404.59697651499
182,11365.989091863707
183,11408.926299167106
184,11394.042924063344
185,11486.041233443322
186,11543.466895559055
187,11495.699534675958
188,11740.710164315831
189,11758.801290766536
190,11767.539450825081
191,11702.548888210147
192,11618.398901499102
193,11652.979739465467
194,11655.118010755132
195,11665.637708786053
196,11576.61051296672
197,11640.395549453773
198,11643.948771949552
199,11641.144339937659
200,11616.045777536609
201,11511.986444229427
202,11526.3533747857
203,11595.158229004683
204,11682.93562372718
205,11825.75882541779
206,11834.451451218521
207,11764.301416467046
208,11849.698625211357
209,11886.405236038952
210,11854.95042921599
211,11870.358040717203
212,11882.447766253887
213,11880.670322298947
214,11847.631186371127
215,11854.915628588647
216,11893.030084696104
217,11879.034418893694
218,11855.42289409662
219,11930.9277748692
220,11908.313863616924
221,12060.410537485383
222,12140.290775491461
223,12118.402800854297
224,12150.162254633862
225,12129.200212357637
226,12100.664707607759
227,12120.739598340664
228,12172.566991398839
229,12160.979307641624
230,12149.842243146399
231,12124.743242148945
232,12110.515747198313
233,12106.921683418894
234,12077.066110168627
235,12052.280044980938
236,12047.6184605178
237,11991.147350195197
238,11960.416572838125
239,12020.479567714643
240,12025.742362102312
241,12009.308620073645
242,11923.495398103321
243,12050.794034914601
244,12052.64284392593
245,12069.231646324693
246,12061.081416533925
247,12054.305708396432
248,12070.538731424824
249,12033.98910574788
250,12009.12611328092
251,11976.068967208408
252,11990.281241883195
253,11956.64639749512
254,11823.424398034142
255,11757.65591479822
256,11753.704201911558
257,11774.967406868349
258,11658.78890649284
259,11750.964052808895
260,11642.912616612437
261,11673.945013164863
262,11663.025681700665
263,11691.66037945202
264,11732.757054632493
265,11696.457260236986
266,11703.151275105276
267,11564.525323341244
268,11550.806880150449
269,11571.848797849927
270,11564.299063174369
271,11480.988160712097
272,11449.154104402322
273,11488.990825575109
274,11404.288781825482
275,11392.536357464716
276,11310.293190382268
277,11391.5218473869
278,11329.867570366872
279,11474.823018298403
280,11531.812031761358
281,11534.299271949005
282,11509.264945132385
283,11542.170249063965
284,11622.405122142864
285,11572.512774739187
286,11562.611448170457
287,11547.032670438608
288,11818.958500412551
289,11822.913031434346
290,11927.599760657717
291,11919.061726488351
292,11942.84630433088
293,11949.206323992446
294,11958.745847039292
295,11928.940178956676
296,11967.569523480752
297,11960.001567907017
298,12021.664053614026
299,12015.556712162153
300,11987.89748184547
301,12010.405173317684
302,12012.490445669471
303,12048.180787441324
304,12039.180561565698
305,12048.042422732391
306,11993.105922234245
307,11983.002043206725
308,11984.349165219066
309,12007.902339391863
310,12031.532483242987
311,12035.985389701447
312,12024.681696038147
313,12005.377807613917
314,11943.477162360496
315,11987.24112950452
316,11918.999705623963
317,11973.465855248964
318,11994.088124670656
319,12032.377229978907
320,12112.498604145338
321,12125.35395500502
322,12098.781817470397
323,12082.6983706906
324,12094.609871346278
325,12087.508223617016
326,12076.497881692774
327,12045.792892839292
328,12037.922945298342
329,12039.257179042706
330,12010.098587989576
331,12009.640516551866
332,12103.117963433771
333,12117.406957198478
334,12091.929862254643
335,12098.380117012593
336,12078.970065979764
337,12065.680799416601
338,12029.88494820545
339,11988.528307400615
340,11959.19909082638
341,11920.676489268486
342,11929.325673327938
343,12038.53400496755
344,12056.863734074042
345,12039.69294896177
346,12002.573666842352
347,12022.000230874539
348,12013.254923495006
349,12059.586711306853
350,12078.50361416801
351,12117.491420757045
352,12192.998971985966
353,12156.982391706468
354,12141.519298232131
355,12138.509121210527
356,12121.773553870986
357,12137.048750054739
358,12123.510704810256
359,12106.083566529518
360,12097.577510359099
361,12051.086805068022
362,12049.388862928734
363,11985.153657206763
364,11985.711712016098
365,11984.372211658312
366,11945.10988419688
367,11980.737931784352
368,11971.815644578193
369,11976.768988913163
370,12042.72790364335
371,11951.271972856102
372,11915.697351377356
373,12002.533101653937
374,12056.172849512115
375,12093.212768043322
376,12098.093651396819
377,12047.080734035202
378,12018.818725456102
379,12031.771282776212
380,11979.421252209377
381,12127.6255369038
382,12114.567902392206
383,12106.273862408601
384,12100.552019198069
385,12093.315980642534
386,12122.408068545545
387,12093.899877969548
388,12077.904131894087
389,12051.493613303075
390,12035.653004525828
391,12036.557759663663
392,12064.717032642897
393,12088.77633610722
394,12109.219489473206
395,12062.862532190271
396,12110.296065047038
397,12088.317700753812
398,12096.989807893984
399,12108.218560175794
400,12123.120483388395
401,12116.753872427706
402,12106.21254973561
403,12141.069336564875
404,12156.665605982955
405,12132.466661686767
406,12158.533335958638
407,12159.084397494315
408,12152.7969618019
409,12203.979856483398
410,12219.072698376405
411,12191.295723174902
412,12192.09053599859
413,12158.353085147726
414,12166.346548414152
415,12175.533668376756
416,12170.796620606901
417,12206.318560133388
418,12111.281835656122
419,12183.21503550417
420,12216.992543421866
421,12267.675404806927
422,12270.679625789924
423,12265.958827765433
424,12167.628816619053
425,12171.544871036416
426,12123.30509272382
427,12122.43010901257
428,12170.632725626885
429,12124.025215007741
430,12129.543424348773
431,12121.899893425429
432,12264.66583232574
433,12385.513290910692
434,12333.993774179837
435,12256.378985846764
436,12261.722639479809
437,12251.107666665548
438,12192.445668873013
439,12195.17717457345
440,12213.494017932659
441,12233.129096721772
442,12232.921120288245
443,12218.661134978573
444,12199.924607126299
445,12197.283659941628
446,12136.98451832611
447,12125.790232142068
448,12104.920424526514
449,12103.45563962304
450,12098.274108377007
451,12109.145532887225
452,12098.992417421068
453,12093.509203649512
454,12090.05202490864
455,12194.871895404618
456,12163.976897056815
457,12123.75004113716
458,12168.635128346872
459,12192.058932338401
460,12195.873435250092
461,12173.88996183088
462,12102.062665392248
463,12101.983693528258
464,12083.012941976902
465,12208.189333903996
466,12174.505616872402
467,12156.220382776602
468,12103.29243475636
469,12086.562784819693
470,12070.092298273259
471,12088.971530339411
472,12120.79175708483
473,12184.261806829178
474,12167.490751862548
475,12207.735458064293
476,12234.677263362308
477,12221.085912090368
478,12227.967098365963
479,12249.943222792712
480,12271.492740471545
481,12248.214591267337
482,12195.233520710915
483,12175.023692227
484,12228.259065133796
485,12242.31989979041
486,12274.373882172515
487,12260.09375171754
488,12284.418217446584
489,12245.467375237284
490,12301.265873403721
491,12277.078887918857
492,12245.775177428055
493,12207.155876422392
494,12207.976755667576
495,12226.91387347705
496,12223.891478529966
497,12209.347986886816
498,12235.630593707108
499,12253.931738559986
500,12253.731503097415
501,12262.329862076986
502,12227.817521655194
503,12290.528288540329
504,12321.30369576247
505,12349.876588050978
506,12326.481371893144
507,12341.02446641857
508,12382.888824061507
509,12371.784403954365
510,12375.416591985917
511,12385.483528883417
512,12373.605836086113
513,12364.399770076507
514,12358.842457146038
515,12339.914934494478
516,12362.364996356671
517,12360.220300665993
518,12365.898486050246
519,12388.762676170714
520,12376.277385800764
521,12399.75009863705
522,12427.273707644294
523,12416.631729525767
524,12421.641885746614
525,12442.406489976214
526,12470.785600219951
527,12501.222109098027
528,12584.234327430162
529,12594.263213297227
530,12613.331216017996
531,12625.723451068472
532,12654.905085632709
533,12657.588763037
534,12676.459182392697
535,12661.466502303674
536,12677.020081312925
537,12677.420154802208
538,12657.929226796474
539,12592.528719167198
540,12576.289906499402
541,12582.871822455745
542,12598.417840981723
543,12582.40252138918
544,12566.544113958917
545,12559.32678450471
546,12558.51358945067
547,12558.579498511202
548,12558.209871685409
549,12554.485735935927
550,12551.966774009565
551,12552.375010857559
552,12564.77173639339
553,12630.465855718707
554,12633.794211633463
555,12623.353379517644
556,12559.918869942856
557,12526.839863868518
558,12525.399560291962
559,12515.77542995617
560,12510.036268578973
561,12521.830956128595
562,12537.809065299469
563,12549.899100899076
564,12553.261089875323
565,12568.258524859946
566,12570.400630173646
567,12553.452920434653
568,12544.299804866982
569,12516.417134943844
570,12541.751059557064
571,12514.892646424603
572,12513.147569078024
573,12515.30204177878
574,12522.655819950673
575,12530.901150492999
576,12596.25842806733
577,12598.839374023119
578,12582.032846411392
579,12597.73526731181
580,12618.810552589059
581,12616.323404499859
582,12614.174212443224
583,12593.319357277494
584,12591.334685779788
585,12603.90709490157
586,12590.464500706483
587,12563.232458634662
588,12588.32699814954
589,12590.157657239237
590,12695.64665822096
591,12696.857162791723
592,12737.864151856758
593,12746.761770185842
594,12733.349786990238
595,12798.888559871271
596,12755.943232335287
597,12688.335177041135
598,12724.82533023727
599,12795.629907532817
600,12798.521254267782
601,12788.438097182594
602,12794.899524992508
603,12784.925835689795
604,12782.773448647473
605,12695.01665453298
606,12696.75186340592
607,12699.274864108655
608,12695.604726332063
609,12680.201590886614
610,12705.568815268589
611,12651.398057824292
612,12558.543993358016
613,12545.644243920151
614,12554.080141999413
615,12537.322589421583
616,12522.711105368764
617,12468.39090213785
618,12503.422957485154
619,12514.275371213122
620,12520.519943534035
621,12514.258075188445
622,12502.796374530704
623,12507.706244331903
624,12499.409077052742
625,12519.328706288401
626,12533.697021434857
627,12539.657749500298
628,12559.919487905045
629,12596.420710046004
630,12578.723108124625
631,12573.222971823174
632,12616.053912359437
633,12624.33283081288
634,12627.892857960685
635,12665.757860168931
636,12683.240735872203
637,12680.682232690342
638,12684.836110838867
639,12698.739299850704
640,12682.368545135327
641,12715.935430007135
642,12764.822394354353
643,12750.986291265379
644,12837.252778367889
645,12835.332896398872
646,13000.811159273058
647,13033.406079596825
648,13029.240223877008
649,13089.695349405003
650,13141.98463825049
651,13135.137951760664
652,13149.888916813483
653,13143.608405651381
654,13154.406143201322
655,13087.169957192431
656,13089.708505550067
657,13098.229070450687
658,13105.397479800242
659,13102.950541714335
660,13010.803527511705
661,12994.950517223011
662,13014.427977789568
663,13056.026523071529
664,13028.140036968838
665,13063.475796184699
666,13090.131579611221
667,12991.173900486916
668,12993.451504933975
669,13007.086605267834
670,13055.702804407047
671,13128.408221902922
672,13080.646394609963
673,13101.59046604565
674,13122.885479483697
675,13141.956188276325
676,13176.820584421086
677,13212.644032258693
678,13203.63699596397
679,13256.301836094792
680,13300.539672418838
681,13327.725998719648
682,13302.234930888468
683,13295.184801331077
684,13297.904497207617
685,13306.305643234504
686,13269.971201977145
687,13284.167682223919
688,13275.126011328952
689,13283.621579759845
690,13327.575748500702
691,13334.05160050012
692,13329.36888366597
693,13283.287260649558
694,13298.749281359367
695,13281.244102107898
696,13334.251447317307
697,13430.259829592827
698,13416.291571408303
699,13406.564875432274
700,13357.383419526184
701,13430.219981472444
702,13419.559156952992
703,13409.824368630356
704,13374.154839884013
705,13377.665055687765
706,13426.770575668928
707,13412.66837244693
708,13337.84448343714
709,13328.575171875027
710,13224.11120246155
711,13208.54989385999
712,13285.19372747182
713,13304.553961142525
714,13283.84149427939
715,13280.252053815524
716,13301.918922231025
717,13292.33432102407
718,13275.762379153413
719,13262.394103200588
720,13246.33583996931
721,13218.595024681297
722,13193.12488851935
723,13158.1767899848
724,13238.273986003964
725,13240.503994675228
726,13241.660779048667
727,13297.357487367453
728,13328.0826776423
729,13305.851133068394
730,13249.739014925692
731,13196.543354723784
732,13208.62245509494
733,13157.045545461115
734,13101.503747630772
735,13110.448711057616
736,13083.92191016027
737,13115.72953038354
738,13148.112696048029
739,13128.037605877424
740,13125.21948089612
741,13119.55579919228
742,13104.379989022493
743,13124.93125395618
744,13228.61452897094
745,13213.073788642696
746,13202.292977671143
747,13300.998084957691
748,13300.300673018162
749,13293.158085011239
750,13256.526643565006
751,13263.718767166853
752,13264.312556977266
753,13331.030930785908
754,13399.810765993578
755,13427.413980527905
756,13428.871427073884
757,13436.234586793196
758,13468.726086545352
759,13438.027943127476
760,13473.785294325182
761,13510.254329882526
762,13548.994713639066
763,13540.776987421348
764,13535.009903093982
765,13541.747923292298
766,13540.20929761224
767,13590.434767057208
768,13581.516188430409
769,13577.35062163965
770,13609.749704767426
771,13553.629255950966
772,13504.274056085278
773,13529.175035934784
774,13501.386899399891
775,13436.57856909191
776,13370.177969705894
777,13394.328373776832
778,13370.941861831592
779,13252.156562093889
780,13289.13932593543
781,13414.945486841469
782,13435.940327719467
783,13493.185948734239
784,13729.731195219738
785,13736.900492282988
786,13735.627744221172
787,13756.451631738584
788,13734.262495303636
789,13768.260981240779
790,13858.267813140515
791,13779.016134447009
792,13785.944446564858
793,13755.140512010099
794,13756.580799514235
795,13802.923751166245
796,13811.945651491651
797,13798.674164176724
798,13807.358224563415
799,13884.982241306076
800,13952.485697960554
801,13818.80081436471
802,13889.786385365287
803,13918.347520037381
804,13912.583630714547
805,13797.262309060763
806,13802.123159698085
807,13774.331743562747
808,13682.686205443546
809,13612.42999399658
810,13721.720587973177
811,13671.103524699334
812,13643.833703863223
813,13698.769269121032
814,13677.371645473433
815,13621.032322080795
816,13665.222178424352
817,13669.47458670424
818,13630.0176514162
819,13728.004003223912
820,13748.209201848193
821,13697.322801169596
822,13670.803470970919
823,13672.625796817772
824,13700.814718372812
825,13784.535308985043
826,13820.998929386516
827,13818.338689508155
828,13792.93934374279
829,13776.207439447644
830,13786.157124283829
831,13786.157124283829
832,13826.63842183749
833,13897.226390344407
834,13894.058001540807
835,13884.826080172445
836,13846.610959798549
837,13874.026635534234
838,13867.343069942463
839,13879.388227867019
840,13929.838221578644
841,13950.137685189013
842,14013.153777512714
843,14044.819226792704
844,14045.05304348814
845,14037.806459753956
846,14143.528710585397
847,14112.889949416465
848,13750.191888528601
849,13688.415352573265
850,13694.380492483016
851,13686.40241578638
852,13667.743568831042
853,13764.714440119038
854,13729.513543383808
855,13712.974328832857
856,13736.205606541742
857,13760.412322291662
858,13840.568632893544
859,13837.221490160502
860,13801.485244997082
861,13772.303894047385
862,13772.73194327678
863,13786.893087099628
864,13759.7815644071
865,13768.578479504755
866,13783.094103676962
867,13779.247132871242
868,13785.012203459592
869,13699.83689337383
870,13741.570636053768
871,13715.12956322578
872,13705.596873183527
873,13646.653714101685
874,13650.657543832167
875,13619.63702370925
876,13610.029229298701
877,13630.572958403525
878,13651.444907058743
879,13665.46446769296
880,13655.677166858242
881,13769.449691054753
882,13898.894102011256
883,13893.381906650133
884,13897.638667871155
885,13943.244885736905
886,13916.158263413261
887,13930.25702570374
888,13968.76673244929
889,13967.808881695411
890,13925.119012338988
891,13924.542938590666
892,13926.27288354289
893,13904.705057706382
894,13988.003630790452
895,13956.676441442192
896,13892.609550783236
897,13862.216336880356
898,13827.677056712182
899,13709.046899494915
900,13721.997035983277
901,13752.517686312374
902,13742.973447734337
903,13711.79363221163
904,13633.903081128878
905,13627.764731841962
906,13611.519753506715
907,13588.104575949617
908,13577.833352087564
909,13542.460137792497
910,13588.20990859221
911,13640.868321446955
912,13635.23601476181
913,13623.75665335941
914,13611.275104277567
915,13581.2111822285
916,13642.185594211145
917,13728.398061656095
918,13682.636245429834
919,13687.180073669024
920,13669.883313004888
921,13678.71278383799
922,13670.919900157794
923,13525.920796795994
924,13515.564140095787
925,13546.704501100578
926,13533.763337429564
927,13544.354067881424
928,13560.193248332074
929,13588.897544190018
930,13554.862910715008
931,13521.074310798942
932,13548.755085493061
933,13597.242679334286
934,13599.92871561764
935,13577.122931945518
936,13569.883964364104
937,13565.809917842016
938,13613.1253662485
939,13612.146437162442
940,13603.946353772484
941,13514.784370274974
942,13510.929283061252
943,13484.053970210018
944,13419.111019789212
945,13383.482981598057
946,13363.107652208533
947,13296.079821455618
948,13319.84866968405
949,13392.003013581003
950,13369.496186408256
951,13414.138501085401
952,13366.365827818714
953,13286.865695035965
954,13293.98245058977
955,13371.558296098732
956,13274.252645519584
957,13197.224008713403
958,13121.153736995091
959,13102.29331198744
960,13057.460709475828
961,13068.946200593733
962,13112.941188058865
963,13223.373978402877
964,13183.690324114523
965,13149.416932234164
966,13182.794603847571
967,13251.544708078058
968,13157.922327604785
969,13125.178737997874
970,13085.696595076448
971,13101.363021422872
972,13122.822747674074
973,13126.348251550524
974,13237.64318023028
975,13182.377471192503
976,13113.649264199852
977,13196.836427957642
978,13178.383377684173
979,13230.687750954721
980,13221.808687209588
981,13305.967285733204
982,13232.844250356666
983,13286.410361547481
984,13373.438068667929
985,13327.964435952408
986,13282.52535657828
987,13268.396214453369
988,13264.207260075502
989,13220.839929299204
990,13250.934158095393
991,13250.908806660047
992,13213.962086791196
993,13186.061842566234
994,13172.529630026274
995,13118.184219114375
996,13063.914833700586
997,13003.090168697689
998,12994.097401237492
999,13050.085713573979
1000,13031.009822194175
1001,13163.41309970907
1002,13233.308021055025
1003,13110.751334919267
1004,13224.000453703738
1005,13253.254913433666
1006,13264.092460232387
1007,13295.335765846203
1008,13342.099813330788
1009,13307.700140202798
1010,13301.271916811083
1011,13317.965389918712
1012,13333.868443666719
1013,13297.963557303357
1014,13338.157845751932
1015,13303.148706960144
1016,13320.53087151899
1017,13313.419525974594
1018,13373.549671910094
1019,13359.478959242046
1020,13342.100003964413
1021,13410.423688073213
1022,13409.622150752311
1023,13406.550298533271
1024,13431.678852982539
1025,13468.232545733023
1026,13433.426327941155
1027,13388.235236300638
1028,13389.395015729955
1029,13375.643299987536
1030,13392.514614063708
1031,13455.221156507681
1032,13447.13689273409
1033,13379.168904480692
1034,13387.650237566522
1035,13369.935661216265
1036,13472.24469674376
1037,13373.136816595772
1038,13335.546141629324
1039,13297.486795396031
1040,13294.085131624339
1041,13289.464514659077
1042,13235.275302753358
1043,13223.386412967593
1044,13300.746874429977
1045,13326.754469482097
1046,13292.715674045672
1047,13258.94177127945
1048,13327.315379782547
1049,13332.204531893629
1050,13343.272568373994
1051,13341.064192147827
1052,13378.628998288968
1053,13400.064521135477
1054,13372.448421864608
1055,13381.273621897884
1056,13392.107924146736
1057,13304.756897440948
1058,13302.70078857994
1059,13323.345602044154
1060,13316.853784847111
1061,13316.954881130376
1062,13342.321398799346
1063,13411.70737013504
1064,13418.616686114343
1065,13473.697024849629
1066,13487.728937498356
1067,13486.75835244526
1068,13542.261910967421
1069,13480.763571876947
1070,13462.573185277774
1071,13422.543833182737
1072,13437.117156900207
1073,13394.049733069203
1074,13427.720513458598
1075,13453.589440125166
1076,13449.423211229761
1077,13459.554267846463
1078,13431.360420364937
1079,13394.24865234353
1080,13362.565391757837
1081,13344.34564119348
1082,13360.898697467926
1083,13367.621265824691
1084,13353.758786374543
1085,13367.431258566088
1086,13366.83070374943
1087,13331.522181491873
1088,13317.75517804301
1089,13275.237663296642
1090,13263.002557273949
1091,13211.92817264836
1092,13143.461745895349
1093,13181.49106345359
1094,13189.018333462489
1095,13211.287353192904
1096,13063.163977811226
1097,12878.334739044752
1098,12885.260509087995
1099,12855.205587000954
1100,12782.885311574057
1101,12808.418557121186
1102,12773.463690794333
1103,12743.920141720682
1104,12720.56883141621
1105,12705.628108667086
1106,12698.524428793238
1107,12730.556248213185
1108,12702.077810333198
1109,12686.738382483545
1110,12745.059018882597
1111,12767.544429190028
1112,12648.968042918528
1113,12561.40232480446
1114,12630.901943532888
1115,12597.420613762026
1116,12607.511763148479
1117,12647.528089205178
1118,12659.618477024285
1119,12686.824659965516
1120,12677.905571326082
1121,12680.248634823269
1122,12627.759971146457
1123,12688.133836418365
1124,12686.196865182996
1125,12705.678246792031
1126,12719.892798468241
1127,12747.96846792651
1128,12749.535870462107
1129,12732.707555381901
1130,12685.910506322169
1131,12718.840274366983
1132,12717.590290879014
1133,12722.72483318682
1134,12722.342328771838
1135,12725.815113874956
1136,12715.46295367628
1137,12699.228790051653
1138,12669.755973777766
1139,12666.979430684984
1140,12614.913902079195
1141,12698.377932217714
1142,12718.644266596482
1143,12676.740612388523
1144,12676.697677737653
1145,12655.672678286024
1146,12634.163735754038
1147,12620.206565804217
1148,12569.195255787587
1149,12539.634140710978
1150,12447.728665968225
1151,12448.192202095503
1152,12437.997240014063
1153,12459.305232251685
1154,12407.491925452241
1155,12369.728642336386
1156,12399.479935408184
1157,12321.396113535287
1158,12316.088365613665
1159,12330.020622927972
1160,12448.488679954571
1161,12526.965811017668
1162,12525.485509135111
1163,12489.126089108984
1164,12408.66819308354
1165,12443.280875056105
1166,12448.177877515443
1167,12447.151751468213
1168,12469.42148132926
1169,12480.587823608594
1170,12437.28367042623
1171,12464.242658621919
1172,12512.657879756704
1173,12473.02663644741
1174,12475.340099502915
1175,12530.735787691678
1176,12557.04191251656
1177,12560.909247263413
1178,12546.464739554978
1179,12573.599844156854
1180,12464.658441250858
1181,12430.209776466176
1182,12446.72481161671
1183,12429.497860620313
1184,12351.181061944546
1185,12227.083459790718
1186,12252.736552411456
1187,12267.773529159198
1188,12233.946664629999
1189,12260.906112310116
1190,12235.019067680607
1191,12236.293194023947
1192,12245.819555937689
1193,12244.105755174443
1194,12170.42315907319
1195,12102.823421352261
1196,12113.626668871442
1197,12166.738339378488
1198,12180.425843273544
1199,12194.596768854744
1200,12272.273661285113
1201,12300.553939823465
1202,12301.580373298468
1203,12262.519776696725
1204,12271.888646330284
1205,12264.291125254418
1206,12278.196310600308
1207,12162.855278565708
1208,12157.97247499578
1209,12171.017034265387
1210,12138.39882117926
1211,12146.413972424496
1212,12164.237462944902
1213,12232.785650573445
1214,12422.36849328684
1215,12360.35792587861
1216,12347.006401672194
1217,12603.307172416116
1218,12630.609509760785
1219,12578.777734803773
1220,12548.063069486729
1221,12505.515440368954
1222,12498.81490993036
1223,12490.535790722335
1224,12527.53039217728
1225,12531.851780592076
1226,12554.596480517905
1227,12578.343304499262
1228,12617.45008370707
1229,12666.15567241642
1230,12630.566573894062
1231,12613.977132396425
1232,12632.436464376136
1233,12654.990739470832
1234,12621.553875446418
1235,12656.320707534538
1236,12734.7984945146
1237,12733.110638194026
1238,12695.40717309427
1239,12693.49881667542
1240,12755.32959192688
1241,12885.375972495105
1242,12862.954464788709
1243,12926.204370799016
1244,12969.908890029144
1245,13033.233221160719
1246,13060.920456059841
1247,13047.86698819272
1248,13074.936129749043
1249,13081.807559128512
1250,13067.514603557749
1251,13037.018790282224
1252,13037.240742456026
