,Profitloss
0,-0.34471811933206586
1,-0.35629287427657585
2,-0.30631670216938467
3,-0.07764600260818932
4,-0.2324553827771858
5,-0.7413487872760194
6,-0.8915220289449244
7,-1.1061184899672338
8,-1.1411205298003546
9,-1.0184409569504171
10,-0.97616256295745
11,-0.5639664202955474
12,-0.4524561793849857
13,-0.3269983747421268
14,-0.6767736567606764
15,-0.6886718558111515
16,-1.1033883486337936
17,-1.1364953241308706
18,-1.3119774575199528
19,-1.2703259718057747
20,-1.14507477761161
21,-0.89620168279404
22,-0.8674976586660388
23,-1.0871232768754013
24,-0.7625249352783636
25,-0.2919763933375674
26,-0.9620149271776124
27,-1.0887520283593077
28,-0.4038151521545408
29,-0.6133831947176427
30,-0.6771143659850876
31,-0.6942999799962268
32,-0.6449615170950551
33,-0.9436679348656551
34,-0.8257719792903462
35,-1.3568930000392387
36,-1.2570271962808688
37,-1.579392241373656
38,-1.509027702114829
39,-1.3710189777114135
40,-1.215558034132147
41,-0.57126616819968
42,-0.6630677990796086
43,-0.8726002680878198
44,-1.44982213615501
45,-2.299556585193141
46,-2.248258474578735
47,-2.209902605417291
48,-2.1475250834836035
49,-2.5943577306798526
50,-0.9807181308480128
51,-0.7975674193886229
52,-0.8713499892836207
53,-0.35792705167150274
54,-0.3931240807113934
55,-0.686964369144305
56,-0.7740429141067873
57,-0.6564029705319885
58,-0.3121759500946508
59,-0.37262274312764854
60,-0.30417638765102284
61,-0.4296171520894232
62,-0.9830726451071414
63,-0.853796466298129
64,-0.19102583583420207
65,0.1222880194351017
66,0.048960869391190265
67,0.01079007616020533
68,-0.21585813296186585
69,-0.4518995962276673
70,-1.099923221832133
71,-1.060991796292643
72,-0.9598557065210067
73,-0.8339355867083786
74,-0.6432984835537336
75,-0.36267647278704906
76,-0.26349545352863935
77,-0.028047618027915444
78,-0.14620674905193587
79,-0.15083487130219675
80,-0.4167203900612204
81,-0.27227691522969666
82,-0.2569482338844242
83,-1.2188120197454855
84,-1.3407042653699297
85,-1.088699274376681
86,-1.0311712312922605
87,-1.3490089974246944
88,-1.8128433246338171
89,-1.885527663535258
90,-1.8278013951260497
91,-1.561064613496066
92,-1.60440748695182
93,-1.6183025275217644
94,-1.4260289279197425
95,-0.5781755285910295
96,-0.344708841824215
97,-0.5626596513856219
98,-0.4691006196312353
99,-0.5957162154953899
100,-0.6344043810970756
101,-0.3775740609203715
102,-0.14874672127423993
103,-0.08354113136763708
104,-0.11996686852321359
105,-0.22591944325801583
106,-0.40175659977914613
107,-0.5320881099208696
108,-0.4198828748100514
109,-0.24251971728328492
110,-0.20900097554100716
111,-0.37701982716574767
112,-0.34136769079674556
113,0.18117421033396752
114,0.2934605499769649
115,0.31260153278993563
116,0.29877169972163387
117,0.43901253980191957
118,0.15638243513933503
119,0.05511988538728918
120,-0.14603575908179733
121,-0.4015302760585926
122,-0.4995530043781726
123,-0.3967579185551018
124,-0.6682092611728585
125,-1.7825755327275594
126,-1.9064379726274616
127,-2.410893296230465
128,-1.452704802696958
129,-1.255172255014958
130,-0.7464491984364607
131,-0.9241113691260572
132,-1.3650318876045175
133,-1.1582098149651276
134,-0.4419147883232388
135,-0.40269644268244864
136,-0.12597835112613254
137,0.17572935305132376
138,0.2334655385183959
139,0.2057515589218184
140,-0.22116550053398187
141,-1.6382358195287106
142,-1.4021702762545218
143,-1.1648821254267472
144,-1.1361502494459996
145,-1.6607621387005889
146,-1.5584019201127952
147,-1.268047871505662
148,-1.1755809231143721
149,-1.0073461512338122
150,-0.7331509457813468
151,-1.3845313292723094
152,-1.6571246187758182
153,-1.467098225899388
154,-1.3180266684149955
155,-0.8133847420499052
156,-0.9926225094760377
157,-1.4261146665695335
158,-1.9065625215187398
159,-2.4398861347511236
160,-4.895263400272198
161,-5.101931717154273
162,-3.955603717327827
163,-2.674327584409497
164,-2.704877965923258
165,-3.026034556876478
166,-3.235416574728489
167,-2.6394018184589196
168,-2.564978311836652
169,-2.793406691814637
170,-2.5644347665727762
171,-2.303517719417625
172,-2.809404768099766
173,-3.1592190997125735
174,-3.592630990073753
175,-3.5590462438631842
176,-2.6813106404787623
177,-2.904964550930833
178,-3.469409045315286
179,-3.782441354321675
180,-4.452785120468827
181,-4.961691862375083
182,-5.2834242344691145
183,-4.9256141736074515
184,-5.049642299472135
185,-4.282989721305652
186,-3.8044425370078794
187,-4.202503877700348
188,-2.1607486307014034
189,-2.009989243612198
190,-1.9371712431243249
191,-2.478759264915442
192,-3.180009154174146
193,-2.891835504454443
194,-2.8740165770405723
195,-2.78635242678289
196,-3.5282457252773347
197,-2.996703754551888
198,-2.9670935670870646
199,-2.990463833852841
200,-3.199618520528258
201,-4.0667796314214355
202,-3.947055210119166
203,-3.3736814249609726
204,-2.6422031356068243
205,-1.4520097881850824
206,-1.379571239845656
207,-1.9641548627746142
208,-1.2525114565720252
209,-0.9466230330087311
210,-1.20874642320008
211,-1.080349660689972
212,-0.9796019478842788
213,-0.9944139808421015
214,-1.2697401135739361
215,-1.2090364284279342
216,-0.8914159608658045
217,-1.0080465092192181
218,-1.204809215861491
219,-0.5756018760899928
220,-0.7640511365256342
221,0.5034211457115134
222,1.1690897957621793
223,0.9866900071191509
224,1.2513521219488455
225,1.0766684363136436
226,0.8388725633979854
227,1.0061633195055375
228,1.4380582616569937
229,1.3414942303468624
230,1.2486853595533143
231,1.039527017907882
232,0.9209645599859373
233,0.8910140284907886
234,0.6422175847385692
235,0.43566704150781455
236,0.3968205043149986
237,-0.07377208170669114
238,-0.3298618930156261
239,0.17066306428870082
240,0.21451968418593204
241,0.07757183394705436
242,-0.6375383491389885
243,0.42328362428833977
244,0.43869036604942124
245,0.5769303860391206
246,0.5090118044493774
247,0.452547569970263
248,0.5878227618735243
249,0.2832425478989986
250,0.07605094400766621
251,-0.1994252732632651
252,-0.08098965097338429
253,-0.3612800208739997
254,-1.471463349715485
255,-2.019534043348159
256,-2.0524649840703457
257,-1.875271609430429
258,-2.8434257792263273
259,-2.0752995599258806
260,-2.9757281948963543
261,-2.7171248902928102
262,-2.8081193191611287
263,-2.5694968378998317
264,-2.227024544729228
265,-2.529522831358444
266,-2.4737393741226965
267,-3.6289556388229616
268,-3.743275998746265
269,-3.567926684583944
270,-3.630841140213592
271,-4.325098660732529
272,-4.590382463313992
273,-4.258409786874095
274,-4.964260151454313
275,-5.062197021127368
276,-5.74755674681443
277,-5.070651271775828
278,-5.584436913609392
279,-4.376474847513312
280,-3.9015664019886875
281,-3.8808394004249624
282,-4.0894587905634605
283,-3.815247924466958
284,-3.1466239821428044
285,-3.5623935438401033
286,-3.6449045985795236
287,-3.7747277463449302
288,-1.5086791632287433
289,-1.475724738047124
290,-0.6033353278523612
291,-0.6744856125970755
292,-0.4762807972426675
293,-0.4232806333962835
294,-0.3437846080059037
295,-0.5921651753610258
296,-0.27025397099373905
297,-0.3333202674415281
298,0.18053378011688714
299,0.1296392680179448
300,-0.10085431795441302
301,0.08670977764737575
302,0.10408704724560458
303,0.40150656201103363
304,0.32650467971415686
305,0.4003535227699251
306,-0.05745064804796307
307,-0.14164963994396373
308,-0.1304236231744471
309,0.06585282826552241
310,0.2627706936915608
311,0.29987824751205316
312,0.20568080031788671
313,0.04481506344931052
314,-0.47102364699587174
315,-0.106323920795659
316,-0.675002453133644
317,-0.22111787292530272
318,-0.04926562774453247
319,0.2698102498242205
320,0.9374883678778145
321,1.0446162917085111
322,0.8231818122533152
323,0.6891530890883235
324,0.7884155945523164
325,0.7292351968084754
326,0.6374823474397884
327,0.381607440327425
328,0.31602454415284864
329,0.32714315868922483
330,0.08415489991313585
331,0.08033763793222626
332,0.8593163619480926
333,0.9783913099873143
334,0.7660821854553523
335,0.8198343084382831
336,0.6580838831647062
337,0.5473399951383406
338,0.24904123504541076
339,-0.09559743832820988
340,-0.34000757644683244
341,-0.6610292560959463
342,-0.5889527222671886
343,0.3211167080629185
344,0.473864450617012
345,0.330774574681425
346,0.02144722368626617
347,0.18333525728781996
348,0.11045769579172138
349,0.4965559275571074
350,0.6541967847334185
351,0.9790951729753861
352,1.608324766549707
353,1.3081865975538953
354,1.179327485267767
355,1.1542426767543912
356,1.0147796155915545
357,1.1420729171228272
358,1.0292558734187995
359,0.8840297210793269
360,0.8131459196591528
361,0.42572337556685547
362,0.41157385773944455
363,-0.12371952327696611
364,-0.11906906653251781
365,-0.130231569514061
366,-0.45741763169266925
367,-0.1605172351304085
368,-0.23486962851505533
369,-0.1935917590569769
370,0.3560658636945879
371,-0.40606689286580844
372,-0.7025220718553715
373,0.021109180449463416
374,0.4681070792676323
375,0.7767730670276807
376,0.8174470949734891
377,0.39233945029335526
378,0.15682271213417476
379,0.2647606898017685
380,-0.17148956492185619
381,1.0635461408650126
382,0.9547325199350531
383,0.8856155200716698
384,0.8379334933172444
385,0.7776331720211083
386,1.0200672378795295
387,0.7824989830795603
388,0.6492010991173913
389,0.42911344419229724
390,0.29710837104857113
391,0.3046479971971827
392,0.5393086053574692
393,0.7398028008934965
394,0.9101624122767049
395,0.5238544349189356
396,0.9191338753919753
397,0.7359808396151024
398,0.808248399116529
399,0.9018213347982806
400,1.0260040282366267
401,0.9729489368975441
402,0.8851045811300917
403,1.1755778047072951
404,1.3055467165246304
405,1.1038888473897224
406,1.3211111329886505
407,1.3257033124526307
408,1.2733080150158393
409,1.6998321373616454
410,1.8256058198033775
411,1.5941310264575126
412,1.6007544666549078
413,1.319609042897718
414,1.3862212367846016
415,1.46278056980631
416,1.4233051717241763
417,1.719321334444901
418,0.9273486304676837
419,1.526791962534757
420,1.8082711951822095
421,2.2306283733910526
422,2.255663548249376
423,2.2163235647119306
424,1.3969068051587819
425,1.4295405919701354
426,1.0275424393651589
427,1.0202509084380917
428,1.4219393802240354
429,1.0335434583978342
430,1.0795285362397822
431,1.015832445211906
432,2.205548602714491
433,3.212610757589096
434,2.7832814514986426
435,2.1364915487230407
436,2.181021995665078
437,2.092563888879573
438,1.6037139072751172
439,1.6264764547787358
440,1.779116816105497
441,1.9427424726814246
442,1.9410093357353775
443,1.8221761248214285
444,1.666038392719149
445,1.6440304995135602
446,1.1415376527175836
447,1.0482519345172303
448,0.8743368710542709
449,0.8621303301920014
450,0.8189509031417241
451,0.9095461073935329
452,0.8249368118422362
453,0.7792433637459295
454,0.7504335409053375
455,1.6239324617051576
456,1.3664741421401283
457,1.0312503428096642
458,1.4052927362239398
459,1.600491102820012
460,1.632278627084105
461,1.4490830152573464
462,0.8505222116020672
463,0.8498641127354878
464,0.6917745164741751
465,1.734911115866633
466,1.454213473936683
467,1.3018365231383555
468,0.8607702896363367
469,0.7213565401640976
470,0.5841024856104937
471,0.7414294194950877
472,1.0065979757069021
473,1.5355150569098086
474,1.3957562655212419
475,1.7311288172024542
476,1.9556438613525629
477,1.8423826007530675
478,1.899725819716358
479,2.082860189939262
480,2.2624395039295475
481,2.068454927227803
482,1.6269460059243013
483,1.4585307685583304
484,1.9021588761149566
485,2.019332498253412
486,2.2864490181042862
487,2.167447930979516
488,2.370151812054866
489,2.0455614603106964
490,2.5105489450310214
491,2.3089907326571346
492,2.048126478567136
493,1.7262989701865905
494,1.7331396305631408
495,1.8909489456420792
496,1.865762321083042
497,1.744566557390126
498,1.9635882808925587
499,2.116097821333218
500,2.114429192478462
501,2.186082183974869
502,1.8984793471266137
503,2.4210690711694127
504,2.6775307980205776
505,2.9156382337581555
506,2.7206780991095414
507,2.8418705534880795
508,3.190740200512554
509,3.0982033662863673
510,3.128471599882632
511,3.2123627406951405
512,3.1133819673842877
513,3.036664750637552
514,2.990353809550328
515,2.832624454120647
516,3.019708302972268
517,3.001835838883271
518,3.049154050418723
519,3.2396889680892826
520,3.1356448816730387
521,3.331250821975429
522,3.560614230369108
523,3.4719310793813962
524,3.5136823812217832
525,3.686720749801786
526,3.9232133351662535
527,4.1768509091502315
528,4.868619395251339
529,4.952193444143549
530,5.111093466816641
531,5.214362092237268
532,5.457542380272562
533,5.479906358641662
534,5.6371598532724665
535,5.512220852530625
536,5.641834010941049
537,5.64516795668506
538,5.482743556637293
539,4.93773932639332
540,4.802415887495015
541,4.85726518713121
542,4.98681534151435
543,4.853354344909833
544,4.721200949657645
545,4.661056537539254
546,4.65427991208891
547,4.6548291542600095
548,4.651748930711741
549,4.620714466132725
550,4.599723116746368
551,4.603125090479665
552,4.706431136611577
553,5.253882130989229
554,5.281618430278856
555,5.194611495980372
556,4.665990582857127
557,4.390332198904323
558,4.378329669099679
559,4.298128582968075
560,4.250302238158121
561,4.348591301071636
562,4.48174221082891
563,4.582492507492297
564,4.610509082294367
565,4.735487707166208
566,4.7533385847803755
567,4.612107670288768
568,4.535831707224847
569,4.303476124532035
570,4.514592162975539
571,4.290772053538361
572,4.276229742316873
573,4.294183681489838
574,4.355465166255601
575,4.424176254108314
576,4.968820233894422
577,4.9903281168593105
578,4.850273720094922
579,4.981127227598403
580,5.156754604908831
581,5.1360283708321575
582,5.118118437026875
583,4.944327977312457
584,4.927789048164888
585,5.032559124179747
586,4.920537505887346
587,4.6936038219555165
588,4.902724984579487
589,4.917980476993633
590,5.7970554851746625
591,5.8071430232643495
592,6.1488679321396456
593,6.223014751548672
594,6.111248224918664
595,6.6574046655939245
596,6.2995269361273865
597,5.7361264753428065
598,6.040211085310587
599,6.630249229440133
600,6.654343785564842
601,6.570317476521614
602,6.624162708270909
603,6.541048630748292
604,6.523112072062265
605,5.79180545444149
606,5.806265528382659
607,5.827290534238783
608,5.7967060527671865
609,5.668346590721796
610,5.879740127238242
611,5.428317148535755
612,4.654533277983464
613,4.547035366001251
614,4.617334516661775
615,4.477688245179867
616,4.35592587807303
617,3.903257517815417
618,4.19519131237629
619,4.285628093442684
620,4.337666196116952
621,4.285483959903713
622,4.189969787755876
623,4.230885369432524
624,4.161742308772842
625,4.327739219070015
626,4.447475178623805
627,4.497147912502486
628,4.66599573254205
629,4.970172583716703
630,4.8226925677052
631,4.7768580985264375
632,5.133782602995307
633,5.202773590107346
634,5.232440483005707
635,5.547982168074417
636,5.693672798935023
637,5.672351939086173
638,5.706967590323897
639,5.822827498755867
640,5.686404542794388
641,5.966128583392805
642,6.373519952952944
643,6.258219093878159
644,6.977106486399065
645,6.961107469990591
646,8.34009299394216
647,8.611717329973544
648,8.577001865641742
649,9.080794578375029
650,9.516538652087414
651,9.459482931338869
652,9.582407640112356
653,9.530070047094853
654,9.620051193344349
655,9.059749643270255
656,9.080904212917229
657,9.151908920422391
658,9.21164566500201
659,9.191254514286129
660,8.423362729264205
661,8.291254310191754
662,8.453566481579733
663,8.800221025596077
664,8.567833641406985
665,8.862298301539152
666,9.084429830093521
667,8.259782504057632
668,8.278762541116457
669,8.392388377231953
670,8.797523370058723
671,9.403401849191017
672,9.0053866217497
673,9.179920550380416
674,9.357378995697484
675,9.516301568969364
676,9.806838203509049
677,10.105366935489112
678,10.030308299699753
679,10.469181967456587
680,10.837830603490307
681,11.06438332266373
682,10.851957757403907
683,10.793206677758981
684,10.815870810063476
685,10.885880360287526
686,10.583093349809536
687,10.701397351865992
688,10.626050094407935
689,10.696846497998713
690,11.063131237505841
691,11.117096670834336
692,11.078074030549745
693,10.694060505412995
694,10.822910677994724
695,10.67703418423247
696,11.118762060977549
697,11.918831913273564
698,11.802429761735866
699,11.721373961935623
700,11.311528496051526
701,11.918499845603714
702,11.829659641274937
703,11.748536405252974
704,11.451290332366781
705,11.480542130731376
706,11.889754797241059
707,11.772236437057737
708,11.14870402864283
709,11.071459765625224
710,10.200926687179578
711,10.071249115499924
712,10.709947728931834
713,10.871283009521049
714,10.698679118994914
715,10.668767115129363
716,10.849324351925205
717,10.769452675200576
718,10.631353159611766
719,10.5199508600049
720,10.386131999744252
721,10.154958539010806
722,9.942707404327923
723,9.651473249873344
724,10.318949883366368
725,10.337533288960232
726,10.347173158738897
727,10.811312394728766
728,11.067355647019173
729,10.882092775569951
730,10.414491791047432
731,9.9711946226982
732,10.07185379245783
733,9.642046212175948
734,9.179197896923096
735,9.253739258813454
736,9.032682584668915
737,9.29774608652949
738,9.567605800400237
739,9.400313382311865
740,9.376829007467657
741,9.329631659935655
742,9.20316657518745
743,9.374427116301497
744,10.238454408091169
745,10.10894823868913
746,10.019108147259526
747,10.841650707980754
748,10.835838941818011
749,10.776317375093658
750,10.471055363041714
751,10.530989726390438
752,10.535937974810539
753,11.091924423215893
754,11.665089716613153
755,11.895116504399205
756,11.907261892282373
757,11.96862155660996
758,12.239384054544589
759,11.983566192728956
760,12.28154411937652
761,12.585452749021053
762,12.908289280325548
763,12.83980822851123
764,12.791749192449853
765,12.847899360769155
766,12.835077480101997
767,13.25362305881006
768,13.179301570253399
769,13.144588513663757
770,13.414580873061887
771,12.946910466258043
772,12.535617134043985
773,12.743125299456537
774,12.511557494999103
775,11.971488075765912
776,11.418149747549112
777,11.619403114806936
778,11.424515515263266
779,10.434638017449082
780,10.742827716128577
781,11.791212390345574
782,11.966169397662219
783,12.443216239451992
784,14.414426626831144
785,14.474170769024909
786,14.463564535176431
787,14.637096931154868
788,14.45218746086363
789,14.735508177006484
790,15.485565109504297
791,14.825134453725063
792,14.88287038804048
793,14.626170933417493
794,14.638173329285298
795,15.02436459305203
796,15.099547095763754
797,14.988951368139357
798,15.061318538028456
799,15.708185344217295
800,16.27071414967127
801,15.156673453039238
802,15.748219878044068
803,15.986229333644841
804,15.938196922621216
805,14.977185908839697
806,15.017692997484033
807,14.786097863022896
808,14.022385045362885
809,13.436916616638172
810,14.347671566443143
811,13.925862705827786
812,13.698614198860204
813,14.156410576008604
814,13.978097045611948
815,13.508602684006622
816,13.87685148686959
817,13.912288222535341
818,13.58348042846833
819,14.40003336019926
820,14.56841001540161
821,14.144356676413295
822,13.923362258090988
823,13.93854830681478
824,14.173455986440109
825,14.871127574875365
826,15.174991078220978
827,15.152822412567968
828,14.941161197856578
829,14.801728662063706
830,14.884642702365248
831,14.884642702365248
832,15.221986848645752
833,15.810219919536728
834,15.783816679506725
835,15.706884001437027
836,15.388424664987909
837,15.616888629451942
838,15.561192249520527
839,15.661568565558493
840,16.081985179822045
841,16.251147376575116
842,16.776281479272615
843,17.040160223272526
844,17.042108695734505
845,16.981720497949638
846,17.862739254878313
847,17.60741624513722
848,14.584932404405016
849,14.070127938110556
850,14.119837437358473
851,14.053353464886499
852,13.89786307359202
853,14.705953667658655
854,14.412612861531727
855,14.27478607360715
856,14.468380054514519
857,14.670102685763853
858,15.33807194077954
859,15.31017908467085
860,15.012377041642356
861,14.769199117061538
862,14.772766193973164
863,14.890775725830242
864,14.66484637005916
865,14.738153995872949
866,14.859117530641353
867,14.827059440593683
868,14.875101695496596
869,14.165307444781906
870,14.5130886337814
871,14.292746360214847
872,14.213307276529385
873,13.722114284180709
874,13.755479531934721
875,13.496975197577088
876,13.416910244155854
877,13.588107986696052
878,13.762040892156202
879,13.878870564107991
880,13.797309723818696
881,14.745414092122932
882,15.824117516760472
883,15.778182555417764
884,15.813655565592954
885,16.193707381140875
886,15.967985528443851
887,16.08547521419783
888,16.40638943707742
889,16.398407347461763
890,16.04265843615824
891,16.037857821588887
892,16.05227402952407
893,15.872542147553181
894,16.566696923253765
895,16.30563701201826
896,15.771746256526974
897,15.518469474002972
898,15.230642139268191
899,14.242057495790949
900,14.34997529986064
901,14.604314052603119
902,14.524778731119481
903,14.264946935096901
904,13.615859009407316
905,13.564706098683011
906,13.429331279222612
907,13.234204799580152
908,13.14861126739637
909,12.853834481604153
910,13.235082571601753
911,13.673902678724614
912,13.626966789681738
913,13.531305444661768
914,13.427292535646384
915,13.176759851904162
916,13.684879951759532
917,14.403317180467457
918,14.021968711915278
919,14.059833947241863
920,13.915694275040735
921,13.98927319864991
922,13.92433250131495
923,12.716006639966615
924,12.62970116746489
925,12.889204175838142
926,12.781361145246372
927,12.86961723234521
928,13.001610402767284
929,13.240812868250163
930,12.957190922625061
931,12.675619256657855
932,12.906292379108852
933,13.310355661119043
934,13.332739296813667
935,13.142691099545978
936,13.08236636970086
937,13.048415982016802
938,13.44271138540416
939,13.434553643020353
940,13.366219614770692
941,12.623203085624791
942,12.591077358843773
943,12.367116418416813
944,11.8259251649101
945,11.529024846650483
946,11.3592304350711
947,10.800665178796809
948,10.998738914033757
949,11.600025113175017
950,11.412468220068806
951,11.784487509045016
952,11.386381898489283
953,10.723880791966378
954,10.78318708824808
955,11.429652467489436
956,10.618772045996527
957,9.976866739278357
958,9.342947808292434
959,9.185777599895339
960,8.812172578965228
961,8.907885004947769
962,9.274509900490546
963,10.194783153357312
964,9.8640860342877
965,9.5784744352847
966,9.85662169872976
967,10.42953923398382
968,9.649352730039883
969,9.37648948331562
970,9.04747162563706
971,9.17802517852393
972,9.356856230617282
973,9.386235429587696
974,10.313693168585658
975,9.853145593270863
976,9.280410534998772
977,9.973636899647008
978,9.81986148070144
979,10.255731257956002
980,10.18173906007991
981,10.88306071444336
982,10.273702086305558
983,10.720086346229007
984,11.44531723889941
985,11.0663702996034
986,10.687711304819004
987,10.569968453778067
988,10.535060500629179
989,10.17366607749337
990,10.424451317461614
991,10.4242400555004
992,10.11635072325996
993,9.883848688051945
994,9.771080250218954
995,9.318201825953132
996,8.865956947504895
997,8.359084739147416
998,8.284145010312427
999,8.750714279783157
1000,8.591748518284792
1001,9.695109164242254
1002,10.277566842125218
1003,9.256261124327224
1004,10.200003780864497
1005,10.44379094528054
1006,10.534103835269892
1007,10.794464715385033
1008,11.184165111089905
1009,10.89750116835666
1010,10.843932640092358
1011,10.983044915989272
1012,11.115570363889326
1013,10.816362977527971
1014,11.151315381266102
1015,10.859572558001208
1016,11.004423929324902
1017,10.94516271645496
1018,11.446247265917453
1019,11.328991327017057
1020,11.184166699703436
1021,11.753530733943451
1022,11.746851256269263
1023,11.721252487777267
1024,11.930657108187814
1025,12.235271214441855
1026,11.945219399509632
1027,11.56862696917198
1028,11.578291797749628
1029,11.46369416656281
1030,11.604288450530898
1031,12.126842970897345
1032,12.059474106117406
1033,11.49307420400576
1034,11.563751979721015
1035,11.416130510135547
1036,12.26870580619801
1037,11.442806804964768
1038,11.129551180244368
1039,10.812389961633585
1040,10.78404276353615
1041,10.745537622158974
1042,10.293960856277984
1043,10.19488677472995
1044,10.83955728691648
1045,11.05628724568415
1046,10.772630617047273
1047,10.491181427328744
1048,11.060961498187893
1049,11.101704432446912
1050,11.193938069783282
1051,11.175534934565224
1052,11.488574985741407
1053,11.667204342795646
1054,11.437070182205078
1055,11.510613515815704
1056,11.600899367889461
1057,10.87297414534123
1058,10.85583990483283
1059,11.027880017034608
1060,10.97378154039259
1061,10.974624009419799
1062,11.186011656661222
1063,11.764228084458672
1064,11.821805717619526
1065,12.28080854041358
1066,12.39774114581964
1067,12.389652937043838
1068,12.852182591395177
1069,12.3396964323079
1070,12.18810987731478
1071,11.854531943189484
1072,11.975976307501735
1073,11.617081108910021
1074,11.897670945488326
1075,12.113245334376387
1076,12.07852676024801
1077,12.162952232053858
1078,11.92800350304115
1079,11.618738769529413
1080,11.354711597981982
1081,11.20288034327901
1082,11.340822478899382
1083,11.396843881872432
1084,11.281323219787854
1085,11.395260488050729
1086,11.390255864578581
1087,11.096018179098955
1088,10.981293150358407
1089,10.626980527472018
1090,10.525021310616234
1091,10.099401438736333
1092,9.528847882461244
1093,9.845758862113252
1094,9.908486112187397
1095,10.094061276607524
1096,8.859699815093558
1097,7.319456158706261
1098,7.3771709090666215
1099,7.126713225007952
1100,6.524044263117146
1101,6.7368213093432106
1102,6.445530756619444
1103,6.199334514339028
1104,6.004740261801755
1105,5.88023423889239
1106,5.821036906610311
1107,6.087968735109861
1108,5.850648419443316
1109,5.722819854029537
1110,6.208825157354969
1111,6.39620357658357
1112,5.408067024321062
1113,4.6783527067038255
1114,5.257516196107392
1115,4.97850511468354
1116,5.062598026237319
1117,5.396067410043148
1118,5.496820641869049
1119,5.723538833045971
1120,5.64921309438402
1121,5.668738623527236
1122,5.231333092887147
1123,5.734448636819711
1124,5.7183072098582866
1125,5.880652056600266
1126,5.99910665390202
1127,6.233070566054244
1128,6.246132253850889
1129,6.105896294849167
1130,5.715920886018067
1131,5.9903356197248625
1132,5.979919090658448
1133,6.022706943223488
1134,6.019519406431972
1135,6.048459282291296
1136,5.962191280635665
1137,5.826906583763769
1138,5.581299781481386
1139,5.55816192237486
1140,5.124282517326639
1141,5.819816101814279
1142,5.988702221637343
1143,5.639505103237696
1144,5.639147314480453
1145,5.463938985716865
1146,5.284697797950311
1147,5.168388048368477
1148,4.743293798229886
1149,4.496951172591479
1150,3.731072216401876
1151,3.734935017462515
1152,3.6499770001171994
1153,3.827543602097383
1154,3.3957660454353444
1155,3.081072019469877
1156,3.3289994617348606
1157,2.6783009461273988
1158,2.6340697134471958
1159,2.750171857733097
1160,3.737405666288085
1161,4.3913817584805726
1162,4.379045909459256
1163,4.076050742574866
1164,3.405568275696158
1165,3.694007292134205
1166,3.7348156459620308
1167,3.7262645955684404
1168,3.9118456777438304
1169,4.004898530071621
1170,3.6440305868852496
1171,3.86868882184932
1172,4.272148997972525
1173,3.9418886370617523
1174,3.9611674958576204
1175,4.422798230763969
1176,4.642015937638
1177,4.674243727195115
1178,4.553872829624828
1179,4.77999870130712
1180,3.872153677090484
1181,3.5850814705514544
1182,3.722706763472594
1183,3.5791488385026105
1184,2.92650884953789
1185,1.8923621649226563
1186,2.1061379367621313
1187,2.2314460763266597
1188,1.949555538583314
1189,2.174217602584294
1190,1.9584922306717267
1191,1.9691099501995657
1192,2.04849629948074
1193,2.034214626453701
1194,1.420192992276581
1195,0.8568618446021858
1196,0.9468889072620224
1197,1.3894861614873966
1198,1.5035486939461995
1199,1.6216397404561933
1200,2.268947177375935
1201,2.50461616519555
1202,2.513169777487234
1203,2.1876648058060333
1204,2.2657387194190415
1205,2.2024260437868204
1206,2.3183025883358965
1207,1.3571273213809132
1208,1.3164372916315115
1209,1.4251419522115505
1210,1.1533235098271755
1211,1.2201164368708106
1212,1.3686455245408569
1213,1.9398804214453724
1214,3.519737444057003
1215,3.0029827156550892
1216,2.8917200139349397
1217,5.027559770134293
1218,5.2550792480065445
1219,4.823147790031435
1220,4.567192245722729
1221,4.212628669741281
1222,4.156790916086317
1223,4.087798256019459
1224,4.3960866014773226
1225,4.43209817160064
1226,4.621637337649198
1227,4.8195275374938396
1228,5.14541736422558
1229,5.551297270136835
1230,5.254721449117183
1231,5.116476103303547
1232,5.270303869801141
1233,5.458256162256925
1234,5.179615628720158
1235,5.469339229454495
1236,6.1233207876216555
1237,6.109255318283546
1238,5.795059775785583
1239,5.7791568056284826
1240,6.29441326605733
1241,7.378133104125872
1242,7.191287206572583
1243,7.718369756658472
1244,8.0825740835762
1245,8.610276843005993
1246,8.841003800498681
1247,8.732224901605989
1248,8.957801081242023
1249,9.0150629927376
1250,8.895955029647906
1251,8.641823252351855
1252,8.643672853800211
