,Portfolio Value
0,11953.6114131993
1,11953.025620040913
2,11959.319563789604
3,12003.463217572405
4,11970.46913734618
5,11915.296267103242
6,11909.777708133824
7,11853.885294127056
8,11847.328101021758
9,11861.554482332116
10,11903.559804230632
11,12112.926700351107
12,12154.377373907948
13,12188.298932140593
14,12202.259730782247
15,12224.163617952916
16,12172.886505428192
17,12160.431604814416
18,12124.410637711166
19,12144.678805436937
20,12148.017807707869
21,12265.54008749153
22,12299.245310984508
23,12283.345880830075
24,12285.249795460708
25,12332.624356844733
26,12257.16135146317
27,12267.104533691023
28,12276.66073440056
29,12259.86845185756
30,12236.135902161199
31,12219.305353022559
32,12221.29925591308
33,12210.312766078585
34,12222.631397203993
35,12164.408019008013
36,12181.483591261183
37,12170.32367593579
38,12170.000511341266
39,12201.53411322476
40,12210.505546525294
41,12194.77371754843
42,12095.936514816765
43,12074.448122448908
44,11979.232478308411
45,11917.545023304718
46,11904.704615954239
47,11911.112424120602
48,11918.326037365172
49,11852.992577420153
50,11970.202375728182
51,11999.88946625522
52,12096.41046883243
53,12144.997707347224
54,12168.726263454253
55,12125.544666705644
56,12122.488311902478
57,12152.799511505136
58,12163.8973325209
59,12196.049864081644
60,12159.480977515606
61,12160.337592947417
62,12120.637896442136
63,12149.932623821347
64,12207.819703387853
65,12281.900532206302
66,12268.396075843488
67,12268.623480803826
68,12256.7759363541
69,12303.148848922143
70,12254.56659791318
71,12256.52499160116
72,12254.615057902509
73,12259.188629376831
74,12279.712755480014
75,12366.450523153098
76,12399.943385689508
77,12427.25772362136
78,12410.1788549081
79,12410.053939398138
80,12116.457450829736
81,12124.639067359532
82,12126.411667332188
83,12096.809627131017
84,12026.754639316268
85,12073.721989554555
86,12092.937901684394
87,12032.224419246804
88,11960.864211462702
89,11964.432746136948
90,11975.310078384375
91,12003.126414408252
92,11986.769064210543
93,11918.899373653161
94,11924.556996164234
95,11986.417763463955
96,12019.658260996595
97,11994.047685523015
98,12002.810799504643
99,11995.95966349301
100,11976.534845626185
101,11965.098640947386
102,12007.925011209494
103,12015.341449491698
104,11970.922073235542
105,11943.650833767448
106,11933.063472149963
107,11930.434669138282
108,11954.636724301958
109,11958.702856293723
110,11954.052820559482
111,11890.671728424077
112,11905.77703161786
113,11950.788823026485
114,11960.973583870955
115,11972.873173372742
116,11968.608391341759
117,11968.923798954516
118,11927.92426864444
119,11874.453033222195
120,11803.338199092845
121,11737.456323171646
122,11710.535687205087
123,11716.205923483363
124,11690.756131486665
125,11594.83204634639
126,11582.068029451073
127,11521.629449810043
128,11593.098842046487
129,11622.702965248036
130,11638.581358294134
131,11615.140866197538
132,11472.934227666878
133,11496.449048951059
134,11496.665782392203
135,11458.941787983596
136,11483.573013234303
137,11517.887473281073
138,11502.967335273202
139,11457.017718458541
140,11390.397031136321
141,11303.659394933055
142,11365.962282241224
143,11405.404797708172
144,11407.024089163262
145,11389.307332760309
146,11398.921958077288
147,11421.336367950338
148,11389.090833404516
149,11394.101116662288
150,11433.549147007168
151,11345.17091535636
152,11246.771546751552
153,11295.645743928497
154,11276.007241248524
155,11283.890235746105
156,11256.673002408948
157,11215.716725943676
158,11168.0272385286
159,11128.905347383323
160,10963.35400986459
161,10906.061730591335
162,10973.15013132866
163,11106.68015803333
164,11103.452479770254
165,11044.596184782105
166,11011.791584050832
167,11120.513409108467
168,11142.954557056373
169,11117.208964571808
170,11159.482935583652
171,11186.552092166741
172,11168.409158093187
173,11139.739228495415
174,11042.17832608608
175,11053.864242154325
176,11225.008777494199
177,11190.791993383147
178,11146.473569101587
179,11137.451004713956
180,11005.999660838634
181,10988.521923493716
182,10959.984044399083
183,11047.047017708486
184,10990.827405587324
185,11024.244547822964
186,11041.532660974908
187,10974.31071040869
188,11272.15122079416
189,11278.0520527473
190,11290.532392769943
191,11297.653935015493
192,11274.736424756398
193,11328.527833525139
194,11378.412867939
195,11386.749098521252
196,11326.878476512533
197,11345.218061501448
198,11348.995754246733
199,11359.2193047968
200,11357.180656624487
201,11290.078656883667
202,11306.035889249397
203,11350.788592410488
204,11499.44597395517
205,11534.182553189074
206,11536.043642639286
207,11430.623192454652
208,11534.656326850543
209,11532.379822264547
210,11519.213874168336
211,11540.023096994344
212,11543.526177793181
213,11549.571789329879
214,11517.588233531998
215,11459.016425871487
216,11469.315623853818
217,11464.510528925352
218,11456.923933228252
219,11495.853190853455
220,11490.431953065869
221,11540.129354481607
222,11598.193271913675
223,11583.706426960836
224,11609.742505182363
225,11599.676183251926
226,11574.547707610433
227,11591.412561316345
228,11946.848009448651
229,11939.087003215373
230,11929.386045163186
231,11906.77524747192
232,11892.293755084811
233,11890.700731464893
234,11860.934350181082
235,11845.401707741341
236,11842.209982573926
237,11792.257984440335
238,11792.091505283142
239,11876.862733676431
240,11880.814548026126
241,11865.724998474052
242,11801.890702921137
243,11814.789922342221
244,11817.143213687561
245,11846.399047755993
246,11845.309267093115
247,11833.185610569704
248,11883.027888612283
249,11840.559632826249
250,11834.339308123348
251,11786.032361359457
252,11796.385243441739
253,11774.809559069023
254,11675.022326558996
255,11629.68983032375
256,11677.274950217829
257,11655.257537436184
258,11626.148713791594
259,11642.750526834652
260,11569.946854544303
261,11661.711554091475
262,11631.8217285848
263,11674.835220955325
264,11732.61649497977
265,11656.74415589853
266,11654.060951319178
267,11592.697821541602
268,11583.859216343437
269,11591.79260995267
270,11538.851169493992
271,11468.79678320535
272,11460.926536138208
273,11477.826727938444
274,11438.944001336453
275,11363.558471488268
276,11183.129838607862
277,11260.886850188974
278,11135.89604031402
279,11368.88449320818
280,11480.009745902575
281,11652.19414963322
282,11655.519549429959
283,11632.569611374362
284,11768.195156606589
285,11627.961981902505
286,11633.44037198496
287,11639.52997861874
288,11875.158865738933
289,11899.179291241198
290,11977.165466466175
291,11992.188520177906
292,12013.355008246865
293,12028.961504893068
294,12021.84595408305
295,11985.330949837073
296,12014.461478621652
297,12006.341169385709
298,12073.28133294766
299,12064.209110412357
300,12057.779550113111
301,12124.457738329947
302,12123.431935013163
303,12220.236069362585
304,12222.363618800862
305,12230.309639073197
306,12211.728270484258
307,12224.706514596628
308,12225.131379066195
309,12328.607860798442
310,12334.618490520374
311,12327.23051179846
312,12312.773402859479
313,12298.764260943071
314,12195.339261082721
315,12211.478957893705
316,12195.47054604449
317,12291.652129351332
318,12330.04122773499
319,12335.755738139782
320,12501.789508820912
321,12495.52353659373
322,12500.034286139115
323,12491.596106654157
324,12544.318719489309
325,12520.807049788647
326,12499.673514546866
327,12473.678858711744
328,12455.348089618787
329,12457.319569497997
330,12444.603124264791
331,12438.329448266624
332,12483.223304223427
333,12481.13949956868
334,12462.816512521224
335,12456.778593980927
336,12395.980364303834
337,12335.135737727624
338,12317.340056944731
339,12312.852192135018
340,12248.435000974197
341,12238.26003998754
342,12229.986049265288
343,12274.130767097604
344,12288.913490647703
345,12260.306031980095
346,12252.163861910676
347,12288.882466752293
348,12281.918083497092
349,12327.494222279822
350,12333.26417349387
351,12369.746449694303
352,12489.322430586784
353,12488.55820428293
354,12427.412770492167
355,12429.234378501184
356,12414.329035670678
357,12427.27682091652
358,12467.439605124786
359,12479.503564500375
360,12475.132080682668
361,12452.922529883646
362,12445.133491514815
363,12410.953344207333
364,12410.563503976015
365,12286.358298084435
366,12261.06991671216
367,12330.767016334346
368,12354.911217373437
369,12416.11860418498
370,12434.962674928685
371,12042.819292591459
372,12020.86598815994
373,12061.56160789472
374,12388.831089503792
375,12440.611988196775
376,12448.135963634402
377,12319.732588547398
378,12276.931142112866
379,12250.310249127238
380,12170.692107091892
381,12198.672147122325
382,12179.323189787394
383,12167.834558509336
384,12125.806398312428
385,12096.836738876913
386,12075.077692249886
387,12039.300153696524
388,11961.26217866971
389,11950.013513550835
390,11937.61728238137
391,11937.345655841804
392,11971.39196526765
393,11988.494367638088
394,11994.048735071512
395,11852.438451338308
396,11866.943563619781
397,11855.031384109614
398,11859.20146029821
399,11879.94907385701
400,11987.219252734953
401,11983.320218912566
402,12064.412508580255
403,12083.075622638726
404,12085.810899065571
405,12028.439026309525
406,12099.102997109767
407,12090.347137874905
408,12074.730101008188
409,12104.733173681117
410,12085.226370623037
411,11988.269285547307
412,11989.193174026594
413,11984.587353318417
414,11982.29789168149
415,11990.549966724046
416,11952.391268944864
417,11997.83221421703
418,11948.680105707412
419,12000.75031079566
420,12044.27330575011
421,12184.808728242879
422,12236.763798841259
423,12239.011617622918
424,12223.725114277733
425,12217.384657058361
426,12195.628845591817
427,12189.83084564555
428,12221.58525813311
429,12213.239841543551
430,12225.196650665312
431,12238.215673925222
432,12309.440793004758
433,12324.813363110945
434,12289.889830380345
435,12260.845175577097
436,12258.646160358061
437,12244.59053860266
438,12193.160724829177
439,12198.762743109097
440,12211.368634643086
441,12280.023354895795
442,12279.943060759302
443,12266.777996978382
444,12257.051528878806
445,12242.434884197623
446,12193.186453078717
447,12186.0478726164
448,12175.267580163727
449,12148.745883426502
450,12102.598553747368
451,12110.90498634825
452,12107.255486379927
453,12107.347336855928
454,12099.822183126147
455,12144.62759157681
456,12150.56427280169
457,11960.521203016455
458,11967.748149240917
459,12070.528747707718
460,12077.69990074078
461,12009.9098891605
462,11944.34985614256
463,11945.219388698006
464,11916.387854280663
465,12051.182912451943
466,11979.600696023843
467,11911.837936327338
468,11742.092863568916
469,11708.39577241147
470,11691.293244983002
471,11686.08234782543
472,11789.922512223011
473,11803.57301202015
474,11794.30900550998
475,11838.713766827641
476,11864.3694943547
477,11889.68907801304
478,11905.691292159405
479,11901.40356384672
480,11918.224621008785
481,11902.383169114466
482,11823.762004568398
483,11816.660508814759
484,11855.241949178195
485,11867.304392085629
486,11938.778756805516
487,11933.3133449737
488,11989.741236820611
489,11929.65948941986
490,12037.481104122033
491,11981.481553346963
492,11946.268006287622
493,11920.587922163373
494,11928.17038276919
495,11950.415611994715
496,11951.842367797244
497,11942.586720326623
498,12023.047668726787
499,12035.331624861854
500,12021.801982741388
501,12033.269045402076
502,12016.852488867871
503,12091.551878416456
504,12138.068534690703
505,12168.782982765395
506,12149.947867748942
507,12203.768008772762
508,12230.40249090721
509,12229.53817760855
510,12241.635715236336
511,12235.920696609093
512,12223.936894379345
513,12222.605031173378
514,12222.458795687742
515,12207.32592133966
516,12200.686203064533
517,12191.770050717387
518,12189.461470493121
519,12246.467674239857
520,12243.10142548106
521,12271.87446988799
522,12278.27646268145
523,12269.324005419043
524,12273.492452676976
525,12280.26660497646
526,12229.719006375237
527,12243.135529994875
528,12375.301238606056
529,12376.542510729705
530,12398.433489190626
531,12414.839116215526
532,12431.685756415061
533,12430.455384484312
534,12479.527854615008
535,12420.20426511997
536,12458.24166408145
537,12458.654580360639
538,12432.850428823993
539,12362.653229595302
540,12339.681758214907
541,12341.964662250542
542,12355.297772489614
543,12342.605892867432
544,12368.169583528172
545,12365.076734159671
546,12365.81559012734
547,12365.0817417148
548,12371.00168559298
549,12365.689823575343
550,12352.975406190948
551,12355.796381385468
552,12354.58463492578
553,12393.522757934268
554,12395.13960227506
555,12387.934654354542
556,12375.82507591418
557,12383.493018551319
558,12380.314269357106
559,12324.506201562552
560,12317.29835153128
561,12334.447837769501
562,12350.319954068902
563,12352.833553208959
564,12354.796778245201
565,12361.813471295069
566,12357.219650531815
567,12330.206168870935
568,12302.16885735289
569,12273.178804950669
570,12297.011884639604
571,12265.35381016713
572,12242.167918373878
573,12279.982375764728
574,12293.050210500158
575,12296.762313396026
576,12345.456631944096
577,12345.05868169506
578,12324.720504169069
579,12350.497890569923
580,12431.198345447667
581,12421.219402052011
582,12264.696827125545
583,12238.85303373894
584,12231.919890459627
585,12247.37984855576
586,12249.913509487473
587,11970.295470952884
588,11979.651300204083
589,11986.144770582172
590,11975.231513779634
591,11971.10881897695
592,12043.086690704647
593,12114.468539838786
594,12109.61331374228
595,12142.272488496375
596,12060.75749190275
597,12050.17254311333
598,12031.738516501979
599,12137.7883080229
600,12157.613669008195
601,12150.80808824957
602,12158.391107170426
603,12151.699551811183
604,12148.885700116549
605,12058.562988647334
606,12061.562193083033
607,12062.071811220823
608,12059.248064188392
609,12053.531056056625
610,12071.005470866867
611,12032.591371540153
612,11971.684598030115
613,11969.844340968317
614,11968.744717733689
615,12002.262036445494
616,11985.399102754123
617,11942.016681419836
618,11949.186064540509
619,11953.141148711245
620,11949.079679478697
621,11935.282720445824
622,11933.236245349357
623,11937.170704959643
624,11930.75787954739
625,11925.525915265567
626,11930.608982142267
627,11925.86772053953
628,11946.371724671488
629,12029.923958600748
630,12019.404107373377
631,12007.285678036984
632,12031.116835187728
633,12048.00404734684
634,12061.260908551934
635,12068.762326385211
636,12087.462882621465
637,12104.039372998275
638,12100.854825010621
639,12131.492800254513
640,12105.001940200538
641,12170.189905650426
642,12205.234230982262
643,12202.282620828535
644,12337.157708663648
645,12336.442424460804
646,12547.224137452755
647,12609.095256940396
648,12606.878976579488
649,12614.51382970786
650,12598.133963567041
651,12586.948380320646
652,12605.20046981894
653,12591.308032658464
654,12597.918663025453
655,12510.247262386805
656,12451.089419543601
657,12456.170133084235
658,12460.501981948575
659,12455.767934336838
660,12424.648164280668
661,12408.665141508149
662,12386.768019378842
663,12422.719939055374
664,12401.195248693633
665,12454.430522925055
666,12468.881625949962
667,12414.686841245551
668,12411.161885271555
669,12410.77388592307
670,12450.52101104866
671,12482.576777470744
672,12454.356293745594
673,12474.67699846641
674,12481.384239933619
675,12493.195667481737
676,12566.231816585048
677,12615.201916473758
678,12601.199491247778
679,12613.256720914751
680,12680.232498392208
681,12697.557506596517
682,12648.62193594841
683,12643.495087213447
684,12641.192702684428
685,12655.556674597774
686,12642.535539434679
687,12654.644895074996
688,12632.497378129236
689,12632.64095884569
690,12670.558190881458
691,12682.143878193383
692,12764.277105164807
693,12728.137024576698
694,12734.622166579888
695,12730.888602873565
696,12773.821683719054
697,12842.629656825307
698,12834.887430047227
699,12820.912530013133
700,12808.037769397135
701,12860.391136544753
702,12860.27705589879
703,12858.399539561828
704,12841.707720923292
705,12845.530684282548
706,12897.57816443625
707,12886.636751289216
708,12767.128441754232
709,12778.619189132127
710,12696.069490767375
711,12678.32118624898
712,12818.841955125643
713,12841.260957914672
714,12833.075064949013
715,12827.795427559175
716,12854.638897889105
717,12842.35832947785
718,12803.865340030023
719,12792.476595047241
720,12764.218319544809
721,12708.145209756869
722,12678.749008937366
723,12623.384094148707
724,12661.842754404017
725,12664.003332887307
726,12751.982207080686
727,12771.700158459786
728,12801.038947492121
729,12775.214020450996
730,12751.619157828158
731,12743.225407170969
732,12751.102628721936
733,12739.304468881153
734,12695.325679239742
735,12715.26139814865
736,12695.523361540589
737,12757.625605510118
738,12781.460925174493
739,12767.461077158856
740,12771.216358061738
741,12768.907573369617
742,12733.941526819915
743,12751.985547552202
744,12813.942958648307
745,12798.297264909668
746,12787.912859177832
747,12858.410819384808
748,12895.679087823994
749,12915.64254977203
750,12904.27179047238
751,12931.45853344309
752,12925.355723641376
753,12940.993206455434
754,12965.981602858968
755,12999.486825780356
756,12996.55531126939
757,12989.374545752706
758,13025.31029681606
759,13029.613000142352
760,13059.756562773136
761,13067.899272783952
762,13057.181897033577
763,13059.847397516647
764,13056.996765173702
765,13047.614050485858
766,13037.146985056235
767,13090.05220469513
768,13085.467834109304
769,13086.008729808997
770,13160.408109559648
771,13124.2588566522
772,12934.93110942045
773,12970.85386093907
774,12962.627619816587
775,12935.236786810578
776,12796.012196311267
777,12828.410900324288
778,12775.570865771007
779,12579.118640436103
780,12505.536127783987
781,12665.859030425392
782,12672.291119287109
783,12717.807959984391
784,12764.971993760266
785,12740.08258001766
786,12740.909477229721
787,12776.856900548468
788,12770.414858238857
789,12879.527344053216
790,12864.934666585334
791,12845.865300106329
792,12837.033340813501
793,12796.532839664222
794,12780.43143586445
795,12849.666245410148
796,12866.390927811362
797,12852.931567963107
798,12859.766685188508
799,12880.866109684008
800,12917.72373396609
801,12874.211217328233
802,12908.274092031721
803,12979.322747518094
804,12955.780807625339
805,12901.207961464406
806,12898.957574017362
807,12952.11465053097
808,12808.78158886029
809,12792.934966927236
810,12994.731198420668
811,12952.707689021965
812,12925.68933587274
813,12970.846098491842
814,12933.278682340462
815,12914.661131054656
816,12913.178309006662
817,12919.911883171872
818,12887.141620305321
819,13007.777682738697
820,12987.918222970975
821,12947.432093035175
822,12948.78421589304
823,13009.506409861388
824,13023.253042778064
825,13030.187040989726
826,13048.576189469652
827,13045.692621525059
828,13010.902064282483
829,13005.083203416452
830,13018.716102717382
831,13018.716102717382
832,13121.1727599353
833,13127.87452899995
834,13122.289089261929
835,13111.78217431177
836,13082.67539425201
837,13082.24294579719
838,13073.610586306051
839,13087.625202583495
840,13118.81232953597
841,13161.586778791985
842,13213.550798738916
843,13227.645214224985
844,13211.406099937138
845,13207.976793557378
846,13207.732124456083
847,13192.74751220556
848,13152.046535615591
849,13110.551802703616
850,13126.494964257183
851,13112.819380940891
852,13089.440251424945
853,13145.666045256914
854,13133.185400602293
855,13030.404578919815
856,13144.394229446305
857,13189.286821028716
858,13307.964130013464
859,13279.773595426177
860,13306.796864749562
861,13300.314871048226
862,13297.275624652331
863,13369.933046627242
864,13318.418514218496
865,13329.16755374376
866,13340.179992182642
867,13315.592918144508
868,13319.672399524308
869,13143.878942267378
870,13158.545084135072
871,13144.299074850944
872,13147.568439429875
873,13048.573392823684
874,13048.704581496524
875,12991.142051456896
876,12885.70601768969
877,12893.921144315624
878,12925.286484095306
879,12934.102546728307
880,12933.42491265681
881,12987.298633493476
882,13030.625470326844
883,13019.142313971162
884,13030.217798399604
885,13116.917937789385
886,13094.334354465627
887,13107.214316531128
888,13138.688738622439
889,13136.48898080771
890,13127.968575070581
891,13145.193674282045
892,13146.399442803639
893,13109.790638629878
894,13155.801844834186
895,13145.551830722707
896,13138.684705178299
897,13130.797884766082
898,13142.774996132195
899,13112.68791366265
900,13131.647920620373
901,13165.156226070347
902,13160.854629039586
903,13109.742189641844
904,13122.358382063909
905,13106.403819436075
906,13010.769499734588
907,12937.290167533301
908,12959.043907167981
909,12924.284765176339
910,12981.643824567105
911,13039.141051376908
912,13034.83731687267
913,13037.280611964205
914,13005.050708075778
915,12973.706985023662
916,13049.106023610604
917,13052.909323169304
918,12999.996907841083
919,13023.53212374098
920,12997.930528590348
921,13048.733055896035
922,12966.221642767807
923,12835.252713882395
924,12825.598826154557
925,12842.22175875645
926,12814.162124118911
927,12832.394306745187
928,12870.033734602084
929,12905.116431749362
930,12874.828869734916
931,12878.796644708405
932,12995.73128250667
933,13022.187010778334
934,13038.349269048631
935,12991.99973363023
936,12985.056268118118
937,12975.622891604395
938,12994.449505897435
939,13010.171503876263
940,12988.501886125445
941,12946.375842564894
942,12932.580922693769
943,12861.970400282913
944,12791.740418534642
945,12750.775702585426
946,12881.7428537644
947,12787.238928725117
948,12788.635288342726
949,12826.340075400982
950,12909.439809985826
951,12920.343480380057
952,12931.925892697856
953,12886.672740729045
954,12916.497663272343
955,12949.557623469325
956,12935.781053067525
957,12919.135555828927
958,12841.507770260809
959,12787.043781488212
960,12741.012467799668
961,12705.657674520442
962,12775.14982708745
963,12947.812050325316
964,12931.929444936477
965,12872.546613668706
966,12918.56770373257
967,12943.168860007449
968,12976.704189998043
969,12953.636400205476
970,12902.862616456167
971,12897.667636017839
972,12925.428645116524
973,12874.676918622446
974,13078.880382424792
975,13075.289636627096
976,13024.562175199515
977,13061.000519338822
978,13015.852131941772
979,13080.652368624309
980,13069.279304329182
981,13116.589338624255
982,13101.567769598929
983,13135.700437746142
984,13165.80769643953
985,13016.870404408237
986,12991.83148140046
987,12987.922133914626
988,12979.95072234865
989,13036.309083735787
990,13099.38716202521
991,13092.796537657634
992,13062.948761647973
993,12720.748053881487
994,12725.46845712495
995,12669.339951986482
996,12638.514071263597
997,12618.23167480485
998,12604.661168945428
999,12641.179090309515
1000,12437.479425007461
1001,12419.91250850216
1002,12434.251657887027
1003,12186.798116881295
1004,12295.543036996747
1005,12358.434053226234
1006,12366.14849970663
1007,12407.993212301431
1008,12431.718787736763
1009,12416.303854815049
1010,12472.232673462278
1011,12437.077063937402
1012,12443.635645025903
1013,12404.707802715307
1014,12487.077708887411
1015,12455.885432432644
1016,12505.088676560688
1017,12503.89927717886
1018,12678.889853481654
1019,12681.115974147353
1020,12678.509063778945
1021,12718.43502652255
1022,12702.307629778683
1023,12702.312979018358
1024,12641.12000656775
1025,12699.418985758173
1026,12679.343561587384
1027,12653.178464832214
1028,12649.553872779697
1029,12626.86422211281
1030,12628.28099721527
1031,12667.762537857834
1032,12665.662835492183
1033,12685.265873270564
1034,12699.873308143626
1035,12681.916048160112
1036,12750.70128591205
1037,12696.528840962854
1038,12623.75700573072
1039,12627.29645977126
1040,12626.136136427429
1041,12617.010636642539
1042,12593.859503020805
1043,12586.57863673476
1044,12674.623600233188
1045,12710.093758246607
1046,12686.973937884057
1047,12678.129854039002
1048,12697.7726552708
1049,12714.795317715632
1050,12719.206472679454
1051,12749.24904918708
1052,12761.139693762598
1053,12776.324297173767
1054,12750.45171582674
1055,12757.964304642162
1056,12750.41946235467
1057,12699.348341806097
1058,12681.338464685332
1059,12705.398429525525
1060,12680.522583491618
1061,12682.368048298758
1062,12707.047669001277
1063,12779.110788042115
1064,12787.934158039507
1065,12810.951722905578
1066,12838.716030935208
1067,12814.863551343287
1068,12830.333895092976
1069,12780.37388124894
1070,12771.726850440218
1071,12783.596833527405
1072,12786.284772516465
1073,12804.311386479105
1074,12819.345568181428
1075,12832.013549143836
1076,12833.144547531185
1077,12806.701995141782
1078,12747.932014070911
1079,12706.971811543197
1080,12674.109630051544
1081,12675.994744487754
1082,12678.71696068633
1083,12683.109626012161
1084,12673.458073328413
1085,12677.299284698593
1086,12621.287702081754
1087,12579.432458128285
1088,12543.052200089682
1089,12538.059439309034
1090,12488.940796983772
1091,12436.299265712445
1092,12421.911266899306
1093,12459.158934147266
1094,12469.124519977673
1095,12479.938082712855
1096,12331.867835972433
1097,12207.743520889715
1098,12213.228683015082
1099,12185.350254317784
1100,12162.422789339595
1101,12172.56930511373
1102,12125.890163467571
1103,12084.525242007137
1104,12076.228937988011
1105,12077.034045664894
1106,12069.080622562355
1107,12036.287118016431
1108,12152.208476422098
1109,12143.972080976477
1110,12189.712328353522
1111,12198.94711713416
1112,12200.33214724952
1113,12090.081392777993
1114,12449.414751920978
1115,12385.259407246269
1116,12372.865348878235
1117,12447.32742419923
1118,12479.055632071595
1119,12510.255678281128
1120,12506.5130602223
1121,12552.66650448609
1122,12549.743146845021
1123,12605.588623855063
1124,12590.922679496513
1125,12618.950297238807
1126,12624.589243828137
1127,12637.728155790384
1128,12654.96287850101
1129,12642.038642597325
1130,12644.38882078529
1131,12658.95177706593
1132,12666.864914538546
1133,12690.299305370721
1134,12679.871329820902
1135,12678.087430426796
1136,12661.331185730856
1137,12646.013294838653
1138,12587.803342824358
1139,12486.105462917147
1140,12414.890923447296
1141,12483.028027198492
1142,12489.52712443296
1143,12463.008123886088
1144,12461.32762480973
1145,12449.170581290206
1146,12414.875749413673
1147,12381.185793924278
1148,12315.897167747124
1149,12302.399545395167
1150,12268.848701149424
1151,12270.429982560721
1152,12257.905231363813
1153,12349.615759185031
1154,12289.444565769078
1155,12188.767893080214
1156,12223.025314445624
1157,12143.374178198263
1158,12134.210508871576
1159,12161.149062099892
1160,12230.95712496211
1161,12286.27760816019
1162,12297.091952427976
1163,12197.347695918292
1164,12157.138860918825
1165,12182.498717260607
1166,12195.525563273699
1167,12197.838340135877
1168,12199.8648608477
1169,12215.227883880269
1170,12177.419595040259
1171,12184.128761067035
1172,12201.298525383603
1173,12187.364882651565
1174,12187.400659724706
1175,12263.805768519353
1176,12307.58492686876
1177,12310.473150305468
1178,12282.821486797242
1179,12308.528291882936
1180,12260.070480607983
1181,12241.643124655773
1182,12323.620945183022
1183,12276.630442742626
1184,12221.055473253631
1185,12003.402924362414
1186,12080.359375645647
1187,12099.144006352753
1188,11971.838428649182
1189,11960.222492027782
1190,11905.679762762236
1191,11852.34493552007
1192,11867.952689629374
1193,11865.343060813444
1194,11839.042668907923
1195,11746.712346648259
1196,11765.66003736565
1197,11797.37807706533
1198,11839.725240876363
1199,11833.273417057248
1200,11928.339880066336
1201,11933.857597375581
1202,11932.56978341659
1203,11897.18587107576
1204,11920.286800806696
1205,11919.455730293497
1206,11947.522007728652
1207,11858.626454641597
1208,11814.565692363689
1209,11852.024704101063
1210,11758.303896203779
1211,11768.654859594517
1212,11757.04362537794
1213,11781.174608398667
1214,11910.109341040079
1215,11774.831765445786
1216,11756.757849782247
1217,11781.140751875972
1218,11807.281348131013
1219,11768.57861678095
1220,11732.86271553521
1221,11705.883175796778
1222,11693.312483183481
1223,11564.472643639298
1224,11566.348186732628
1225,11588.332962753106
1226,11582.381818081532
1227,11588.700024765456
1228,11598.566892531375
1229,11615.86707821093
1230,11518.025675830213
1231,11493.806090297709
1232,11493.483770982039
1233,11506.485037804894
1234,11394.996532721754
1235,11443.10811419395
1236,11462.80308458832
1237,11474.257349692514
1238,11464.377672335117
1239,11467.084202284392
1240,11490.826427029455
1241,11533.78644816544
1242,11525.953454141154
1243,11602.015649237992
1244,11617.525970174363
1245,11673.02787512131
1246,11691.567435412262
1247,11698.990739848987
1248,11692.911084069281
1249,11692.0275941863
1250,11670.203335442351
1251,11594.282015311172
1252,11603.917419032185
