,Profitloss
0,-0.3865715566724992
1,-0.39145316632572813
2,-0.3390036350866321
3,0.028860146436704426
4,-0.24609052211517213
5,-0.7058644408063142
6,-0.7518524322181253
7,-1.2176225489411996
8,-1.2722658248186858
9,-1.1537126472323633
10,-0.8036682980780641
11,0.9410558362592303
12,1.2864781158995697
13,1.5691577678382806
14,1.6854977565187168
15,1.8680301496076357
16,1.4407208785682801
17,1.3369300401201212
18,1.0367553142597075
19,1.2056567119744788
20,1.2334817308989
21,2.212834062429425
22,2.4937109248708955
23,2.3612156735839607
24,2.3770816288392282
25,2.7718696403727705
26,2.143011262193073
27,2.2258711140918486
28,2.3055061200046634
29,2.1655704321463354
30,1.9677991846766663
31,1.8275446085213254
32,1.844160465942335
33,1.7526063839881978
34,1.8552616433666014
35,1.3700668250667736
36,1.5123632605098525
37,1.4193639661315816
38,1.4166709278438772
39,1.6794509435396732
40,1.754212887710782
41,1.623114312903584
42,0.7994709568063696
43,0.6204010204075683
44,-0.17306268076323628
45,-0.6871248057940149
46,-0.7941282003813388
47,-0.7407297989949879
48,-0.6806163552902311
49,-1.2250618548320547
50,-0.2483135355984767
51,-0.0009211145398424492
52,0.803420573603586
53,1.2083142278935366
54,1.4060521954521121
55,1.0462055558803751
56,1.0207359325206555
57,1.2733292625427994
58,1.3658111043408416
59,1.6337488673470402
60,1.3290081459633951
61,1.336146607895139
62,1.0053158036844811
63,1.24943853184456
64,1.7318308615654532
65,2.349171101719194
66,2.2366339653624
67,2.238529006698542
68,2.1397994696175093
69,2.5262404076845213
70,2.1213883159431735
71,2.137708263343008
72,2.1217921491875735
73,2.1599052448069367
74,2.330939629000106
75,3.053754359609151
76,3.332861547412569
77,3.5604810301780088
78,3.418157124234167
79,3.417116161651146
80,0.9704787569144724
81,1.0386588946627695
82,1.0534305611015649
83,0.8067468927584809
84,0.22295532763556558
85,0.6143499129546148
86,0.7744825140366229
87,0.2685368270566979
88,-0.32613157114415037
89,-0.2963937821920948
90,-0.20574934679687962
91,0.026053453402097304
92,-0.11025779824548332
93,-0.6758385528903288
94,-0.6286916986313784
95,-0.113185304467045
96,0.16381884163829685
97,-0.049602620641542305
98,0.02342332920535206
99,-0.03366947089158412
100,-0.19554295311512426
101,-0.2908446587717828
102,0.06604176007911633
103,0.12784541243080483
104,-0.24231605637048403
105,-0.4695763852712642
106,-0.5578043987503056
107,-0.5797110905143232
108,-0.37802729748368513
109,-0.344142864218977
110,-0.38289316200431633
111,-0.9110689297993635
112,-0.7851914031845042
113,-0.4100931414459552
114,-0.3252201344087102
115,-0.22605688856048856
116,-0.2615967388186813
117,-0.25896834204569563
118,-0.6006310946296667
119,-1.0462247231483812
120,-1.6388483408929622
121,-2.187863973569615
122,-2.4122026066242697
123,-2.364950637638641
124,-2.577032237611121
125,-3.37639961378009
126,-3.482766421241057
127,-3.9864212515829722
128,-3.3908429829459408
129,-3.1441419562663664
130,-3.0118220142155483
131,-3.207159448353847
132,-4.392214769442681
133,-4.196257925407842
134,-4.194451813398303
135,-4.508818433470029
136,-4.303558223047476
137,-4.017604389324392
138,-4.141938872723316
139,-4.52485234617882
140,-5.080024740530664
141,-5.802838375557884
142,-5.283647647989797
143,-4.954960019098564
144,-4.941465923639488
145,-5.089105560330765
146,-5.008983682689272
147,-4.822196933747181
148,-5.090909721629034
149,-5.049157361147594
150,-4.720423774940263
151,-5.456909038697
152,-6.276903777070397
153,-5.869618800595855
154,-6.033272989595629
155,-5.96758136878246
156,-6.194391646592101
157,-6.535693950469367
158,-6.933106345594997
159,-7.259122105138982
160,-8.638716584461747
161,-9.116152245072207
162,-8.557082238927826
163,-7.444332016388911
164,-7.4712293352478865
165,-7.961698460149124
166,-8.235070132909728
167,-7.329054924096101
168,-7.142045357863558
169,-7.356591961901604
170,-7.004308870136233
171,-6.778732565277156
172,-6.929923682556771
173,-7.168839762538215
174,-7.981847282616005
175,-7.884464648713962
176,-6.458260187548348
177,-6.743400055140436
178,-7.112720257486782
179,-7.187908294050372
180,-8.283336159678056
181,-8.428983970885707
182,-8.666799630007638
183,-7.941274852429281
184,-8.409771620105634
185,-8.131295434808639
186,-7.987227825209098
187,-8.547410746594252
188,-6.065406493382008
189,-6.0162328937725
190,-5.9122300602504785
191,-5.852883874870896
192,-6.043863127030013
193,-5.595601387290506
194,-5.179892767174998
195,-5.11042417898957
196,-5.609346029062223
197,-5.456516154154601
198,-5.425035381277232
199,-5.339839126693335
200,-5.35682786146261
201,-5.916011192636117
202,-5.783034256255027
203,-5.410095063245935
204,-4.171283550373584
205,-3.8818120567577163
206,-3.8663029780059532
207,-4.744806729544571
208,-3.877863942912141
209,-3.8968348144621023
210,-4.006551048597206
211,-3.8331408583804683
212,-3.8039485183901545
213,-3.753568422251008
214,-4.020098053900012
215,-4.508196451070945
216,-4.422369801218185
217,-4.462412258955406
218,-4.525633889764569
219,-4.201223409554544
220,-4.246400391117766
221,-3.8322553793199376
222,-3.348389400719376
223,-3.469113108659694
224,-3.2521457901469764
225,-3.3360318062339522
226,-3.5454357699130634
227,-3.404895322363788
228,-0.44293325459456856
229,-0.507608306538565
230,-0.5884496236401193
231,-0.7768729377339967
232,-0.8975520409599036
233,-0.9108272377925664
234,-1.1588804151576482
235,-1.2883191021554885
236,-1.3149168118839483
237,-1.73118346299721
238,-1.7325707893071418
239,-1.02614388602974
240,-0.9932120997822813
241,-1.11895834604957
242,-1.6509108089905244
243,-1.543417313814821
244,-1.523806552603657
245,-1.2800079353667226
246,-1.2890894408907116
247,-1.3901199119191299
248,-0.9747675948976409
249,-1.3286697264479286
250,-1.380505765638762
251,-1.7830636553378576
252,-1.6967896379855074
253,-1.876587007758146
254,-2.7081472786750327
255,-3.085918080635419
256,-2.689375414851425
257,-2.872853854698465
258,-3.1154273850700465
259,-2.9770789430445643
260,-3.583776212130807
261,-2.819070382571043
262,-3.0681522617933332
263,-2.7097064920389546
264,-2.2281958751685926
265,-2.860465367512244
266,-2.882825405673517
267,-3.3941848204866454
268,-3.4678398638046892
269,-3.401728250394409
270,-3.8429069208834044
271,-4.426693473288756
272,-4.4922788655149315
273,-4.3514439338463
274,-4.675466655529559
275,-5.303679404264439
276,-6.807251344934484
277,-6.159276248425217
278,-7.200866330716494
279,-5.2592958899318365
280,-4.333252117478548
281,-2.898382086389828
282,-2.87067042141701
283,-3.0619199052136503
284,-1.9317070282784288
285,-3.100316817479132
286,-3.054663566792004
287,-3.0039168448438236
288,-1.0403427855088965
289,-0.8401725729900167
290,-0.19028777944855024
291,-0.0650956651841117
292,0.1112917353905285
293,0.2413458741089114
294,0.18204961735874825
295,-0.1222420846910599
296,0.12051232184708827
297,0.05284307821424861
298,0.6106777745638281
299,0.5350759201029787
300,0.4814962509426035
301,1.0371478194162398
302,1.0285994584430247
303,1.8353005780215481
304,1.8530301566738627
305,1.9192469922766353
306,1.764402254035491
307,1.8725542883052393
308,1.8760948255516219
309,2.7383988399870107
310,2.788487421003105
311,2.726920931653831
312,2.606445023828985
313,2.4897021745255987
314,1.6278271756893448
315,1.7623246491142108
316,1.6289212170374157
317,2.4304344112610954
318,2.7503435644582463
319,2.7979644844981832
320,4.18157924017426
321,4.129362804947756
322,4.166952384492628
323,4.0966342221179675
324,4.535989329077572
325,4.340058748238729
326,4.163945954557224
327,3.947323822597859
328,3.794567413489891
329,3.810996412483303
330,3.7050260355399267
331,3.6527454022218686
332,4.02686086852857
333,4.009495829738996
334,3.8568042710102057
335,3.806488283174403
336,3.2998363691986166
337,2.7927978143968524
338,2.644500474539435
339,2.6071016011251613
340,2.0702916747849853
341,1.985500333229484
342,1.91655041054406
343,2.2844230591466896
344,2.407612422064198
345,2.1692169331674505
346,2.1013655159223044
347,2.4073538896024482
348,2.349317362475767
349,2.729118518998508
350,2.7772014457822403
351,3.0812204141192012
352,4.077686921556545
353,4.071318369024413
354,3.5617730874347275
355,3.576953154176521
356,3.4527419639223123
357,3.5606401743043303
358,3.8953300427065463
359,3.9958630375031223
360,3.9594340056889
361,3.7743544156970454
362,3.7094457626234645
363,3.4246112017277897
364,3.421362533133454
365,2.3863191507036197
366,2.1755826392680033
367,2.7563918027862178
368,2.957593478111975
369,3.467655034874828
370,3.6246889577390418
371,0.3568274382621528
372,0.17388323466616118
373,0.5130133991226637
374,3.240259079198271
375,3.671766568306456
376,3.734466363620026
377,2.664438237894995
378,2.307759517607222
379,2.0859187427269887
380,1.4224342257657785
381,1.6556012260193764
382,1.4943599148949493
383,1.398621320911131
384,1.0483866526035612
385,0.8069728239742835
386,0.6256474354157104
387,0.32750128080436536
388,-0.3228151777524224
389,-0.41655405374303456
390,-0.5198559801552483
391,-0.5221195346516327
392,-0.23840028943624691
393,-0.09588026968260221
394,-0.0495938744040636
395,-1.229679572180764
396,-1.1088036365018206
397,-1.208071799086552
398,-1.1733211641815733
399,-1.0004243845249228
400,-0.10650622720872471
401,-0.13899817572862183
402,0.5367709048354596
403,0.6922968553227049
404,0.7150908255464161
405,0.23699188591270737
406,0.825858309248062
407,0.7528928156242065
408,0.6227508417349092
409,0.8727764473426491
410,0.7102197551919653
411,-0.09775595377243818
412,-0.09005688311172211
413,-0.12843872234652443
414,-0.14751756932092075
415,-0.07875027729962181
416,-0.39673942545946916
417,-0.018064881524759713
418,-0.42766578577156933
419,0.006252589963828825
420,0.36894421458424365
421,1.540072735357323
422,1.9730316570104822
423,1.991763480190989
424,1.8643759523144343
425,1.8115388088196793
426,1.6302403799318022
427,1.5819237137129294
428,1.8465438177759141
429,1.7769986795295845
430,1.8766387555442687
431,1.985130616043529
432,2.5786732750396446
433,2.706778025924539
434,2.415748586502886
435,2.173709796475798
436,2.1553846696505063
437,2.0382544883555065
438,1.609672706909815
439,1.656356192575803
440,1.7614052886923748
441,2.3335279574649537
442,2.3328588396608563
443,2.223149974819849
444,2.142096073990052
445,2.020290701646865
446,1.6098871089893052
447,1.550398938469999
448,1.4605631680310482
449,1.2395490285541877
450,0.8549879478947364
451,0.9242082195687562
452,0.893795719832724
453,0.8945611404660658
454,0.8318515260512305
455,1.2052299298067393
456,1.2547022733474078
457,-0.32898997486288106
458,-0.2687654229923564
459,0.5877395642309935
460,0.6474991728398383
461,0.08258240967085051
462,-0.46375119881200133
463,-0.45650509418329044
464,-0.6967678809944755
465,0.4265242704328598
466,-0.16999419980130437
467,-0.7346838639388453
468,-2.149226136925697
469,-2.430035229904415
470,-2.5725562918083145
471,-2.61598043478809
472,-1.750645731474909
473,-1.636891566498755
474,-1.7140916207501689
475,-1.3440519431029974
476,-1.1302542137108351
477,-0.9192576832246724
478,-0.7859058986716239
479,-0.8216369679440061
480,-0.6814614915934603
481,-0.8134735907127877
482,-1.468649961930013
483,-1.5278290932103422
484,-1.2063170901817077
485,-1.105796732619757
486,-0.5101770266207062
487,-0.5557221252191713
488,-0.08548969316156674
489,-0.5861709215011612
490,0.3123425343502628
491,-0.15432038877530863
492,-0.4477666142698178
493,-0.6617673153052284
494,-0.5985801435900773
495,-0.4132032333773794
496,-0.4013136016896346
497,-0.478443997278144
498,0.1920639060565721
499,0.294430207182117
500,0.18168318951157225
501,0.27724204501728966
502,0.1404374072322634
503,0.762932320137133
504,1.1505711224225168
505,1.4065248563782884
506,1.2495655645745174
507,1.6980667397730187
508,1.9200207575600814
509,1.9128181467379157
510,2.0136309603028035
511,1.9660058050757767
512,1.8661407864945412
513,1.8550419264448115
514,1.8538232973978497
515,1.7277160111638379
516,1.6723850255377704
517,1.5980837559782302
518,1.5788455874426788
519,2.05389728533214
520,2.02584521234217
521,2.2656205823999187
522,2.3189705223454204
523,2.244366711825352
524,2.279103772308133
525,2.335555041470494
526,1.914325053126964
527,2.0261294166239674
528,3.127510321717142
529,3.1378542560808853
530,3.3202790765885393
531,3.4569926351293745
532,3.5973813034588353
533,3.5871282040359276
534,3.996065455125053
535,3.5017022093330796
536,3.8186805340120866
537,3.8221215030053157
538,3.6070869068665967
539,3.0221102466275074
540,2.830681318457562
541,2.8497055187545195
542,2.960814770746789
543,2.855049107228602
544,3.0680798627347627
545,3.042306117997251
546,3.048463251061162
547,3.042347847623317
548,3.091680713274836
549,3.0474151964611895
550,2.9414617182579095
551,2.9649698448789064
552,2.954871957714844
553,3.2793563161189088
554,3.2928300189588366
555,3.2327887862878546
556,3.131875632618164
557,3.195775154594327
558,3.169285577975889
559,2.704218346354592
560,2.644152929427346
561,2.78706531474584
562,2.9193329505741827
563,2.9402796100746587
564,2.9566398187100162
565,3.01511226079223
566,2.976830421098464
567,2.7517180739244473
568,2.518073811274091
569,2.2764900412555633
570,2.4750990386633642
571,2.211281751392735
572,2.0180659864489803
573,2.3331864647060607
574,2.4420850875013222
575,2.4730192783002147
576,2.8788052662008123
577,2.8754890141255096
578,2.706004201408896
579,2.920815754749362
580,3.5933195453972333
581,3.510161683766766
582,2.2058068927128804
583,1.990441947824495
584,1.9326657538302205
585,2.061498737964662
586,2.082612579062282
587,-0.24753774205930057
588,-0.16957249829930854
589,-0.11546024514856867
590,-0.2064040518363841
591,-0.24075984185873978
592,0.35905575587207306
593,0.9539044986565548
594,0.9134442811856713
595,1.1856040708031257
596,0.5063124325229262
597,0.41810452594441827
598,0.2644876375164973
599,1.1482359001908415
600,1.3134472417349663
601,1.2567340687464235
602,1.319925893086893
603,1.2641629317598602
604,1.240714167637913
605,0.4880249053944574
606,0.5130182756919455
607,0.517265093506869
608,0.49373386823661214
609,0.4460921338051982
610,0.5917122572238975
611,0.2715947628346038
612,-0.2359616830823752
613,-0.25129715859736335
614,-0.26046068555258817
615,0.01885030371244767
616,-0.12167414371564433
617,-0.4831943215013679
618,-0.4234494621624285
619,-0.39049042740628703
620,-0.4243360043441946
621,-0.5393106629514643
622,-0.5563646220886898
623,-0.523577458669644
624,-0.5770176704384289
625,-0.6206173727869357
626,-0.5782584821477754
627,-0.617768995503909
628,-0.4469022944042722
629,0.24936632167289474
630,0.16170089477813843
631,0.06071398364153602
632,0.25930695989773156
633,0.40003372789032543
634,0.5105075712661167
635,0.5730193865434163
636,0.7288573551788691
637,0.8669947749856188
638,0.8404568750885133
639,1.0957733354542754
640,0.8750161683378277
641,1.418249213753553
642,1.7102852581855066
643,1.685688506904448
644,2.8096475721970604
645,2.803686870506694
646,4.560201145439624
647,5.075793807836626
648,5.0573248048290775
649,5.120948580898821
650,4.9844496963920015
651,4.891236502672047
652,5.043337248491153
653,4.927566938820527
654,4.98265552521211
655,4.252060519890044
656,3.759078496196677
657,3.801417775701954
658,3.8375165162381153
659,3.798066119473642
660,3.538734702338897
661,3.405542845901244
662,3.2230668281570063
663,3.522666158794796
664,3.3432937391136175
665,3.786921024375456
666,3.9073468829163405
667,3.455723677046252
668,3.426349043929622
669,3.423115716025582
670,3.754341758738833
671,4.021473145589538
672,3.786302447879941
673,3.9556416538867545
674,4.011535332780158
675,4.109963895681146
676,4.718598471542079
677,5.12668263728131
678,5.009995760398156
679,5.11047267428959
680,5.668604153268397
681,5.8129792216376375
682,5.405182799570074
683,5.362459060112057
684,5.343272522370235
685,5.462972288314782
686,5.354462828622331
687,5.455374125624979
688,5.270811484410287
689,5.272007990380745
690,5.587984924012157
691,5.68453231827819
692,6.368975876373395
693,6.067808538139152
694,6.121851388165722
695,6.0907383572797125
696,6.448514030992114
697,7.0219138068775555
698,6.957395250393561
699,6.840937750109433
700,6.733648078309451
701,7.169926137872951
702,7.168975465823246
703,7.1533294963485705
704,7.014231007694094
705,7.046089035687908
706,7.479818036968755
707,7.388639594076807
708,6.392737014618599
709,6.488493242767723
710,5.800579089728131
711,5.652676552074842
712,6.823682959380362
713,7.0105079826222605
714,6.942292207908429
715,6.89829522965979
716,7.1219908157425404
717,7.019652745648752
718,6.698877833583516
719,6.603971625393679
720,6.368485996206741
721,5.90121008130724
722,5.656241741144719
723,5.194867451239227
724,5.515356286700146
725,5.533361107394219
726,6.266518392339049
727,6.430834653831541
728,6.675324562434337
729,6.460116837091623
730,6.26349298190132
731,6.1935450597580655
732,6.2591885726827945
733,6.160870574009603
734,5.794380660331178
735,5.960511651238742
736,5.796028012838228
737,6.313546712584328
738,6.512174376454105
739,6.395508976323794
740,6.4268029838478125
741,6.4075631114134834
742,6.1161793901659545
743,6.266546229601677
744,6.782857988735902
745,6.652477207580576
746,6.565940493148603
747,7.153423494873401
748,7.463992398533281
749,7.630354581433574
750,7.535598253936504
751,7.762154445359082
752,7.7112976970114655
753,7.841610053795289
754,8.049846690491403
755,8.32905688150296
756,8.304627593911595
757,8.244787881272542
758,8.544252473467173
759,8.580108334519586
760,8.831304689776132
761,8.89916060653293
762,8.809849141946469
763,8.832061645972056
764,8.808306376447517
765,8.730117087382139
766,8.642891542135288
767,9.08376837245941
768,9.045565284244205
769,9.0500727484083
770,9.670067579663733
771,9.368823805435
772,7.791092578503744
773,8.090448841158926
774,8.021896831804899
775,7.793639890088144
776,6.633434969260565
777,6.903424169369066
778,6.463090548091732
779,4.8259886703008625
780,4.212801064866567
781,5.548825253544942
782,5.602425994059246
783,5.9817329998699265
784,6.374766614668892
785,6.167354833480498
786,6.174245643581
787,6.473807504570561
788,6.420123818657153
789,7.329394533776812
790,7.20778888821112
791,7.048877500886075
792,6.975277840112515
793,6.637773663868507
794,6.503595298870413
795,7.080552045084576
796,7.219924398428024
797,7.1077630663592295
798,7.164722376570909
799,7.340550914033406
800,7.647697783050744
801,7.285093477735272
802,7.568950766931004
803,8.161022895984104
804,7.964840063544498
805,7.510066345536726
806,7.491313116811349
807,7.934288754424745
808,6.7398465738357505
809,6.6077913910602915
810,8.289426653505561
811,7.939230741849701
812,7.714077798939489
813,8.090384154098684
814,7.77732235283719
815,7.622176092122124
816,7.609819241722193
817,7.665932359765604
818,7.392846835877687
819,8.398147356155805
820,8.232651858091454
821,7.895267441959786
822,7.906535132441994
823,8.41255341551157
824,8.527108689817208
825,8.584892008247703
826,8.738134912247087
827,8.714105179375498
828,8.424183869020684
829,8.375693361803771
830,8.489300855978188
831,8.489300855978188
832,9.34310633279416
833,9.398954408332916
834,9.352409077182733
835,9.264851452598077
836,9.022294952100074
837,9.018691214976581
838,8.946754885883767
839,9.063543354862457
840,9.323436079466418
841,9.679889823266553
842,10.112923322824297
843,10.230376785208218
844,10.095050832809482
845,10.066473279644828
846,10.064434370467357
847,9.939562601713003
848,9.600387796796594
849,9.254598355863465
850,9.387458035476515
851,9.273494841174102
852,9.078668761874532
853,9.54721704380761
854,9.44321167168578
855,8.586704824331793
856,9.536618578719214
857,9.910723508572627
858,10.899701083445535
859,10.664779961884818
860,10.889973872913018
861,10.835957258735206
862,10.81063020543609
863,11.416108721893693
864,10.986820951820796
865,11.076396281198008
866,11.168166601522023
867,10.963274317870898
868,10.997269996035897
869,9.532324518894807
870,9.654542367792263
871,9.535825623757855
872,9.563070328582302
873,8.738111606864042
874,8.739204845804371
875,8.259517095474145
876,7.380883480747413
877,7.44934286929686
878,7.710720700794216
879,7.784187889402561
880,7.778540938806744
881,8.227488612445622
882,8.58854558605704
883,8.492852616426362
884,8.585148319996705
885,9.307649481578206
886,9.119452953880236
887,9.226785971092744
888,9.48907282185365
889,9.470741506730906
890,9.399738125588186
891,9.543280619017036
892,9.553328690030316
893,9.248255321915643
894,9.631682040284883
895,9.546265256022558
896,9.489039209819161
897,9.423315706384017
898,9.523124967768304
899,9.27239928052208
900,9.430399338503115
901,9.709635217252899
902,9.673788575329878
903,9.247851580348687
904,9.352986517199247
905,9.220031828633957
906,8.423079164454904
907,7.810751396110849
908,7.992032559733175
909,7.702373043136146
910,8.18036520472587
911,8.659508761474232
912,8.623644307272249
913,8.644005099701712
914,8.375422567298152
915,8.114224875197174
916,8.742550196755028
917,8.774244359744209
918,8.333307565342363
919,8.52943436450817
920,8.316087738252897
921,8.739442132466957
922,8.05184702306505
923,6.9604392823533034
924,6.879990217954646
925,7.018514656303743
926,6.784684367657601
927,6.936619222876561
928,7.2502811216840435
929,7.542636931244684
930,7.290240581124308
931,7.323305372570044
932,8.297760687555567
933,8.518225089819452
934,8.652910575405247
935,8.26666444691857
936,8.208802234317659
937,8.13019076336996
938,8.287079215811954
939,8.418095865635532
940,8.237515717712029
941,7.88646535470745
942,7.771507689114743
943,7.1830866690242745
944,6.597836821122027
945,6.256464188211885
946,7.347857114703316
947,6.560324406042639
948,6.571960736189375
949,6.886167295008172
950,7.578665083215208
951,7.669529003167153
952,7.766049105815465
953,7.388939506075376
954,7.637480527269513
955,7.912980195577712
956,7.7981754422293825
957,7.659462965241048
958,7.0125647521734
959,6.558698179068423
960,6.175103898330558
961,5.880480621003681
962,6.459581892395416
963,7.898433752710976
964,7.7660787078039695
965,7.2712217805725565
966,7.654730864438086
967,7.859740500062062
968,8.139201583317025
969,7.946970001712295
970,7.523855137134716
971,7.480563633481996
972,7.71190537597104
973,7.288974321853714
974,8.990669853539934
975,8.960746971892464
976,8.538018126662617
977,8.84167099449018
978,8.465434432848106
979,9.005436405202571
980,8.91066086940986
981,9.304911155202134
982,9.179731413324399
983,9.464170314551179
984,9.715064136996077
985,8.473920036735304
986,8.265262345003844
987,8.232684449288552
988,8.166256019572081
989,8.635909031131561
990,9.16155968354342
991,9.106637813813624
992,8.857906347066447
993,6.006233782345727
994,6.045570476041262
995,5.577832933220672
996,5.320950593863305
997,5.151930623373757
998,5.0388430745452295
999,5.34315908591263
1000,3.645661875062167
1001,3.4992709041846703
1002,3.6187638157252344
1003,1.556650974010787
1004,2.4628586416395537
1005,2.98695044355195
1006,3.051237497555248
1007,3.399943435845265
1008,3.5976565644730174
1009,3.469198790125416
1010,3.935272278852331
1011,3.6423088661450276
1012,3.6969637085491946
1013,3.3725650226275716
1014,4.058980907395093
1015,3.799045270272039
1016,4.209072304672401
1017,4.199160643157174
1018,5.657415445680458
1019,5.675966451227943
1020,5.654242198157888
1021,5.986958554354582
1022,5.852563581489023
1023,5.8526081584863165
1024,5.342666721397915
1025,5.828491547984771
1026,5.661196346561526
1027,5.4431538736017915
1028,5.4129489398308195
1029,5.2238685176067445
1030,5.235674976793914
1031,5.564687815481961
1032,5.547190295768201
1033,5.710548943921356
1034,5.832277567863553
1035,5.682633734667597
1036,6.25584404926709
1037,5.804407008023782
1038,5.197975047756009
1039,5.2274704980938225
1040,5.21780113689525
1041,5.141755305354501
1042,4.948829191840054
1043,4.888155306122988
1044,5.621863335276567
1045,5.91744798538838
1046,5.72478281570048
1047,5.651082116991679
1048,5.814772127256673
1049,5.956627647630275
1050,5.993387272328787
1051,6.243742076559
1052,6.34283078135498
1053,6.469369143114734
1054,6.253764298556175
1055,6.3163692053513465
1056,6.253495519622243
1057,5.827902848384148
1058,5.6778205390444425
1059,5.878320246046043
1060,5.67102152909682
1061,5.686400402489644
1062,5.892063908343981
1063,6.4925899003509535
1064,6.566117983662556
1065,6.75793102421316
1066,6.989300257793407
1067,6.790529594527395
1068,6.919449125774801
1069,6.503115677074489
1070,6.4310570870018235
1071,6.529973612728379
1072,6.552373104303877
1073,6.7025948873258745
1074,6.827879734845244
1075,6.933446242865293
1076,6.942871229426539
1077,6.7225166261815295
1078,6.2327667839242595
1079,5.891431762859978
1080,5.6175802504295325
1081,5.633289537397945
1082,5.655974672386077
1083,5.692580216768017
1084,5.612150611070099
1085,5.64416070582161
1086,5.177397517347959
1087,4.8286038177357105
1088,4.525435000747358
1089,4.4838286609086175
1090,4.074506641531439
1091,3.635827214270382
1092,3.515927224160875
1093,3.8263244512272143
1094,3.9093709998139436
1095,3.999484022607125
1096,2.7655652997702784
1097,1.731196007414293
1098,1.7769056917923631
1099,1.544585452648195
1100,1.3535232444966239
1101,1.4380775426144021
1102,1.049084695563085
1103,0.7043770167261432
1104,0.6352411499001009
1105,0.6419503805407789
1106,0.5756718546862993
1107,0.30239265013691785
1108,1.268403970184151
1109,1.1997673414706478
1110,1.5809360696126928
1111,1.657892642784664
1112,1.6694345604126637
1113,0.7506782731499406
1114,3.745122932674816
1115,3.2104950603855764
1116,3.1072112406519636
1117,3.7277285349935685
1118,3.992130267263283
1119,4.252130652342734
1120,4.2209421685191595
1121,4.605554204050755
1122,4.581192890375174
1123,5.046571865458849
1124,4.924355662470936
1125,5.157919143656731
1126,5.204910365234472
1127,5.314401298253202
1128,5.458023987508409
1129,5.3503220216443825
1130,5.369906839877414
1131,5.4912648088827565
1132,5.557207621154547
1133,5.752494211422676
1134,5.66559441517418
1135,5.650728586889975
1136,5.511093214423801
1137,5.383444123655434
1138,4.898361190202993
1139,4.050878857642881
1140,3.4574243620608014
1141,4.025233559987429
1142,4.079392703607998
1143,3.8584010323840623
1144,3.844396873414424
1145,3.7430881774183744
1146,3.4572979117806213
1147,3.1765482827023073
1148,2.6324763978927024
1149,2.5199962116263963
1150,2.2404058429118523
1151,2.253583188006014
1152,2.14921026136512
1153,2.9134646598752534
1154,2.4120380480756376
1155,1.5730657756684474
1156,1.8585442870468594
1157,1.1947848183188503
1158,1.118420907263129
1159,1.342908850832436
1160,1.9246427080175765
1161,2.3856467346682564
1162,2.4757662702331373
1163,1.6445641326524374
1164,1.3094905076568741
1165,1.5208226438383932
1166,1.629379693947497
1167,1.648652834465647
1168,1.665540507064156
1169,1.793565699002242
1170,1.4784966253355014
1171,1.534406342225303
1172,1.6774877115300235
1173,1.5613740220963734
1174,1.5616721643725517
1175,2.1983814043279315
1176,2.5632077239063245
1177,2.5872762525455784
1178,2.3568457233103413
1179,2.57106909902447
1180,2.167254005066521
1181,2.013692705464787
1182,2.6968412098585137
1183,2.30525368952188
1184,1.8421289437802635
1185,0.028357703020120972
1186,0.6696614637137221
1187,0.8262000529396074
1188,-0.23467976125681744
1189,-0.3314792331018168
1190,-0.7860019769813653
1191,-1.2304588706660846
1192,-1.1003942530885547
1193,-1.1221411598879683
1194,-1.3413110924339722
1195,-2.1107304445978414
1196,-1.9528330219529266
1197,-1.6885160244555775
1198,-1.335622992696972
1199,-1.3893881911896
1200,-0.5971676661138625
1201,-0.55118668853682
1202,-0.561918471528422
1203,-0.8567844077019937
1204,-0.6642766599441963
1205,-0.6712022475541923
1206,-0.4373166022612285
1207,-1.1781128779866923
1208,-1.5452858969692618
1209,-1.2331274658244795
1210,-2.0141341983018424
1211,-1.9278761700456948
1212,-2.024636455183826
1213,-1.8235449300111006
1214,-0.749088824666011
1215,-1.8764019546184452
1216,-2.0270179184812775
1217,-1.8238270677002344
1218,-1.605988765574895
1219,-1.9285115268254271
1220,-2.22614403720659
1221,-2.450973535026846
1222,-2.555729306804322
1223,-3.6293946363391894
1224,-3.613765110561429
1225,-3.4305586437241242
1226,-3.4801515159872287
1227,-3.4274997936212026
1228,-3.3452758955718753
1229,-3.201107681575588
1230,-4.016452701414897
1231,-4.218282580852428
1232,-4.220968575149675
1233,-4.11262468495922
1234,-5.041695560652048
1235,-4.64076571505041
1236,-4.476640961764
1237,-4.381188752562382
1238,-4.46351939720736
1239,-4.440964980963402
1240,-4.243113108087881
1241,-3.8851129319546707
1242,-3.950387882157047
1243,-3.3165362563500667
1244,-3.187283581880307
1245,-2.7247677073224175
1246,-2.570271371564481
1247,-2.50841050125844
1248,-2.559074299422659
1249,-2.566436715114162
1250,-2.748305537980411
1251,-3.38098320574024
1252,-3.3006881747317918
