,Portfolio Value
0,11977.721500107406
1,11973.533391260993
2,11945.721317347736
3,11965.102510231713
4,11920.339858178397
5,11864.299466585939
6,11866.331347321191
7,11815.490204282647
8,11815.083517029942
9,11802.5196797653
10,11847.705900014556
11,11870.716305399683
12,11874.44719453413
13,11867.921159345104
14,11886.491899536595
15,11879.49779125665
16,11854.479349382851
17,11844.493494754015
18,11839.52132102898
19,11841.108777014555
20,11838.027611102347
21,11847.153714731036
22,11879.697403618447
23,11874.362020260976
24,11887.266644965519
25,11919.117744878626
26,11877.596859556235
27,11819.48417037235
28,11849.998957658381
29,11820.938717845742
30,11822.36670948828
31,11817.523852965927
32,11843.213564184376
33,11829.721349243304
34,11843.267493348438
35,11789.276071363995
36,11811.103430334437
37,11784.447578775607
38,11779.259967167107
39,11803.644924841907
40,11807.771699688346
41,11832.496758613759
42,11803.541322879966
43,11799.516859858404
44,11784.31221589242
45,11749.46947575318
46,11747.064358634965
47,11756.930706812582
48,11761.643738088069
49,11750.79175431275
50,11820.652344579192
51,11842.488546688503
52,11878.67324197034
53,11896.36372289265
54,11870.071490240283
55,11841.138135572362
56,11829.8632680878
57,11838.72756239404
58,11885.916224310138
59,11863.50182908987
60,11864.835848248304
61,11862.589444190324
62,11855.622555396194
63,11858.414039840807
64,11887.898236480845
65,11922.723711197299
66,11915.784437389917
67,11919.83887146394
68,11913.005901925768
69,11886.81564705856
70,11845.314750964555
71,11849.119238580945
72,11854.641631117547
73,11861.096248691361
74,12041.726526244434
75,12042.205485135544
76,12075.035977998787
77,12095.490885783562
78,12079.757496298691
79,12079.033455721714
80,12044.844045981434
81,12051.899077538117
82,12056.225547620788
83,11999.76092605084
84,11914.22864641183
85,11916.070749025434
86,11917.056305712053
87,11948.362362866643
88,11932.15758022431
89,11939.426492020599
90,11944.211787841037
91,12022.496966329505
92,12003.360012210815
93,11983.934997036404
94,11991.929629598668
95,12043.646136688394
96,12057.216349721342
97,12028.978455469762
98,12034.794173529814
99,12028.829503017996
100,12025.337958567447
101,12033.118866888355
102,12064.977089167933
103,12084.875074775113
104,12080.117562335829
105,12079.085231717358
106,12063.689390838994
107,12055.056177048376
108,12100.851712233132
109,12120.10748468968
110,12116.655686975448
111,12108.116941571512
112,12110.274726835341
113,12124.325186609856
114,12127.333841363956
115,12130.182028687093
116,12133.171445463213
117,12149.700625921869
118,12141.970164786026
119,12106.148686432232
120,12045.656132803764
121,12026.280729958531
122,12020.414879392532
123,12045.516237856971
124,12029.610248243256
125,11944.912480081914
126,11941.85291284609
127,11915.722073102412
128,11925.48326519096
129,11937.363111525498
130,11948.142707953313
131,11934.090578487458
132,11858.437135168047
133,11879.00895126669
134,11885.445302684855
135,11874.634516188082
136,11919.148516948397
137,11933.933760221767
138,11930.956587699546
139,11928.56131254444
140,11867.055742115866
141,11721.977069719107
142,11734.679258398455
143,11751.86465803704
144,11744.42637092994
145,11726.829384182123
146,11738.451772949222
147,11745.333341035479
148,11748.802425734484
149,11752.577856096621
150,11762.332232004834
151,11718.449779170574
152,11705.134458951545
153,11721.126047046515
154,11710.401559317927
155,11713.53311649824
156,11709.45034418027
157,11649.045177264034
158,11589.420022352668
159,11512.988435986916
160,11322.493207006648
161,11268.8227421518
162,11318.038981217043
163,11386.429445221138
164,11384.932364609045
165,11373.469648684577
166,11315.344923059569
167,11367.810403255677
168,11402.90159091501
169,11331.43567717365
170,11351.338856810931
171,11365.653008167097
172,11335.960837423023
173,11302.38720784251
174,11289.240291021506
175,11301.206392815255
176,11433.776096988247
177,11427.398604050473
178,11400.645996691252
179,11386.217967019857
180,11349.353968544276
181,11327.834832942002
182,11285.47743153151
183,11293.522366914847
184,11243.23505069384
185,11282.936271865667
186,11299.599309561278
187,11275.266174749655
188,11416.64037190332
189,11425.226003099137
190,11427.09987324221
191,11387.80577680326
192,11348.651730961637
193,11354.576836654594
194,11356.299780269166
195,11402.447754707235
196,11370.298037374185
197,11375.385602355947
198,11376.047837048143
199,11349.713464705972
200,11302.268769056369
201,11244.57121960614
202,11292.152146332866
203,11327.718812338315
204,11402.34588462186
205,11449.39066719818
206,11452.835643667455
207,11398.108676148195
208,11480.820946988777
209,11534.647531493963
210,11513.472005665935
211,11552.231031244386
212,11558.460378866757
213,11556.324720814986
214,11530.55772802644
215,11531.02059058882
216,11536.151048514761
217,11532.579695557339
218,11491.334769521724
219,11508.707640198792
220,11500.058797481142
221,11589.622097098663
222,11703.09026825619
223,11681.585512881322
224,11686.852635996256
225,11679.737699057898
226,11657.795759192539
227,11703.441270938642
228,11712.528773377175
229,11709.500513714713
230,11710.075908900513
231,11680.015541276403
232,11666.29701596562
233,11651.135047258354
234,11599.236772472283
235,11645.474408364591
236,11636.98859569245
237,11554.975743165944
238,11536.293500796035
239,11578.476590953262
240,11581.463405380606
241,11569.812504057138
242,11521.973324530312
243,11549.379099268765
244,11558.813920566077
245,11559.096692229476
246,11530.678490166598
247,11527.982462613854
248,11536.388805816558
249,11508.790143106951
250,11488.696403172944
251,11440.83273724364
252,11466.346496225435
253,11425.505397019553
254,11384.393066564848
255,11336.334651070914
256,11365.039151104553
257,11402.350826112528
258,11316.964037611146
259,11356.094308680671
260,11293.59329889941
261,11311.06466009772
262,11282.576870373177
263,11325.298819143112
264,11369.11671817195
265,11341.975958816929
266,11346.225696358253
267,11309.779464237135
268,11306.337723602233
269,11326.218755187432
270,11319.645918667813
271,11274.997657965203
272,11252.110069514609
273,11343.593468884399
274,11315.74565747998
275,11309.388344516132
276,11295.873056253942
277,11317.051734551918
278,11270.558703698505
279,11312.716886373226
280,11380.97591640389
281,11382.349374046225
282,11387.702113335195
283,11395.623758911295
284,11429.040410969543
285,11404.907702536506
286,11404.43731727064
287,11396.71145921735
288,11603.118393948162
289,11603.307449411988
290,11620.541032698222
291,11640.906329709622
292,11645.291484068075
293,11655.619916828564
294,11658.368429757249
295,11639.137830531316
296,11711.507251646688
297,11708.196243872642
298,11816.846818065487
299,11805.664702114169
300,11805.191455323837
301,11810.864810186315
302,11811.203422048828
303,11829.998206006381
304,11828.435475423663
305,11836.095931866981
306,11832.85706413061
307,11837.246986011447
308,11839.469868761082
309,11872.51430681325
310,11922.780492021882
311,11928.266654011219
312,11922.019666156953
313,11914.482358002462
314,11870.681072938305
315,11882.72029794038
316,11836.359565345561
317,11863.087428141014
318,11880.788851360257
319,11926.500855666
320,11974.343589702763
321,11974.480185279572
322,11953.265597411722
323,11933.778416728584
324,11974.404794395698
325,11969.539279471024
326,11962.63810393434
327,11947.607394343473
328,11935.659518165457
329,11936.95547365845
330,11906.77961904317
331,11880.934047298308
332,11868.270228504101
333,11823.69549496997
334,11801.193892278152
335,11833.018384534245
336,11830.149443282262
337,11815.037986346606
338,11805.348216311319
339,11733.664962512034
340,11703.760095494015
341,11691.822209762584
342,11691.655768545004
343,11739.1046586397
344,11784.24152069032
345,11775.805950126121
346,11743.409091316158
347,11751.672237017774
348,11748.736300787057
349,11773.777231878472
350,11787.063304169755
351,11799.998825899927
352,11832.47939715278
353,11827.536735728529
354,11810.836014874438
355,11820.970836998395
356,11802.17290588355
357,11809.148372378264
358,11782.607940678565
359,11775.21963404892
360,11775.604485725837
361,11686.040034223275
362,11686.743792544998
363,11652.632640192252
364,11653.496614607588
365,11654.954971146677
366,11648.58394445233
367,11694.781792140016
368,11669.457203423995
369,11674.63174890793
370,11703.33876707741
371,11610.90635432666
372,11593.80841893294
373,11613.918290628259
374,11639.814715984197
375,11681.013341052696
376,11685.090106600568
377,11664.244227537387
378,11657.295697742617
379,11663.249954734272
380,11599.493721004777
381,11632.584851141735
382,11585.424328893652
383,11570.27042060847
384,11563.553029831653
385,11550.877441112203
386,11570.255453466661
387,11553.552878530716
388,11535.047162787208
389,11530.837117060424
390,11527.362181121556
391,11529.105155990885
392,11558.827893389624
393,11572.835862035976
394,11579.946664128933
395,11521.198181261523
396,11528.041817678204
397,11502.271333955592
398,11509.147604351283
399,11513.827644030745
400,11555.83475720241
401,11550.618751596754
402,11552.693003528915
403,11566.889254876276
404,11576.909479957218
405,11572.296398297396
406,11573.264387939478
407,11561.61388081564
408,11550.91374659419
409,11566.209345316483
410,11580.176156733194
411,11547.013501146117
412,11545.695353383531
413,11529.204074365864
414,11538.645758330622
415,11543.611223847407
416,11540.716073233387
417,11552.54846796651
418,11520.33394224597
419,11526.422549155915
420,11552.693858783952
421,11574.754817208854
422,11581.848119175284
423,11588.688862682095
424,11571.18571874896
425,11576.671831910258
426,11527.460606839059
427,11524.435753901262
428,11597.81593990821
429,11565.121186727441
430,11573.502676961554
431,11581.88888831047
432,11645.242892742193
433,11655.582221507817
434,11615.490073588326
435,11602.515119526237
436,11601.559641660588
437,11593.24828641594
438,11575.41275809709
439,11577.54104735116
440,11583.186156816233
441,11619.287395338008
442,11619.345485467717
443,11564.075516385568
444,11538.871900812701
445,11549.694831142853
446,11520.229856333846
447,11514.012760929394
448,11492.881827007128
449,11501.192229158709
450,11467.869751117789
451,11484.70022243114
452,11482.419704555638
453,11479.032543939637
454,11478.256732848336
455,11496.835980682474
456,11507.139112069088
457,11477.395583069236
458,11461.111773500683
459,11497.276207705512
460,11491.965014261757
461,11478.544343428543
462,11423.21473339027
463,11422.781411274495
464,11411.238210253152
465,11501.857051006546
466,11462.133303452674
467,11438.645870383598
468,11419.712092401891
469,11394.023931995103
470,11389.483454369538
471,11431.303871098658
472,11448.526299780176
473,11473.817903835572
474,11462.603518424236
475,11471.928351057446
476,11476.97915252864
477,11462.024094619754
478,11464.027999391885
479,11479.602606910727
480,11497.402393293598
481,11464.021742264993
482,11454.794632529249
483,11428.710132895092
484,11452.591040244146
485,11457.471826113735
486,11539.10995530924
487,11537.682089825596
488,11542.429458714741
489,11520.103956197996
490,11544.217860693323
491,11505.197357182853
492,11482.169942613538
493,11463.7980473799
494,11469.04990591719
495,11487.406867813917
496,11479.018141336624
497,11467.953716549915
498,11497.321775546543
499,11506.053324735987
500,11505.782188299663
501,11518.768610051966
502,11507.691521378223
503,11539.748820959428
504,11559.633895070607
505,11603.267460745274
506,11594.770411729123
507,11646.455617569016
508,11676.061892106718
509,11666.138013029029
510,11668.593581961182
511,11674.688462337772
512,11679.849616045403
513,11671.912764117566
514,11675.390435058125
515,11670.40100040157
516,11721.885567891652
517,11720.452410454121
518,11723.220076268748
519,11717.09169438434
520,11699.49519267194
521,11722.033240964796
522,11749.691265825513
523,11738.075097213536
524,11740.594964228465
525,11749.142536060377
526,11731.490674901077
527,11734.990310990053
528,11751.012984676521
529,11755.715950227835
530,11761.737960967797
531,11765.709680824591
532,11776.662765753792
533,11778.267848208361
534,11791.349414896096
535,11788.480947296654
536,11810.101306364159
537,11810.68496746882
538,11801.60211943988
539,11780.132983260844
540,11775.321489753664
541,11783.039489333232
542,11794.103195978676
543,11777.278050634308
544,11777.632773695334
545,11772.341940467053
546,11774.58817926225
547,11773.280294132934
548,11780.922968111216
549,11781.79036277609
550,11778.855912504365
551,11777.418501524
552,11781.565181814976
553,11824.34561963341
554,11826.74153015823
555,11823.474661773442
556,11780.150152806727
557,11780.302021841624
558,11779.43383986872
559,11764.813790559736
560,11762.731168279566
561,11764.89143423783
562,11774.97908857901
563,11789.147888342146
564,11790.205094585648
565,11805.304564249642
566,11801.797054546549
567,11792.61428646345
568,11758.785039727549
569,11751.857821779176
570,11756.814295430453
571,11748.886905072704
572,11749.098797825367
573,11748.986039468433
574,11753.762055122861
575,11754.920879350095
576,11788.032000414963
577,11798.66374132748
578,11797.478456508125
579,11829.78909949779
580,11839.477859214512
581,11817.489210408501
582,11754.621451094004
583,11673.754118141125
584,11672.749040080893
585,11671.233850137574
586,11684.818618702458
587,11563.835354934055
588,11574.976115352481
589,11569.592360976803
590,11575.339696453992
591,11570.30806969283
592,11605.109700312805
593,11636.63818562124
594,11625.29194902472
595,11676.702120155187
596,11666.09323623051
597,11646.4064394052
598,11667.059738447391
599,11682.402082262097
600,11691.507463766015
601,11690.734346408452
602,11692.596001539336
603,11757.790591114737
604,11757.926371166346
605,11688.15856290513
606,11691.927268854726
607,11692.902413479085
608,11691.507539398552
609,11685.600223269004
610,11716.14772446855
611,11651.734567088983
612,11633.776900887937
613,11628.267224059584
614,11667.750478081092
615,11673.167950385288
616,11666.758867243125
617,11655.683983229495
618,11665.601659458423
619,11668.960073412687
620,11633.556489456392
621,11638.964524443765
622,11641.422614265362
623,11647.500721597795
624,11637.544514019464
625,11612.229076214386
626,11632.543685112612
627,11647.162655626853
628,11652.209576195153
629,11673.88751530868
630,11655.10311586371
631,11644.256228309707
632,11659.544931248894
633,11666.08455496184
634,11678.52853340461
635,11684.755669427705
636,11703.475290751772
637,11705.218409058283
638,11702.934068317792
639,11728.453243849839
640,11723.063182723445
641,11772.366016277787
642,11788.701994354855
643,11774.013086581013
644,11848.39167733042
645,11847.992349453596
646,12100.553168697214
647,12111.144636060577
648,12110.04192907883
649,12108.814371509914
650,12140.594499374087
651,12135.319322355868
652,12155.054305773827
653,12168.62777136845
654,12180.735490816094
655,12160.607317446784
656,12155.803218203826
657,12160.229633248804
658,12166.865960469799
659,12169.187729877794
660,12137.8411661438
661,12125.675738590904
662,12096.697169786687
663,12144.869917861139
664,12122.712179868091
665,12161.203637675504
666,12189.544944381041
667,12176.963179208207
668,12178.067231999772
669,12140.449196649914
670,12156.80594120432
671,12194.49790533482
672,12159.640495476195
673,12160.858136252975
674,12187.540004028302
675,12176.006321815945
676,12209.35251919448
677,12221.53120188795
678,12208.838142532519
679,12276.823267380885
680,12295.219425792337
681,12335.07321015047
682,12322.1275826959
683,12321.827908946696
684,12322.310355706244
685,12325.23213728162
686,12317.828080523474
687,12293.711486820166
688,12307.509303785218
689,12309.459287933269
690,12336.785612986781
691,12340.14877819395
692,12358.378712058431
693,12350.778686750189
694,12339.361689489
695,12347.791036900118
696,12368.595814488704
697,12399.894853498576
698,12393.89509989388
699,12383.981131201937
700,12363.00894758407
701,12432.736096151028
702,12418.265466721903
703,12418.547358418587
704,12408.154626512955
705,12411.529844464429
706,12451.446152569675
707,12448.248318435782
708,12433.364503116822
709,12441.206918220041
710,12370.75535507542
711,12358.430019689045
712,12379.839276441868
713,12392.244784707005
714,12381.680732493345
715,12380.43843639437
716,12392.153363569289
717,12383.651640189924
718,12371.88713481104
719,12352.244606392327
720,12348.2653999026
721,12337.70227631647
722,12330.582412236101
723,12316.07997513461
724,12388.153104768053
725,12392.198368738105
726,12394.074392332757
727,12435.578233520791
728,12450.758078660885
729,12439.782824875558
730,12427.383819359171
731,12413.029796581231
732,12458.274031927742
733,12415.032144060353
734,12398.325545137017
735,12405.401663122364
736,12340.519116901967
737,12358.033131906966
738,12377.063407110058
739,12362.011785568535
740,12363.064987472446
741,12355.686192195528
742,12331.323394899811
743,12336.440094046333
744,12379.716615815301
745,12350.32537649212
746,12339.738080744339
747,12360.286239532385
748,12372.617251505491
749,12371.199177533663
750,12366.314320331036
751,12357.835628687493
752,12356.75486730124
753,12419.115686915338
754,12461.55022458208
755,12479.636639181472
756,12480.31399521853
757,12512.798899390698
758,12534.074130800163
759,12521.39477378174
760,12527.28745676132
761,12542.73767736143
762,12526.536329782417
763,12522.389956075025
764,12518.834674290243
765,12504.54859531609
766,12505.068242297655
767,12575.988287207601
768,12570.216272650425
769,12514.059241261482
770,12537.857776040759
771,12527.871753907779
772,12504.361586963549
773,12521.25834680839
774,12500.932933105043
775,12452.887356483068
776,12396.254697046224
777,12404.61427922342
778,12400.838603111159
779,12379.333135209978
780,12309.01225597219
781,12376.690285930388
782,12389.541597154523
783,12408.450145358223
784,12565.530444566675
785,12553.151275484264
786,12552.426016699852
787,12562.25111726527
788,12568.951367869602
789,12603.65108043971
790,12599.845224974895
791,12576.95397355718
792,12582.248582787943
793,12522.781460211563
794,12532.418398182872
795,12557.380646517684
796,12590.166359094354
797,12584.117062849164
798,12585.935812417272
799,12602.146863795346
800,12633.938544188994
801,12586.345301578187
802,12608.439493957421
803,12630.206522534003
804,12576.502121152647
805,12545.52220938158
806,12547.119035252897
807,12533.928489415996
808,12474.812590572705
809,12459.538281025705
810,12495.72607099887
811,12473.579106967782
812,12356.415980083195
813,12404.62609618829
814,12410.809104444783
815,12409.246536607978
816,12420.299174428063
817,12422.907707660052
818,12404.902888601708
819,12419.128503776088
820,12460.404184086288
821,12441.689068996664
822,12434.475547013411
823,12433.77496567373
824,12452.337240081357
825,12459.773135461795
826,12463.317361932159
827,12459.860614443141
828,12413.165644360548
829,12407.321578848416
830,12419.536910572317
831,12419.536910572317
832,12453.499643732383
833,12526.255341529828
834,12521.667304084202
835,12509.962237964042
836,12497.135972996244
837,12497.326510706143
838,12495.505517094061
839,12497.424467286177
840,12573.752176782102
841,12595.983493019834
842,12647.013809401245
843,12666.888226218935
844,12665.918786744192
845,12660.443389594418
846,12665.347758952876
847,12648.846924517287
848,12544.199567624899
849,12464.008021388412
850,12491.587698816142
851,12443.22138523795
852,12440.298221313722
853,12472.277971793197
854,12462.895983738084
855,12459.487520617975
856,12495.437680299072
857,12574.670314635187
858,12654.156889673523
859,12652.958475397663
860,12659.281079237207
861,12639.992776050789
862,12633.288992364462
863,12640.405390012347
864,12634.410554055925
865,12630.985871551678
866,12635.116906501913
867,12627.424026468741
868,12649.81396535279
869,12531.015197178944
870,12539.455324106766
871,12523.580662023
872,12542.467230592674
873,12507.012030260532
874,12508.448144952139
875,12479.278522286393
876,12456.520981971185
877,12462.008213008914
878,12486.876368181905
879,12499.645356721421
880,12472.613060738815
881,12565.778795812608
882,12588.40633166745
883,12578.49746160868
884,12579.808978304483
885,12612.751439861337
886,12605.863480104483
887,12612.981871977048
888,12627.270142738273
889,12626.727457840545
890,12616.095020405452
891,12625.019121515325
892,12627.04527001155
893,12618.329989456912
894,12646.921315782143
895,12613.18262557774
896,12581.5390316222
897,12551.097338356614
898,12541.725610746884
899,12483.005791118498
900,12503.523755017759
901,12509.342417940123
902,12506.268629205493
903,12422.182004808285
904,12381.468040246287
905,12379.30442920071
906,12375.007442981047
907,12348.753204435292
908,12349.374408578118
909,12323.147852286793
910,12324.678948440767
911,12352.182891616028
912,12352.081127132631
913,12353.109941234829
914,12347.845591778845
915,12324.630606860022
916,12349.234960689502
917,12365.980733189346
918,12319.34496429934
919,12322.292519085398
920,12318.387371246803
921,12330.337025196612
922,12320.035237040858
923,12276.630405450549
924,12269.807842183181
925,12291.895206249163
926,12277.419391986508
927,12282.722969291644
928,12287.075133766071
929,12298.066359675786
930,12248.161241357166
931,12249.571389578039
932,12284.120447883384
933,12291.395373864067
934,12291.16589580841
935,12266.501690754496
936,12262.520247007256
937,12255.94956166886
938,12266.12134989423
939,12270.251508003548
940,12250.173089091491
941,12248.848034928962
942,12250.256205289632
943,12217.204499864434
944,12193.48947105084
945,12177.31844249585
946,12206.701111097818
947,12158.105234755843
948,12195.827614490521
949,12359.08341557798
950,12345.665564897086
951,12417.255934581184
952,12420.795291143133
953,12377.942543066292
954,12406.316220628194
955,12427.887504535141
956,12410.692761445298
957,12374.699752660592
958,12474.832132996427
959,12449.973019248355
960,12425.17443598575
961,12429.438986480181
962,12456.172805282555
963,12629.844165397531
964,12620.613280276111
965,12596.15623812106
966,12610.688517309034
967,12638.73900897707
968,12580.0242984069
969,12544.350251215348
970,12479.435840748709
971,12503.027786615841
972,12531.184979466037
973,12569.122104609944
974,12624.86107380278
975,12628.248153597691
976,12571.799943825816
977,12611.441832955785
978,12595.002453394874
979,12606.052210614154
980,12595.63589710659
981,12595.087479131038
982,12546.050760047767
983,12554.91907464678
984,12591.053033555303
985,12488.316113121045
986,12471.489475758892
987,12457.982138174786
988,12454.53317921295
989,12451.853935677898
990,12467.166720671583
991,12464.86438266942
992,12447.596503067916
993,12426.532794085888
994,12437.394521577768
995,12402.350113113835
996,12387.339647524526
997,12372.548403724752
998,12370.319929920945
999,12455.921332990401
1000,12432.5657015525
1001,12631.572226083856
1002,12656.169556190285
1003,12585.18306274642
1004,12606.308457274692
1005,12619.417005341367
1006,12627.689577477124
1007,12650.849601763723
1008,12665.88028927139
1009,12618.41238048327
1010,12646.525066556504
1011,12630.753977848259
1012,12650.423553572602
1013,12629.76499856158
1014,12664.21573071285
1015,12553.753470936548
1016,12541.75057519124
1017,12539.582589296737
1018,12553.652102590446
1019,12550.703491322378
1020,12527.786311661393
1021,12566.48042112043
1022,12569.386175671018
1023,12566.856600282492
1024,12587.801313096024
1025,12605.829663683962
1026,12584.709399323507
1027,12500.232989216505
1028,12505.652406700443
1029,12494.651456934609
1030,12512.453834686246
1031,12542.469064260215
1032,12538.858967390377
1033,12487.035720977088
1034,12488.614818767928
1035,12458.627444009093
1036,12527.988711930393
1037,12464.27996247652
1038,12437.471464255792
1039,12456.415526099037
1040,12452.417767225888
1041,12441.230464851564
1042,12376.535864030324
1043,12368.95586394181
1044,12418.23062001307
1045,12431.35463433315
1046,12416.609858722064
1047,12388.925355464102
1048,12408.293116569215
1049,12416.402462440836
1050,12434.69893641269
1051,12441.118378998954
1052,12515.224241677806
1053,12529.586697038789
1054,12456.111742667059
1055,12455.355748489761
1056,12458.844702417724
1057,12451.363725385921
1058,12438.207930403125
1059,12454.18780289386
1060,12451.882367604332
1061,12454.172649516542
1062,12472.556263483859
1063,12525.767858925234
1064,12533.3602435875
1065,12549.253422343922
1066,12555.3607489771
1067,12566.394990483383
1068,12585.375462514949
1069,12569.228219123484
1070,12537.705218524929
1071,12388.451398417576
1072,12393.191404948659
1073,12364.604424592779
1074,12361.806932025882
1075,12376.637122480026
1076,12378.44038374322
1077,12372.711900688473
1078,12384.346366314976
1079,12356.033234221175
1080,12344.81069294747
1081,12342.692305109347
1082,12352.88640764127
1083,12357.817772670258
1084,12350.479995982163
1085,12364.009105887846
1086,12348.743567828133
1087,12331.10712235205
1088,12306.023495158002
1089,12297.581350222013
1090,12278.12665562606
1091,12310.15323021724
1092,12277.286002490182
1093,12303.085454058577
1094,12305.078047626856
1095,12311.038870561684
1096,12127.756129736325
1097,12053.665924129917
1098,12063.698690925823
1099,12066.990952411561
1100,12037.804904255596
1101,12042.408423221637
1102,12025.238523477408
1103,12011.221236346293
1104,11971.295080564365
1105,11992.770187312612
1106,11977.685798943367
1107,11805.351097414552
1108,11820.546335082481
1109,11818.92524634407
1110,11835.925723773542
1111,11835.499078955994
1112,11790.333530833224
1113,11757.31248597554
1114,11869.251690387046
1115,11848.98488473122
1116,11854.950034414564
1117,11910.981432719524
1118,11928.20531441682
1119,11934.278469109868
1120,11925.300664446233
1121,11929.667082166563
1122,11875.769544941764
1123,11880.739322510808
1124,11881.337515629779
1125,11894.714124219545
1126,11902.14859398679
1127,11913.993978671628
1128,11920.436276669394
1129,11905.596713729516
1130,11887.564286826344
1131,11899.88421749974
1132,11897.939122217538
1133,11902.33815030965
1134,11879.773484545776
1135,11882.685620890665
1136,11882.228880070934
1137,11875.408625346496
1138,11867.537117802713
1139,11860.03453020312
1140,11841.374001673077
1141,11875.833253885658
1142,11894.545054362545
1143,11881.756503411983
1144,11882.705131354023
1145,11864.28583350215
1146,11857.211503886552
1147,11847.149168864524
1148,11829.111099774102
1149,11819.61194155686
1150,11784.909820074688
1151,11832.353185441683
1152,11823.23477742381
1153,11881.207926395435
1154,11867.068709103602
1155,11826.445267822925
1156,11859.880707834902
1157,11805.6223347744
1158,11805.891010451689
1159,11871.405109141382
1160,11934.0297966154
1161,11968.345500552685
1162,11963.217072535072
1163,11905.09578443007
1164,11871.83777767824
1165,11913.475477614784
1166,11933.670547910431
1167,11935.640646463433
1168,11954.883358957102
1169,11978.79884921485
1170,11941.69719838165
1171,11949.091530892718
1172,11997.698710185596
1173,11978.806747846093
1174,12019.278521076012
1175,12056.768384869287
1176,12092.28753943589
1177,12094.643913993881
1178,12073.589714459416
1179,12081.449228233118
1180,12046.501090345713
1181,12030.507501327413
1182,12029.466482665272
1183,12012.92471252499
1184,11939.241850533725
1185,11898.874441541107
1186,11927.482651502913
1187,11946.36780238497
1188,11923.583111150538
1189,11917.873159925071
1190,11852.167784197567
1191,11848.292818028605
1192,11849.03234353721
1193,11846.8049765521
1194,11818.701818740084
1195,11792.71316906153
1196,11825.676945799076
1197,11986.613342182329
1198,11999.309800439603
1199,11997.310338423094
1200,12050.281633914019
1201,12057.388263735118
1202,12086.242229656442
1203,11982.323671845037
1204,12002.06562123753
1205,12001.484828565493
1206,12014.843220510593
1207,11900.09673090745
1208,11856.45860746264
1209,11863.775626317467
1210,11855.810699990509
1211,11856.886627905456
1212,11851.81051911394
1213,11894.339406686324
1214,11931.8196504014
1215,11921.15218635689
1216,11912.384565725737
1217,11968.819597286758
1218,11978.122827478022
1219,11909.42470529977
1220,11905.843500236195
1221,11891.109043876992
1222,11865.246520848994
1223,11825.73406074056
1224,11838.525932801394
1225,11862.088409401294
1226,11870.216910266845
1227,11891.833169865895
1228,11902.957027327651
1229,11983.134002069515
1230,11952.367322017708
1231,11968.41946684113
1232,11977.70636515371
1233,12024.595628737965
1234,11962.723066157925
1235,11949.842134393897
1236,11988.267223245388
1237,11963.69702881921
1238,11946.34774820807
1239,11946.74909160694
1240,11969.459086325385
1241,11976.913054213297
1242,11967.290886279108
1243,12073.186138849427
1244,12077.800741413404
1245,12094.389409624835
1246,12126.526696819832
1247,12118.189381288756
1248,12120.233245029403
1249,12144.285327446423
1250,12147.412650302529
1251,12113.464670171139
1252,12115.899199647769
