,Profitloss
0,-0.18565416577162042
1,-0.22055507282505715
2,-0.45232235543553045
3,-0.2908124147357305
4,-0.6638345151800285
5,-1.1308377784505108
6,-1.1139054389900704
7,-1.5375816309779466
8,-1.540970691417154
9,-1.6456693352891572
10,-1.2691174998786914
11,-1.0773641216693108
12,-1.0462733788822454
13,-1.1006570054574727
14,-0.945900837195035
15,-1.0041850728612522
16,-1.212672088476241
17,-1.2958875437165451
18,-1.3373223247584942
19,-1.3240935248787111
20,-1.349769907480447
21,-1.2737190439080393
22,-1.002521636512943
23,-1.046983164491866
24,-0.9394446252873445
25,-0.6740187926781216
26,-1.0200261703647073
27,-1.504298580230412
28,-1.2500086861801596
29,-1.4921773512854841
30,-1.4802774209309977
31,-1.5206345586172731
32,-1.3065536317968696
33,-1.4189887563058057
34,-1.3061042220963492
35,-1.756032738633384
36,-1.5741380805463612
37,-1.7962701768699407
38,-1.8395002736074417
39,-1.6362922929841095
40,-1.6019025025971079
41,-1.3958603448853357
42,-1.6371556426669431
43,-1.6706928345132988
44,-1.797398200896505
45,-2.0877543687235045
46,-2.1077970113752897
47,-2.025577443228488
48,-1.986302182599431
49,-2.0767353807270905
50,-1.494563795173398
51,-1.3125954442624765
52,-1.0110563169138276
53,-0.8636356425612557
54,-1.0827375813309725
55,-1.3238488702303153
56,-1.4178060992683372
57,-1.3439369800496648
58,-0.9506981307488505
59,-1.1374847575844171
60,-1.1263679312641384
61,-1.1450879650806378
62,-1.2031453716983886
63,-1.1798830013266093
64,-0.9341813626596251
65,-0.6439690733558434
66,-0.7017963550840278
67,-0.6680094044671625
68,-0.7249508172852637
69,-0.9432029411786669
70,-1.289043741962037
71,-1.257339678492131
72,-1.2113197406871112
73,-1.15753126090532
74,0.34772105203695336
75,0.35171237612954265
76,0.6252998166565549
77,0.7957573815296826
78,0.6646458024890833
79,0.6586121310142801
80,0.3737003831786101
81,0.4324923128176339
82,0.46854623017322794
83,-0.0019922829096685746
84,-0.7147612799014214
85,-0.6994104247880495
86,-0.6911974523995612
87,-0.4303136427779797
88,-0.5653534981307495
89,-0.5047792331616785
90,-0.46490176799135474
91,0.18747471941253924
92,0.028000101756786577
93,-0.13387502469663914
94,-0.06725308667776542
95,0.3637178057366075
96,0.4768029143445096
97,0.24148712891467472
98,0.2899514460817709
99,0.24024585848330116
100,0.21114965472872615
101,0.27599055740294975
102,0.541475743066111
103,0.7072922897926048
104,0.6676463527985677
105,0.6590435976446374
106,0.5307449236582773
107,0.45880147540313665
108,0.8404309352761041
109,1.000895705747351
110,0.9721307247954059
111,0.9009745130959423
112,0.9189560569611732
113,1.0360432217487947
114,1.0611153446996369
115,1.0848502390591097
116,1.1097620455267743
117,1.2475052160155764
118,1.1830847065502192
119,0.8845723869352673
120,0.38046777336471216
121,0.21900608298774937
122,0.1701239949377653
123,0.3793019821414223
124,0.24675206869380073
125,-0.45906266598405576
126,-0.48455905961590773
127,-0.7023160574799014
128,-0.6209727900753359
129,-0.5219740706208564
130,-0.4321441003890536
131,-0.549245179271185
132,-1.179690540266276
133,-1.0082587394442566
134,-0.9546224776262102
135,-1.0447123650993206
136,-0.6737623587633634
137,-0.550551998151938
138,-0.5753617691704571
139,-0.5953223954630049
140,-1.1078688157011074
141,-2.316857752340773
142,-2.2110061800128755
143,-2.0677945163580014
144,-2.1297802422505008
145,-2.2764217984823087
146,-2.179568558756484
147,-2.1222221580376788
148,-2.093313118879303
149,-2.0618511991948307
150,-1.9805647332930554
151,-2.346251840245217
152,-2.4572128420704553
153,-2.323949607945708
154,-2.4133203390172775
155,-2.387224029181334
156,-2.4212471318310835
157,-2.9246235227997186
158,-3.4214998137277686
159,-4.058429700109034
160,-5.645889941611271
161,-6.093143815401659
162,-5.683008489857977
163,-5.113087956490514
164,-5.125563628257956
165,-5.22108626096186
166,-5.705458974503596
167,-5.268246639536023
168,-4.97582007570826
169,-5.571369356886258
170,-5.405509526575569
171,-5.286224931940852
172,-5.533659688141479
173,-5.813439934645748
174,-5.922997574820787
175,-5.823280059872882
176,-4.71853252509794
177,-4.771678299579385
178,-4.994616694239573
179,-5.1148502748345255
180,-5.422050262131039
181,-5.601376392149982
182,-5.954354737237422
183,-5.887313609042943
184,-6.306374577551333
185,-5.975531067786111
186,-5.836672420322686
187,-6.039448543752879
188,-4.861330234138994
189,-4.7897833075072
190,-4.7741677229815815
191,-5.101618526639506
192,-5.427902241986359
193,-5.37852636121171
194,-5.36416849775695
195,-4.979602044106379
196,-5.247516355215131
197,-5.205119980367101
198,-5.199601357932138
199,-5.419054460783568
200,-5.814426924530258
201,-6.295239836615507
202,-5.8987321138927795
203,-5.602343230514039
204,-4.980450961484495
205,-4.588411106681834
206,-4.559702969437874
207,-5.015761032098376
208,-4.32649210842686
209,-3.8779372375502996
210,-4.054399952783871
211,-3.731408072963449
212,-3.679496842777019
213,-3.6972939932084503
214,-3.912018933112993
215,-3.908161745093164
216,-3.8654079290436627
217,-3.895169203688842
218,-4.238876920652301
219,-4.094102998343397
220,-4.166176687657142
221,-3.4198158575111437
222,-2.474247764531745
223,-2.6534540593223133
224,-2.6095613666978656
225,-2.6688525078508496
226,-2.85170200672884
227,-2.4713227421779838
228,-2.395593555190212
229,-2.4208290523773934
230,-2.4160340924957224
231,-2.666537156029969
232,-2.7808582002865068
233,-2.907207939513712
234,-3.339693562730983
235,-2.95437993029507
236,-3.0250950358962525
237,-3.708535473617136
238,-3.8642208266997047
239,-3.5126950753894826
240,-3.487804955161622
241,-3.5848957995238573
242,-3.9835556289140595
243,-3.7551741727603005
244,-3.6765506619493515
245,-3.674194231421035
246,-3.911012581945017
247,-3.933479478217883
248,-3.8634266181953536
249,-4.093415474108742
250,-4.260863306892137
251,-4.659727189636332
252,-4.447112531454711
253,-4.787455024837062
254,-5.1300577786262735
255,-5.5305445744090465
256,-5.291340407462064
257,-4.980409782395601
258,-5.691966353240452
259,-5.365880760994413
260,-5.886722509171582
261,-5.741127832519
262,-5.9785260802235225
263,-5.622509840474066
264,-5.257360681900414
265,-5.483533676525587
266,-5.448119197014556
267,-5.751837798023873
268,-5.780518969981385
269,-5.614843706771399
270,-5.669617344434896
271,-6.041686183623307
272,-6.232416087378256
273,-5.470054425963344
274,-5.702119521000171
275,-5.755097129032238
276,-5.867724531217144
277,-5.691235545400685
278,-6.078677469179128
279,-5.727359280223121
280,-5.158534029967587
281,-5.147088549614787
282,-5.102482388873375
283,-5.0364686757392025
284,-4.757996575253809
285,-4.959102478862453
286,-4.963022356077995
287,-5.0274045065220925
288,-3.307346717098658
289,-3.305771254900103
290,-3.1621580608481525
291,-2.9924472524198165
292,-2.95590429943271
293,-2.8698340264286304
294,-2.8469297520229198
295,-3.0071847455723666
296,-2.4041062362776033
297,-2.431697967727986
298,-1.526276516120939
299,-1.6194608157152568
300,-1.6234045389680318
301,-1.5761265817807124
302,-1.5733048162597685
303,-1.416681616613491
304,-1.4297043714694757
305,-1.36586723444182
306,-1.3928577989115842
307,-1.3562751165712705
308,-1.3377510936576575
309,-1.0623807765562598
310,-0.6434958998176477
311,-0.5977778832398473
312,-0.6498361153587262
313,-0.7126470166461507
314,-1.077657725514125
315,-0.9773308504968381
316,-1.363670288786989
317,-1.140938098824884
318,-0.9934262386645187
319,-0.6124928694499987
320,-0.21380341914364331
321,-0.2126651226702303
322,-0.3894533549023138
323,-0.5518465272618012
324,-0.21329338003585052
325,-0.2538393377414683
326,-0.3113491338805008
327,-0.4366050471377281
328,-0.5361706819545176
329,-0.5253710528462463
330,-0.7768365079735773
331,-0.9922162725141015
332,-1.0977480957991559
333,-1.4692042085835855
334,-1.6567175643487309
335,-1.391513462214622
336,-1.415421305981146
337,-1.5413501137782837
338,-1.6220981974056747
339,-2.2194586457330523
340,-2.468665870883202
341,-2.5681482519784637
342,-2.5695352621249667
343,-2.1741278446691603
344,-1.7979873275806635
345,-1.8682837489489845
346,-2.138257572365354
347,-2.0693980248518873
348,-2.093864160107861
349,-1.885189734346071
350,-1.7744724652520416
351,-1.6666764508339371
352,-1.3960050237268318
353,-1.437193868928932
354,-1.5763665427130147
355,-1.491909691680049
356,-1.6485591176370828
357,-1.590430230181139
358,-1.811600494345289
359,-1.8731697162589933
360,-1.8699626189513596
361,-2.6163330481393743
362,-2.610468395458354
363,-2.8947279983978946
364,-2.8875282116034406
365,-2.8753752404443556
366,-2.9284671295639164
367,-2.543485065499862
368,-2.7545233048000384
369,-2.711402092433912
370,-2.4721769410215866
371,-3.24244704727783
372,-3.3849298422255036
373,-3.21734757809784
374,-3.00154403346502
375,-2.6582221578941967
376,-2.624249111661936
377,-2.797964770521777
378,-2.8558691854781992
379,-2.806250377214403
380,-3.3375523249601913
381,-3.0617929071522054
382,-3.4547972592195664
383,-3.5810798282627454
384,-3.637058084736222
385,-3.7426879907316413
386,-3.5812045544444837
387,-3.7203926789107
388,-3.874606976773265
389,-3.909690691163137
390,-3.9386484906536956
391,-3.9241237000759654
392,-3.676434221753133
393,-3.5597011497002007
394,-3.500444465592223
395,-3.99001515615397
396,-3.9329848526816313
397,-4.147738883703401
398,-4.09043663040598
399,-4.051436299743793
400,-3.701377023313246
401,-3.744843736693715
402,-3.7275583039257043
403,-3.6092562093643643
404,-3.5257543336898567
405,-3.5641966808550363
406,-3.556130100504351
407,-3.6532176598696675
408,-3.742385445048424
409,-3.6149221223626404
410,-3.4985320272233777
411,-3.7748874904490193
412,-3.7858720551372405
413,-3.923299380284473
414,-3.844618680578149
415,-3.8032398012716073
416,-3.827366056388448
417,-3.728762766945748
418,-3.9972171479502494
419,-3.946478757034033
420,-3.7275511768004033
421,-3.5437098565928915
422,-3.484599006872635
423,-3.4275928109825493
424,-3.573452343758665
425,-3.527734734081178
426,-3.937828276341182
427,-3.963035384156155
428,-3.3515338340982415
429,-3.623990110604658
430,-3.5541443586537103
431,-3.4842592640794146
432,-2.9563092271483904
433,-2.870148154101526
434,-3.2042493867639577
435,-3.3123740039480265
436,-3.3203363194950986
437,-3.3895976132005012
438,-3.5382270158575757
439,-3.520491272073667
440,-3.4734486931980557
441,-3.1726050388499405
442,-3.1721209544356976
443,-3.6327040301202596
444,-3.8427341598941567
445,-3.7525430738095555
446,-3.9980845305512824
447,-4.049893658921722
448,-4.225984774940605
449,-4.156731423677429
450,-4.434418740685098
451,-4.294164813073831
452,-4.31316912870302
453,-4.341395467169695
454,-4.347860559597194
455,-4.193033494312715
456,-4.107174066090935
457,-4.355036807756374
458,-4.490735220827647
459,-4.189364935787399
460,-4.2336248811520205
461,-4.345463804762151
462,-4.806543888414416
463,-4.810154906045883
464,-4.906348247890402
465,-4.151191241612118
466,-4.482222471227715
467,-4.677951080136689
468,-4.835732563317574
469,-5.049800566707474
470,-5.0876378802538476
471,-4.73913440751118
472,-4.59561416849853
473,-4.3848508013702325
474,-4.478304013131373
475,-4.400597074521285
476,-4.35850706226133
477,-4.483132544835389
478,-4.466433338400955
479,-4.336644942410617
480,-4.188313389220022
481,-4.46648548112506
482,-4.543378062256265
483,-4.7607488925409
484,-4.561741331298785
485,-4.521068115718874
486,-3.8407503724229963
487,-3.852649251453366
488,-3.8130878440438165
489,-3.9991336983500325
490,-3.798184494222312
491,-4.1233553568095545
492,-4.315250478220511
493,-4.468349605167498
494,-4.424584117356744
495,-4.271609434884017
496,-4.341515488861458
497,-4.433719028750705
498,-4.188985203778806
499,-4.1162222938667785
500,-4.118481764169468
501,-4.010261582900288
502,-4.10257065518147
503,-3.8354264920047676
504,-3.6697175410782767
505,-3.3061044937893858
506,-3.3769132355906395
507,-2.9462031869248673
508,-2.699484232444016
509,-2.7821832247580947
510,-2.7617201503234767
511,-2.7109294805185646
512,-2.667919866288304
513,-2.734060299020291
514,-2.7050797078489563
515,-2.7466583299869063
516,-2.3176202675695756
517,-2.329563246215649
518,-2.306499364427095
519,-2.357569213463828
520,-2.5042067277338265
521,-2.316389658626694
522,-2.0859061181207283
523,-2.1827075232205395
524,-2.16170863142946
525,-2.0904788661635254
526,-2.23757770915769
527,-2.2084140750828873
528,-2.0748917943623213
529,-2.035700414768038
530,-1.9855169919350213
531,-1.9524193264617407
532,-1.8611436187183972
533,-1.8477679315969886
534,-1.7387548758658666
535,-1.762658772527892
536,-1.582489113632013
537,-1.5776252710931638
538,-1.6533156713343322
539,-1.83222513949296
540,-1.8723209187194723
541,-1.8080042555563947
542,-1.7158067001777022
543,-1.8560162447140982
544,-1.853060219205549
545,-1.897150496107891
546,-1.8784318394812538
547,-1.8893308822255483
548,-1.825641932406541
549,-1.8184136435325904
550,-1.8428673957969544
551,-1.854845820633333
552,-1.820290151541859
553,-1.4637865030549202
554,-1.4438205820147543
555,-1.4710444852213178
556,-1.8320820599439402
557,-1.8308164846531305
558,-1.8380513344273375
559,-1.959885078668866
560,-1.9772402643369436
561,-1.959238048018086
562,-1.8751742618415834
563,-1.757100930482114
564,-1.7482908784529294
565,-1.6224619645863192
566,-1.6516912121120941
567,-1.7282142794712518
568,-2.0101246689370966
569,-2.067851485173533
570,-2.0265475380795595
571,-2.092609124394129
572,-2.090843351455274
573,-2.091783004429726
574,-2.0519828739761548
575,-2.042326005415873
576,-1.7663999965419674
577,-1.6778021556043354
578,-1.6876795290989621
579,-1.4184241708517509
580,-1.3376845065457332
581,-1.520923246595829
582,-2.044821240883299
583,-2.718715682157291
584,-2.727091332659226
585,-2.7397179155202123
586,-2.6265115108128456
587,-3.6347053755495407
588,-3.5418657053959857
589,-3.5867303251933103
590,-3.538835862883405
591,-3.5807660858930834
592,-3.29075249739329
593,-3.028015119823002
594,-3.1225670914606596
595,-2.69414899870678
596,-2.7825563647457474
597,-2.9466130049566663
598,-2.774502179605076
599,-2.64664931448253
600,-2.570771135283212
601,-2.577213779929566
602,-2.5616999871722057
603,-2.018411740710524
604,-2.01728024028045
605,-2.5986786424572528
606,-2.567272759543948
607,-2.559146554340952
608,-2.5707705050120655
609,-2.6199981394249616
610,-2.365435629428747
611,-2.902211940925148
612,-3.0518591592671895
613,-3.097773132836801
614,-2.768746015990897
615,-2.723600413455929
616,-2.777009439640632
617,-2.869300139754205
618,-2.7866528378464706
619,-2.7586660548942765
620,-3.0536959211967307
621,-3.008628962968618
622,-2.988144881121979
623,-2.937493986685047
624,-3.0204623831711297
625,-3.23142436488012
626,-3.062135957394896
627,-2.940311203109558
628,-2.8982535317070512
629,-2.7176040390943346
630,-2.874140701135741
631,-2.9645314307524484
632,-2.8371255729258804
633,-2.7826287086513246
634,-2.678928888294918
635,-2.6270360881024635
636,-2.471039243735229
637,-2.4565132578476367
638,-2.4755494306850645
639,-2.262889634584675
640,-2.307806810637958
641,-1.8969498643517713
642,-1.7608167137095454
643,-1.8832242784915576
644,-1.2634026889131622
645,-1.2667304212200303
646,0.8379430724767767
647,0.926205300504801
648,0.917016075656929
649,0.9067864292492844
650,1.1716208281173923
651,1.1276610196322423
652,1.292119214781895
653,1.4052314280704303
654,1.5061290901341229
655,1.3383943120565345
656,1.2983601516985521
657,1.3352469437400316
658,1.3905496705816534
659,1.4098977489816145
660,1.148676384531666
661,1.0472978215908757
662,0.8058097482223969
663,1.2072493155094843
664,1.022601498900766
665,1.3433636472958588
666,1.5795412031753386
667,1.4746931600683855
668,1.4838935999980984
669,1.17040997208262
670,1.3067161767026603
671,1.6208158777901716
672,1.3303374623016229
673,1.340484468774794
674,1.5628333669025274
675,1.4667193484662056
676,1.744604326620669
677,1.8460933490662468
678,1.7403178544376674
679,2.3068605615073734
680,2.460161881602807
681,2.792276751253908
682,2.6843965224658373
683,2.681899241222463
684,2.6859196308853583
685,2.710267810680178
686,2.6485673376956065
687,2.4475957235013945
688,2.5625775315434973
689,2.578827399443906
690,2.806546774889851
691,2.83457315161626
692,2.9864892671535914
693,2.923155722918236
694,2.828014079075003
695,2.898258640834328
696,3.071631787405882
697,3.3324571124881297
698,3.2824591657823365
699,3.199842760016147
700,3.0250745632005804
701,3.6061341345918985
702,3.4855455560158566
703,3.4878946534882216
704,3.4012885542746174
705,3.4294153705369146
706,3.7620512714139576
707,3.7354026536315255
708,3.6113708593068505
709,3.676724318500346
710,3.089627958961838
711,2.986916830742037
712,3.1653273036822416
713,3.2687065392250414
714,3.1806727707778704
715,3.1703203032864113
716,3.2679446964107406
717,3.197097001582705
718,3.0990594567586793
719,2.935371719936053
720,2.9022116658550035
721,2.8141856359705786
722,2.7548534353008414
723,2.633999792788422
724,3.2346092064004406
725,3.2683197394842045
726,3.2839532694396434
727,3.6298186126732634
728,3.756317322174052
729,3.664856873962985
730,3.5615318279930808
731,3.4419149715102515
732,3.8189502660645136
733,3.458601200502942
734,3.319379542808476
735,3.3783471926863706
736,2.8376593075163825
737,2.983609432558043
738,3.1421950592504855
739,3.0167648797377877
740,3.025541562270373
741,2.9640516016294027
742,2.7610282908317574
743,2.803667450386116
744,3.164305131794176
745,2.9193781374343253
746,2.831150672869498
747,3.00238532943653
748,3.105143762545759
749,3.0933264794472004
750,3.052619336091955
751,2.981963572395774
752,2.972957227510342
753,3.4926307242944876
754,3.8462518715173477
755,3.9969719931789216
756,4.002616626821087
757,4.273324161589143
758,4.450617756668018
759,4.344956448181159
760,4.394062139677657
761,4.52281397801193
762,4.387802748186798
763,4.353249633958534
764,4.323622285752027
765,4.204571627634079
766,4.2089020191471205
767,4.799902393396671
768,4.751802272086869
769,4.283827010512353
770,4.482148133672981
771,4.398931282564833
772,4.203013224696228
773,4.3438195567365945
774,4.174441109208682
775,3.7740613040255777
776,3.302122475385194
777,3.3717856601951812
778,3.3403216925929957
779,3.1611094600831446
780,2.57510213310157
781,3.139085716086565
782,3.2461799762876886
783,3.4037512113185286
784,4.712753704722283
785,4.609593962368863
786,4.603550139165424
787,4.685425977210578
788,4.7412613989133545
789,5.030425670330918
790,4.998710208124124
791,4.807949779643161
792,4.852071523232859
793,4.356512168429694
794,4.4368199848572765
795,4.644838720980693
796,4.918052992452937
797,4.867642190409693
798,4.882798436810609
799,5.017890531627889
800,5.28282120157495
801,4.886210846484884
802,5.070329116311845
803,5.251721021116684
804,4.804184342938722
805,4.546018411513164
806,4.559325293774141
807,4.449404078466634
808,3.9567715881058785
809,3.829485675214217
810,4.131050591657237
811,3.9464925580648513
812,2.9701331673599674
813,3.3718841349024142
814,3.423409203706518
815,3.4103878050664838
816,3.5024931202338516
817,3.524230897167091
818,3.374190738347571
819,3.4927375314673936
820,3.8367015340524
821,3.680742241638857
822,3.6206295584450876
823,3.614791380614424
824,3.7694770006779788
825,3.831442795514972
826,3.860978016101324
827,3.832171787026173
828,3.4430470363379095
829,3.394346490403466
830,3.496140921435975
831,3.496140921435975
832,3.7791636977698495
833,4.385461179415229
834,4.347227534035003
835,4.2496853163670245
836,4.142799774968697
837,4.144387589217868
838,4.129212642450519
839,4.1452038940514635
840,4.781268139850847
841,4.9665291084986185
842,5.391781745010382
843,5.557401885157787
844,5.549323222868274
845,5.503694913286816
846,5.5445646579406205
847,5.407057704310736
848,4.534996396874158
849,3.8667335115700974
850,4.096564156801175
851,3.693511543649586
852,3.6691518442810267
853,3.9356497649433164
854,3.8574665311507106
855,3.8290626718164633
856,4.128647335825608
857,4.7889192886265475
858,5.451307413946016
859,5.4413206283138615
860,5.4940089936433845
861,5.3332731337565775
862,5.277408269703843
863,5.336711583436227
864,5.286754617132705
865,5.258215596263982
866,5.292640887515931
867,5.228533553906178
868,5.415116377939921
869,4.425126643157862
870,4.495461034223047
871,4.363172183524999
872,4.520560254938943
873,4.22510025217111
874,4.237067874601164
875,3.9939876857199463
876,3.804341516426546
877,3.850068441740939
878,4.0573030681825495
879,4.1637113060118525
880,3.938442172823464
881,4.7148232984383975
882,4.903386097228735
883,4.820812180072331
884,4.831741485870689
885,5.106261998844475
886,5.0488623342040295
887,5.108182266475403
888,5.2272511894856155
889,5.222728815337874
890,5.134125170045434
891,5.208492679294374
892,5.225377250096241
893,5.1527499121409415
894,5.391010964851195
895,5.10985521314784
896,4.8461585968516685
897,4.592477819638452
898,4.514380089557357
899,4.025048259320818
900,4.19603129181465
901,4.24452014950103
902,4.218905243379112
903,3.5181833734023726
904,3.178900335385726
905,3.1608702433392644
906,3.1250620248420624
907,2.9062767036274417
908,2.9114534048176433
909,2.6928987690566064
910,2.7056579036730533
911,2.934857430133575
912,2.93400939277193
913,2.9425828436235646
914,2.8987132648237157
915,2.7052550571668554
916,2.910291339079185
917,3.049839443244551
918,2.6612080358278334
919,2.6857709923783224
920,2.6532280937233477
921,2.7528085433051075
922,2.666960308673816
923,2.3052533787545793
924,2.2483986848598425
925,2.4324600520763573
926,2.311828266554228
927,2.3560247440970405
928,2.392292781383931
929,2.483886330631546
930,2.0680103446430564
931,2.0797615798169966
932,2.36767039902821
933,2.4282947822005463
934,2.426382465070076
935,2.220847422954142
936,2.1876687250604654
937,2.1329130139071673
938,2.2176779157852655
939,2.2520959000295715
940,2.0847757424290903
941,2.073733624408014
942,2.0854683774135907
943,1.810037498870276
944,1.61241225875699
945,1.477653687465419
946,1.7225092591484747
947,1.317543622965367
948,1.6318967874210166
949,2.9923617964831672
950,2.88054637414239
951,3.47713278817654
952,3.5066274261927655
953,3.1495211922190958
954,3.3859685052349597
955,3.5657292044595224
956,3.422439678710809
957,3.1224979388382756
958,3.9569344416368946
959,3.749775160402957
960,3.5431202998812417
961,3.578658220668185
962,3.801440044021298
963,5.24870137831277
964,5.171777335634253
965,4.967968651008836
966,5.089070977575294
967,5.322825074808923
968,4.8335358200575
969,4.536252093461224
970,3.9952986729059115
971,4.191898221798684
972,4.426541495550307
973,4.742684205082859
974,5.207175615023174
975,5.235401279980767
976,4.764999531881808
977,5.095348607964878
978,4.958353778290614
979,5.050435088451288
980,4.963632475888247
981,4.959062326091979
982,4.550423000398052
983,4.624325622056502
984,4.9254419462941845
985,4.069300942675369
986,3.9290789646574398
987,3.8165178181232218
988,3.7877764934412417
989,3.7654494639824954
990,3.893056005596529
991,3.8738698555785156
992,3.729970858899301
993,3.5544399507157376
994,3.6449543464813994
995,3.352917609281958
996,3.227830396037712
997,3.1045700310395885
998,3.0859994160078674
999,3.7993444415866717
1000,3.6047141796041515
1001,5.26310188403214
1002,5.468079634919043
1003,4.876525522886843
1004,5.052570477289109
1005,5.161808377844723
1006,5.230746478976034
1007,5.423746681364361
1008,5.549002410594928
1009,5.1534365040272645
1010,5.387708887970866
1011,5.256283148735497
1012,5.420196279771683
1013,5.248041654679847
1014,5.535131089273748
1015,4.614612257804573
1016,4.514588126593666
1017,4.496521577472801
1018,4.613767521587042
1019,4.589195761019815
1020,4.398219263844938
1021,4.720670176003594
1022,4.744884797258475
1023,4.723805002354098
1024,4.898344275800204
1025,5.048580530699676
1026,4.872578327695898
1027,4.168608243470873
1028,4.2137700558370295
1029,4.122095474455079
1030,4.270448622385392
1031,4.520575535501781
1032,4.4904913949198155
1033,4.05863100814241
1034,4.071790156399402
1035,3.821895366742445
1036,4.399905932753279
1037,3.8689996873043198
1038,3.6455955354649294
1039,3.8034627174919677
1040,3.770148060215739
1041,3.6769205404296956
1042,3.1377988669193613
1043,3.0746321995150927
1044,3.4852551667755804
1045,3.594621952776267
1046,3.471748822683862
1047,3.2410446288675177
1048,3.402442638076786
1049,3.470020520340289
1050,3.622491136772421
1051,3.6759864916579454
1052,4.293535347315047
1053,4.413222475323231
1054,3.8009311888921538
1055,3.7946312374146807
1056,3.823705853481041
1057,3.7613643782160144
1058,3.6517327533593713
1059,3.7848983574488404
1060,3.765686396702761
1061,3.7847720793045214
1062,3.937968862365482
1063,4.381398824376936
1064,4.444668696562504
1065,4.577111852866023
1066,4.628006241475835
1067,4.719958254028178
1068,4.8781288542912415
1069,4.7435684926957045
1070,4.48087682104108
1071,3.237094986813127
1072,3.276595041238828
1073,3.038370204939822
1074,3.0150577668823564
1075,3.1386426873335482
1076,3.1536698645268313
1077,3.1059325057372744
1078,3.202886385958137
1079,2.9669436185097986
1080,2.8734224412289233
1081,2.855769209244552
1082,2.940720063677249
1083,2.981814772252145
1084,2.9206666331846876
1085,3.0334092157320525
1086,2.906196398567773
1087,2.7592260196004137
1088,2.550195792983345
1089,2.479844585183444
1090,2.31772213021717
1091,2.5846102518103375
1092,2.3107166874181795
1093,2.525712117154799
1094,2.54231706355712
1095,2.591990588014026
1096,1.0646344144693787
1097,0.4472160344159759
1098,0.5308224243818493
1099,0.558257936763007
1100,0.3150408687966344
1101,0.35340352684698484
1102,0.21032102897839966
1103,0.09351030288577977
1104,-0.2392076619636252
1105,-0.06024843906157207
1106,-0.18595167547194036
1107,-1.6220741882120637
1108,-1.4954472076459946
1109,-1.5089562804660894
1110,-1.3672856352204832
1111,-1.3708410087000522
1112,-1.7472205763897963
1113,-2.022395950203826
1114,-1.0895692467746243
1115,-1.2584592939064998
1116,-1.2087497132119651
1117,-0.741821394003972
1118,-0.5982890465265012
1119,-0.5476794240844352
1120,-0.6224944629480533
1121,-0.5861076486119776
1122,-1.0352537921519689
1123,-0.9938389790766
1124,-0.9888540364185072
1125,-0.8773822981704593
1126,-0.8154283834434062
1127,-0.716716844403098
1128,-0.6630310277550455
1129,-0.7866940522540333
1130,-0.9369642764471386
1131,-0.8342981875021582
1132,-0.8505073148538433
1133,-0.8138487474195877
1134,-1.001887628785203
1135,-0.9776198259111246
1136,-0.9814259994088803
1137,-1.0382614554458658
1138,-1.1038573516440664
1139,-1.1663789149739978
1140,-1.3218833193910262
1141,-1.0347228842861877
1142,-0.8787912136454579
1143,-0.9853624715668086
1144,-0.9774572387164726
1145,-1.130951387482082
1146,-1.1899041342787298
1147,-1.273756926128966
1148,-1.4240741685491498
1149,-1.5032338203595064
1150,-1.7924181660442629
1151,-1.397056787985973
1152,-1.4730435214682536
1153,-0.989933946704713
1154,-1.1077607574699888
1155,-1.4462894348089672
1156,-1.1676607680424889
1157,-1.6198138768800052
1158,-1.6175749129025863
1159,-1.0716240904884877
1160,-0.5497516948716696
1161,-0.26378749539429647
1162,-0.3065243955410746
1163,-0.79086846308275
1164,-1.0680185193480018
1165,-0.7210376865434687
1166,-0.5527454340797378
1167,-0.5363279461380599
1168,-0.37597200869081693
1169,-0.17667625654290697
1170,-0.4858566801529185
1171,-0.42423724256068773
1172,-0.019177415120030794
1173,-0.1766104346158981
1174,0.1606543423001039
1175,0.4730698739107142
1176,0.7690628286324275
1177,0.7886992832823347
1178,0.6132476204951276
1179,0.678743568609308
1180,0.38750908621427715
1181,0.2542291777284378
1182,0.2455540222106034
1183,0.10770593770823567
1184,-0.5063179122189565
1185,-0.8427129871574346
1186,-0.6043112374757298
1187,-0.44693498012524646
1188,-0.6368074070788543
1189,-0.6843903339577406
1190,-1.2319351316869454
1191,-1.2642265164282906
1192,-1.2580638038565795
1193,-1.2766251953991725
1194,-1.5108181771659623
1195,-1.7273902578205824
1196,-1.4526921183410368
1197,-0.11155548181392971
1198,-0.005751663003306096
1199,-0.02241384647421185
1200,0.41901361595015896
1201,0.47823553112598116
1202,0.7186852471370075
1203,-0.14730273462468801
1204,0.017213510312763525
1205,0.01237357137910955
1206,0.1236935042549403
1207,-0.8325272424379193
1208,-1.1961782711446656
1209,-1.1352031140211105
1210,-1.2015775000790985
1211,-1.1926114341211935
1212,-1.2349123407171647
1213,-0.8805049442806356
1214,-0.5681695799883424
1215,-0.6570651136925787
1216,-0.7301286189521861
1217,-0.2598366892770154
1218,-0.1823097710164756
1219,-0.7547941225019117
1220,-0.784637498031715
1221,-0.9074246343584003
1222,-1.122945659591712
1223,-1.4522161604953343
1224,-1.3456172266550492
1225,-1.149263254989208
1226,-1.0815257477762907
1227,-0.9013902511175398
1228,-0.8086914389362376
1229,-0.14054998275403463
1230,-0.39693898318576837
1231,-0.26317110965725643
1232,-0.18578029038575083
1233,0.20496357281636346
1234,-0.31064111535062944
1235,-0.4179822133841937
1236,-0.0977731396217707
1237,-0.3025247598399172
1238,-0.4471020982660723
1239,-0.4437575699421714
1240,-0.2545076139551239
1241,-0.1923912148891871
1242,-0.272575947674103
1243,0.6098844904118828
1244,0.6483395117783619
1245,0.7865784135402842
1246,1.0543891401652683
1247,0.9849115107396278
1248,1.0019437085783567
1249,1.2023777287201831
1250,1.2284387525210771
1251,0.9455389180928142
1252,0.9658266637314172
