,Portfolio Value
0,11975.50501509779
1,11979.91856641882
2,11913.10056183153
3,11942.74373097236
4,11849.047181695178
5,11732.27220471037
6,11725.470226333598
7,11645.915805836443
8,11632.35066905092
9,11675.566274458539
10,11686.104794871291
11,11849.67528662783
12,11872.794030148088
13,11879.326560810921
14,11793.385562143634
15,11809.065093118603
16,11657.29015283312
17,11652.478866436957
18,11624.015060703874
19,11646.427423687626
20,11648.253071833795
21,11695.316697283319
22,11714.362607566614
23,11654.2346582743
24,11745.611802937066
25,11876.765984841997
26,11781.394323419054
27,11541.325801541607
28,11632.65561326491
29,11600.998188063513
30,11578.669523704173
31,11574.102621287582
32,11585.664201244197
33,11552.214879816474
34,11583.808923486251
35,11538.571140019412
36,11566.914183011677
37,11553.89477526173
38,11544.193662437205
39,11569.624406014218
40,11587.199459020649
41,11627.199450060929
42,11571.233338992844
43,11521.367641292312
44,11458.246261428838
45,11323.45369284457
46,11312.135045071493
47,11324.72492401813
48,11347.313891826192
49,11292.949361957395
50,11536.379111297683
51,11624.286079056561
52,11729.555476881133
53,11807.320965097637
54,11779.883244013501
55,11701.649968952366
56,11690.223490205217
57,11713.990143292469
58,11731.359717240632
59,11705.576000507448
60,11697.88567701231
61,11684.323454609204
62,11653.432781202739
63,11690.793089966097
64,11847.263626791324
65,11900.218531576407
66,11867.391813919088
67,11865.736086686287
68,11860.080672870694
69,11858.45786590248
70,11789.88205224153
71,11796.614406351713
72,11829.74986017997
73,11851.294655878903
74,11935.508982849256
75,11953.887966287635
76,12032.112009951883
77,12049.39424138614
78,12016.481667640104
79,12014.267100249
80,11874.75790981827
81,11929.07414923316
82,11941.374965642226
83,11896.278659779211
84,11800.392326665307
85,11843.305892126058
86,11851.598259581842
87,11908.397939082528
88,11849.82139077344
89,11847.179150016
90,11882.740953620229
91,11907.457425496461
92,11871.639465525492
93,11839.201185705671
94,11865.28110303444
95,11985.64825594436
96,12016.450833227198
97,11948.410795258274
98,11965.316658332811
99,11953.050800810499
100,11931.496963047188
101,12014.898777424823
102,12083.031934681505
103,12103.719134007568
104,12096.836854165305
105,12078.104950304913
106,12020.422078719233
107,11996.110948382437
108,12062.951505157751
109,12089.761045817697
110,12091.283012583644
111,12048.538132505737
112,12058.793358576704
113,12158.598898528222
114,12162.891321954947
115,12180.072911594445
116,12176.310815264413
117,12194.17408221624
118,12175.20713313766
119,12101.060807422688
120,11951.223694530257
121,11902.930582113535
122,11863.004618368312
123,11952.088518155184
124,11906.787010069633
125,11787.883395219971
126,11773.484469720528
127,11742.633379211426
128,11949.060262140716
129,11974.857953810908
130,12020.573546035692
131,11979.091293211044
132,11937.46096371156
133,12000.855707954364
134,12083.598313624701
135,12074.149636019207
136,12088.702100451126
137,12120.80995134065
138,12135.99732642701
139,12127.00076144126
140,12028.188588200948
141,11901.037507827536
142,11979.82974509737
143,12019.027937403764
144,12026.478169313035
145,11976.616082121825
146,11990.614948292787
147,12014.26415540063
148,12013.152732294926
149,12054.972658693532
150,12087.050144425426
151,12024.392577434923
152,11983.08826977333
153,12000.943086583535
154,12074.87193545483
155,12151.893629164502
156,12117.81061051938
157,12046.105936695087
158,11990.484473532086
159,11793.421364491915
160,11358.072960772064
161,11212.718212671352
162,11429.097376392678
163,11676.881311844789
164,11675.396196764787
165,11629.467789080754
166,11395.435068750783
167,11407.791778135188
168,11441.314809942885
169,11293.673538579442
170,11367.543906145771
171,11383.337836234203
172,11279.133267287398
173,11238.630973897578
174,11183.41394860307
175,11206.469614122192
176,11378.108739232664
177,11322.874842354304
178,11209.447762801703
179,11179.592125752599
180,11087.997121947765
181,11054.317568116534
182,11001.762988632434
183,11077.885374113164
184,10988.128048163238
185,11078.97164519273
186,11152.46805717587
187,11108.662858867756
188,11399.70769922653
189,11425.70359441933
190,11437.516837769392
191,11456.505971732155
192,11413.458241076152
193,11530.332924166607
194,11552.406593017691
195,11535.327436577885
196,11469.859262929582
197,11512.448215413582
198,11517.185766209943
199,11534.23234433133
200,11517.01005595903
201,11431.568589168586
202,11236.704874788356
203,11336.38143909816
204,11465.219848696546
205,11495.21044232008
206,11544.813922701516
207,11505.2034957784
208,11630.50652459167
209,11695.697886388238
210,11674.212197795334
211,11751.56307939385
212,11762.510597713052
213,11767.835111475857
214,11734.852518668342
215,11736.030202184056
216,11768.986404545736
217,11750.881235715138
218,11657.720812918971
219,11710.236111012478
220,11713.584697166641
221,11912.100671290167
222,12056.090373831794
223,12044.94966358119
224,12116.634095774061
225,12092.805485435754
226,12013.181288483756
227,12073.973580916887
228,12234.262919917692
229,12177.141311157307
230,12160.005564639627
231,12107.11727102777
232,12071.545922702117
233,12062.891826013585
234,11997.009300668044
235,12003.865680132569
236,11996.303101251924
237,11971.414523553913
238,11962.509302244496
239,12046.687488815041
240,12057.100936619776
241,12011.941850299052
242,11979.211862825528
243,12046.089408103078
244,12078.631124146305
245,12122.652104196119
246,12087.900544465245
247,12076.222262251955
248,12104.354474647424
249,12042.645236593546
250,12006.077194339774
251,11931.52654802578
252,11934.265979777982
253,11917.525820837756
254,11794.282874147044
255,11715.663946923707
256,11700.783527014797
257,11741.038998753518
258,11630.571941959719
259,11677.544167808415
260,11105.259158355479
261,11127.336536172445
262,11036.993891574288
263,11121.338318454938
264,11163.688567428311
265,11101.793086253081
266,11142.557204058145
267,10848.80663240617
268,10843.603644521218
269,10908.957527619268
270,10896.143374971572
271,10672.727954452235
272,10618.967655315295
273,10679.156059043482
274,10600.53768831995
275,10549.05213422842
276,10465.090409683595
277,10599.822939274205
278,10521.138001837835
279,10749.206563935582
280,10826.012909779525
281,10894.384284057494
282,10881.67743726695
283,11003.091222868494
284,11138.271084560805
285,11002.735925913705
286,10986.890445009813
287,10993.198840941603
288,11250.13534772748
289,11250.453666551317
290,11497.215209380809
291,11429.225330513851
292,11441.125397342883
293,11443.92879267167
294,11453.563540608462
295,11335.77896813725
296,11443.201808544123
297,11435.167553173977
298,11583.365575700205
299,11530.470960094564
300,11527.252200740731
301,11592.279721263312
302,11592.400707141338
303,11598.131090110148
304,11595.351688398638
305,11612.688030981326
306,11548.560358411076
307,11568.454949417595
308,11570.194763294765
309,11619.751460306932
310,11713.559071563688
311,11714.034195073567
312,11655.583992915128
313,11640.12178591835
314,11609.477629058085
315,11670.362600397471
316,11571.170828595688
317,11711.082315735737
318,11787.884247070213
319,11840.38345118795
320,12070.839520752568
321,12091.935132403562
322,12079.533129675398
323,12062.849024354638
324,12072.487701553455
325,12066.836678386791
326,12063.576476587443
327,12014.588854683974
328,12011.840249037483
329,12013.022437069905
330,11981.967116012243
331,11982.87689479745
332,12117.925743557546
333,11990.820817295862
334,11955.404340926736
335,11991.3254170357
336,11952.322444281397
337,11909.301773413967
338,11822.755045200483
339,11792.595587960075
340,11748.25192898851
341,11677.560405234191
342,11691.151888072545
343,11796.366562827621
344,11878.126915242732
345,11858.149413713067
346,11768.66852982514
347,11832.057812543628
348,11821.46161339647
349,11973.408332948131
350,12006.030897855437
351,12053.039026935312
352,12126.202622774246
353,12132.0292308758
354,12076.409758166848
355,12084.696701452971
356,12050.32263023029
357,12068.024421038675
358,11971.924277613596
359,11961.129523537236
360,11958.748551557654
361,11868.776280828624
362,11862.140419606025
363,11725.584117894487
364,11728.730527563548
365,11608.93313614886
366,11626.092604626574
367,11824.99602797376
368,11837.779304966172
369,11853.649878336419
370,11896.851440929142
371,11553.26084503505
372,11470.48309193517
373,11588.993255489691
374,11823.987623797673
375,11948.551660467061
376,11953.974780529188
377,11777.847571521681
378,11759.37961881705
379,11796.862727261449
380,11716.199112402579
381,11852.999249491526
382,11820.931507700385
383,11811.33799967332
384,11797.355255729002
385,11808.290667381912
386,11802.935534122562
387,11719.59071736978
388,11687.173742719975
389,11668.20237527299
390,11659.417639450246
391,11652.751761192452
392,11663.641623548247
393,11714.997640705002
394,11719.893024503575
395,11694.062009024907
396,11711.69482985141
397,11674.764019382648
398,11697.363047710744
399,11734.619828389103
400,11812.464354403997
401,11791.129994668776
402,11878.599557164795
403,11883.522270463796
404,11953.746559611045
405,11919.826161333182
406,11991.787186270263
407,11984.7056805393
408,11975.777192369798
409,12002.692363807853
410,12034.616913266707
411,11968.414087765434
412,11966.84159630658
413,11943.487199958843
414,11948.099135570077
415,11962.720850774916
416,11960.840301836182
417,11971.629651185121
418,11902.151464573657
419,11997.475753027586
420,12056.466512762834
421,12081.10017725194
422,12104.363257206718
423,12109.580295656659
424,12035.361743608255
425,12055.595273544935
426,11999.19491882799
427,11989.271781482827
428,12010.340522965038
429,11986.05007326185
430,11995.532446676838
431,12005.91388589763
432,12249.67520456661
433,12316.093977005476
434,12281.47074767475
435,12180.228406958762
436,12205.864987091089
437,12169.442657324476
438,12066.682217609126
439,12072.168256328878
440,12079.018217403958
441,12117.574910094248
442,12117.90272037354
443,12080.194047296975
444,12049.365742073867
445,12052.942030674567
446,11961.900919759079
447,11946.726691611551
448,11927.770422010424
449,11836.93905793592
450,11819.267222827495
451,11838.952774004974
452,11844.854203060248
453,11858.834863597374
454,11827.353483060293
455,11891.25921148907
456,11885.148159989274
457,11767.090018267028
458,11773.390745001889
459,11763.410992018742
460,11720.494849081291
461,11685.980888751388
462,11500.409407677778
463,11498.822265781084
464,11450.285003999026
465,11608.703631995937
466,11542.241207572386
467,11510.95090410641
468,11436.44554060196
469,11403.480689043407
470,11365.986706898417
471,11376.81387597922
472,11466.942816491322
473,11491.018449657098
474,11467.886509267406
475,11505.98270262124
476,11548.705999252703
477,11591.001292859673
478,11585.32886911876
479,11608.614444620369
480,11652.923208414402
481,11599.975130493303
482,11531.421309968218
483,11475.057838747358
484,11515.058482278191
485,11529.401701267117
486,11566.864754743763
487,11531.247951675825
488,11574.035895652081
489,11530.139482665913
490,11602.801917294226
491,11581.401271253073
492,11507.27422960563
493,11459.615084269246
494,11454.343035773447
495,11491.754440796434
496,11482.43507771821
497,11462.358798871226
498,11489.49359080218
499,11518.293623804857
500,11526.2293614005
501,11560.616015486625
502,11529.940675420092
503,11590.763743702259
504,11753.49003402011
505,11827.17606178845
506,11808.044863832365
507,11834.810099774868
508,11927.098692859188
509,11922.803906728226
510,11935.323215080907
511,11980.130285899493
512,11969.074720990806
513,11939.902125251969
514,11944.003210243542
515,11952.141797709055
516,11980.625989806207
517,11982.328327249292
518,11980.1515177221
519,11978.875875966485
520,11932.591132714515
521,11955.611632973098
522,12007.695658739096
523,11970.770043316104
524,11984.83944589736
525,12030.914156140974
526,12057.270888379422
527,12105.737493600236
528,12213.715034757288
529,12267.911213397434
530,12299.416655709849
531,12324.147809438673
532,12306.414705438596
533,12301.65633432635
534,12327.567033271815
535,12327.608954438467
536,12359.266431183902
537,12350.17486521158
538,12331.40776596521
539,12077.662109450635
540,12047.344942052203
541,12092.163197841
542,12114.474182662414
543,12106.521979853194
544,12144.545972886071
545,12140.378665412227
546,12134.981012687706
547,12135.019738307059
548,12143.822060129756
549,12148.712696636947
550,12144.879627734317
551,12152.234271624218
552,12155.640195232938
553,12245.240628238313
554,12263.48977306864
555,12257.043288105397
556,12061.52741536124
557,12048.150377791046
558,12041.053900669063
559,12021.831579043368
560,12015.476680368496
561,12026.850430012119
562,12059.926070724117
563,12099.631679712109
564,12106.03949189264
565,12122.4225961604
566,12117.158586681075
567,12077.04039243178
568,12062.80385576852
569,12051.930589984964
570,12061.032379846849
571,12046.427354697196
572,12050.315378876967
573,12031.97991441283
574,12043.91453921837
575,12056.303165311634
576,12195.318188235735
577,12193.582924560124
578,12183.678903436168
579,12252.42689300689
580,12339.024780142023
581,12333.300416114524
582,12321.444190247948
583,12269.470291099053
584,12266.968737611576
585,12265.495307622607
586,12302.675401061462
587,12231.264794948234
588,12250.106389489822
589,12262.688222184337
590,12335.316503668004
591,12316.19120487329
592,12422.70252398523
593,12457.080508321436
594,12439.08497664566
595,12520.818905426342
596,12506.268604280378
597,12464.345556414739
598,12492.28899400197
599,12553.874908848735
600,12561.061232315138
601,12555.89905171996
602,12576.22905472128
603,12669.320752167703
604,12671.007248842687
605,12585.698984611477
606,12594.981879502853
607,12603.996946797699
608,12592.893010528736
609,12565.123292071115
610,12582.817758226814
611,12539.506934830053
612,12508.111411291175
613,12497.10464250152
614,12536.132635988051
615,12535.442790966195
616,12513.00777495664
617,12419.511430614966
618,12447.99003403554
619,12465.947684043738
620,12398.35139649715
621,12395.8189156778
622,12398.110406171249
623,12413.52560038219
624,12402.53043848053
625,12443.659834920447
626,12468.717954752543
627,12484.358381462198
628,12504.348133035208
629,12547.232385351599
630,12536.548341223655
631,12520.519943458281
632,12573.089322031557
633,12607.483040096457
634,12619.313794592228
635,12626.337286208023
636,12661.745226104918
637,12661.774452013267
638,12670.925715380663
639,12706.282655331703
640,12510.539210424533
641,12690.161379900983
642,12693.981704421307
643,12685.400152106478
644,12794.64314414654
645,12793.310376576119
646,13043.126386653805
647,13234.558418923934
648,13221.634940609729
649,13195.818093299109
650,13221.76907322579
651,13186.333974662663
652,13208.106434913223
653,13215.421781685624
654,13229.270414747727
655,13156.637025078984
656,13108.053990485245
657,13121.765953038717
658,13157.193422309763
659,13162.354702417677
660,13081.669281424409
661,13060.228373133974
662,13012.53998120183
663,13079.052888213677
664,13037.272498913837
665,13079.73053645153
666,13112.523600436094
667,13077.14777393207
668,13080.044648018193
669,13077.205159604651
670,13188.147729647706
671,13242.864225485351
672,13210.956533766763
673,13220.305202285972
674,13407.667821066836
675,13511.72386512943
676,13554.509595316753
677,13640.31925474242
678,13612.96259473014
679,13649.515073886334
680,13643.245550462749
681,13663.539998226288
682,13615.371968254327
683,13606.936281989696
684,13530.354256878683
685,13550.986550375852
686,13426.230338596266
687,13328.890454363785
688,13327.164890169914
689,13353.854374004577
690,13428.369181690516
691,13441.331740863097
692,13425.68202517912
693,13387.583159036541
694,13384.861473868237
695,13430.00374991549
696,13458.789701908363
697,13599.282852328732
698,13573.404874272605
699,13542.364380805084
700,13560.831688796892
701,13646.1387974988
702,13625.72289236942
703,13613.402702661257
704,13565.219187977975
705,13571.252201637246
706,13590.910644456393
707,13566.861889049715
708,13534.385083209088
709,13537.557286049394
710,13267.805559805809
711,13221.04481482627
712,13331.478844146322
713,13356.033728815628
714,13342.97571926781
715,13337.446251566791
716,13365.299156915655
717,13347.122494916752
718,13302.5127348059
719,13268.235148728212
720,13233.362084855758
721,13222.909205829272
722,13185.35800657698
723,13165.688244526762
724,13408.911639049413
725,13415.375895897092
726,13421.554800652044
727,13475.60930266512
728,13544.755140769388
729,13506.279596073566
730,13448.007721077613
731,13313.570322544252
732,13388.484724992853
733,13308.607081049624
734,13245.991804086936
735,13261.905374679947
736,13156.392944772233
737,13231.931162600811
738,13274.546428403737
739,13258.24630588905
740,13272.180010965454
741,13261.2909535408
742,13224.514275152016
743,13177.455432508434
744,13343.308542824187
745,13308.386233847757
746,13303.47820242966
747,13375.871389482296
748,13383.682715714356
749,13377.71468867924
750,13343.60580059948
751,13365.684236623318
752,13369.505954057011
753,13493.408162788985
754,13537.261575857898
755,13582.115497289966
756,13597.120144694472
757,13628.739100561943
758,13670.6050360556
759,13657.521807990728
760,13676.228798820317
761,13718.503988941682
762,13778.445078551787
763,13741.879667783862
764,13737.155615103697
765,13746.27650947835
766,13736.340145965984
767,13846.83165182516
768,13839.180690316225
769,13816.650829494814
770,13975.75209431543
771,13799.897083911035
772,13744.661653989284
773,13790.406936461102
774,13722.518133584448
775,13516.762431754269
776,13169.39843693645
777,13192.954928722764
778,13144.87723190971
779,12963.450584724886
780,13014.280314489504
781,13196.72285996507
782,13224.204545476854
783,13323.01119485774
784,13453.155837287586
785,13367.913529879952
786,13365.497181513812
787,13398.063757110776
788,13314.253527364883
789,13357.33392439198
790,13398.576224382374
791,13338.469585859006
792,13360.415199606461
793,13303.09391353587
794,13308.564620821515
795,13453.871001562464
796,13540.426565212889
797,13519.862219594746
798,13537.84134011899
799,13572.482413570258
800,13630.88320875358
801,13497.018223887766
802,13673.24197597988
803,13738.10088265249
804,13731.484838844794
805,13648.503125499776
806,13611.231807995599
807,13602.824785455252
808,13480.003569822462
809,13431.036585109505
810,13569.115618074524
811,13553.333505456667
812,13477.05550676694
813,13482.147865634774
814,13458.879523339137
815,13419.528989402594
816,13467.479647928265
817,13489.977762556424
818,13260.924281203876
819,13346.236498903083
820,13408.668054738304
821,13340.722818856882
822,13351.618971281865
823,13299.96629919743
824,13324.910965034242
825,13436.739493105219
826,13466.779860011133
827,13450.979589462193
828,13413.854772205927
829,13398.644761666344
830,13405.78728590264
831,13405.78728590264
832,13520.340563600337
833,13619.184759108097
834,13616.585541795765
835,13638.694424428952
836,13580.037896099617
837,13608.409589147483
838,13609.18346790152
839,13635.126004883365
840,13805.057018254527
841,13806.355368395267
842,13817.452295992587
843,13846.513186280954
844,13849.91603150175
845,13800.345454427945
846,13944.152279800772
847,13884.219808466403
848,13582.558827489836
849,13517.543332416244
850,13578.083571426705
851,13565.909400951437
852,13551.52740827649
853,13617.253161979084
854,13587.58248681964
855,13499.530152381782
856,13527.363482337583
857,13583.46095738388
858,13701.382639808167
859,13693.824911941956
860,13639.575979372465
861,13627.642864140405
862,13659.506398578653
863,13723.752153586098
864,13651.167757113653
865,13689.61410538142
866,13700.790353715282
867,13717.323547500462
868,13779.16647209468
869,13611.19400755964
870,13653.535199745582
871,13594.606329388906
872,13572.633600008987
873,13521.147750836644
874,13521.582963071567
875,13390.108868116757
876,13353.848621055708
877,13361.75986251407
878,13406.783735746641
879,13440.35259111151
880,13423.690891055743
881,13643.5545430494
882,13605.871719411474
883,13594.726079531567
884,13613.940755580592
885,13683.658478096424
886,13585.542046766945
887,13623.32163596875
888,13689.000748544051
889,13685.130069926234
890,13615.509351908337
891,13664.84177499843
892,13668.202894022488
893,13628.889351959864
894,13736.929232696024
895,13709.463815285006
896,13683.930488611923
897,13622.760715108478
898,13601.252007452085
899,13380.980360606176
900,13439.830070539345
901,13420.1771083242
902,13399.442394591277
903,13309.25517732323
904,13328.486623407684
905,13259.419592405884
906,13251.503778208118
907,13153.6011198197
908,13181.995407430612
909,12937.114868544375
910,12962.473353365715
911,13025.59817807455
912,13048.069677463314
913,13061.541976858465
914,13049.923802327647
915,12987.98864433567
916,13135.835541306156
917,13153.265249931665
918,13079.220042249517
919,13083.283364237202
920,13079.960849487768
921,13117.743011405979
922,13131.592151896424
923,13011.676626628821
924,13007.87065024115
925,13019.335497933367
926,13020.966170380523
927,13025.215251085463
928,13066.66088975342
929,13131.64904005474
930,13095.478667209201
931,13089.732304120818
932,13187.739884411729
933,13292.730455624296
934,13292.92841694943
935,13264.866030815423
936,13262.648579281476
937,13248.796399873541
938,13304.760634474298
939,13303.699015403443
940,13280.974414216242
941,13161.306278083644
942,13146.664794732256
943,12986.150646507247
944,12876.73241113789
945,12795.253748916155
946,12834.815041350159
947,12757.543337407835
948,12824.464740903111
949,12951.3473536062
950,12814.759520829455
951,12929.526315405921
952,12957.558040024094
953,12672.003447833084
954,12690.94610974928
955,12789.417946076333
956,12639.672455970906
957,12528.965336423227
958,12633.323864156057
959,12586.032077184265
960,12467.963303342938
961,12484.745748528752
962,12670.082466457578
963,12852.855035616196
964,12769.385177874135
965,12680.630763966088
966,12729.02161161344
967,12774.14573769612
968,12719.817600327424
969,12681.244312998106
970,12594.510361564524
971,12488.069847060731
972,12545.117685623756
973,12533.127764800207
974,12520.000571927572
975,12467.381310058578
976,12363.119189920824
977,12489.378152667876
978,12465.706521385255
979,12688.29151218318
980,12637.183628682338
981,12712.516822803067
982,12620.062650957823
983,12829.947009299733
984,12963.10909386878
985,12837.346468171645
986,12826.339252380949
987,12824.971731385449
988,12815.803441268528
989,12814.789500199036
990,12854.103094286007
991,12827.623317767317
992,12807.374602130061
993,12765.913075632125
994,12807.91328437475
995,12708.910600529909
996,12651.939961486558
997,12608.069245856845
998,12598.532299267496
999,12640.71013525708
1000,12624.157414440982
1001,12910.754840514941
1002,12940.74778922038
1003,12743.588282285124
1004,12910.896392523062
1005,12971.436177597736
1006,12977.475314598134
1007,13093.170599545905
1008,13185.568642890186
1009,13137.81929565823
1010,13303.678591752068
1011,13404.966211362978
1012,13453.345200803067
1013,13411.67259292908
1014,13470.6268832238
1015,13284.56629199606
1016,13252.863230929708
1017,13248.179906717995
1018,13357.886607685788
1019,13336.981615331293
1020,13287.139369694258
1021,13388.478309513193
1022,13409.96881528353
1023,13374.826992464707
1024,13428.067827306346
1025,13480.76474085862
1026,13381.634929575433
1027,13238.758008406456
1028,13217.10485969265
1029,13202.226411989815
1030,13247.366869344884
1031,13315.763474372001
1032,13308.305646111443
1033,13262.566085166338
1034,13265.0123997206
1035,13233.805379672454
1036,13256.055319802996
1037,13124.75699407973
1038,13059.519033559322
1039,13058.120490606383
1040,13042.583575163237
1041,13047.406493352348
1042,13002.444432536211
1043,12997.942662049421
1044,13154.386881443708
1045,13242.19321972561
1046,13122.482373528568
1047,13068.989760458951
1048,13119.459291561932
1049,13150.59226400817
1050,13152.91537571539
1051,13166.814009659429
1052,13259.569730006911
1053,13283.394286625797
1054,13214.021011674638
1055,13238.231384578548
1056,13246.607640906397
1057,13186.834803910497
1058,13177.73822762262
1059,13191.179706833704
1060,13094.854472756437
1061,13091.57000352124
1062,13136.592857177053
1063,13396.007344344007
1064,13416.991198576372
1065,13484.885570573068
1066,13519.481797817072
1067,13533.093350471945
1068,13547.936909337996
1069,13475.907755496106
1070,13395.934278686847
1071,13379.894826658141
1072,13378.773181028266
1073,13302.959024914986
1074,13314.288845401563
1075,13347.700175360083
1076,13330.095353848064
1077,13311.374535156696
1078,13264.841778470667
1079,13194.104930626261
1080,13119.69627949674
1081,13125.207001564348
1082,13120.525774688824
1083,13132.03907712329
1084,13118.973761623494
1085,13129.816946218645
1086,13130.682996616026
1087,13077.408134055871
1088,13045.201465117632
1089,13002.071631576026
1090,12956.479051420818
1091,12984.462890546836
1092,12881.919022061067
1093,12906.788065107055
1094,12925.498433315475
1095,12957.89271845741
1096,12426.13797292443
1097,12049.894288003612
1098,12051.305861105886
1099,12030.408364865787
1100,11834.994043492467
1101,11883.099468906103
1102,11858.119876500805
1103,11789.823656935045
1104,11735.715388719855
1105,11725.032109817581
1106,11702.561674273446
1107,11672.671051422101
1108,11752.581280240585
1109,11733.523898203735
1110,11789.416783687784
1111,11910.239244333043
1112,11905.847024638071
1113,11779.653311435675
1114,11847.732718854115
1115,11801.646459579957
1116,11775.941487641263
1117,11879.577641582662
1118,11912.055732336885
1119,11954.579146232552
1120,11935.117282761721
1121,11975.931365606346
1122,11835.02825164653
1123,11980.265255916715
1124,11951.517033934493
1125,12017.3884688106
1126,12035.97804170012
1127,12073.767476899255
1128,12066.004697558004
1129,11968.924598634723
1130,11967.022122426053
1131,11994.754334555704
1132,11986.339993950362
1133,12000.64054536855
1134,11991.301149294148
1135,11971.028915585064
1136,11932.025264855212
1137,11916.339311284579
1138,11841.031501426449
1139,11746.66897569965
1140,11709.266546236024
1141,11783.611861419287
1142,11818.554521497543
1143,11761.035421417237
1144,11773.525383150843
1145,11753.616049756378
1146,11732.755017094647
1147,11638.252854876746
1148,11592.045818590674
1149,11583.448564778628
1150,11482.200061162768
1151,11524.720686238483
1152,11503.592962661722
1153,11529.645889681407
1154,11487.902965855586
1155,11447.498013307586
1156,11463.401904094957
1157,11405.400150541436
1158,11400.03618703781
1159,11446.34536758075
1160,11708.114970718512
1161,11884.89494764559
1162,11862.515049066189
1163,11815.829491205215
1164,11678.454563690859
1165,11784.547201156318
1166,11794.073336727595
1167,11795.555675910131
1168,11803.328478610503
1169,11796.679461631666
1170,11759.12686051584
1171,11765.231230566427
1172,11793.646053447144
1173,11762.70734347343
1174,11806.793745648038
1175,11924.563047761127
1176,11981.023060442067
1177,12000.010156346056
1178,11995.680839122153
1179,12057.52864874781
1180,11945.34629894912
1181,11889.917678869915
1182,11934.164166149838
1183,11868.61218294852
1184,11729.932595184442
1185,11558.061770871165
1186,11756.036610002007
1187,11792.844854840028
1188,11684.941151891726
1189,11738.472882660815
1190,11718.746787150929
1191,11713.478376763336
1192,11739.028529713345
1193,11739.620983963014
1194,11625.240054478803
1195,11498.32395030501
1196,11532.71044170479
1197,11604.804219776614
1198,11720.685062809482
1199,11728.788898187413
1200,11834.036022568158
1201,11875.478368568509
1202,11869.320325749564
1203,11692.192686561288
1204,11707.977088138192
1205,11680.706709302784
1206,11704.56137440187
1207,11675.997938901146
1208,11664.73971872095
1209,11688.084524060509
1210,11635.68057035685
1211,11639.46214636001
1212,11670.68393819659
1213,11769.696379902762
1214,11858.104053468269
1215,11621.2310289399
1216,11605.46328329942
1217,11650.162268969201
1218,11681.256799213315
1219,11596.81125513438
1220,11553.474070587066
1221,11521.985834919311
1222,11517.282945607927
1223,11493.658977935462
1224,11557.512835937478
1225,11526.561753433172
1226,11563.639637796008
1227,11626.743642253305
1228,11668.188483033533
1229,11727.803148605992
1230,11704.125323528157
1231,11665.190522079276
1232,11777.110282539605
1233,11758.972726381593
1234,11649.828865819723
1235,11659.012696236769
1236,11811.316445556344
1237,11779.676181380779
1238,11741.403305859378
1239,11738.202041615878
1240,11773.515146411863
1241,11916.349684589499
1242,11857.549430935884
1243,11930.561061985678
1244,11995.952439565292
1245,12066.106221752827
1246,12159.941304691969
1247,12180.11922174001
1248,12197.343918950302
1249,12199.92215059468
1250,12185.654276830648
1251,12147.503910877938
1252,12159.962814687797
