,Profitloss
0,-0.2041248741850854
1,-0.16734527984315628
2,-0.7241619847372482
3,-0.47713557523033634
4,-1.2579401525401823
5,-2.231064960746909
6,-2.2877481138866784
7,-2.9507016180296386
8,-3.063744424575665
9,-2.703614379512176
10,-2.6157933760725727
11,-1.2527059447680844
12,-1.0600497487659344
13,-1.0056119932423169
14,-1.7217869821363863
15,-1.5911242240116419
16,-2.855915393057329
17,-2.896009446358694
18,-3.133207827467721
19,-2.9464381359364467
20,-2.9312244013850464
21,-2.5390275226390147
22,-2.3803116036115513
23,-2.8813778477141727
24,-2.119901642191113
25,-1.0269501263166947
26,-1.8217139715078878
27,-3.8222849871532794
28,-3.061203222792419
29,-3.3250150994707184
30,-3.511087302465221
31,-3.5491448226034783
32,-3.4527983229650228
33,-3.7315426681960417
34,-3.468258970947913
35,-3.8452404998382317
36,-3.6090484749026874
37,-3.7175435394855905
38,-3.798386146356625
39,-3.586463283214847
40,-3.440004508161265
41,-3.1066712494922544
42,-3.573055508392964
43,-3.9886029892307273
44,-4.514614488093017
45,-5.637885892961913
46,-5.732207957737556
47,-5.627292299848918
48,-5.439050901448395
49,-5.892088650355043
50,-3.8635074058526397
51,-3.1309493411953215
52,-2.2537043593238937
53,-1.6056586241863569
54,-1.8343062998874893
55,-2.4862502587302826
56,-2.5814709149565296
57,-2.3834154725627554
58,-2.2386690229947326
59,-2.4535333291045958
60,-2.5176193582307604
61,-2.6306378782566253
62,-2.8880601566438457
63,-2.576724250282525
64,-1.2728031100722959
65,-0.8315122368632744
66,-1.105068217340932
67,-1.1188659442809445
68,-1.1659943927442185
69,-1.1795177841460114
70,-1.7509828979872522
71,-1.6948799470690612
72,-1.4187511651669094
73,-1.2392112010091494
74,-0.5374251429228649
75,-0.38426694760304025
76,0.26760008293236215
77,0.41161867821783993
78,0.13734723033420604
79,0.11889250207499646
80,-1.0436840848477513
81,-0.5910487563903333
82,-0.4885419529814472
83,-0.8643445018399087
84,-1.6633972777891026
85,-1.3057842322828472
86,-1.2366811701513103
87,-0.7633505076455993
88,-1.2514884102213242
89,-1.2735070831999984
90,-0.977158719831428
91,-0.7711881208628202
92,-1.0696711206209075
93,-1.3399901191194052
94,-1.1226574747129958
95,-0.11959786713033882
96,0.13709027689332576
97,-0.42991003951438067
98,-0.28902784722657504
99,-0.3912433265791715
100,-0.5708586412734307
101,0.12415647854020495
102,0.6919327890125393
103,0.86432611672973
104,0.8069737847108849
105,0.6508745858742726
106,0.17018398932695522
107,-0.03240876347969657
108,0.524595876314593
109,0.7480087151474635
110,0.7606917715303751
111,0.40448443754781405
112,0.4899446548058739
113,1.3216574877351839
114,1.357427682957879
115,1.5006075966203847
116,1.4692567938701107
117,1.6181173518019953
118,1.4600594428138214
119,0.8421733951890609
120,-0.4064692122478508
121,-0.8089118157205477
122,-1.1416281802640649
123,-0.399262348706797
124,-0.7767749160863979
125,-1.767638373166902
126,-1.8876294189955956
127,-2.144721839904784
128,-0.4244978154940293
129,-0.2095170515757694
130,0.17144621696409956
131,-0.17423922324130148
132,-0.5211586357369957
133,0.0071308996197005925
134,0.6966526135391726
135,0.6179136334933943
136,0.7391841704260438
137,1.0067495945054183
138,1.1333110535584279
139,1.058339678677167
140,0.2349049016745708
141,-0.8246874347705324
142,-0.16808545752191595
143,0.15856614503135802
144,0.22065141094196328
145,-0.19486598231812646
146,-0.07820876422677259
147,0.11886796167190905
148,0.10960610245771552
149,0.45810548911275895
150,0.7254178702118752
151,0.20327147862435613
152,-0.14093108522225117
153,0.007859054862779935
154,0.6239327954569163
155,1.2657802430375176
156,0.9817550876614956
157,0.38421613912571484
158,-0.0792960538992804
159,-1.721488629234047
160,-5.349391993566133
161,-6.560681561072068
162,-4.757521863394354
163,-2.692655734626759
164,-2.7050316936267804
165,-3.087768424327042
166,-5.038041093743473
167,-4.935068515540097
168,-4.655709917142625
169,-5.886053845171313
170,-5.270467448785244
171,-5.138851364714981
172,-6.007222772605014
173,-6.344741884186855
174,-6.804883761641078
175,-6.612753215648404
176,-5.182427173061132
177,-5.6427096470474725
178,-6.587935309985804
179,-6.8367322853950085
180,-7.600023983768622
181,-7.880686932362213
182,-8.318641761396384
183,-7.684288549056961
184,-8.432266265306342
185,-7.6752362900605835
186,-7.062766190201075
187,-7.427809509435368
188,-5.002435839778919
189,-4.7858033798389155
190,-4.687359685255066
191,-4.529116902232044
192,-4.887847991032068
193,-3.91389229861161
194,-3.7299450581859017
195,-3.872271361850954
196,-4.417839475586815
197,-4.062931538220149
198,-4.023451948250479
199,-3.8813971305722395
200,-4.02491620034141
201,-4.73692842359511
202,-6.36079271009703
203,-5.530154674181997
204,-4.456501260862112
205,-4.206579647332664
206,-3.7932173108206957
207,-4.123304201846667
208,-3.0791122950694194
209,-2.535850946764684
210,-2.7148983517055525
211,-2.070307671717908
212,-1.9790783523912392
213,-1.9347074043678525
214,-2.2095623444304824
215,-2.1997483151328656
216,-1.9251132954521966
217,-2.0759897023738483
218,-2.852326559008578
219,-2.4146990748960095
220,-2.3867941902779855
221,-0.7324944059152738
222,0.4674197819316106
223,0.3745805298432492
224,0.9719507981171827
225,0.7733790452979505
226,0.10984407069796198
227,0.6164465076407222
228,1.9521909993140962
229,1.4761775929775567
230,1.3333797053302288
231,0.8926439252314067
232,0.5962160225176483
233,0.5240985501132167
234,-0.024922494432966236
235,0.0322140011047356
236,-0.030807489567297175
237,-0.2382123037174
238,-0.3124224812958598
239,0.38906240679201787
240,0.47584113849812315
241,0.09951541915875772
242,-0.17323447645393175
243,0.38407840085898926
244,0.6552593678858631
245,1.0221008683009902
246,0.7325045372103656
247,0.6351855187662903
248,0.8696206220618619
249,0.3553769716128752
250,0.050643286164775425
251,-0.5706120997851616
252,-0.547783501850152
253,-0.6872848263520304
254,-1.7143093821079702
255,-2.3694671089691033
256,-2.4934706082100244
257,-2.1580083437206854
258,-3.078567150335676
259,-2.687131934929876
260,-7.456173680371014
261,-7.272195531896298
262,-8.025050903547603
263,-7.322180679542178
264,-6.969261938097404
265,-7.485057614557656
266,-7.145356632848799
267,-9.593278063281918
268,-9.636636295656519
269,-9.092020603172768
270,-9.198805208570226
271,-11.060600379564711
272,-11.508602872372542
273,-11.007032841304321
274,-11.662185930667091
275,-12.09123221476317
276,-12.790913252636715
277,-11.668142172714957
278,-12.32384998468471
279,-10.423278633870147
280,-9.783225751837287
281,-9.21346429952088
282,-9.319354689442083
283,-8.307573142762548
284,-7.181074295326617
285,-8.310533950719122
286,-8.442579624918235
287,-8.390009658819974
288,-6.248872102270997
289,-6.246219445405687
290,-4.189873255159926
291,-4.756455579051244
292,-4.657288355475975
293,-4.633926727736082
294,-4.553637161596146
295,-5.535175265522907
296,-4.6399849287989685
297,-4.706937056883531
298,-3.471953535831618
299,-3.912741999211966
300,-3.939564993827238
301,-3.397668989472402
302,-3.39666077382218
303,-3.348907582415439
304,-3.3720692633446903
305,-3.2275997418222846
306,-3.7619970132410363
307,-3.5962087548533694
308,-3.5817103058769617
309,-3.16873783077557
310,-2.387007736969271
311,-2.3830483743869424
312,-2.8701333923739303
313,-2.998985117347075
314,-3.254353091182627
315,-2.746978330021077
316,-3.573576428369263
317,-2.4076473688688593
318,-1.7676312744148936
319,-1.3301379067670815
320,0.5903293396047449
321,0.7661261033630185
322,0.6627760806283023
323,0.5237418696219853
324,0.6040641796121182
325,0.5569723198899368
326,0.5298039715620151
327,0.12157378903312477
328,0.09866874197901332
329,0.1085203089158826
330,-0.15027403323130128
331,-0.14269254335458337
332,0.9827145296462225
333,-0.07649318920115444
334,-0.37163049227719736
335,-0.07228819136917419
336,-0.3973129643216944
337,-0.7558185548836138
338,-1.4770412899959728
339,-1.72837010033271
340,-2.097900591762425
341,-2.68699662304841
342,-2.573734266062122
343,-1.6969453097698262
344,-1.0156090396438944
345,-1.1820882190577753
346,-1.9277622514571657
347,-1.3995182288030983
348,-1.4878198883627514
349,-0.22159722543224625
350,0.05025748212863501
351,0.4419918911275911
352,1.0516885231187212
353,1.1002435906316554
354,0.636747984723729
355,0.7058058454414207
356,0.4193552519190735
357,0.5668701753222871
358,-0.23396435322002862
359,-0.32392063718970077
360,-0.3437620703528821
361,-1.0935309930947934
362,-1.1488298366164607
363,-2.2867990175459485
364,-2.2605789369704365
365,-3.2588905320928285
366,-3.1158949614452203
367,-1.4583664335519941
368,-1.351839125281895
369,-1.2195843471965118
370,-0.8595713255904802
371,-3.7228262913745813
372,-4.4126409005402545
373,-3.4250562042525745
374,-1.466769801686052
375,-0.4287361627744901
376,-0.3835434955900996
377,-1.8512702373193246
378,-2.0051698431912457
379,-1.6928106061545933
380,-2.36500739664518
381,-1.225006254237282
382,-1.4922374358301238
383,-1.5721833360556658
384,-1.6887062022583166
385,-1.5975777718173934
386,-1.6422038823119878
387,-2.336744021918502
388,-2.6068854773335426
389,-2.7649802060584205
390,-2.8381863379146166
391,-2.8937353233962293
392,-2.802986470431279
393,-2.375019660791655
394,-2.334224795803541
395,-2.549483258125773
396,-2.4025430845715734
397,-2.7102998384779364
398,-2.5219746024104706
399,-2.211501430090812
400,-1.5627970466333574
401,-1.7405833777601964
402,-1.0116703569600483
403,-0.9706477461350338
404,-0.3854453365746191
405,-0.6681153222234837
406,-0.06844011441446973
407,-0.1274526621725003
408,-0.2018567302516816
409,0.022436365065447994
410,0.28847427722256125
411,-0.26321593528805254
412,-0.27632003077849854
413,-0.47094000034297867
414,-0.43250720358268824
415,-0.3106595768756937
416,-0.32633081803181696
417,-0.2364195734573249
418,-0.8154044618861933
419,-0.021035391436785567
420,0.47055427302362673
421,0.6758348104328293
422,0.8696938100559937
423,0.9131691304721468
424,0.2946811967354579
425,0.46329394620778785
426,-0.006709009766747709
427,-0.08940182097644245
428,0.08617102470864779
429,-0.11624938948459063
430,-0.03722961102634592
431,0.04928238248025352
432,2.0806267047217553
433,2.6341164750456336
434,2.345589563956252
435,1.5019033913230118
436,1.715541559092415
437,1.4120221443706393
438,0.5556851467427126
439,0.6014021360739807
440,0.6584851450329943
441,0.9797909174520614
442,0.9825226697794953
443,0.6682837274747833
444,0.4113811839489001
445,0.44118358895473
446,-0.3174923353410075
447,-0.4439442365704038
448,-0.6019131499131358
449,-1.358841183867332
450,-1.506106476437541
451,-1.3420602166252182
452,-1.2928816411646005
453,-1.1763761366885506
454,-1.4387209744975538
455,-0.9061732375910792
456,-0.957098666756051
457,-1.9409165144414264
458,-1.888410458317591
459,-1.971575066510478
460,-2.329209590989234
461,-2.616825927071764
462,-4.163254936018513
463,-4.176481118490971
464,-4.58095830000812
465,-3.260803066700524
466,-3.814656603563449
467,-4.075409132446584
468,-4.696287161650325
469,-4.970994257971617
470,-5.283444109179857
471,-5.19321770017317
472,-4.442143195905645
473,-4.241512919524181
474,-4.434279089438286
475,-4.116810811489657
476,-3.7607833395608137
477,-3.408322559502719
478,-3.455592757343662
479,-3.2615462948302643
480,-2.8923065965466455
481,-3.3335405792224715
482,-3.9048224169315193
483,-4.374518010438688
484,-4.041179314348408
485,-3.9216524894406857
486,-3.6094603771353095
487,-3.90626706936813
488,-3.549700869565986
489,-3.9155043111173904
490,-3.309984022548118
491,-3.4883227395577254
492,-4.106048086619751
493,-4.503207631089612
494,-4.547141368554608
495,-4.235379660029714
496,-4.313041019014918
497,-4.480343342739779
498,-4.254220076648496
499,-4.014219801626195
500,-3.9480886549958405
501,-3.6615332042781223
502,-3.917161038165906
503,-3.4103021358145136
504,-2.0542497164990903
505,-1.4401994850962496
506,-1.599626134730292
507,-1.3765825018761002
508,-0.6075108928401018
509,-0.643300777264777
510,-0.5389732076591103
511,-0.16558095083755164
512,-0.25771065840994867
513,-0.5008156229002636
514,-0.4666399146371569
515,-0.3988183524245459
516,-0.16145008494827806
517,-0.14726393958923722
518,-0.16540401898249568
519,-0.1760343669459541
520,-0.561740560712376
521,-0.36990305855751915
522,0.06413048949247546
523,-0.24358297236579673
524,-0.1263379508553375
525,0.2576179678414503
526,0.47725740316184595
527,0.8811457800019573
528,1.7809586229774022
529,2.2325934449786144
530,2.495138797582075
531,2.7012317453222856
532,2.5534558786549644
533,2.51380278605291
534,2.729725277265116
535,2.730074620320555
536,2.9938869265325074
537,2.918123876763179
538,2.7617313830434087
539,0.6471842454219612
540,0.3945411837683599
541,0.7680266486750131
542,0.95395152218678
543,0.887683165443276
544,1.2045497740506006
545,1.1698222117685564
546,1.1248417723975557
547,1.1251644858921495
548,1.19851716774797
549,1.2392724719745507
550,1.207330231119319
551,1.2686189302018258
552,1.2970016269411522
553,2.043671901985933
554,2.1957481089053488
555,2.142027400878299
556,0.51272846134367
557,0.40125314825871783
558,0.342115838908863
559,0.18192982536140434
560,0.12897233640414285
561,0.22375358343431628
562,0.4993839227009689
563,0.8302639976009107
564,0.8836624324386699
565,1.0201883013366775
566,0.9763215556756188
567,0.6420032702648237
568,0.5233654647376573
569,0.432754916541378
570,0.5086031653904088
571,0.3868946224766301
572,0.41929482397471407
573,0.2664992867735805
574,0.36595449348642006
575,0.4691930442636272
576,1.6276515686311166
577,1.6131910380010384
578,1.5306575286347268
579,2.10355744172408
580,2.8252065011835192
581,2.777503467621023
582,2.678701585399579
583,2.2455857591587636
584,2.2247394800964715
585,2.2124608968550508
586,2.52229500884551
587,1.9272066245686226
588,2.084219912415186
589,2.189068518202819
590,2.794304197233366
591,2.6349267072774074
592,3.5225210332102463
593,3.809004236011959
594,3.6590414720471642
595,4.340157545219525
596,4.218905035669818
597,3.8695463034561506
598,4.102408283349757
599,4.615624240406113
600,4.675510269292826
601,4.632492097666341
602,4.801908789343989
603,5.57767293473086
604,5.591727073689046
605,4.880824871762313
606,4.9581823291904525
607,5.03330788998082
608,4.9407750877394685
609,4.709360767259296
610,4.856814651890118
611,4.495891123583773
612,4.234261760759783
613,4.142538687512665
614,4.467771966567091
615,4.462023258051628
616,4.27506479130535
617,3.4959285884580416
618,3.7332502836294967
619,3.8828973670311573
620,3.3195949708095807
621,3.2984909639816706
622,3.3175867180937457
623,3.446046669851577
624,3.354420320671081
625,3.6971652910037234
626,3.905982956271181
627,4.03631984551831
628,4.202901108626733
629,4.56026987792999
630,4.471236176863802
631,4.337666195485679
632,4.775744350262978
633,5.062358667470468
634,5.160948288268563
635,5.219477385066851
636,5.514543550874329
637,5.514787100110552
638,5.591047628172197
639,5.8856887944308545
640,4.25449342020443
641,5.751344832508187
642,5.783180870177551
643,5.711667934220643
644,6.622026201221165
645,6.6109198048009965
646,8.692719888781708
647,10.287986824366113
648,10.180291171747747
649,9.965150777492582
650,10.181408943548265
651,9.886116455522199
652,10.067553624276847
653,10.128514847380199
654,10.24392012289772
655,9.638641875658195
656,9.233783254043715
657,9.348049608655984
658,9.643278519248021
659,9.68628918681398
660,9.01391067853674
661,8.835236442783124
662,8.43783317668192
663,8.992107401780647
664,8.64393749094865
665,8.997754470429431
666,9.271030003634117
667,8.976231449433914
668,9.000372066818274
669,8.976709663372095
670,9.901231080397555
671,10.357201879044586
672,10.091304448056349
673,10.169210019049757
674,11.730565175556972
675,12.597698876078578
676,12.954246627639598
677,13.669327122853513
678,13.441354956084496
679,13.745958949052772
680,13.693712920522906
681,13.862833318552404
682,13.461433068786066
683,13.391135683247457
684,12.752952140655704
685,12.924887919798756
686,11.88525282163555
687,11.074087119698216
688,11.05970741808262
689,11.282119783371481
690,11.90307651408764
691,12.011097840525808
692,11.880683543159321
693,11.563192991971171
694,11.540512282235316
695,11.916697915962416
696,12.156580849236365
697,13.327357102739423
698,13.111707285605046
699,12.853036506709037
700,13.006930739974099
701,13.717823312489985
702,13.547690769745158
703,13.44502252217714
704,13.043493233149794
705,13.093768346977042
706,13.257588703803268
707,13.057182408747625
708,12.786542360075748
709,12.81297738374494
710,10.565046331715067
711,10.175373456885573
712,11.095657034552687
713,11.30028107346357
714,11.191464327231749
715,11.145385429723254
716,11.377492974297132
717,11.226020790972925
718,10.854272790049158
719,10.568626239401757
720,10.278017373797987
721,10.190910048577262
722,9.877983388141498
723,9.714068704389689
724,11.74093032541177
725,11.794799132475763
726,11.84629000543369
727,12.296744188876009
728,12.872959506411563
729,12.552329967279707
730,12.066731008980103
731,10.946419354535442
732,11.570706041607103
733,10.905059008746875
734,10.383265034057798
735,10.5158781223329
736,9.636607873101944
737,10.266093021673427
738,10.621220236697804
739,10.48538588240875
740,10.60150009137879
741,10.510757946173332
742,10.204285626266806
743,9.812128604236946
744,11.194237856868217
745,10.90321861539798
746,10.862318353580491
747,11.465594912352461
748,11.530689297619645
749,11.480955738993659
750,11.19671500499566
751,11.380701971860985
752,11.412549617141753
753,12.445068023241546
754,12.810513132149136
755,13.184295810749713
756,13.309334539120599
757,13.5728258380162
758,13.92170863379667
759,13.81268173325607
760,13.968573323502632
761,14.320866574514014
762,14.820375654598239
763,14.515663898198849
764,14.476296792530796
765,14.552304245652925
766,14.469501216383197
767,15.390263765209667
768,15.32650575263521
769,15.138756912456785
770,16.464600785961924
771,14.9991423659253
772,14.538847116577358
773,14.920057803842512
774,14.354317779870396
775,12.639686931285565
776,9.744986974470415
777,9.941291072689706
778,9.540643599247577
779,8.028754872707378
780,8.452335954079192
781,9.972690499708925
782,10.201704545640444
783,11.02509329048116
784,12.109631977396539
785,11.399279415666275
786,11.379143179281769
787,11.650531309256461
788,10.952112728040685
789,11.311116036599822
790,11.654801869853104
791,11.153913215491706
792,11.33679333005384
793,10.859115946132247
794,10.90470517351263
795,12.115591679687189
796,12.83688804344074
797,12.665518496622896
798,12.815344500991577
799,13.10402011308549
800,13.59069340627983
801,12.475151865731382
802,13.943683133165653
803,14.48417402210409
804,14.429040323706621
805,13.737526045831473
806,13.426931733296655
807,13.356873212127107
808,12.333363081853843
809,11.925304875912545
810,13.075963483954368
811,12.944445878805567
812,12.30879588972449
813,12.35123221362311
814,12.157329361159475
815,11.829408245021611
816,12.228997066068882
817,12.416481354636865
818,10.507702343365622
819,11.21863749085903
820,11.738900456152535
821,11.172690157140686
822,11.263491427348882
823,10.8330524933119
824,11.040924708618682
825,11.97282910921016
826,12.223165500092769
827,12.0914965788516
828,11.782123101716046
829,11.655373013886194
830,11.714894049188661
831,11.714894049188661
832,12.669504696669476
833,13.493206325900807
834,13.471546181631378
835,13.655786870241272
836,13.166982467496812
837,13.40341324289569
838,13.409862232512658
839,13.626050040694704
840,15.042141818787735
841,15.052961403293885
842,15.145435799938234
843,15.387609885674625
844,15.415966929181257
845,15.002878786899544
846,16.201268998339756
847,15.701831737220019
848,13.187990229081969
849,12.646194436802038
850,13.150696428555886
851,13.049245007928656
852,12.92939506897075
853,13.477109683159028
854,13.229854056830327
855,12.496084603181522
856,12.72802901947987
857,13.195507978198995
858,14.17818866506806
859,14.1152075995163
860,13.663133161437212
861,13.563690534503369
862,13.829219988155451
863,14.364601279884148
864,13.759731309280454
865,14.080117544845173
866,14.173252947627347
867,14.311029562503851
868,14.826387267455665
869,13.426616729663653
870,13.77945999787984
871,13.288386078240876
872,13.105280000074892
873,12.676231256972038
874,12.679858025596392
875,11.584240567639647
876,11.282071842130904
877,11.347998854283926
878,11.723197797888684
879,12.002938259262596
880,11.864090758797863
881,13.696287858744993
882,13.382264328428949
883,13.289383996096383
884,13.449506296504943
885,14.030487317470207
886,13.21285038972453
887,13.527680299739586
888,14.075006237867083
889,14.042750582718622
890,13.462577932569463
891,13.873681458320242
892,13.901690783520726
893,13.574077932998874
894,14.474410272466876
895,14.24553179404171
896,14.032754071766028
897,13.523005959237322
898,13.343766728767381
899,11.508169671718127
900,11.998583921161199
901,11.834809236034992
902,11.662019954927306
903,10.910459811026918
904,11.070721861730703
905,10.495163270049023
906,10.429198151734308
907,9.61334266516416
908,9.849961728588429
909,7.80929057120312
910,8.020611278047628
911,8.54665148395457
912,8.733913978860963
913,8.846183140487218
914,8.749365019397048
915,8.233238702797241
916,9.465296177551297
917,9.610543749430533
918,8.993500352079309
919,9.02736136864335
920,8.999673745731407
921,9.31452509504982
922,9.429934599136857
923,8.430638555240177
924,8.39892208534292
925,8.494462482778054
926,8.508051419837702
927,8.54346042571219
928,8.888840747945181
929,9.430408667122837
930,9.128988893410007
931,9.081102534340157
932,9.897832370097737
933,10.772753796869129
934,10.774403474578587
935,10.54055025679519
936,10.522071494012298
937,10.406636665612833
938,10.873005287285809
939,10.86415846169535
940,10.674786785135337
941,9.677552317363713
942,9.555539956102145
943,8.217922054227067
944,7.30610342614908
945,6.627114574301296
946,6.956792011251323
947,6.312861145065285
948,6.870539507525919
949,7.927894613384989
950,6.789662673578789
951,7.7460526283826825
952,7.979650333534116
953,5.600028731942364
954,5.757884247910661
955,6.57848288396945
956,5.330603799757538
957,4.408044470193562
958,5.27769886796714
959,4.883600643202213
960,3.8996941945244945
961,4.03954790440626
962,5.5840205538131515
963,7.107125296801642
964,6.411543148951138
965,5.67192303305073
966,6.075180096778654
967,6.451214480801015
968,5.9984800027285345
969,5.677035941650876
970,4.9542530130376905
971,4.067248725506101
972,4.542647380197962
973,4.442731373335063
974,4.333338099396444
975,3.8948442504881386
976,3.0259932493402086
977,4.0781512722323
978,3.880887678210465
979,5.735762601526484
980,5.309863572352813
981,5.9376401900255615
982,5.167188757981855
983,6.916225077497762
984,8.025909115573171
985,6.977887234763713
986,6.886160436507915
987,6.874764428212066
988,6.7983620105710685
989,6.789912501658635
990,7.117525785716716
991,6.896860981394304
992,6.728121684417188
993,6.382608963601033
994,6.732610703122921
995,5.907588337749248
996,5.432833012387972
997,5.067243715473713
998,4.987769160562472
999,5.33925112714233
1000,5.201311787008178
1001,7.589623670957835
1002,7.839564910169838
1003,6.196569019042686
1004,7.590803271025526
1005,8.095301479981142
1006,8.14562762165112
1007,9.10975499621587
1008,9.87973869075156
1009,9.481827463818583
1010,10.863988264600577
1011,11.708051761358163
1012,12.111210006692218
1013,11.763938274409004
1014,12.255224026865008
1015,10.704719099967154
1016,10.44052692441424
1017,10.401499222649946
1018,11.315721730714912
1019,11.14151346109411
1020,10.726161414118817
1021,11.570652579276608
1022,11.74974012736274
1023,11.456891603872554
1024,11.900565227552873
1025,12.33970617382183
1026,11.513624413128621
1027,10.32298340338713
1028,10.142540497438745
1029,10.018553433248467
1030,10.394723911207372
1031,10.964695619766673
1032,10.902547050928701
1033,10.521384043052805
1034,10.541769997671668
1035,10.281711497270463
1036,10.467127665024956
1037,9.372974950664403
1038,8.829325279661004
1039,8.817670755053197
1040,8.688196459693632
1041,8.728387444602891
1042,8.353703604468432
1043,8.316188850411855
1044,9.619890678697573
1045,10.351610164380087
1046,9.354019779404732
1047,8.908248003824593
1048,9.328827429682773
1049,9.58826886673474
1050,9.607628130961587
1051,9.723450080495244
1052,10.496414416724264
1053,10.694952388548295
1054,10.116841763955332
1055,10.318594871487896
1056,10.38839700755332
1057,9.89029003258748
1058,9.814485230188508
1059,9.926497556947522
1060,9.123787272970297
1061,9.096416696010333
1062,9.471607143142101
1063,11.633394536200047
1064,11.808259988136438
1065,12.37404642144222
1066,12.662348315142257
1067,12.775777920599541
1068,12.8994742444833
1069,12.299231295800883
1070,11.63278565572372
1071,11.499123555484502
1072,11.489776508568884
1073,10.85799187429155
1074,10.952407045013013
1075,11.230834794667356
1076,11.08412794873388
1077,10.92812112630579
1078,10.540348153922219
1079,9.950874421885514
1080,9.330802329139498
1081,9.376725013036236
1082,9.337714789073527
1083,9.433658976027415
1084,9.324781346862455
1085,9.41514121848872
1086,9.422358305133539
1087,8.978401117132261
1088,8.7100122093136
1089,8.350596929800203
1090,7.970658761840155
1091,8.203857421223626
1092,7.349325183842237
1093,7.556567209225462
1094,7.712486944295627
1095,7.982439320478418
1096,3.5511497743702547
1097,0.4157857333634274
1098,0.42754884254905257
1099,0.25340304054821683
1100,-1.3750496375627752
1101,-0.9741710924491498
1102,-1.182334362493298
1103,-1.7514695255412938
1104,-2.202371760667876
1105,-2.291399084853496
1106,-2.478652714387952
1107,-2.7277412381491506
1108,-2.0618226646617943
1109,-2.220634181635539
1110,-1.7548601359351323
1111,-0.748006297224646
1112,-0.7846081280160733
1113,-1.8362224047027031
1114,-1.2688940095490375
1115,-1.6529461701670245
1116,-1.867154269656146
1117,-1.0035196534778135
1118,-0.7328688971926289
1119,-0.3785071147287322
1120,-0.5406893103189869
1121,-0.2005719532804484
1122,-1.3747645696122412
1123,-0.16445620069404088
1124,-0.40402471721255884
1125,0.14490390675501175
1126,0.29981701416765816
1127,0.6147289741604611
1128,0.5500391463167054
1129,-0.2589616780439785
1130,-0.2748156464495555
1131,-0.043713878702467124
1132,-0.11383338374698626
1133,0.005337878071243196
1134,-0.07249042254876548
1135,-0.24142570345779824
1136,-0.5664561262065604
1137,-0.6971724059618434
1138,-1.324737488112926
1139,-2.11109186916959
1140,-2.4227787813664636
1141,-1.8032344881726003
1142,-1.512045654187144
1143,-1.9913714881896971
1144,-1.8872884737429763
1145,-2.0531995853635188
1146,-2.2270415242112707
1147,-3.0145595426937843
1148,-3.399618178411057
1149,-3.471261960178107
1150,-4.314999490310267
1151,-3.96066094801264
1152,-4.136725311152323
1153,-3.9196175859882665
1154,-4.267475284536781
1155,-4.604183222436786
1156,-4.4716507992086925
1157,-4.954998745488027
1158,-4.999698441351585
1159,-4.613788603493751
1160,-2.432375244012397
1161,-0.9592087696200902
1162,-1.1457079244484247
1163,-1.5347542399565373
1164,-2.6795453025761806
1165,-1.7954399903640228
1166,-1.716055527270044
1167,-1.7037027007489103
1168,-1.6389293449124764
1169,-1.6943378197361247
1170,-2.007276162367999
1171,-1.956406411946443
1172,-1.7196162212738009
1173,-1.9774388043880764
1174,-1.6100521195996809
1175,-0.6286412686572818
1176,-0.15814116298277225
1177,8.463621712362368e-05
1178,-0.035993007315393566
1179,0.47940540623174765
1180,-0.455447508757334
1181,-0.9173526760840378
1182,-0.5486319487513547
1183,-1.0948984754289959
1184,-2.250561706796317
1185,-3.682818576073621
1186,-2.033028249983271
1187,-1.726292876333102
1188,-2.625490400902286
1189,-2.1793926444932055
1190,-2.3437767737422566
1191,-2.3876801936388636
1192,-2.1747622523887955
1193,-2.1698251336415564
1194,-3.1229995460099746
1195,-4.180633747458251
1196,-3.8940796524600807
1197,-3.2932981685282248
1198,-2.327624476587653
1199,-2.2600925151048945
1200,-1.3830331452653555
1201,-1.037680261929097
1202,-1.0889972854203012
1203,-2.565060945322606
1204,-2.4335242655150635
1205,-2.660777422476801
1206,-2.461988546651084
1207,-2.700017175823788
1208,-2.793835677325418
1209,-2.5992956328290906
1210,-3.0359952470262463
1211,-3.0044821136665734
1212,-2.7443005150284194
1213,-1.919196834143655
1214,-1.1824662210977555
1215,-3.1564080921675064
1216,-3.2878059725048425
1217,-2.9153144252566543
1218,-2.6561933398890347
1219,-3.3599062072135033
1220,-3.7210494117744464
1221,-3.983451375672409
1222,-4.0226421199339395
1223,-4.219508517204485
1224,-3.687393033854358
1225,-3.945318721390234
1226,-3.6363363516999314
1227,-3.1104696478891247
1228,-2.765095974720555
1229,-2.2683070949500728
1230,-2.4656223039320246
1231,-2.7900789826727057
1232,-1.8574143121699582
1233,-2.0085606134867207
1234,-2.9180927848356353
1235,-2.841560864693593
1236,-1.5723629536971373
1237,-1.8360318218268445
1238,-2.154972451171855
1239,-2.181649653201023
1240,-1.887373779901147
1241,-0.6970859617541736
1242,-1.1870880755343038
1243,-0.5786578167860212
1244,-0.03372967028923979
1245,0.5508851812735527
1246,1.3328442057664036
1247,1.500993514500082
1248,1.6445326579191955
1249,1.6660179216223314
1250,1.5471189735887236
1251,1.2291992573161492
1252,1.33302345573163
