,Portfolio Value
0,11910.453032165895
1,11915.865419594422
2,11888.209923646311
3,11915.355611413699
4,11840.809345916878
5,11750.604638962202
6,11729.033126269582
7,11665.411206694407
8,11666.100798640495
9,11751.081719684895
10,11764.535894660381
11,11910.991361009967
12,11938.229034770164
13,11959.076311537845
14,11899.381445674942
15,11878.599984501037
16,11729.129951646255
17,11719.342207221081
18,11682.92747011924
19,11691.91915143367
20,11709.027128860447
21,11731.803519465338
22,11729.13617605901
23,11669.655353852138
24,11712.040094278553
25,11768.317376225788
26,11620.38288435256
27,11461.477609202697
28,11593.392826517784
29,11518.765031157764
30,11488.56427560434
31,11485.1037095049
32,11495.813237371493
33,11459.399451026356
34,11476.991196953082
35,11394.8635800121
36,11426.778026691187
37,11405.934591226523
38,11397.375333187232
39,11427.561430093325
40,11437.974041460273
41,11496.108623948194
42,11433.701445440445
43,11411.905561072803
44,11358.553530673758
45,11246.608429778355
46,11246.546064457718
47,11278.037578592634
48,11301.05953056529
49,11273.825558495722
50,11466.852204204784
51,11564.732255324572
52,11572.74205176329
53,11621.032543397421
54,11646.467698584593
55,11605.825569419596
56,11567.835001074112
57,11601.53028405046
58,11656.34634966973
59,11644.227829127904
60,11666.70632488077
61,11637.270581585115
62,11491.64749420526
63,11508.455854151849
64,11616.086641720767
65,11704.872362725067
66,11673.008427105302
67,11672.274655761908
68,11628.773508024577
69,11622.00137748117
70,11482.365229331452
71,11488.938934455595
72,11485.215128943997
73,11496.11206864827
74,11523.638181732225
75,11541.650781019585
76,11574.469199563235
77,11622.248540901473
78,11595.906024041773
79,11593.90083075451
80,11496.583621445043
81,11526.782756967461
82,11553.859956040507
83,11385.01152006076
84,11349.250592525275
85,11464.841334600093
86,11500.846241957646
87,11480.313736930451
88,11421.96801124192
89,11432.706858717453
90,11438.120046843565
91,11477.013342234062
92,11428.14950766931
93,11422.677812752483
94,11464.517030824307
95,11591.370408975989
96,11636.265326951605
97,11610.730690269822
98,11630.438652571931
99,11605.045978729722
100,11555.535544245351
101,11556.116289089807
102,11627.441410909325
103,11646.27111854455
104,11626.117727645169
105,11614.35541587834
106,11560.55532388364
107,11542.12088522478
108,11595.03002613501
109,11603.048453074709
110,11600.9615791119
111,11538.334861120926
112,11551.474545792542
113,11643.753356302283
114,11660.723714245836
115,11668.849765838071
116,11666.524861312453
117,11696.266690287359
118,11679.718783250704
119,11640.126727358866
120,11541.063188158281
121,11479.207092826573
122,11463.521472933118
123,11551.082700725517
124,11510.037414196182
125,11370.722629909189
126,11339.999243743927
127,11284.009673646771
128,11483.771837708518
129,11508.880534408625
130,11654.22828317435
131,11598.293784032381
132,11510.58198019601
133,11622.862720417264
134,11798.194241995505
135,11779.670485030678
136,11840.058397302644
137,11921.087434523517
138,11942.040527267185
139,11907.497886683506
140,11639.590498308906
141,11199.855369647372
142,11224.857093123232
143,11268.70471264059
144,11255.770955834429
145,11195.531354915669
146,11225.43465780617
147,11260.240036254254
148,11275.525981430645
149,11299.284582653865
150,11351.767535589825
151,11227.687262642583
152,11151.171242317034
153,11176.904630161505
154,11253.82337519646
155,11285.77509398525
156,11258.684734781456
157,11200.118414630117
158,11057.384492357856
159,10984.38590053083
160,10762.720087218155
161,10597.270174525167
162,10799.630666876823
163,11107.827731583076
164,11109.345363383814
165,11077.985648222977
166,10892.306070841434
167,11047.832257869348
168,11086.934729609842
169,11009.575766031297
170,11086.316637772374
171,11147.437300875716
172,11121.879505452232
173,11095.873558423857
174,11021.759708194953
175,11034.33512797004
176,11361.996527384714
177,11303.113976565033
178,11189.879728743039
179,11143.586858580496
180,11032.146544615467
181,10983.775500596923
182,10894.493609841178
183,10989.537343508948
184,10943.024772785742
185,11061.580633373165
186,11101.946257909134
187,11066.600127139238
188,11305.091569091248
189,11324.603693173249
190,11345.015675898705
191,11333.400701238274
192,11271.208637707707
193,11360.031159640735
194,11369.711580303772
195,11416.793749308992
196,11328.503608813318
197,11432.846275178757
198,11451.813231368826
199,11500.033456963783
200,11462.906849621757
201,11304.287963433166
202,11275.75474480714
203,11339.39783877911
204,11589.100523748526
205,11813.949089962696
206,11796.541427425014
207,11701.179441307248
208,12165.496962644687
209,12345.674817636915
210,12263.54946048732
211,12376.46205494469
212,12388.672108365125
213,12394.168396819772
214,12278.913923291042
215,12359.700023359424
216,12413.996966571336
217,12384.339590570633
218,12345.2458192686
219,12427.516348607835
220,12376.639480926442
221,12572.229442804499
222,12663.87665958169
223,12631.44087019685
224,12728.437992613635
225,12684.91671996391
226,12600.967745206628
227,12684.001235574897
228,12896.214854542286
229,12839.637316654815
230,12825.233109292634
231,12817.241132524212
232,12766.828320809072
233,12765.617324438042
234,12653.929303415698
235,12664.927107585665
236,12627.613335775068
237,12488.072261728694
238,12445.793349784777
239,12530.289662570996
240,12538.741916749677
241,12504.208840474734
242,12396.047716336352
243,12455.125397227699
244,12501.599876854843
245,12526.65774629229
246,12459.79908986863
247,12449.640359275258
248,12491.057588399859
249,12423.701235652079
250,12375.395932635716
251,12276.130096674215
252,12339.800634810046
253,12296.277705904373
254,11951.48902288505
255,11833.10613625314
256,11811.025319625858
257,11850.323586124607
258,11795.18281947454
259,11841.741691543724
260,11585.83578112688
261,11621.95844368372
262,11470.466817017312
263,11592.830360391663
264,11625.382334066215
265,11576.590668493027
266,11571.26630970725
267,11479.178287242155
268,11455.742695546087
269,11616.196857058894
270,11529.582878341169
271,11274.477637188505
272,11205.610669010377
273,11291.699706465286
274,11024.142477593257
275,11008.784242060243
276,10798.682339519393
277,10889.021342194692
278,10792.315535172767
279,11133.599931337874
280,11408.399658016764
281,11584.990369448276
282,11714.716366041075
283,11792.02477141383
284,12019.3453414605
285,11858.007421633829
286,11910.204783883593
287,11903.513859827859
288,12392.047218750682
289,12388.172892019991
290,12645.171929393715
291,12579.172474577232
292,12596.43198280143
293,12623.52688937571
294,12585.09212543549
295,12509.077052436503
296,12572.570925860207
297,12562.261007654954
298,12818.42083493345
299,12794.963219459334
300,12743.572922319161
301,12832.408578809915
302,12843.76003592297
303,12930.370131521497
304,12916.012332095252
305,12935.749153818795
306,12831.411083744439
307,12846.848836325107
308,12852.133898946682
309,13083.399985052029
310,13092.520800746643
311,13102.657543448384
312,13081.40811933365
313,13049.168805927653
314,12920.820114307371
315,12996.165734392556
316,12867.60610886554
317,12901.430517940178
318,12945.519212564235
319,13013.754635220279
320,13244.12848568028
321,13292.010908338398
322,13251.195858227798
323,13231.923613036972
324,13335.944417618653
325,13316.222869937183
326,13295.610835659376
327,13253.80649026404
328,13216.076858221018
329,13218.400686311084
330,13128.774692579205
331,13100.926120942851
332,13342.65551129364
333,12926.995329443655
334,12876.292814162705
335,12963.314060228455
336,12883.532958763404
337,12853.383230710873
338,12759.103489216111
339,12663.730964143862
340,12561.265568206829
341,12482.8088889356
342,12570.397352710697
343,12769.464375921601
344,12882.206287259238
345,12846.275817242204
346,12757.255831596747
347,12796.436998991872
348,12782.228760798283
349,12979.346249727903
350,13009.776613982722
351,13035.371314380662
352,13157.44712043283
353,13089.614615328748
354,13055.596911073568
355,13076.212286249225
356,13064.914693316068
357,13086.512730561599
358,13030.005612044206
359,12966.565032753504
360,12963.952873853174
361,12745.397265297477
362,12754.450502385918
363,12647.838898330814
364,12648.246091684856
365,12604.83560239286
366,12508.449199498638
367,12590.126215798009
368,12527.12517315361
369,12597.787216509676
370,12669.599411912957
371,12536.150569438258
372,12368.674790398169
373,12438.795588692765
374,12713.131068374065
375,12759.992287404062
376,12770.439857000456
377,12644.974313329978
378,12619.374850988324
379,12659.284158984665
380,12542.739599770535
381,12837.356074920162
382,12783.669253962518
383,12758.176442150205
384,12717.639632513215
385,12692.934563911544
386,12695.17813898587
387,12570.74368369063
388,12542.666328982523
389,12499.41764469756
390,12469.413562656842
391,12453.735715022613
392,12481.350339266546
393,12513.226169909009
394,12554.780287330308
395,12431.88171797547
396,12480.095733544249
397,12430.89894812105
398,12447.695686395762
399,12496.696631526513
400,12629.367935273987
401,12606.412774691473
402,12590.683889910168
403,12605.891184115531
404,12643.33876732648
405,12603.93647751542
406,12666.364209629228
407,12670.229574143512
408,12641.468719030128
409,12692.07470355372
410,12711.058739464444
411,12674.628765871354
412,12670.415943368465
413,12618.126762181972
414,12651.419765246214
415,12674.017195698287
416,12673.783665752631
417,12684.83238176791
418,12558.990022888926
419,12801.562998477431
420,12866.210028162799
421,13157.849269209837
422,13165.734550891455
423,13147.279105373578
424,13051.719805550152
425,13070.521445302693
426,12980.919832282656
427,12981.350768169239
428,13044.391926750988
429,12956.289105853555
430,12957.654044552857
431,12964.942292454096
432,13292.894429657123
433,13339.68301628243
434,13302.050249706384
435,13240.970366955129
436,13269.886236284709
437,13236.49303634844
438,13144.340100047131
439,13143.371377500429
440,13171.440705537008
441,13186.954591665559
442,13187.462819568646
443,13124.382822727508
444,13088.69840037851
445,13124.567602849656
446,13011.520809359208
447,12972.52287574775
448,12936.566032735773
449,12947.33142767347
450,12927.608581997185
451,12955.84788566814
452,12950.449802221465
453,12930.282194414764
454,12925.513319171389
455,13068.06861926214
456,12964.406721264124
457,12833.517157542505
458,12882.780097650866
459,12939.83461250628
460,12900.745269080422
461,12783.039489715058
462,12613.113463613674
463,12602.673466535962
464,12578.955794778387
465,12722.012211842892
466,12694.131463427268
467,12600.885266468424
468,12484.815869060283
469,12439.900468859327
470,12395.021477466053
471,12472.498099902106
472,12536.045103625067
473,12544.648870458954
474,12511.37652837724
475,12581.417418063069
476,12646.862609638523
477,12621.058146633075
478,12638.651031525442
479,12677.47746217275
480,12768.694090887755
481,12698.735615544912
482,12550.060587715878
483,12491.374079714591
484,12578.518350139633
485,12597.078524787297
486,12724.515960498076
487,12704.599412046417
488,12759.750775247305
489,12722.903115541136
490,12814.169391024383
491,12769.946803715819
492,12692.46789400624
493,12650.049956815794
494,12686.514856759684
495,12751.924625611064
496,12750.015439396824
497,12716.756886437062
498,12744.259387509766
499,12759.900072538716
500,12745.760257563139
501,12769.626609134948
502,12709.790563750379
503,12861.500242621569
504,12984.883444408095
505,13209.264820010847
506,13182.308983941897
507,13205.306469441162
508,13300.618284304295
509,13267.715646476734
510,13216.46475719941
511,13213.026034532362
512,13213.047417867245
513,13190.28385988317
514,13173.793259999391
515,13147.34869226097
516,13202.848255891913
517,13204.705754160083
518,13212.41376312013
519,13199.893331692183
520,13165.058953308238
521,13178.900299239727
522,13217.390474706079
523,13194.35737240179
524,13193.02777109293
525,13235.653909034023
526,13254.652988802176
527,13270.93589788787
528,13426.138684759651
529,13428.592021115322
530,13422.165483020795
531,13438.402746365962
532,13400.075629825795
533,13411.086138680348
534,13437.27025235807
535,13420.068411099544
536,13461.925785507396
537,13466.088579383573
538,13441.02014673088
539,13159.086498327384
540,13092.421179227611
541,13110.404910353927
542,13145.467223051195
543,13100.797496299754
544,13111.585632196497
545,13101.351027610308
546,13108.66514179816
547,13112.452096944467
548,13113.942984350288
549,13103.076166255578
550,13114.310188136418
551,13117.275782857685
552,13110.602564894914
553,13239.318224132256
554,13249.43352894572
555,13233.70600439719
556,13093.766675358069
557,13057.064161902224
558,13057.303374298195
559,13024.528103929235
560,13040.468803151762
561,13070.331093687058
562,13091.168285396381
563,13112.971143767209
564,13115.570936970284
565,13128.007369967621
566,13104.20608481057
567,13063.052587611675
568,13055.9057853891
569,13021.800591782674
570,13069.265406901844
571,13042.165947961705
572,13038.487156591826
573,13041.50446621471
574,13060.83692837563
575,13081.952573295715
576,13202.92212319446
577,13220.509786060056
578,13207.467201068192
579,13277.314537772552
580,13434.387936087467
581,13424.383084581
582,13438.110826827895
583,13258.470987649936
584,13253.850757204564
585,13240.379439564313
586,13224.93219028811
587,13158.963178220421
588,13219.081085533848
589,13225.178051307825
590,13337.013039111735
591,13317.373749599112
592,13406.45694577271
593,13469.783200377467
594,13453.269446597533
595,13595.366915317409
596,13556.033779349538
597,13455.844610354688
598,13512.38131296044
599,13556.280164516114
600,13563.592396231528
601,13552.465421550667
602,13579.917717932261
603,13605.715363219995
604,13600.36129319546
605,13523.635578449044
606,13547.6371530841
607,13555.872897247074
608,13549.276844732482
609,13481.133769075386
610,13536.110623407792
611,13415.44942490125
612,13340.954505612637
613,13321.527905821174
614,13323.65535593557
615,13338.716349925788
616,13269.626118129338
617,13233.397183818337
618,13301.6076667978
619,13320.73804993134
620,13336.325934263183
621,13320.537068461763
622,13294.74610449965
623,13314.063393791621
624,13259.195813214585
625,13270.793147323217
626,13300.013745346092
627,13374.717882671917
628,13416.85094400544
629,13466.289829413607
630,13438.41196902189
631,13431.871540115455
632,13484.535393011858
633,13513.501067436175
634,13574.2014437068
635,13580.778827125747
636,13626.645132417332
637,13647.189177486474
638,13673.987251451865
639,13719.035789919275
640,13684.527829925444
641,13803.809099399963
642,13925.222477428666
643,13884.09969393558
644,13939.222439670822
645,13936.536310486648
646,14553.083732424015
647,14633.634716630284
648,14613.591042521206
649,14538.804519340763
650,14612.03571449026
651,14578.741584109091
652,14618.279283464206
653,14630.285933737474
654,14653.060035462326
655,14503.274611390243
656,14494.22716215139
657,14501.603296338002
658,14516.744723939579
659,14543.734637633961
660,14440.426314987493
661,14436.051211341595
662,14455.626956189757
663,14578.131229930092
664,14541.275858752497
665,14566.367963267889
666,14661.332100410506
667,14541.927357709701
668,14548.281850599722
669,14533.447447065431
670,14703.255705203796
671,14817.227909678732
672,14655.49350777629
673,14707.791574976334
674,14807.15578858723
675,14717.117373539952
676,14832.368545989682
677,14879.774226215824
678,14856.558391438966
679,15000.51626963525
680,14983.00165407369
681,15074.737812815107
682,15028.216277642907
683,15010.416609337946
684,14929.773958053402
685,14947.547261494694
686,14884.771099830534
687,14905.930777111951
688,14967.317510812729
689,14978.823461216703
690,15115.186291810063
691,15127.972320844543
692,15162.107587390798
693,15078.14572215117
694,15111.102289271728
695,15089.391077038248
696,15204.879619503528
697,15382.731270478589
698,15348.224665705733
699,15316.208831343018
700,15353.806016817809
701,15493.185632957862
702,15462.608406913065
703,15436.796859102855
704,15405.231133666193
705,15413.166846628417
706,15487.611085121747
707,15447.47552870954
708,15379.665541871324
709,15379.918412196712
710,15057.31820200835
711,15007.537253524368
712,15308.210286900849
713,15354.871107158011
714,15276.60107236764
715,15268.474560767823
716,15316.231938615807
717,15302.35424061298
718,15274.04751274597
719,15248.76224162009
720,15223.505061119371
721,15114.1154373109
722,15051.139532842886
723,14976.110218527068
724,15114.56060387114
725,15124.78169624396
726,15131.152230888509
727,15311.445955085343
728,15387.5146972779
729,15343.401331347039
730,15252.232422439158
731,15117.856837405156
732,15174.222816553382
733,15146.930621649457
734,15036.50947818044
735,15072.798348939743
736,14942.08485361054
737,15045.25019712354
738,15120.937698269376
739,15098.15340113235
740,15101.703923371491
741,15091.834616543287
742,15057.789029137959
743,15070.42893610177
744,15242.592664262756
745,15130.922732937415
746,15102.825787021693
747,15185.46536608276
748,15190.061865178548
749,15161.353963868609
750,15136.901959631108
751,15082.744563645287
752,15075.124389873261
753,15316.494305339707
754,15409.669787709789
755,15454.127996491638
756,15455.623983997059
757,15536.960002909567
758,15671.383662738943
759,15577.095015209408
760,15612.637254025201
761,15664.013645760857
762,15772.460020191027
763,15757.127018740137
764,15747.505854388253
765,15762.183505968282
766,15730.502525782827
767,15802.528179290315
768,15798.14561198549
769,15710.963198251482
770,15844.158866260626
771,15749.560913016136
772,15589.94965063061
773,15649.09738393605
774,15467.693224242492
775,15208.786142434104
776,15049.212681420924
777,15107.268923256923
778,15051.84298395149
779,14830.67417936411
780,14819.005504289478
781,15176.647236971392
782,15227.597829255361
783,15392.98574476433
784,15771.611932875996
785,15727.892017062319
786,15705.747253219663
787,15729.402031495323
788,15713.366053127882
789,15747.84015478379
790,15870.09538078689
791,15785.032560550524
792,15795.463411335957
793,15708.2341323445
794,15720.545806075967
795,15815.696028892486
796,15892.332396565354
797,15872.903909321883
798,15879.667768266223
799,15982.707610918944
800,16029.101882393286
801,15849.891157905642
802,15880.320548196562
803,15983.269681172023
804,15977.672068966192
805,15835.440998629543
806,15859.746843686118
807,15801.159268119914
808,15682.912234680809
809,15593.834238008889
810,15693.381230565716
811,15535.295107385073
812,15304.227330883878
813,15318.761051786521
814,15285.489346916182
815,15242.29409170603
816,15374.172381823977
817,15409.338550623605
818,15291.984196787733
819,15398.941042943916
820,15461.458630541132
821,15419.424250996737
822,15409.573347054982
823,15362.20297746249
824,15408.878091306806
825,15467.772985558033
826,15489.53127451794
827,15485.587242978243
828,15412.827452908916
829,15394.293515433103
830,15435.36202962813
831,15435.36202962813
832,15594.354415967508
833,15760.417609428458
834,15767.521915648947
835,15784.960021770716
836,15706.146380710565
837,15732.92069261784
838,15725.838867378314
839,15780.163412972908
840,15931.28016948605
841,15904.722477626254
842,16054.175047322184
843,16101.274269284657
844,16139.185542266037
845,16107.402567882084
846,16199.795705931832
847,16128.34805038085
848,15679.428992074863
849,15460.49319790654
850,15501.590916101411
851,15503.111274236937
852,15455.48978320372
853,15524.387110783944
854,15481.023222726444
855,15451.675508071628
856,15510.048536890043
857,15577.81787703215
858,15809.453817994628
859,15785.47955148229
860,15745.397287920949
861,15731.635997636498
862,15712.008036714753
863,15830.573823373157
864,15776.171923541828
865,15814.85234250189
866,15838.20533661201
867,15795.927658493447
868,15810.85741232068
869,15502.90723311885
870,15550.360586900064
871,15507.071639671944
872,15502.850610748752
873,15302.011690757481
874,15303.45125272008
875,15124.275137413446
876,15068.74810854206
877,15095.552594500077
878,15165.043500584086
879,15230.770874330954
880,15227.482833465543
881,15418.882036501134
882,15606.611590556247
883,15589.19867096093
884,15590.15636521249
885,15728.377225407183
886,15690.42731494606
887,15712.39669479728
888,15762.136146716824
889,15751.379399021165
890,15629.843176834625
891,15575.832308830146
892,15580.64895128674
893,15518.354987471088
894,15578.171332123504
895,15509.770915284806
896,15423.539770376541
897,15346.828968537975
898,15292.71369908658
899,15020.07202298745
900,15050.540384618147
901,15180.999165495301
902,15134.614559231499
903,14988.60468060922
904,14906.265704318463
905,14840.453276238033
906,14813.647715861389
907,14747.738515212453
908,14826.056315620486
909,14749.078124651158
910,14820.897524641956
911,14990.31948241792
912,14980.307119514608
913,14990.041944753404
914,14935.86223605086
915,14859.026664048979
916,14940.84400597079
917,15022.563231317512
918,14901.754924389697
919,14968.899053407076
920,14918.26208831169
921,14958.097789119565
922,14783.68662673733
923,14607.255495525373
924,14588.65732381176
925,14630.721454430583
926,14605.232594559377
927,14626.377892712237
928,14716.709813992333
929,14773.047573979198
930,14684.756180723653
931,14619.894346339683
932,14896.686944740228
933,14977.809617839324
934,14979.575285355879
935,14944.016516644357
936,14935.295122811684
937,14924.617673361032
938,14969.113638423923
939,14925.018715347114
940,14887.136998423364
941,14702.071866186863
942,14683.880891417899
943,14560.52932199831
944,14440.327649504663
945,14348.816682796089
946,14322.924314943177
947,14083.278678641127
948,14171.141502782884
949,14323.485149425447
950,14223.761754337665
951,14331.695347088797
952,14306.5970313898
953,14133.241424391294
954,14200.021337759004
955,14260.349406172623
956,14157.600565970897
957,13819.573404559233
958,13972.436618749918
959,13914.897656237757
960,13687.10578853569
961,13694.907781848933
962,13944.509189953467
963,14418.275635876686
964,14197.584550207628
965,14108.890514403221
966,14224.390142061226
967,14346.320025583056
968,14257.615315132014
969,14194.37669985167
970,14115.691253728875
971,14126.00379728677
972,14218.652093458306
973,14243.933473572646
974,14253.712525707104
975,14203.31557802589
976,14067.70679623128
977,14273.517386252504
978,14223.248479179321
979,14333.624406399496
980,14282.358434223976
981,14348.843644497836
982,14262.38217107176
983,14449.763866277177
984,14560.26160983586
985,14360.908098193253
986,14329.308257915072
987,14321.804999460266
988,14308.482468002127
989,14303.262360743372
990,14374.472381737087
991,14369.94605124493
992,14315.127731729644
993,14215.495994599656
994,14129.425206412338
995,13956.493218185638
996,13892.08846974983
997,13807.887486526557
998,13798.150015609568
999,13963.664768180523
1000,13867.165541782462
1001,13928.614206538368
1002,14031.509022781649
1003,13712.822634842763
1004,14070.501588575786
1005,14149.799623859093
1006,14180.602403570394
1007,14286.156785104431
1008,14392.070925089622
1009,14314.365894181628
1010,14453.892990333747
1011,14562.529569076334
1012,14640.883422657658
1013,14564.232247486852
1014,14674.964728863913
1015,14325.985790535677
1016,14381.898240577906
1017,14375.006656963991
1018,14534.425185557368
1019,14541.255469502772
1020,14462.466328901624
1021,14574.920167189583
1022,14649.432725501145
1023,14658.857956188604
1024,14720.920619099736
1025,14771.809671846178
1026,14675.831321186864
1027,14581.524967289102
1028,14551.59627626501
1029,14499.332016794755
1030,14591.753511475734
1031,14659.208438787431
1032,14623.5338097528
1033,14509.503670475995
1034,14586.382340517572
1035,14541.877869106294
1036,14689.242949418556
1037,14453.457311049384
1038,14377.542915672922
1039,14319.752275217299
1040,14306.65217639442
1041,14309.957303314579
1042,14256.33835097423
1043,14226.821951088015
1044,14412.767744537541
1045,14495.385015693537
1046,14375.36441684762
1047,14261.71017634921
1048,14321.561844244461
1049,14351.545429533133
1050,14383.529521825194
1051,14394.36170381845
1052,14520.488568160863
1053,14548.425458423491
1054,14430.197796955377
1055,14422.68211402055
1056,14401.691864909113
1057,14262.457349676548
1058,14259.5733004287
1059,14309.791134789979
1060,14228.726543893485
1061,14227.908442724482
1062,14272.593883485495
1063,14394.684757774274
1064,14418.500501993012
1065,14486.893672381782
1066,14525.330203205122
1067,14601.278364012976
1068,14728.867635655077
1069,14626.564821277334
1070,14523.774946652342
1071,14382.504469691852
1072,14420.606742413964
1073,14409.392369987436
1074,14487.727291428817
1075,14500.416622892335
1076,14443.116932787614
1077,14432.95986217117
1078,14462.093514397613
1079,14340.717271272777
1080,14307.976940998067
1081,14239.382788232855
1082,14234.716542480426
1083,14245.89029209016
1084,14235.715427129393
1085,14270.80548637677
1086,14284.035625976827
1087,14237.713464652265
1088,14159.87723953717
1089,14132.86638922972
1090,14070.80746020131
1091,14080.887495217687
1092,13923.553479085156
1093,13988.219366391833
1094,14001.053886083453
1095,14034.832244414049
1096,13619.493439132733
1097,13542.763695230831
1098,13598.475142027615
1099,13573.376900866404
1100,13475.553519725885
1101,13505.624083828538
1102,13484.075150773198
1103,13408.071116063467
1104,13362.546754023284
1105,13315.895365742981
1106,13254.885189031913
1107,13306.697671515401
1108,13305.027137951083
1109,13279.056745647336
1110,13384.225742100507
1111,13407.229683235553
1112,13437.927379401142
1113,13371.676472867002
1114,13423.644532581437
1115,13365.965487786378
1116,13360.009345864508
1117,13490.086752684496
1118,13539.942353303515
1119,13569.306794253176
1120,13543.980804222416
1121,13551.264658790424
1122,13437.593133625722
1123,13529.244657076975
1124,13529.676039334561
1125,13566.145243537861
1126,13600.952625034428
1127,13651.75496101463
1128,13660.454438906836
1129,13663.92025737467
1130,13542.833610042664
1131,13608.742214235812
1132,13597.684494576019
1133,13619.113347153423
1134,13620.104822246847
1135,13631.594603847701
1136,13596.45366887642
1137,13572.12272859983
1138,13539.757945206322
1139,13498.287443784257
1140,13428.191938360093
1141,13597.743461299317
1142,13618.383051615749
1143,13570.315728518279
1144,13569.713347260926
1145,13547.215118663426
1146,13515.489543485795
1147,13452.777125615703
1148,13350.031411238542
1149,13289.663398475033
1150,13019.399303272085
1151,13025.083449351667
1152,12998.431273400967
1153,13094.951731455181
1154,12998.54264259746
1155,12935.394267773157
1156,12955.541262069662
1157,12835.594389476097
1158,12811.055643475458
1159,12935.209775226496
1160,13383.36552476311
1161,13700.825982607335
1162,13682.613781245645
1163,13596.235335198136
1164,13444.600222340305
1165,13520.409426185102
1166,13572.130560538732
1167,13562.359237468045
1168,13635.021691185411
1169,13631.522967086066
1170,13578.359225946335
1171,13582.886365340684
1172,13706.06727080618
1173,13624.591355854736
1174,13641.381249544402
1175,13750.51437419304
1176,13842.008566290417
1177,13831.328910491007
1178,13783.775264800937
1179,13819.685073330893
1180,13684.26217946539
1181,13636.593661336512
1182,13649.593018633055
1183,13510.834491717877
1184,13347.255256215565
1185,13170.736033752863
1186,13632.31912163025
1187,13746.408534259373
1188,13629.95881807282
1189,13707.222653179768
1190,13592.286356040402
1191,13596.681161975152
1192,13654.5253764222
1193,13611.80808392714
1194,13558.153691242653
1195,13453.795553037673
1196,13506.151623091406
1197,13740.892402654781
1198,13815.469129484058
1199,13844.835977714753
1200,13920.253759976635
1201,13974.940351191535
1202,13967.3073130457
1203,13810.718142702171
1204,13839.410180260238
1205,13812.68028937751
1206,13872.671921570738
1207,13820.372137211416
1208,13810.902412326648
1209,13864.609845310653
1210,13816.884281727429
1211,13841.960700747204
1212,13772.195559936783
1213,13923.04488729818
1214,14162.668827503087
1215,14062.076654181594
1216,14039.332295970198
1217,14487.670230152678
1218,14598.420007956469
1219,14409.953422813132
1220,14391.888009139771
1221,14219.952151155376
1222,14208.482391576199
1223,14148.791460255983
1224,14144.260748508306
1225,14151.03713949371
1226,14261.734627924294
1227,14324.90236401128
1228,14426.193487008175
1229,14528.366967276877
1230,14454.129927740247
1231,14487.784748191782
1232,14474.423305669749
1233,14452.660648306119
1234,14288.973993428643
1235,14303.133903073356
1236,14452.684964861342
1237,14438.331073027817
1238,14393.31259732982
1239,14387.644399309935
1240,14513.233931589386
1241,14698.71299118893
1242,14658.431713766038
1243,14919.653734461053
1244,14957.70018814653
1245,15077.670202213547
1246,15147.586892784911
1247,15165.075150018767
1248,15222.333921818985
1249,15233.040358245307
1250,15209.876873871523
1251,15172.673883673568
1252,15166.626177989143
