,Profitloss
0,-0.746224731950873
1,-0.7011215033798202
2,-0.9315839696140804
3,-0.7053699048858442
4,-1.326588784026017
5,-2.0782946753149845
6,-2.2580572810868227
7,-2.7882399442132777
8,-2.78249334466254
9,-2.0743190026258795
10,-1.9622008778301558
11,-0.7417386582502794
12,-0.5147580435819643
13,-0.3410307371846222
14,-0.8384879527088107
15,-1.0116667958246839
16,-2.2572504029478746
17,-2.3388149398243185
18,-2.6422710823396645
19,-2.5673404047194093
20,-2.4247739261629375
21,-2.234970671122183
22,-2.2571985328415867
23,-2.7528720512321803
24,-2.3996658810120586
25,-1.930688531451763
26,-3.163475963728657
27,-4.487686589977525
28,-3.3883931123518063
29,-4.01029140701864
30,-4.261964369963833
31,-4.290802420792506
32,-4.201556355237567
33,-4.505004574780358
34,-4.358406692057648
35,-5.042803499899174
36,-4.776849777573444
37,-4.9505450731123
38,-5.021872223439727
39,-4.770321415888956
40,-4.683549654497721
41,-4.199094800431713
42,-4.719154621329624
43,-4.90078699105998
44,-5.345387244385346
45,-6.27826308518038
46,-6.2787827961856895
47,-6.016353511728056
48,-5.824503911955925
49,-6.051453679202313
50,-4.442898298293462
51,-3.627231205628567
52,-3.5604829019725726
53,-3.1580621383548224
54,-2.9461025117950568
55,-3.2847869215033687
56,-3.6013749910490667
57,-3.3205809662461783
58,-2.8637804194189154
59,-2.9647680906008
60,-2.777447292660251
61,-3.0227451534573735
62,-4.236270881622839
63,-4.096201215401263
64,-3.199277985660276
65,-2.459396977291106
66,-2.7249297741224865
67,-2.7310445353174284
68,-3.0935540997951927
69,-3.1499885209902434
70,-4.313623088904572
71,-4.258842212870039
72,-4.289873925466692
73,-4.199066094597748
74,-3.9696818188981187
75,-3.81957682483679
76,-3.5460900036397125
77,-3.147928825821056
78,-3.3674497996518893
79,-3.3841597437124116
80,-4.195136487957973
81,-3.943477025271158
82,-3.717833699662443
83,-5.124903999493668
84,-5.422911728956037
85,-4.45965554499923
86,-4.15961465035295
87,-4.330718858912908
88,-4.8169332396506785
89,-4.7274428440212235
90,-4.682332942970291
91,-4.358222148049484
92,-4.765420769422413
93,-4.811018227062636
94,-4.462358076464112
95,-3.405246591866762
96,-3.0311222754032974
97,-3.2439109144181466
98,-3.079677895233912
99,-3.291283510585652
100,-3.703870464622072
101,-3.6990309242516117
102,-3.1046549090889553
103,-2.9477406787954186
104,-3.11568560295693
105,-3.213704867680489
106,-3.6620389676363274
107,-3.815659289793505
108,-3.374749782208253
109,-3.3079295577107537
110,-3.325320174067503
111,-3.847209490658954
112,-3.7377121183954864
113,-2.968722030814308
114,-2.827302381284702
115,-2.759585284682742
116,-2.7789594890628933
117,-2.5311109142720056
118,-2.6690101395774657
119,-2.998943938676124
120,-3.824473432014319
121,-4.339940893111893
122,-4.4706543922240165
123,-3.740977493954023
124,-4.083021548365151
125,-5.243978084090095
126,-5.500006302133942
127,-5.966586052943567
128,-4.301901352429017
129,-4.092662213261455
130,-2.8814309735470833
131,-3.347551799730153
132,-4.07848349836658
133,-3.142810663189466
134,-1.681714650037458
135,-1.836079291411019
136,-1.332846689144629
137,-0.6576047123040274
138,-0.48299560610679526
139,-0.7708509443041134
140,-3.0034125140924517
141,-6.66787191960524
142,-6.459524223973068
143,-6.094127394661742
144,-6.201908701379766
145,-6.703905375702757
146,-6.4547111849485805
147,-6.164666364547888
148,-6.037283488077961
149,-5.8392951445511265
150,-5.401937203418128
151,-6.435939477978481
152,-7.07357298069139
153,-6.859128081987453
154,-6.218138540029505
155,-5.951874216789577
156,-6.177627210154535
157,-6.665679878082365
158,-7.855129230351199
159,-8.463450828909757
160,-10.310665939848707
161,-11.689415212290278
162,-10.003077776026469
163,-7.434768903474365
164,-7.422121971801543
165,-7.683452931475188
166,-9.230782742988053
167,-7.934731184422105
168,-7.608877253251311
169,-8.253535283072521
170,-7.614028018563557
171,-7.1046891593690376
172,-7.317670787898067
173,-7.534387013134525
174,-8.152002431708727
175,-8.047207266916335
176,-5.316695605127386
177,-5.807383528624721
178,-6.7510022604746815
179,-7.136776178495863
180,-8.065445461537779
181,-8.468537495025641
182,-9.212553251323518
183,-8.420522137425435
184,-8.808126893452151
185,-7.820161388556956
186,-7.483781184090543
187,-7.778332273839683
188,-5.790903590906272
189,-5.628302556889597
190,-5.458202700844128
191,-5.554994156347726
192,-6.073261352435777
193,-5.333073669660537
194,-5.252403497468561
195,-4.860052089091738
196,-5.59580325988901
197,-4.726281040177016
198,-4.568223071926458
199,-4.166387858635135
200,-4.475776253152031
201,-5.797600304723616
202,-6.035377126607166
203,-5.505018010174078
204,-3.4241623020956125
205,-1.5504242503108667
206,-1.6954881047915427
207,-2.490171322439605
208,1.3791413553724041
209,2.8806234803076203
210,2.196245504061012
211,3.1371837912057554
212,3.2389342363760454
213,3.284736640164776
214,2.324282694092017
215,2.997500194661873
216,3.4499747214278065
217,3.2028299214219347
218,2.877048493904999
219,3.562636238398631
220,3.1386623410536885
221,4.768578690037484
222,5.532305496514089
223,5.26200725164041
224,6.070316605113635
225,5.707639333032577
226,5.008064543388557
227,5.700010296457481
228,7.468457121185712
229,6.996977638790125
230,6.876942577438627
231,6.810342771035094
232,6.390236006742267
233,6.38014437031702
234,5.449410861797488
235,5.541059229880552
236,5.230111131458903
237,4.067268847739114
238,3.714944581539803
239,4.419080521424967
240,4.489515972913982
241,4.201740337289439
242,3.3003976361362763
243,3.7927116435641617
244,4.179998973790355
245,4.38881455243576
246,3.83165908223857
247,3.747002993960491
248,4.0921465699988335
249,3.5308436304339885
250,3.128299438630977
251,2.301084138951781
252,2.831671956750381
253,2.4689808825364423
254,-0.4042581426245806
255,-1.3907821978905055
256,-1.574789003117849
257,-1.247303448961612
258,-1.7068098377121754
259,-1.3188192371356267
260,-3.45136849060933
261,-3.150346302635676
262,-4.412776524855733
263,-3.3930803300694756
264,-3.1218138827815434
265,-3.528411095891437
266,-3.572780752439586
267,-4.340180939648707
268,-4.5354775371159395
269,-3.19835952450922
270,-3.9201426804902573
271,-6.0460196900957826
272,-6.619911091580189
273,-5.9025024461226145
274,-8.132146020056187
275,-8.260131316164642
276,-10.010980504005051
277,-9.258155481710906
278,-10.064037206893605
279,-7.220000572184382
280,-4.930002849860305
281,-3.4584135879310307
282,-2.3773636163243683
283,-1.733126904884752
284,0.1612111788374948
285,-1.1832714863847626
286,-0.7482934676367181
287,-0.8040511681011719
288,3.2670601562556856
289,3.234774100166593
290,5.376432744947635
291,4.8264372881436035
292,4.970266523345246
293,5.19605741146425
294,4.875767711962431
295,4.242308770304204
296,4.771424382168399
297,4.685508397124605
298,6.8201736244454025
299,6.62469349549446
300,6.196441019326349
301,6.936738156749289
302,7.031333632691417
303,7.753084429345813
304,7.633436100793767
305,7.7979096151566285
306,6.928425697870333
307,7.0570736360425546
308,7.101115824555682
309,9.028333208766902
310,9.104340006222023
311,9.188812862069874
312,9.011734327780418
313,8.743073382730437
314,7.6735009525614295
315,8.301381119937968
316,7.230050907212848
317,7.511920982834819
318,7.879326771368622
319,8.447955293502329
320,10.367737380669006
321,10.76675756948664
322,10.426632151898318
323,10.266030108641422
324,11.132870146822116
325,10.96852391614318
326,10.796756963828136
327,10.448387418867
328,10.13397381850849
329,10.153339052592369
330,9.406455771493372
331,9.174384341190422
332,11.188795927446993
333,7.724961078697112
334,7.302440118022546
335,8.027617168570455
336,7.362774656361704
337,7.111526922590605
338,6.325862410134264
339,5.531091367865515
340,4.67721306839024
341,4.023407407796675
342,4.7533112725891336
343,6.4122031326800055
344,7.3517190604936555
345,7.052298477018359
346,6.310465263306231
347,6.636974991598943
348,6.518573006652373
349,8.161218747732523
350,8.414805116522682
351,8.628094286505505
352,9.645392670273578
353,9.080121794406226
354,8.796640925613076
355,8.96843571874355
356,8.874289110967236
357,9.054272754679982
358,8.583380100368387
359,8.054708606279192
360,8.032940615443106
361,6.211643877478967
362,6.28708751988265
363,5.398657486090119
364,5.402050764040456
365,5.040296686607171
366,4.237076662488648
367,4.917718464983412
368,4.392709776280079
369,4.981560137580643
370,5.579995099274648
371,4.467921411985487
372,3.0722899199847387
373,3.6566299057730456
374,5.942758903117218
375,6.333269061700508
376,6.4203321416704595
377,5.374785944416494
378,5.161457091569366
379,5.494034658205549
380,4.522829998087796
381,6.977967291001352
382,6.530577116354319
383,6.318137017918368
384,5.980330270943468
385,5.774454699262854
386,5.79315115821557
387,4.756197364088588
388,4.522219408187689
389,4.161813705812989
390,3.9117796888070266
391,3.7811309585217723
392,4.011252827221212
393,4.276884749241749
394,4.623169061085908
395,3.599014316462257
396,4.000797779535414
397,3.5908245676754103
398,3.730797386631357
399,4.1391385960542815
400,5.244732793949902
401,5.053439789095604
402,4.922365749251401
403,5.049093200962762
404,5.361156394387345
405,5.032803979295175
406,5.553035080243562
407,5.585246451195935
408,5.345572658584397
409,5.767289196281
410,5.92548949553704
411,5.621906382261277
412,5.586799528070552
413,5.151056351516425
414,5.428498043718455
415,5.616809964152392
416,5.614863881271925
417,5.706936514732575
418,4.658250190741042
419,6.679691653978592
420,7.21841690135665
421,9.648743910081969
422,9.714454590762124
423,9.560659211446488
424,8.764331712917928
425,8.921012044189114
426,8.174331935688794
427,8.177923068076986
428,8.70326605625824
429,7.969075882112953
430,7.980450371273817
431,8.04118577045081
432,10.774120247142683
433,11.164025135686906
434,10.850418747553213
435,10.341419724626078
436,10.582385302372565
437,10.304108636237007
438,9.536167500392768
439,9.528094812503586
440,9.762005879475065
441,9.89128826387966
442,9.895523496405389
443,9.369856856062576
444,9.0724866698209
445,9.371396690413803
446,8.429340077993409
447,8.104357297897913
448,7.804716939464762
449,7.894428563945599
450,7.7300715166432
451,7.9653990472345
452,7.920415018512217
453,7.752351620123021
454,7.712610993094904
455,8.90057182718449
456,8.036722677201036
457,6.945976312854207
458,7.356500813757227
459,7.8319551042189905
460,7.50621057567018
461,6.525329080958819
462,5.109278863447275
463,5.022278887799692
464,4.8246316231532305
465,6.0167684320241
466,5.784428861893898
467,5.007377220570186
468,4.040132242169037
469,3.665837240494385
470,3.2918456455504286
471,3.937484165850891
472,4.467042530208887
473,4.538740587157952
474,4.261471069810341
475,4.845145150525565
476,5.3905217469876865
477,5.1754845552756334
478,5.322091929378692
479,5.645645518106246
480,6.405784090731292
481,5.822796796207608
482,4.583838230965642
483,4.094783997621598
484,4.820986251163606
485,4.975654373227467
486,6.037633004150633
487,5.871661767053471
488,6.331256460394208
489,6.024192629509462
490,6.784744925203201
491,6.416223364298479
492,5.7705657833853286
493,5.417082973464948
494,5.720957139664029
495,6.2660385467588675
496,6.2501286616402085
497,5.972974053642188
498,6.202161562581376
499,6.332500604489288
500,6.21466881302617
501,6.413555076124577
502,5.9149213645864895
503,7.179168688513071
504,8.207362036734134
505,10.077206833423723
506,9.852574866182472
507,10.044220578676356
508,10.838485702535783
509,10.564297053972794
510,10.137206309995083
511,10.108550287769692
512,10.108728482227036
513,9.919032165693075
514,9.78161049999493
515,9.561239102174746
516,10.023735465765938
517,10.039214618000681
518,10.103448026001093
519,9.999111097434854
520,9.708824610901988
521,9.824169160331063
522,10.144920622550657
523,9.952978103348254
524,9.941898092441082
525,10.29711590861686
526,10.455441573351475
527,10.591132482398912
528,11.88448903966377
529,11.904933509294358
530,11.851379025173303
531,11.98668955304969
532,11.667296915214953
533,11.759051155669574
534,11.977252102983925
535,11.83390342582953
536,12.182714879228307
537,12.217404828196443
538,12.008501222757339
539,9.659054152728208
540,9.103509826896762
541,9.253374252949387
542,9.545560192093294
543,9.173312469164618
544,9.263213601637466
545,9.177925230085894
546,9.238876181651335
547,9.270434141203898
548,9.282858202919053
549,9.192301385463143
550,9.28591823447016
551,9.310631523814038
552,9.255021374124283
553,10.327651867768806
554,10.41194607454765
555,10.28088336997659
556,9.11472229465058
557,8.808868015851878
558,8.810861452484954
559,8.537734199410284
560,8.670573359598022
561,8.919425780725486
562,9.093069044969848
563,9.274759531393407
564,9.296424474752364
565,9.400061416396843
566,9.201717373421413
567,8.858771563430622
568,8.799214878242513
569,8.515004931522284
570,8.910545057515362
571,8.68471623301421
572,8.65405963826522
573,8.679203885122577
574,8.840307736463583
575,9.016271444130952
576,10.024351026620494
577,10.170914883833792
578,10.062226675568265
579,10.64428781477127
580,11.953232800728886
581,11.869859038175012
582,11.984256890232459
583,10.487258230416142
584,10.448756310038032
585,10.3364953297026
586,10.207768252400907
587,9.65802648517018
588,10.159009046115397
589,10.209817094231877
590,11.141775325931125
591,10.978114579992603
592,11.72047454810592
593,12.248193336478884
594,12.110578721646114
595,13.294724294311733
596,12.966948161246151
597,12.132038419622404
598,12.60317760800367
599,12.969001370967614
600,13.029936635262729
601,12.937211846255558
602,13.165980982768843
603,13.380961360166621
604,13.336344109962162
605,12.696963153742026
606,12.896976275700833
607,12.96560747705895
608,12.910640372770676
609,12.342781408961546
610,12.800921861731606
611,11.795411874177075
612,11.174620880105302
613,11.012732548509785
614,11.030461299463079
615,11.155969582714897
616,10.580217651077817
617,10.278309865152814
618,10.846730556648332
619,11.006150416094496
620,11.136049452193198
621,11.004475570514693
622,10.789550870830421
623,10.950528281596839
624,10.49329844345488
625,10.589942894360128
626,10.833447877884094
627,11.455982355599303
628,11.807091200045328
629,12.21908191178005
630,11.986766408515749
631,11.932262834295448
632,12.371128275098808
633,12.612508895301456
634,13.118345364223316
635,13.173156892714566
636,13.555376103477768
637,13.726576479053954
638,13.949893762098874
639,14.32529824932729
640,14.03773191604536
641,15.031742494999701
642,16.043520645238885
643,15.700830782796494
644,16.160186997256854
645,16.137802587388727
646,21.275697770200132
647,21.946955971919024
648,21.779925354343387
649,21.15670432783969
650,21.766964287418823
651,21.489513200909105
652,21.818994028868378
653,21.919049447812288
654,22.10883362885272
655,20.860621761585364
656,20.78522635126159
657,20.846694136150013
658,20.97287269949648
659,21.19778864694968
660,20.33688595822911
661,20.300426761179956
662,20.46355796824797
663,21.484426916084097
664,21.177298822937463
665,21.38639969389906
666,22.17776750342089
667,21.182727980914184
668,21.23568208833102
669,21.11206205887859
670,22.527130876698287
671,23.47689924732277
672,22.129112564802412
673,22.564929791469446
674,23.392964904893574
675,22.642644779499598
676,23.603071216580695
677,23.99811855179854
678,23.804653261991394
679,25.00430224696042
680,24.858347117280765
681,25.62281510679256
682,25.235135647024222
683,25.086805077816223
684,24.41478298377835
685,24.562893845789112
686,24.03975916525445
687,24.21608980926626
688,24.72764592343941
689,24.82352884347252
690,25.959885765083857
691,26.066436007037865
692,26.350896561589977
693,25.651214351259743
694,25.925852410597727
695,25.744925641985404
696,26.707330162529395
697,28.189427253988253
698,27.90187221421445
699,27.63507359452515
700,27.94838347348174
701,29.109880274648848
702,28.855070057608877
703,28.639973825857123
704,28.376926113884938
705,28.44305705523682
706,29.0634257093479
707,28.728962739246168
708,28.16387951559436
709,28.165986768305928
710,25.477651683402904
711,25.062810446036398
712,27.568419057507064
713,27.957259226316754
714,27.305008936397
715,27.23728800639853
716,27.63526615513172
717,27.519618671774836
718,27.283729272883093
719,27.073018680167426
720,26.862542175994754
721,25.950961977590836
722,25.42616277369072
723,24.800918487725564
724,25.954671698926155
725,26.03984746869965
726,26.092935257404235
727,27.595382959044514
728,28.229289143982506
729,27.861677761225323
730,27.101936853659648
731,25.98214031170962
732,26.451856804611506
733,26.224421847078805
734,25.304245651503663
735,25.606652907831197
736,24.517373780087848
737,25.377084976029508
738,26.0078141522448
739,25.817945009436237
740,25.84753269476243
741,25.765288471194058
742,25.481575242816334
743,25.586907800848092
744,27.021605535522973
745,26.091022774478457
746,25.85688155851411
747,26.54554471735633
748,26.583848876487902
749,26.34461636557175
750,26.140849663592558
751,25.689538030377392
752,25.62603658227718
753,27.637452544497563
754,28.413914897581584
755,28.78439997076365
756,28.79686653330882
757,29.474666690913054
758,30.59486385615786
759,29.809125126745073
760,30.10531045021001
761,30.533447048007133
762,31.437166834925236
763,31.309391822834478
764,31.229215453235447
765,31.35152921640234
766,31.087521048190236
767,31.68773482741929
768,31.651213433212423
769,30.92469331876235
770,32.03465721883856
771,31.246340941801122
772,29.91624708858842
773,30.40914486613375
774,28.897443535354107
775,26.739884520284196
776,25.410105678507698
777,25.893907693807684
778,25.432024866262417
779,23.58895149470093
780,23.491712535745645
781,26.472060308094925
782,26.896648577128012
783,28.274881206369407
784,31.430099440633306
785,31.065766808852647
786,30.881227110163856
787,31.07835026246102
788,30.94471710939901
789,31.232001289864918
790,32.25079483989075
791,31.54193800458771
792,31.628861761132974
793,30.90195110287084
794,31.00454838396638
795,31.79746690743739
796,32.436103304711295
797,32.27419924434902
798,32.330564735551846
799,33.189230090991195
800,33.57584901994406
801,32.08242631588034
802,32.33600456830467
803,33.19391400976686
804,33.147267241384945
805,31.962008321912847
806,32.16455703071765
807,31.676327234332625
808,30.69093528900675
809,29.948618650074078
810,30.77817692138096
811,29.46079256154228
812,27.535227757365654
813,27.65634209822101
814,27.379077890968183
815,27.01911743088359
816,28.118103181866474
817,28.41115458853003
818,27.433201639897774
819,28.32450869119929
820,28.845488587842773
821,28.49520209163947
822,28.413111225458177
823,28.01835814552074
824,28.407317427556713
825,28.898108212983598
826,29.079427287649494
827,29.04656035815203
828,28.44022877424097
829,28.285779295275848
830,28.628016913567755
831,28.628016913567755
832,29.952953466395904
833,31.33681341190382
834,31.39601596374122
835,31.541333514755966
836,30.88455317258805
837,31.107672438482005
838,31.04865722815262
839,31.501361774774228
840,32.760668079050426
841,32.53935398021879
842,33.78479206101819
843,34.17728557737214
844,34.493212852216985
845,34.22835473235069
846,34.99829754943193
847,34.40290041984042
848,30.66190826729054
849,28.837443315887846
850,29.179924300845105
851,29.192593951974466
852,28.795748193364346
853,29.369892589866197
854,29.008526856053706
855,28.76396256726357
856,29.25040447408369
857,29.815148975267913
858,31.745448483288573
859,31.54566292901908
860,31.211644066007914
861,31.096966646970813
862,30.933400305956283
863,31.921448528109654
864,31.468099362848555
865,31.79043618751576
866,31.985044471766756
867,31.632730487445393
868,31.757145102672336
869,29.190893609323766
870,29.586338224167207
871,29.22559699726619
872,29.190421756239605
873,27.516764089645672
874,27.52876043933401
875,26.035626145112055
876,25.57290090451716
877,25.796271620833977
878,26.375362504867383
879,26.923090619424617
880,26.895690278879524
881,28.490683637509463
882,30.05509658796872
883,29.909988924674423
884,29.917969710104074
885,31.069810211726523
886,30.753560957883842
887,30.936639123310663
888,31.351134555973537
889,31.26149499184305
890,30.24869314028855
891,29.798602573584553
892,29.838741260722834
893,29.31962489559239
894,29.818094434362543
895,29.24809096070671
896,28.529498086471182
897,27.890241404483127
898,27.43928082572149
899,25.167266858228743
900,25.421169871817884
901,26.5083263791275
902,26.121787993595813
903,24.905039005076834
904,24.218880869320515
905,23.67044396865028
906,23.44706429884491
907,22.897820960103775
908,23.550469296837395
909,22.908984372092988
910,23.50747937201629
911,24.91932902014935
912,24.83589266262174
913,24.917016206278376
914,24.465518633757167
915,23.82522220040817
916,24.507033383089926
917,25.18802692764592
918,24.18129103658082
919,24.740825445058977
920,24.318850735930763
921,24.65081490932972
922,23.197388556144418
923,21.72712912937811
924,21.572144365098
925,21.922678786921512
926,21.710271621328147
927,21.88648243926863
928,22.6392484499361
929,23.108729783159987
930,22.372968172697092
931,21.83245288616402
932,24.139057872835235
933,24.81508014866103
934,24.829794044632326
935,24.53347097203631
936,24.460792690097357
937,24.371813944675267
938,24.742613653532697
939,24.375155961225946
940,24.05947498686136
941,22.517265551557198
942,22.365674095149156
943,21.337744349985922
944,20.336063745872202
945,19.57347235663407
946,19.357702624526475
947,17.360655655342725
948,18.092845856524043
949,19.362376245212065
950,18.53134795281388
951,19.430794559073306
952,19.221641928248335
953,17.77701186992744
954,18.33351114799171
955,18.836245051438528
956,17.980004716424137
957,15.16311170466027
958,16.436971822915993
959,15.957480468647978
960,14.05921490446409
961,14.124231515407782
962,16.204243249612226
963,20.15229696563905
964,18.31320458506356
965,17.574087620026834
966,18.53658451717688
967,19.552666879858794
968,18.81346095943346
969,18.286472498763917
970,17.630760447740634
971,17.71669831072309
972,18.488767445485887
973,18.699445613105393
974,18.780937714225864
975,18.36096315021574
976,17.23088996859399
977,18.945978218770865
978,18.527070659827682
979,19.446870053329146
980,19.019653618533127
981,19.573697037481974
982,18.85318475893134
983,20.414698885643134
984,21.335513415298824
985,19.67423415161045
986,19.410902149292262
987,19.348374995502216
988,19.23735390001773
989,19.19385300619476
990,19.787269847809053
991,19.749550427041072
992,19.29273109774703
993,18.462466621663797
994,17.745210053436146
995,16.30411015154698
996,15.767403914581912
997,15.065729054387965
998,14.98458346341307
999,16.36387306817102
1000,15.559712848187178
1001,16.07178505448641
1002,16.929241856513745
1003,14.273521957023029
1004,17.254179904798207
1005,17.914996865492448
1006,18.171686696419954
1007,19.051306542536928
1008,19.933924375746837
1009,19.286382451513575
1010,20.449108252781212
1011,21.354413075636124
1012,22.00736185548049
1013,21.36860206239044
1014,22.291372740532612
1015,19.383214921130644
1016,19.849152004815874
1017,19.7917221413666
1018,21.120209879644737
1019,21.177128912523102
1020,20.520552740846874
1021,21.457668059913182
1022,22.078606045842864
1023,22.157149634905025
1024,22.674338492497803
1025,23.098413932051475
1026,22.298594343223876
1027,21.512708060742526
1028,21.26330230220843
1029,20.82776680662295
1030,21.597945928964446
1031,22.1600703232286
1032,21.86278174794001
1033,20.912530587299962
1034,21.553186170979764
1035,21.18231557588579
1036,22.41035791182131
1037,20.4454775920782
1038,19.812857630607695
1039,19.331268960144165
1040,19.22210146995351
1041,19.249644194288162
1042,18.802819591451915
1043,18.556849592400138
1044,20.106397871146186
1045,20.794875130779467
1046,19.79470347373018
1047,18.847584802910088
1048,19.346348702037176
1049,19.59621191277612
1050,19.862746015209943
1051,19.953014198487075
1052,21.00407140134053
1053,21.23687882019576
1054,20.251648307961467
1055,20.189017616837912
1056,20.014098874242613
1057,18.853811247304563
1058,18.829777503572487
1059,19.24825945658315
1060,18.572721199112372
1061,18.56590368937068
1062,18.938282362379134
1063,19.955706314785605
1064,20.154170849941778
1065,20.724113936514854
1066,21.04441836004267
1067,21.677319700108132
1068,22.740563630458976
1069,21.88804017731112
1070,21.031457888769523
1071,19.85420391409878
1072,20.1717228534497
1073,20.078269749895306
1074,20.731060761906804
1075,20.836805190769446
1076,20.359307773230118
1077,20.274665518093094
1078,20.51744595331344
1079,19.50597726060648
1080,19.233141174983892
1081,18.66152323527379
1082,18.622637854003553
1083,18.715752434084678
1084,18.630961892744935
1085,18.923379053139744
1086,19.03363021647355
1087,18.647612205435536
1088,17.998976996143078
1089,17.773886576914343
1090,17.256728835010904
1091,17.340729126814058
1092,16.02961232570963
1093,16.568494719931937
1094,16.675449050695445
1095,16.956935370117066
1096,13.49577865943945
1097,12.85636412692359
1098,13.320626183563466
1099,13.111474173886695
1100,12.296279331049043
1101,12.546867365237823
1102,12.367292923109986
1103,11.733925967195557
1104,11.354556283527373
1105,10.965794714524835
1106,10.457376575265931
1107,10.889147262628352
1108,10.875226149592354
1109,10.65880621372781
1110,11.535214517504233
1111,11.726914026962953
1112,11.982728161676182
1113,11.430637273891687
1114,11.863704438178635
1115,11.383045731553153
1116,11.33341121553757
1117,12.417389605704132
1118,12.83285294419596
1119,13.077556618776477
1120,12.866506701853474
1121,12.92720548992019
1122,11.979942780214348
1123,12.743705475641454
1124,12.747300327788015
1125,13.051210362815514
1126,13.341271875286909
1127,13.764624675121917
1128,13.83712032422364
1129,13.866002144788926
1130,12.856946750355537
1131,13.406185118631765
1132,13.314037454800154
1133,13.492611226278516
1134,13.500873518723733
1135,13.596621698730837
1136,13.303780573970169
1137,13.101022738331913
1138,12.831316210052691
1139,12.485728698202148
1140,11.901599486334113
1141,13.314528844160979
1142,13.486525430131246
1143,13.085964404318995
1144,13.080944560507724
1145,12.893459322195211
1146,12.629079529048305
1147,12.106476046797532
1148,11.250261760321179
1149,10.747194987291952
1150,8.494994193934048
1151,8.542362077930555
1152,8.320260611674723
1153,9.124597762126507
1154,8.321188688312176
1155,7.794952231442975
1156,7.9628438505805255
1157,6.963286578967476
1158,6.75879702896216
1159,7.793414793554132
1160,11.528046039692597
1161,14.173549855061118
1162,14.021781510380382
1163,13.30196112665114
1164,12.038335186169213
1165,12.670078551542518
1166,13.101088004489437
1167,13.019660312233716
1168,13.625180759878418
1169,13.596024725717214
1170,13.152993549552793
1171,13.19071971117236
1172,14.217227256718168
1173,13.538261298789479
1174,13.678177079536692
1175,14.587619784942007
1176,15.350071385753461
1177,15.261074254091733
1178,14.864793873341142
1179,15.16404227775745
1180,14.03551816221158
1181,13.638280511137602
1182,13.746608488608803
1183,12.590287430982293
1184,11.227127135129699
1185,9.756133614607187
1186,13.602659346918756
1187,14.553404452161445
1188,13.582990150606843
1189,14.226855443164732
1190,13.269052967003358
1191,13.30567634979294
1192,13.787711470185005
1193,13.431734032726173
1194,12.984614093688762
1195,12.1149629419806
1196,12.551263525761724
1197,14.507436688789843
1198,15.128909412367154
1199,15.373633147622945
1200,16.002114666471947
1201,16.457836259929472
1202,16.39422760871416
1203,15.089317855851437
1204,15.328418168835324
1205,15.105669078145901
1206,15.605599346422828
1207,15.169767810095136
1208,15.090853436055408
1209,15.538415377588777
1210,15.140702347728574
1211,15.349672506226696
1212,14.768296332806518
1213,16.025374060818166
1214,18.022240229192388
1215,17.183972118179945
1216,16.994435799751663
1217,20.730585251272316
1218,21.65350006630391
1219,20.08294519010945
1220,19.932400076164768
1221,18.49960125962813
1222,18.404019929801652
1223,17.906595502133182
1224,17.86883957090255
1225,17.92530949578093
1226,18.847788566035774
1227,19.374186366760647
1228,20.218279058401457
1229,21.069724727307303
1230,20.45108273116871
1231,20.731539568264857
1232,20.620194213914566
1233,20.438838735884325
1234,19.074783278572017
1235,19.192782525611296
1236,20.439041373844514
1237,20.319425608565144
1238,19.944271644415167
1239,19.89703666091611
1240,20.94361609657822
1241,22.48927492657442
1242,22.15359761471698
1243,24.330447787175437
1244,24.64750156788775
1245,25.64725168511288
1246,26.229890773207586
1247,26.375626250156394
1248,26.85278268182487
1249,26.942002985377567
1250,26.748973948929343
1251,26.438949030613056
1252,26.38855148324286
