,cash
0,0.018356699458449446
1,0.04130253692706947
2,0.03635909706665401
3,0.013856157242284464
4,0.011526295619392847
5,0.0017698955559085532
6,0.009235745170969572
7,0.004187241603348437
8,0.02649712821608061
9,0.002099693632817994
10,0.00955459602700474
11,0.012302427003439628
12,7.938607844269241e-05
13,7.986293964144122e-05
14,8.01399809497458e-05
15,8.340539086666232e-05
16,8.23820666602322e-05
17,0.007463681983902132
18,0.0026663418864164546
19,0.027030905248950764
20,0.00036958023966121063
21,0.000369719576181301
22,0.036347718137372385
23,0.01247862764117129
24,0.017057852015691988
25,0.022651951281388513
26,0.001265608272595472
27,0.02326870907501627
28,0.045609889806357745
29,0.005117003880174012
30,0.04018320454188636
31,0.0347060074942562
32,0.008812454913709156
33,0.002048067813245495
34,0.036634562449386295
35,0.0038729798029350448
36,0.03668781387289648
37,0.01036134710711566
38,0.003151529127849259
39,0.03466071090088324
40,0.00701028017645417
41,0.015665923945252097
42,0.02491291621771753
43,0.04516859179634076
44,0.01818087670180534
45,0.001948712360941464
46,0.02381274351722579
47,0.014888954128262948
48,0.02493677732980888
49,0.0010401369852861275
50,0.053365494272285915
51,0.006361015112999286
52,0.0017357616076592935
53,0.023269593642351268
54,0.001751013219454783
55,0.0017600144768235074
56,0.016484492390862075
57,0.02060779063362347
58,0.0016738056657853127
59,0.038752677573293454
60,0.0021515376838123126
61,0.0022066946533417595
62,0.0009343720533110757
63,0.029933629750485507
64,0.018075453099048126
65,0.0009426303598840072
66,0.011398021894563869
67,0.002204492854066644
68,0.039931676831453315
69,0.0020408995873298524
70,0.002077881200395442
71,0.0021365434852938232
72,0.002177166185234565
73,0.004277693822724032
74,0.002050492330739717
75,0.010691876537707312
76,0.0017090415644297559
77,0.00869700002048367
78,0.00181355208676925
79,0.001803282927442241
80,0.0018053138272147817
81,0.039847524756135
82,0.00034890670604351837
83,0.02427075417735313
84,0.013623856933741229
85,0.01619346599032743
86,0.041365861810676405
87,0.02756364410702823
88,0.021296041634009454
89,0.017288385435141135
90,0.007990233208998415
91,0.0016435091071698156
92,0.0016576519751004457
93,0.014200746172101123
94,0.002565791942664251
95,0.019143236866522507
96,0.0026171714784349307
97,0.015118928875301944
98,0.001309387611306593
99,0.03457233524124386
100,0.011132510874871226
101,0.005045118814952922
102,0.012631188967454219
103,0.0037001800270903807
104,0.0025257105178699965
105,0.007399472683920776
106,0.032987707554507695
107,0.02366408365634849
108,0.03940796281658427
109,0.02760555899215651
110,0.048024253794123346
111,0.020919473039145268
112,0.02128496756989538
113,0.017202948069605112
114,0.01944631607123766
115,0.011821064438150513
116,0.03060922046068925
117,0.005884760175449497
118,0.0008696757107865907
119,0.0058294988127984846
120,0.010817980484732677
121,0.02090363711678327
122,0.015586965712247592
123,0.005669132500367779
124,0.0074198910216450985
125,0.023222458699616137
126,0.004797398093467157
127,0.0018138638315373249
128,0.02818010699116457
129,0.008503493253529594
130,0.005524154278628589
131,0.002947643722504368
132,0.002916018992794819
133,0.002334112706464362
134,0.0022693744367659474
135,0.002266083993979985
136,0.007132978796560199
137,0.005791583397555209
138,0.00832843075710715
139,0.002383330799814121
140,0.014454868427533105
141,0.01939002359956485
142,0.009195731471959246
143,0.0006520290654099436
144,0.013042374200153717
145,0.01680948134981636
146,0.007542820866588795
147,0.010919573842201527
148,0.025195910546482257
149,0.043267622470535845
150,0.005147698987878018
151,0.023960737818891843
152,0.02565340466982731
153,0.030676670539606467
154,0.0015094360659573187
155,0.03699299168313651
156,0.043036437643908555
157,0.011685579829358469
158,0.011526100578595157
159,0.0061675712410508895
160,0.023295686663983264
161,0.0021318402975762456
162,0.010316033193693086
163,0.08217395955472324
164,0.0232355926126519
165,0.005784204397244881
166,0.013493780384151768
167,0.0015217666044099521
168,0.038026620252950005
169,0.010571131851467682
170,0.00177073349441998
171,0.004314321921071852
172,0.04738102089983029
173,0.02181264399707523
174,0.012174255500447057
175,0.005380567183564663
176,0.012237028158727414
177,0.006350188647673177
178,0.003148020638402456
179,0.03063471933408026
180,0.001118037303539125
181,0.04266122672661034
182,0.03475870832735716
183,0.005028997442875574
184,0.007560459850990142
185,0.030431259789087967
186,0.008645586579127357
187,0.04543184971461994
188,0.009896534278704884
189,0.02223111001349946
190,0.00245081246884549
191,0.01972288741238605
192,0.03575869218510681
193,0.0357358744155104
194,0.025256138943354125
195,0.002536723138400792
196,0.019595617863675533
197,0.0023029865182494103
198,0.031018786390538934
199,0.0021554965787921377
200,0.004721825916319846
201,0.0021810032428706398
202,0.007997357671464079
203,0.010699132230491331
204,0.0050531816383605176
205,0.000753504710453642
206,0.01903169259846397
207,0.011438224513086442
208,0.0031992039483659017
209,0.01587744526191449
210,0.011135658421498693
211,0.0028208036059383236
212,0.025529375507607997
213,0.004010530028720144
214,0.014020350198150894
215,0.0026393246217028352
216,0.01374493250555042
217,0.0012716836662195969
218,0.0012762479940777265
219,0.001271414973528974
220,0.0012700462985490114
221,0.0012802830755946934
222,0.0038811153530565337
223,0.07973593473656945
224,0.027804831398192977
225,0.02045611425119161
226,0.005938904385475634
227,0.02104326418119114
228,0.008003125197056628
229,0.028006183078818695
230,0.031219921634919733
231,0.00863321489000368
232,0.01965235484329742
233,0.004840437349618162
234,0.002571836569684363
235,0.013944496288953398
236,0.0024504438553657488
237,0.002439803842760317
238,0.029248011030326152
239,0.0010695542457885847
240,0.035848194269710164
241,0.029559372167708067
242,0.0029214397224972
243,0.003063527800007158
244,0.012222143614015248
245,0.06747414548936387
246,0.00755650621276375
247,0.012165465458433673
248,0.011009796410389393
249,0.036292124661505824
250,0.02140451573937138
251,0.011859647549635968
252,0.0023068305967505797
253,0.008182074244594108
254,0.002595099076529884
255,0.011286614611075729
256,0.0027899370932980496
257,0.030883066202690004
258,0.01473705317469331
259,0.0016457756743629265
260,0.01292556507332255
261,0.006769324481610977
262,0.013973266348670414
263,0.0033284190348623504
264,0.0010695757710340046
265,0.00771005731535065
266,0.0057889906648889555
267,0.04976758660328698
268,0.031232882972212054
269,0.03735242184501096
270,0.02270814501685896
271,0.03276238767532032
272,0.0022794443897818616
273,0.04236510138245375
274,0.007207592078241515
275,0.0017818554618526884
276,0.0017356076383787489
277,0.020141458164091405
278,0.0018782307988314188
279,0.0019281923785525463
280,0.012610577404508895
281,0.0024630422578736507
282,0.013081022332279408
283,0.03012882725910452
284,0.023809691209573363
285,0.003177407773152823
286,0.035523354597493895
287,0.0015807529148460044
288,0.0015404279222109366
289,0.0493147157784528
290,0.02075435893663777
291,0.013476301180836621
292,0.04145868437160322
293,0.032580427319311926
294,0.032963753176544916
295,0.05121425079964626
296,0.036475809248504465
297,0.029133512935008318
298,0.03383099962033326
299,0.019040708291967738
300,0.03858359454593637
301,0.03520524336556569
302,0.018919880546968432
303,0.002073595014306693
304,0.028965685839324785
305,0.02630550818481267
306,0.04757609166398311
307,0.05056731799962081
308,0.04843395050359887
309,0.002875075831333142
310,0.04242976918171486
311,0.015200127921979742
312,0.0029697627913689586
313,0.012387905176672842
314,0.014020741099633085
315,0.005995010506583237
316,0.01122371156453965
317,0.011296765784849786
318,0.006118584040932418
319,0.0015889053568553955
320,0.03558282921413175
321,0.01928082448821682
322,0.044359063084412585
323,0.0022517233679140236
324,0.04438637436145537
325,0.031484068919429585
326,0.0037854038746340303
327,0.034888731983515414
328,0.04183720486986525
329,0.016526778217450574
330,0.027334755280011325
331,0.004028450284148076
332,0.004819320222932819
333,0.015447977618107105
334,0.0360538214103399
335,0.013614566408860293
336,0.003361452954243512
337,0.008759890529881074
338,0.021722353211369227
339,0.002799591371615932
340,0.005235383646644881
341,0.003115394976019296
342,0.04066912089805475
343,0.02114249617202651
344,0.004706506289329652
345,0.014229187519269082
346,0.008954413096864216
347,0.005355692422300217
348,0.015909097811761943
349,0.015237509013519725
350,0.0019958367052796506
351,0.0203013753407462
352,0.02063662655488168
353,0.006201004503182293
354,0.03807867218430378
355,0.02054041740251266
356,0.002601382400954103
357,0.03988470857322347
358,0.05853107714597355
359,0.03262454382795493
360,0.009834538662179258
361,0.029969802002524148
362,0.04122626211099785
363,0.01889729075809729
364,0.02421901201479308
365,0.01932636313981257
366,0.004978991783305556
367,0.021155733360861476
368,0.014581412807966026
369,0.054710033759949955
370,0.016906459567822035
371,0.026053160069022096
372,0.03492150816189846
373,0.042684830287301995
374,0.03255514969920433
375,0.05654448897078209
376,0.01773507346527056
377,0.016949234134206022
378,0.002186943164825036
379,0.002183852427372366
380,0.03257037941793357
381,0.034320014075084115
382,0.012276637990334596
383,0.011458732235569202
384,0.03971681014830066
385,0.01483627054197341
386,0.007140157514039694
387,0.017234707290462194
388,0.0043654250342056574
389,0.0044086017359588935
390,0.019790224631205777
391,0.002094779371134572
392,0.027223246032128667
393,0.022379475734945975
394,0.053343856113428824
395,0.0274954421053304
396,0.017097632511721257
397,0.007426654162262531
398,0.0023591177296668087
399,0.002392466377516974
400,0.016685669066011762
401,0.004286504507304342
402,0.009095295170027945
403,0.00401149651912655
404,0.013983709047760562
405,0.0446156575952468
406,0.004414444200409536
407,0.002756555755650257
408,0.04020154194461691
409,0.010910226349446465
410,0.0030759805172464348
411,0.0526268565522209
412,0.01907717322458559
413,0.01732249738603116
414,0.028489478294463966
415,0.04227482234160759
416,0.03196229880370416
417,0.004852151422117
418,0.014943555073921783
419,0.06507968338993554
420,0.03581123821864868
421,0.005609785153330382
422,0.04074936653865527
423,0.02622321114386667
424,0.003775096874978642
425,0.003633757233097783
426,0.040991492678951094
427,0.003707476969891548
428,0.019628814362912347
429,0.02004571091578203
430,0.034070337576925167
431,0.0033899726877513123
432,0.0392507727208963
433,0.0035696070923084623
434,0.02979644081248258
435,0.004075470120132484
436,0.02113860096085651
437,0.007500417717091799
438,0.007436482141661685
439,0.003247856471383155
440,0.011423259018542246
441,0.010717835512198168
442,0.014814990025515853
443,0.016831518726097672
444,0.017395359858279863
445,0.014559116349583661
446,0.04341969018975811
447,0.008850569058501713
448,0.0047819760579853165
449,0.06547001890009115
450,0.004907421815955848
451,0.021978819852060894
452,0.00810409023948372
453,0.007513401942445614
454,0.027201059453602655
455,0.021041996792369167
456,0.0030576241994468793
457,0.02978650513130069
458,0.014509429019126425
459,0.007706770664053244
460,0.023111599750174426
461,0.028430600900333072
462,0.005319077740970386
463,0.02285919097611576
464,0.010483950476959639
465,0.0023398448686793513
466,0.024253852770696943
467,0.007328108328251361
468,0.0092717980090875
469,0.0039949075050882635
470,0.004009241078742436
471,0.014497466759062874
472,0.007644079957299352
473,0.0037916667972748624
474,0.014264311346118833
475,0.0037977132318261038
476,0.003755517369506348
477,0.020497289334578155
478,0.0026971935286478586
479,0.04217296226012494
480,0.006298787365046408
481,0.0031350557981290805
482,0.02331329326221818
483,0.0026760515507336774
484,0.018734307900584335
485,0.02355832598550313
486,0.04280500747440599
487,0.026267887429366255
488,0.026126660567204873
489,0.041175086790990835
490,0.003968778000945117
491,0.02848630206586955
492,0.03133176553258488
493,0.027038332783623904
494,0.05709158332070247
495,0.034323370907743976
496,0.04417065693067026
497,0.034447790160508904
498,0.038019522981774106
499,0.031280972380949804
500,0.040753184984908916
501,0.034816466679880406
502,0.018299227105622956
503,0.03192925646185821
504,0.04755187126058053
505,0.004047496445395881
506,0.013465488022079137
507,0.00893415665471202
508,0.011359129459301493
509,0.004483002075491748
510,0.019131510576371337
511,0.0047452451929278555
512,0.004756425544628421
513,0.0047683845078642555
514,0.004802036582928578
515,0.016423870991762016
516,0.0068878698718058675
517,0.004543293963637102
518,0.02357930963773723
519,0.007122507547514575
520,0.002531326718735632
521,0.002566309345264509
522,0.02114578477665986
523,0.004672297894003191
524,0.004585518252741875
525,0.033754307533736275
526,0.01106782458273148
527,0.033359028437521865
528,0.0039040757637307678
529,0.022818121530457283
530,0.018360184780016366
531,0.004918097619702244
532,0.004953312991935566
533,0.02374626526623833
534,0.010327382378326285
535,0.0032556409265165334
536,0.015232836963251931
537,0.020103385406069214
538,0.012343257620255243
539,0.0031398897958279924
540,0.007982620954215123
541,0.009631994856465162
542,0.005290368511739442
543,0.031569174155899715
544,0.019864473430230074
545,0.004722370386629102
546,0.00475113419065044
547,0.00735151519582736
548,0.012023578475874333
549,0.026624425037334493
550,0.004986419641118195
551,0.005038934928409585
552,0.04831898401898551
553,0.0050842978073900895
554,0.013646386227154354
555,0.013580705598560354
556,0.013453798642768234
557,0.002978404140706896
558,0.02303930099561055
559,0.01689663705143083
560,0.02422608743051888
561,0.029735432972246387
562,0.035022281416140486
563,0.019690288674529467
564,0.054661256163603476
565,0.03432225770181016
566,0.009488940918799508
567,0.01304203839838428
568,0.029590251068317384
569,0.038049644770342506
570,0.03080518772486283
571,0.004138045624749728
572,0.061229674275498386
573,0.03218877671490015
574,0.030084016038890164
575,0.01374446382426139
576,0.03706894512674521
577,0.02175708408353379
578,0.04690127242551983
579,0.023902286455880384
580,0.03491087108904934
581,0.03368059188204314
582,0.01741398236863299
583,0.01764983465373944
584,0.022003397760603755
585,0.013707143169760875
586,0.028237435897103428
587,0.017627444416968934
588,0.01715225925165476
589,0.012356076677317307
590,0.029016245983924032
591,0.041176019038899045
592,0.015401093341814134
593,0.002883449524951123
594,0.0028432392955960186
595,0.03848415618473758
596,0.0031004132480311236
597,0.03368252937245069
598,0.006599361934571479
599,0.029347211315603975
600,0.025000001150077326
601,0.017169651327601752
602,0.003872325883594637
603,0.017313937887720208
604,0.008420154415619932
605,0.005720928502399988
606,0.03383767354524945
607,0.011659017646654772
608,0.021723377804611206
609,0.02898173784553605
610,0.017790638533320118
611,0.020893479960542582
612,0.021882782645968414
613,0.008838118611540319
614,0.038917576834881874
615,0.006443593712266604
616,0.00852848020289276
617,0.006965870013784388
618,0.0027603302495526477
619,0.020048895794038155
620,0.004229543298039205
621,0.004268149359809602
622,0.03267110362478542
623,0.007606524078801744
624,0.021097750816380913
625,0.006923074895118373
626,0.004404974095967504
627,0.037461558615990855
628,0.002989589376847051
629,0.039296284421826554
630,0.030137759926870258
631,0.03077521583106571
632,0.012986543458786548
633,0.05082901026090201
634,0.006313158400533122
635,0.0037351271076165237
636,0.0037075195727428734
637,0.0037194346172487363
638,0.022025067882039614
639,0.006450495331981404
640,0.003944569877456667
641,0.03623573819759592
642,0.016222258744213278
643,0.0121975899883929
644,0.006816717517429872
645,0.004230262215101356
646,0.004265897020719514
647,0.011922714859439866
648,0.004852331159344456
649,0.05421490098137071
650,0.010160280594618976
651,0.02193970285603236
652,0.003473108611494551
653,0.003477847375248308
654,0.0035139293697519607
655,0.011602860346135809
656,0.011004362034764438
657,0.003916259336803906
658,0.003938247453449278
659,0.029758251690127056
660,0.02660191031700974
661,0.004685085019985954
662,0.004625791431769371
663,0.023519165817880675
664,0.02087781141268124
665,0.0027239420061902346
666,0.0315134103767752
667,0.0125447391256536
668,0.028435500703511505
669,0.007643976638956703
670,0.020929377105006166
671,0.007059128393687282
672,0.005545574696381968
673,0.0032466912648207646
674,0.038153550086650244
675,0.010261841328031247
676,0.00818894989481235
677,0.018601957150397207
678,0.025150761784126802
679,0.019495244421159567
680,0.003179766082588611
681,0.014260771001795047
682,0.0032184621500228505
683,0.0032233271544540865
684,0.07651131419058806
685,0.027506457813897524
686,0.01791728168943315
687,0.02943332275492769
688,0.02310252337998217
689,0.027056749001618315
690,0.016644336308112965
691,0.0026013989897959466
692,0.018842418371013053
693,0.030689536541502936
694,0.0043829343640481334
695,0.0411382980336947
696,0.014766239068531811
697,0.01842685207105684
698,0.004529830905569531
699,0.009976421840038182
700,0.016536715790081903
701,0.004109465545538141
702,0.006866740991992087
703,0.004319088694652057
704,0.015400622260246419
705,0.0037173461587673485
706,0.007554514354455197
707,0.0035689380982248755
708,0.04339649636023588
709,0.010440223067893365
710,0.0025146035417112854
711,0.0228762780857158
712,0.034665757938513585
713,0.015912368428306796
714,0.012818594052989168
715,0.016628971912337268
716,0.004337257020094832
717,0.020704553728736794
718,0.009476883915062151
719,0.003150024913274851
720,0.011262015338297088
721,0.009584625971233527
722,0.015933674524303915
723,0.02094122228084032
724,0.005141827376333273
725,0.035803225982529885
726,0.0026308363286812403
727,0.013805042481694774
728,0.007472905473921541
729,0.015359853248066211
730,0.045973248516284794
731,0.024366331265206535
732,0.017535061603738158
733,0.008625123454124759
734,0.009815110978778725
735,0.009711214587909665
736,0.036577830203915904
737,0.02225921652479541
738,0.0053614207789361365
739,0.002440450471737904
740,0.038045872034220295
741,0.012359525727047484
742,0.00681584645092971
743,0.0038649400592002258
744,0.03266566110478906
745,0.004373560237553801
746,0.004300128733809728
747,0.008328204554146878
748,0.004330747075329155
749,0.004306391549173578
750,0.04121759551408775
751,0.0031767430802300723
752,0.019406648267882833
753,0.006855431863885377
754,0.0028070909778557425
755,0.0054756144759071585
756,0.0028407399809696546
757,0.010934105598256522
758,0.010295348055832229
759,0.003979305522947897
760,0.07278080628580065
761,0.011154159309397511
762,0.0025985456431420516
763,0.0053507521373420495
764,0.03339217901278002
765,0.010629224399287705
766,0.0051165110333616
767,0.005224977022413624
768,0.004562933545337935
769,0.01269697503202151
770,0.005813841702575709
771,0.0026757762256637728
772,0.007090157039053131
773,0.022312917826766206
774,0.01773182010029625
775,0.00912367412491856
776,0.004854281404506166
777,0.030588767317179858
778,0.013732507535433364
779,0.017197526778747342
780,0.004478716755465094
781,0.01992721096907589
782,0.004596785410972294
783,0.01337483596711529
784,0.008306475689518195
785,0.0031196040895686
786,0.02100960353960261
787,0.0026312466010531984
788,0.015581142502454114
789,0.0025895522831847167
790,0.0025997536758142056
791,0.01640393984867187
792,0.024041319154608012
793,0.004695559611151626
794,0.004722795032832247
795,0.007251752635486009
796,0.002597042506592411
797,0.02060136336459621
798,0.020395141937664802
799,0.007052753260263436
800,0.054923125033418015
801,0.0471226436724712
802,0.007562931303686378
803,0.013662986469187783
804,0.0145823184559751
805,0.06965432136679603
806,0.026875436590029538
807,0.019106518682397242
808,0.05595747912828895
809,0.014992499627242178
810,0.019419475605712024
811,0.009033911154327308
812,0.0037609881575106155
813,0.026009517452390704
814,0.017322529375220413
815,0.025204640145738783
816,0.011472943641576173
817,0.006982606200547874
818,0.019539191422028306
819,0.015249143473083817
820,0.01075935036831991
821,0.018586166715255002
822,0.014731310676961323
823,0.0028293278824681268
824,0.015970059890047177
825,0.003054186561062465
826,0.07389116317018583
827,0.023968371463977695
828,0.031256337680335575
829,0.014734597377390826
830,0.0060823654370792644
831,0.028126388317526015
832,0.02371625920558968
833,0.03820327103426064
834,0.018785534125490277
835,0.021160728402360735
836,0.009451515308796623
837,0.019011766987161737
838,0.011853537800121786
839,0.016935372641924216
840,0.021054882330582867
841,0.032708106455741466
842,0.021176462374155994
843,0.003617573762513986
844,0.02835570169329057
845,0.019283523717850193
846,0.00595600026579441
847,0.060805185238868374
848,0.020448198682089025
849,0.040201718331882456
850,0.0041744402030461335
851,0.022169603953832846
852,0.004491891049645132
853,0.023919214531748292
854,0.0197130492819657
855,0.00946571843388877
856,0.003644323520525584
857,0.05818313527686997
858,0.020667203758506246
859,0.0032383408304492763
860,0.02332471809239911
861,0.004047176338592979
862,0.018268179662671292
863,0.005345524370992076
864,0.005192878635781113
865,0.013759533705803257
866,0.0055265182838582895
867,0.024579563901993836
868,0.020846219138021527
869,0.004781243757564057
870,0.04101866452836955
871,0.02025480326452471
872,0.004006342587495472
873,0.03174641934845625
874,0.0045027564241200265
875,0.00895591432660931
876,0.010403416663537774
877,0.030933270920926292
878,0.004348219081116886
879,0.010072498274009889
880,0.006287488220990612
881,0.003280741114641027
882,0.032601389021598905
883,0.02008691540786089
884,0.01161456637510197
885,0.0068662353012210325
886,0.01679462468042451
887,0.029115277658103025
888,0.0034738426662647556
889,0.02392315621745498
890,0.03019794469771644
891,0.02073177404772259
892,0.026389983313911583
893,0.005792869878986755
894,0.006836645281424965
895,0.009516410069409727
896,0.011956451829700333
897,0.01671092176482668
898,0.006250452225165318
899,0.01644132130054186
900,0.008344552671370966
901,0.03297542573984919
902,0.00745290602231639
903,0.007481518705580289
904,0.0048004830136392255
905,0.02956507550790142
906,0.005365787175352813
907,0.023253985997654953
908,0.004429817525108995
909,0.0178296179279678
910,0.013541045205847728
911,0.014496405371001069
912,0.021250293041251027
913,0.022100111547946222
914,0.0035278966411972025
915,0.0034782158829922334
916,0.017571640218394437
917,0.004826958661910327
918,0.0226995379021652
919,0.0037707119484229347
920,0.03299305310576254
921,0.00442548618312925
922,0.018018308864763608
923,0.010243633541174834
924,0.018079505862908858
925,0.00483434392111914
926,0.004723510393892713
927,0.004738839896784722
928,0.026903158778189808
929,0.026981264044450507
930,0.017728159477097365
931,0.003593328273211688
932,0.03960990948993768
933,0.01674662671520329
934,0.007034041761725092
935,0.014908109188171077
936,0.005577205006381383
937,0.0056016312806542005
938,0.04228209954196879
939,0.00837306136155382
940,0.004775085731461474
941,0.017855070032487427
942,0.004424880437173035
943,0.031173211568792335
944,0.004131734642795359
945,0.017673372014862666
946,0.020433572904745904
947,0.004598428914643619
948,0.021871858259707735
949,0.022788239349414728
950,0.018309406065897413
951,0.013964887506705752
952,0.009498948383360564
953,0.015495405727101022
954,0.013788238482399105
955,0.005272219174449026
956,0.009602052165242684
957,0.004131643705239854
958,0.025134419883600444
959,0.004546694394062485
960,0.05292361386700739
961,0.006516727282529216
962,0.003944445803189851
963,0.011685932577609408
964,0.03303191709328219
965,0.0034627909199783195
966,0.024192745836365822
967,0.011493925730668625
968,0.0032321003912437925
969,0.023604514187100047
970,0.015685085790405943
971,0.02216376209283551
972,0.003607243892069694
973,0.02035852309288566
974,0.02464743934509568
975,0.005404290859762279
976,0.02669091621047045
977,0.005307048155076113
978,0.02015265757012475
979,0.0033159096098678326
980,0.028842155295759366
981,0.015443221908675942
982,0.0034228943570428793
983,0.01179766676495524
984,0.0052943516318715075
985,0.005317785255340162
986,0.029000086284258084
987,0.0040598494930089634
988,0.0424504266216849
989,0.005672505792494269
990,0.03997481958373314
991,0.005380203668269098
992,0.005547368233674547
993,0.026296394308023215
994,0.008522821438440383
995,0.06053543880340439
996,0.025453118158557136
997,0.022305303077503957
998,0.029142075831956656
999,0.02042566826030923
1000,0.029525403404706163
1001,0.006629229154362608
1002,0.008814365528681466
1003,0.018475322665760907
1004,0.0043646140946164355
1005,0.016801378339289828
1006,0.004371647630657169
1007,0.05147436505533805
1008,0.014509337739659867
1009,0.018608463701184474
1010,0.04019332232980042
1011,0.016952757557486948
1012,0.05382353277520725
1013,0.033200346623799365
1014,0.017478201707950673
1015,0.022763906129112263
1016,0.0041044728978080845
1017,0.004088133913790138
1018,0.004199155302678531
1019,0.008599882108565169
1020,0.005015606778626073
1021,0.04367300097660612
1022,0.004321041607096224
1023,0.017301732040062294
1024,0.004307954636194072
1025,0.029054568636383497
1026,0.01924571680465881
1027,0.07240454181121983
1028,0.039020144693073695
1029,0.019733866212191732
1030,0.006873005387792304
1031,0.016614047661193038
1032,0.005338616424617692
1033,0.02608313294982024
1034,0.004248867362426508
1035,0.017139426964702397
1036,0.011163138192491625
1037,0.014535072798847613
1038,0.03183773593277919
1039,0.0071715474878251174
1040,0.005551021764746643
1041,0.03561536700719519
1042,0.01789851313561619
1043,0.007154146475919853
1044,0.02327123481401714
1045,0.005389671657929551
1046,0.021076976179548183
1047,0.004139481105774284
1048,0.004157007498894631
1049,0.04794457743364066
1050,0.01954492900581054
1051,0.022578786569253707
1052,0.015740846754653332
1053,0.004670524921615559
1054,0.027030101957476942
1055,0.024064116404610897
1056,0.02398659685249609
1057,0.020856142111903814
1058,0.004767813745177778
1059,0.004914881499838172
1060,0.013848974366208695
1061,0.0056360112141962335
1062,0.04622450408050278
1063,0.005179670305504029
1064,0.009744672642401987
1065,0.005653834662240117
1066,0.025960088130188283
1067,0.025173942652958765
1068,0.012139557232409651
1069,0.01087497460069973
1070,0.008035101488738055
1071,0.008064238402640362
1072,0.014204860837847532
1073,0.0045241525388503975
1074,0.006122277979097775
1075,0.007854425164118342
1076,0.03789620678695363
1077,0.005917554895500877
1078,0.018920197897084504
1079,0.005345176013314897
1080,0.0053170448806147625
1081,0.04503756088903228
1082,0.004735330422248735
1083,0.014499898408953864
1084,0.023653458496847905
1085,0.005198690477048608
1086,0.015138499940907794
1087,0.033282583944188975
1088,0.004384074696779613
1089,0.008901408630508128
1090,0.004228373833290341
1091,0.008734251767706234
1092,0.0038826400206858846
1093,0.02677484465465761
1094,0.0042833194142378505
1095,0.02391989289799957
1096,0.010709694814587748
1097,0.018747123581609557
1098,0.0049542361122390825
1099,0.019774390772795476
1100,0.00448804585464764
1101,0.022757481384024354
1102,0.005052285033340728
1103,0.01382581180434609
1104,0.03109684719137072
1105,0.0056125315930787446
1106,0.0292447554311652
1107,0.004345931314268
1108,0.030109440584328174
1109,0.04424543452535876
1110,0.025539901219886977
1111,0.021117883742431787
1112,0.02286970923366978
1113,0.013360515372938777
1114,0.010293930766772773
1115,0.013002527752889756
1116,0.005297727054458231
1117,0.009536688059537024
1118,0.013837195547257935
1119,0.005332542679617006
1120,0.005282074650395287
1121,0.03098412620993696
1122,0.004331454067184253
1123,0.025214786839081505
1124,0.006237907843944595
1125,0.03129749983065438
1126,0.015151166032232568
1127,0.015688664135205612
1128,0.004150888772264586
1129,0.025766707413026797
1130,0.04477968764018289
1131,0.02657671039000696
1132,0.043623192753033814
1133,0.006160882671030564
1134,0.019391331350748692
1135,0.0043049155708749206
1136,0.004301286390263133
1137,0.008110022044764666
1138,0.0046153869044107685
1139,0.014433802833753282
1140,0.02615105275581275
1141,0.036573911962949214
1142,0.015396763283968535
1143,0.007006219914179072
1144,0.05045056265879594
1145,0.008895940606029917
1146,0.006553937717977408
1147,0.026905615390162757
1148,0.04098900542896074
1149,0.00477354854224275
1150,0.012824426133172688
1151,0.011614687778602395
1152,0.011711561570285184
1153,0.014721715787573902
1154,0.006780386188092831
1155,0.02892685638807717
1156,0.016799954701478218
1157,0.022506481854028083
1158,0.018537836669508596
1159,0.0550018261523046
1160,0.019477867954481715
1161,0.036574242922502366
1162,0.007902080307285609
1163,0.028511511457544787
1164,0.0062610533701315954
1165,0.00617566396743709
1166,0.02648499020762667
1167,0.014715951842259826
1168,0.004282367918286268
1169,0.020875831410481827
1170,0.004895051507287955
1171,0.005052933775288904
1172,0.05492574971629678
1173,0.006299781836993987
1174,0.01619306305497382
1175,0.029845143077746158
1176,0.01126937735508956
1177,0.020139331573135202
1178,0.0049976865747090645
1179,0.02252719774329197
1180,0.02048931737964154
1181,0.010144165791031338
1182,0.005767175986991907
1183,0.016623777491666616
1184,0.012345204326442814
1185,0.013295802204521708
1186,0.005223111843274101
1187,0.009337136853343793
1188,0.029419680212591802
1189,0.0066288493871678724
1190,0.018693041955419355
1191,0.007204714654756325
1192,0.02934104337498157
1193,0.019955633497746202
1194,0.005344622677828764
1195,0.060114593433735874
1196,0.011433577241401134
1197,0.011558350268337078
1198,0.01586846846879022
1199,0.036040050708952
1200,0.007789797511110536
1201,0.015697666007793418
1202,0.011797641491497665
1203,0.0144132854108051
1204,0.02668805964706472
1205,0.02917040435169602
1206,0.004986607912606987
1207,0.020851829663634473
1208,0.005768378265180419
1209,0.01739683553746043
1210,0.007465173667813876
1211,0.008897753622580187
1212,0.018591264576834788
1213,0.030357342106073708
1214,0.004900746785247017
1215,0.026333738295677547
1216,0.007100245632984418
1217,0.06478976945292028
1218,0.016257929930109237
1219,0.014688828332204478
1220,0.004907884148032369
1221,0.03492037148561499
1222,0.021315541744090116
1223,0.02627571731229255
1224,0.00812174314447129
1225,0.037410621920501146
1226,0.011237473009675307
1227,0.005582131191058535
1228,0.0056227854739234855
1229,0.02627576079527051
1230,0.005202991635779315
1231,0.012001782432308239
1232,0.005609067330491892
1233,0.01751597936318176
1234,0.012392992366210444
1235,0.02679859771874654
1236,0.013236515255946562
1237,0.01600686910517803
1238,0.007753927183907681
1239,0.037254968958206215
1240,0.006275568120141182
1241,0.006243093210847353
1242,0.006200481772078707
1243,0.057006240597582865
1244,0.014348349288530082
1245,0.006231077654072752
1246,0.006313535560561491
1247,0.02906462003778531
1248,0.017304262313170584
1249,0.023228704989358546
1250,0.03662236705728806
1251,0.00688347626858091
1252,0.0068338218802670835
1253,0.006960504536181404
1254,0.011279215201937708
1255,0.008371859150265802
1256,0.021906942319856553
1257,0.006812491682050592
1258,0.006799873170305358
1259,0.027469529234486832
1260,0.018964653735294303
1261,0.01215229964644279
1262,0.01430390280509978
1263,0.005489418534292666
1264,0.03591228356675468
1265,0.013898859591534338
1266,0.013727434328696667
1267,0.007846634183445665
1268,0.005663041117445169
1269,0.02491547073648535
1270,0.006121675158498765
1271,0.04082681262287556
1272,0.011458760136405665
1273,0.03581340966534638
1274,0.006193490679370864
1275,0.018736957019890716
1276,0.007292817620516183
1277,0.023407916903955408
1278,0.007447529455612153
1279,0.027130127755038178
1280,0.00953182900186151
1281,0.010184384831305623
1282,0.01829255366977944
1283,0.013136946831498329
1284,0.0053002877491449335
1285,0.033932183452448215
1286,0.011573043400005027
1287,0.006281584436526844
1288,0.008600453710024185
1289,0.04479202013957855
1290,0.006453590953264322
1291,0.030481911366732468
1292,0.014062802841194525
1293,0.01998892530403675
1294,0.00634096664043228
1295,0.050706910198782346
1296,0.045940366773687506
1297,0.011832309807065714
1298,0.023688848141706534
1299,0.006334405199618141
1300,0.013739353355253767
1301,0.007004459328565561
1302,0.03281993106393787
1303,0.01142645591521047
1304,0.012585036070648618
1305,0.011606824484170738
1306,0.016232584823761782
1307,0.014489025322338608
1308,0.006551378739804297
1309,0.02355840394505181
1310,0.005891734975319675
1311,0.02245303236516265
1312,0.02488921161014388
1313,0.007744839918284014
1314,0.006170087893358258
1315,0.015468020523956788
1316,0.024731590665307807
1317,0.019912593586063728
1318,0.005245180853474124
1319,0.02147646939821894
1320,0.005822761636032589
1321,0.019477618954183967
1322,0.027465127660560744
1323,0.005116251810878332
1324,0.012159459651268358
1325,0.007131131997129759
1326,0.0354563257575683
1327,0.010870125757074488
1328,0.008676085148535134
1329,0.008076020981329514
1330,0.0056436094136813955
1331,0.012860567417143087
1332,0.006275901077553884
1333,0.013589447637286416
1334,0.030999240684441667
1335,0.017023359764074698
1336,0.01942274915443256
1337,0.014974816018032038
1338,0.0078024998555374205
1339,0.030835944676639505
1340,0.014762989823555579
1341,0.03127157292988806
1342,0.010912704922792789
1343,0.006537878321367421
1344,0.009968461840787422
1345,0.012332273508001715
1346,0.007110774040331349
1347,0.01624602934405736
1348,0.01451467910660132
1349,0.0071788558071073545
1350,0.046002224430835535
1351,0.010756553491991807
1352,0.04257895713857941
1353,0.013765097159162442
1354,0.008370902019589547
1355,0.006390478861769149
1356,0.030580331872511468
1357,0.014170214287986095
1358,0.013390534836456785
1359,0.03527365420209496
1360,0.005209632816498702
1361,0.03943798253880861
1362,0.005066034559589956
1363,0.037414796646073396
1364,0.01772602879157291
1365,0.00897656681144337
1366,0.005937674200249522
1367,0.02761128452413419
1368,0.006196851561229099
1369,0.01979793207708257
1370,0.008974732645026138
1371,0.00616976390845606
1372,0.02500872308078756
1373,0.005927630732602291
1374,0.008487448121724712
1375,0.009247708536632341
1376,0.008976797477192452
1377,0.007110678280469926
1378,0.016074872997878447
1379,0.007130888768170372
1380,0.007140274809641216
1381,0.0466697778838235
1382,0.018179054557793718
1383,0.007044205024552734
1384,0.047075374851585756
1385,0.03678238747381256
1386,0.006776309924885643
1387,0.047492560052078546
1388,0.008455221309163792
1389,0.008899582371855435
1390,0.011922957386707804
1391,0.007691318225774483
1392,0.0074491579263343995
1393,0.03732954615112705
1394,0.00657244401573392
1395,0.05809376192571381
1396,0.008989200843606436
1397,0.06220283296935251
1398,0.017920710328243373
1399,0.006823641774997741
1400,0.043279037436599235
1401,0.022224718420028423
1402,0.007730282504731203
1403,0.02265328949615488
1404,0.05793398193035298
1405,0.0151283038987194
1406,0.014367928458909668
1407,0.025679202915712677
1408,0.034948269151603414
1409,0.049661904081070504
1410,0.0347348188193595
1411,0.04844530924522046
1412,0.015193836072099738
1413,0.023369350476961454
1414,0.006996280946231699
1415,0.05648711297181377
1416,0.015280534369814969
1417,0.023151413927453936
1418,0.0201739754866948
1419,0.045058059900041865
1420,0.044318891743871124
1421,0.06582494261841042
1422,0.04059509143438413
1423,0.00959121375570852
1424,0.008587675464055514
1425,0.023274406660841608
1426,0.007533378396611252
1427,0.027249791471062306
1428,0.011487444890568766
1429,0.026717310414279393
1430,0.007700655943145301
1431,0.019906791873631726
1432,0.009670545660288275
1433,0.007752121108289147
1434,0.00787284067381146
1435,0.007843000182263067
1436,0.023260978862966752
1437,0.007252533498183185
1438,0.00869748611132991
1439,0.01775674518796445
1440,0.006622549574073887
1441,0.006575945196806743
1442,0.011608104296462784
1443,0.017430066915407265
1444,0.026426165839355364
1445,0.008414821635285966
1446,0.006141280823130241
1447,0.023683157988580356
1448,0.030025495647640944
1449,0.007971095004350694
1450,0.0077137486916246285
1451,0.023031571990295333
1452,0.006911842709395451
1453,0.006964911859557219
1454,0.026870731730594056
1455,0.021505155142135187
1456,0.031903005613472125
1457,0.014207051493784505
1458,0.011614657737244726
1459,0.013591390337794036
1460,0.007205973446951763
1461,0.007088675800441503
1462,0.030773668422426664
1463,0.006564730367119083
1464,0.010564130609242245
1465,0.007125896980907495
1466,0.006915530265338601
1467,0.007047693151981766
1468,0.007084371613921054
1469,0.0072565068556203136
1470,0.014286628905214423
1471,0.008877929371642551
1472,0.0065385168291206925
1473,0.010080810924923753
1474,0.011545278039952533
1475,0.006024269454696219
1476,0.04534265310231071
1477,0.02178356691709524
1478,0.02456514124536023
1479,0.021143679535109875
1480,0.006505466304062428
1481,0.006508279508414147
1482,0.014199065742548235
1483,0.020615366672412747
1484,0.011225679312849006
1485,0.013277135173092359
1486,0.01313866472727176
1487,0.017577814992734017
1488,0.019712837369204483
1489,0.03636136003135845
1490,0.03211458247013586
1491,0.037705669905001106
1492,0.01899766868105768
1493,0.01342845984610672
1494,0.03720533009837958
1495,0.010482473454729857
1496,0.0068786161943789415
1497,0.0069200372662317055
1498,0.014203439149683956
1499,0.015615202737164758
1500,0.015038305627795772
1501,0.007826838140315881
1502,0.006058423666179605
1503,0.006041708764715272
1504,0.058573439859493794
1505,0.035531923883673204
1506,0.012567197820236896
1507,0.01828918465842678
1508,0.0075950562059975526
1509,0.027296413458112716
1510,0.03903374403518466
1511,0.006380000937781663
1512,0.015864818688618398
1513,0.008934987546145884
1514,0.00663883942538662
1515,0.016014071985365887
1516,0.0066758378067642826
1517,0.03131737433957861
1518,0.03214747106105838
1519,0.03423555922916959
1520,0.010905310615735974
1521,0.0074909553364881365
1522,0.019808146524082818
1523,0.007283912334224084
1524,0.007226551640617986
1525,0.032001777467459434
1526,0.03202834216679097
1527,0.008799738858585622
1528,0.006774861072736704
1529,0.006773533195895051
1530,0.013880311162268639
1531,0.006549732389807842
1532,0.021080858332335563
1533,0.00714969799932742
1534,0.03147440494669531
1535,0.008595866114749901
1536,0.006917625799578443
1537,0.0068066430227968705
1538,0.006666529311061846
1539,0.006654027031637788
1540,0.006720416719567748
1541,0.01018274215278797
1542,0.0064884621181259695
1543,0.031531492729535725
1544,0.008653944057621115
1545,0.019676417591069292
1546,0.007531653752517949
1547,0.007372724199501431
1548,0.016443349194925547
1549,0.02298014225069203
1550,0.006937999101340543
1551,0.006774664296414323
1552,0.006868908233412593
1553,0.006636859665780292
1554,0.026032812581103425
1555,0.025441038956753384
1556,0.006703254824607802
1557,0.020790666281489227
1558,0.011693495801678805
1559,0.04156012136014956
1560,0.03531947232017588
1561,0.02117335790970921
1562,0.005912691523716751
1563,0.02460711203908576
1564,0.02016938192616748
1565,0.043050433685508246
1566,0.015502268485958558
1567,0.007796513817645622
1568,0.017483915988685806
1569,0.03493796958905172
1570,0.020874905608842566
1571,0.017592828787419718
1572,0.027658751520746212
1573,0.031955712935879815
1574,0.014459516859093208
1575,0.023756879859314788
1576,0.05132640094648814
1577,0.013710675143180553
1578,0.009865413081112896
1579,0.008250825483204794
1580,0.03227137697580534
1581,0.0059185530478271416
1582,0.03469056843744069
1583,0.017085305930289542
1584,0.007206720425344607
1585,0.024798591049731908
1586,0.007158773558034312
1587,0.024823574320601786
1588,0.007106023240673935
