,Portfolio Value
0,11751.799374174101
1,11616.394034059964
2,11599.088160786698
3,11590.790639951743
4,11487.597009874073
5,11561.977880000428
6,11612.946705572642
7,11608.489221291917
8,11647.190952945093
9,11663.245356906293
10,11862.208037842833
11,11595.943746912495
12,11446.367166531501
13,11378.433348215309
14,11346.530685352804
15,10905.520810524367
16,11041.08321570396
17,10947.150406294697
18,10895.46938105348
19,10627.513967383842
20,10773.917534283482
21,10772.987763922629
22,10791.493164723586
23,10602.011897845106
24,10732.49775889467
25,10536.989490962862
26,10314.604709168329
27,10129.47147882521
28,10043.722472085488
29,10123.031188511623
30,10360.44502722872
31,10565.536585331918
32,10601.362192284556
33,10741.57906586364
34,10906.336648713474
35,11011.0716906796
36,11027.317766448105
37,11017.78812849271
38,11102.97124888379
39,11022.485992111695
40,11068.41355671138
41,11050.381854600924
42,11188.673400334654
43,11034.452064107456
44,10934.273552044335
45,11022.854378505617
46,11106.796545372064
47,11258.214028168932
48,11379.181495353207
49,11643.874430045395
50,11626.125514111089
51,11599.822039984001
52,11402.50409135137
53,11547.042760184548
54,11421.881892768044
55,11369.118298292397
56,11387.632484826083
57,11446.36531627329
58,11596.175255187689
59,11551.660737166787
60,11410.246780429581
61,11131.888488318233
62,11325.641392093363
63,11537.065468473511
64,11421.844737523857
65,11347.300348073382
66,11404.865957488386
67,11668.084858796627
68,11480.226867203237
69,11390.844995461652
70,11189.28346803306
71,10882.606350055725
72,10680.795287438323
73,10845.419935598591
74,11164.918645303233
75,11221.414641796586
76,11125.50384803589
77,10917.561553654632
78,10951.543295014742
79,11016.889826547325
80,11005.940970501411
81,10887.547921626725
82,10839.412341667718
83,10873.506139606903
84,10929.615497862987
85,10815.690133838434
86,10763.84735678227
87,10753.846715046937
88,10613.70885722918
89,10328.360169438638
90,10278.550156662268
91,10119.2205712969
92,10034.236581023097
93,10160.396360651066
94,10365.707427626283
95,10370.404924112692
96,10379.012458136021
97,10363.004550315267
98,10483.985850309087
99,10526.69367996222
100,10469.909418061608
101,10336.539064798864
102,10353.04856529213
103,10452.761371351538
104,10568.656532107969
105,10725.769074069462
106,10933.06453382775
107,10845.134788815498
108,10815.86725114481
109,10883.804557337762
110,10806.072190444149
111,10899.402634400763
112,10877.001162940473
113,11016.168853816816
114,11149.979402168807
115,11242.5033117566
116,11213.477088701762
117,11194.388311241772
118,11104.459531921892
119,11088.192396144794
120,11181.038209814473
121,11145.41756802371
122,11186.277621200146
123,11203.456485723098
124,11258.150297500366
125,11449.505892124937
126,11242.88689439508
127,11256.988550882097
128,10988.341860217088
129,10879.5300539877
130,10969.946167589893
131,10991.997954713415
132,11117.616074827169
133,11198.034570069309
134,11520.520684448904
135,11540.503222635023
136,11783.59570425607
137,11750.09437707733
138,11883.155932168534
139,11738.26879851066
140,11722.187421864783
141,11810.567654501805
142,11820.093366695224
143,11803.02617718102
144,11654.496261166787
145,11682.03611710198
146,11758.654011699125
147,11926.244066888272
148,12141.60405319744
149,12204.613906708531
150,12311.835403233395
151,12355.512623421986
152,12234.842033298135
153,12393.359192039154
154,12330.201461399398
155,12190.608786297234
156,12135.765571110234
157,12299.11017357575
158,12835.313949807993
159,13041.188748667697
160,13127.608097587003
161,13162.230097578835
162,12980.031971849454
163,12928.569801850525
164,12836.307694665262
165,12926.673354909823
166,12997.2603520884
167,12828.920340509843
168,12710.704154924268
169,12732.764096070992
170,12966.613981295708
171,13144.163578724934
172,12838.507879505843
173,12864.422547798822
174,13010.565679563559
175,13087.59675871184
176,13121.438657913424
177,13074.722365230291
178,13065.915434793666
179,13462.80732926893
180,13517.459441004034
181,13426.613239550312
182,13527.03639246737
183,13468.422342783735
184,13458.959571217554
185,13471.607490352457
186,13531.52107525423
187,13670.453061797634
188,13516.979242450754
189,13703.251985307015
190,13658.972042695244
191,13601.82851042657
192,13588.802037596037
193,13601.772401214075
194,13323.691879849797
195,13397.712936855398
196,13445.618945211705
197,13517.83928283892
198,13417.938654768726
199,13528.734439002812
200,13501.45188718923
201,13372.036871466415
202,13282.517300864489
203,13109.244029440073
204,12876.367097019334
205,13022.465417592826
206,13063.273979983238
207,13015.599393526958
208,12770.044218901077
209,12619.851330765057
210,12496.178771141102
211,13014.673161190583
212,13224.302661506776
213,13529.033266803117
214,13542.316813523576
215,13252.592636553201
216,13576.196514794585
217,13692.084171919192
218,13645.106465365545
219,13697.151258062253
220,13712.181612380107
221,13603.287260149971
222,13429.25581081785
223,13106.839855607514
224,13070.45264058474
225,13141.494791662888
226,13146.224360904545
227,13226.292940601425
228,13214.17127782065
229,13457.90558794073
230,13422.936222100447
231,13118.413080457307
232,12958.530064591043
233,12876.010815654794
234,12555.546721794188
235,12540.343965931239
236,12680.711836856435
237,12741.80079547342
238,12601.454234306133
239,12414.578327001494
240,12263.728117803328
241,11891.210070024199
242,11691.036845033583
243,11148.972847430541
244,11187.323304690959
245,11553.887643216925
246,11935.533145087236
247,11869.106511882026
248,11779.88484468249
249,11328.244151572511
250,11403.774741308245
251,11370.191547176013
252,11076.978522936544
253,11498.046424725497
254,11572.48090897175
255,11405.86370820228
256,11460.351640708597
257,11341.195152763219
258,11517.314419087708
259,11772.25549029874
260,11940.15637640404
261,11715.351332323276
262,11475.7310225617
263,11278.307746193703
264,11225.645860332083
265,11056.914586171677
266,11076.27146677835
267,10677.967696917342
268,10768.6060961115
269,11296.772030784141
270,11239.564739155529
271,11613.983931004474
272,11600.774151943115
273,11499.374900029059
274,11760.695674797807
275,11733.674817549
276,12047.253788475538
277,12324.677067912384
278,11907.990819612096
279,11604.327296799303
280,11741.23270663934
281,11789.701099724944
282,11785.609880564854
283,11658.745133498087
284,11414.424307205447
285,11148.96710597035
286,11324.92930520996
287,11400.527963116287
288,11700.169633059453
289,11881.282201278593
290,11606.22831927297
291,11581.084717221574
292,11764.1828071804
293,11798.092955686314
294,11661.561715661202
295,11594.667007975779
296,11622.618751214122
297,11495.388972771403
298,11398.158598276703
299,11366.05903560178
300,11394.416382653464
301,10980.511098543111
302,11287.643210727103
303,11367.922987015103
304,11590.275421211732
305,11931.316001884865
306,11968.285899746043
307,12231.741746945694
308,12137.14547106904
309,12010.106116583529
310,12123.972533895434
311,12086.5948710431
312,12236.98684456739
313,12440.878802925845
314,12454.905513908816
315,12548.580183611859
316,12451.019648010972
317,12340.70599128238
318,12363.39233531625
319,12289.84085527854
320,12135.18113922248
321,12046.779669787515
322,12191.687392262362
323,12311.932179279273
324,12243.15293879322
325,12155.57757107913
326,12102.293334304592
327,12192.21350174307
328,12387.906069999628
329,12409.8910040147
330,12346.080924102542
331,12528.262251471799
332,12334.20205954634
333,12286.448246282922
334,11781.761032114893
335,11681.953801596046
336,11618.229477101799
337,11257.756606521285
338,10974.75478811208
339,11007.333444995074
340,11054.874473466238
341,10668.594452804393
342,10819.96646230716
343,10181.317944574273
344,10189.801316957262
345,9900.04060536341
346,9969.567959772732
347,10220.959153441892
348,10145.304500940294
349,10127.166871478203
350,9679.959039730704
351,9593.38487888307
352,9688.294647982048
353,9666.200162311921
354,9279.967492101037
355,9168.612322819574
356,9483.442058334536
357,9333.084759807354
358,9163.046907613607
359,8924.035234315725
360,9091.514520053217
361,8968.63953334309
362,9079.482069820224
363,9432.03537444706
364,9701.973956087306
365,9852.391279300618
366,9830.15236888962
367,10085.355381165395
368,9865.044198309666
369,9800.29308430405
370,9810.38882132917
371,9953.708195529693
372,9977.085651602396
373,10358.83439513645
374,10429.548817434712
375,10410.29792577553
376,10529.341862702258
377,10554.792345651995
378,10443.634517343398
379,10468.262794312215
380,10483.93712069563
381,10716.717385015787
382,10612.0680565134
383,10533.31896387487
384,10634.592232401796
385,10530.439247343736
386,10523.946021582458
387,10569.030885629407
388,10648.757509336905
389,10546.663070966511
390,10458.277170254942
391,10356.128296378767
392,10549.96851261812
393,10728.899466459188
394,10606.881931939655
395,10894.264145165096
396,10866.01649628991
397,10669.648163659898
398,10849.377889760917
399,10698.357835484967
400,10828.553440487047
401,10931.190379053975
402,11161.280028877243
403,11526.276731217948
404,11489.0829911221
405,11570.623273848138
406,11543.46478015697
407,11677.67454695506
408,11567.455010406728
409,11640.712659959427
410,11512.945091681597
411,11520.806929077742
412,11293.036050103043
413,11113.225519355197
414,11204.601691812302
415,10957.125635093025
416,11096.406299103655
417,10772.229893550317
418,10606.493082778878
419,10768.529837331385
420,10658.673686532413
421,10502.915477202474
422,10646.326807759731
423,10447.930800620868
424,10210.11823063095
425,10611.861651547704
426,10802.958044181034
427,10852.598942703804
428,10827.890015697783
429,10570.21652277244
430,10695.006131415003
431,10646.324731711315
432,10835.227929666118
433,10764.053151988164
434,10863.467297001804
435,11204.16236871557
436,11337.796009014699
437,11113.57500994572
438,11210.075831678483
439,11099.629955511824
440,11202.698991274094
441,11076.977977433758
442,10961.547857622778
443,10913.116388728344
444,10560.048498389333
445,10557.42787602151
446,10442.121587359961
447,10338.054465423678
448,10143.551330962928
449,10106.961060626558
450,10394.548475971245
451,10461.720381002906
452,10692.036519088251
453,10851.225096300612
454,10107.670337861318
455,9842.637950685654
456,10057.582456729975
457,10404.744711019039
458,10706.940333810642
459,10882.309207074839
460,10644.416683571322
461,10575.941565894038
462,10551.47843500588
463,10555.7507763094
464,10729.614543367295
465,10741.566528145908
466,10613.939490106042
467,10502.045296491571
468,10641.284307081562
469,10700.852316696297
470,10663.754501294974
471,10683.647002536909
472,10448.658511721835
473,10402.246237444193
474,10448.816544539157
475,10482.235572708729
476,10603.635356398256
477,10672.861424334675
478,10724.826670805156
479,10767.68204516973
480,10748.956713460331
481,10780.341167188384
482,10773.459684300085
483,10845.647656356834
484,10881.320386156392
485,11085.769530941554
486,11331.415479451794
487,11336.163057097023
488,11379.31695191033
489,11440.79484829799
490,11317.738196933326
491,11240.594138179604
492,11268.330255053648
493,11182.283519621
494,11199.3012777507
495,11261.027642942614
496,11101.380315383285
497,11027.673884670825
498,11112.343092370182
499,11032.802016841064
500,10982.258378180151
501,10811.753845134936
502,10804.446314857356
503,10865.66601182698
504,10994.41834567509
505,11087.669461849828
506,11219.838705693996
507,11039.58214868718
508,11078.359519975122
509,10913.546066943936
510,10879.484387424585
511,10975.505237493724
512,10951.428298141627
513,10924.805610571984
514,10849.244624607125
515,11045.176888670103
516,11268.262293746238
517,11296.18557807361
518,11172.691645431356
519,11208.823196467958
520,11178.663428843302
521,11027.45531890715
522,11081.287548818475
523,11076.502664276257
524,11292.685662660027
525,11308.199178446572
526,11136.967867381361
527,11087.717976557902
528,11083.382042784753
529,10875.243370089614
530,10779.332804110985
531,10689.937040213583
532,10614.914381443326
533,10465.081139416561
534,10551.627527099445
535,10480.74927599028
536,10576.66713640356
537,10427.256514777142
538,10453.676703227393
539,10514.231501926419
540,10201.001289466703
541,10003.588083666611
542,9882.014194970476
543,9862.949191403744
544,9763.014413902549
545,9539.937126446
546,9483.03140214172
547,9485.301665987276
548,9902.11378358485
549,9769.850412187076
550,10071.690065627306
551,9969.056093212155
552,9794.765375965831
553,9859.945744320308
554,10067.217287769541
555,10118.463933311272
556,10193.43154579281
557,10120.215248875073
558,10233.2538172234
559,10293.403600150841
560,10375.875467819258
561,10272.547031538012
562,10182.099267100188
563,10320.449627384563
564,10199.83519808082
565,10097.052998253806
566,9964.731341999048
567,10023.358195632583
568,10014.359848559703
569,10180.068229533694
570,10225.800346408378
571,10241.260396213414
572,10240.854971463434
573,10355.895742019231
574,10298.84395807449
575,10139.029218539194
576,10017.246333844187
577,10006.09244213815
578,10033.992628990625
579,10080.944395282186
580,10081.104238975078
581,10216.204584402829
582,10289.268304359437
583,10151.978325132332
584,10123.394347358644
585,10026.290885700415
586,10262.572347566798
587,10461.200937212929
588,10547.662845348015
589,10390.345008710603
590,10504.698926672518
591,10769.066256643979
592,10702.017054737375
593,10742.119044628644
594,10894.288954356576
595,10867.295860851476
596,10804.810663193954
597,10887.707187703661
598,10976.253835496462
599,10935.10101843021
600,10915.513272171958
601,10907.019390743111
602,10905.82005203213
603,10885.817657695048
604,10952.334856374848
605,11130.795050909406
606,11114.994199889057
607,11153.998794527593
608,11173.655854309063
609,11136.852870195991
610,11209.601260579802
611,11564.61923009395
612,11708.67876478545
613,11659.075556666148
614,11881.408733246433
615,12009.690719171034
616,12098.107861820565
617,12072.983018164043
618,11936.727538307867
619,12065.891865928355
620,12053.123916382287
621,11945.448163715182
622,11866.822717131201
623,12017.219599326765
624,12032.881154103123
625,12102.858560725987
626,12059.480087406808
627,12151.719791659136
628,12123.870795018825
629,12038.01184978382
630,12158.939284750879
631,12257.802782136745
632,12261.967132351017
633,12300.11659124287
634,12335.714001519362
635,12451.784898483338
636,12546.743314518899
637,12510.044030846417
638,12531.76187327164
639,12182.260405798588
640,12235.29740001844
641,12256.342271897893
642,12322.863535822027
643,12371.245470339261
644,12381.294398656235
645,12516.086231390202
646,12412.212282909131
647,12382.840399305167
648,12404.795603751621
649,12297.24062349081
650,12272.317021816069
651,12204.160752953134
652,12135.167361229802
653,12121.229346788086
654,11996.979777780478
655,11985.575265054993
656,12096.171126708246
657,12177.622951157406
658,12110.545237509436
659,12301.066718512295
660,12388.445340562768
661,12337.529660465825
662,12496.353231533758
663,12749.594421395463
664,12688.260670647272
665,12526.327690247426
666,12723.428303397694
667,12802.874588605524
668,12956.401383495499
669,13043.04660312732
670,12931.146412264727
671,12968.69670794184
672,13249.204819412696
673,13233.795770096902
674,13247.609553906017
675,13441.562630548931
676,13692.040695712802
677,13655.54063584951
678,13971.083964492642
679,13842.510728795538
680,13909.236317604482
681,13809.393411062794
682,14166.778852089412
683,14147.852042883567
684,14111.936913120946
685,14143.033040363003
686,14374.919372145048
687,14321.722602884942
688,14150.98231405829
689,14227.033562995433
690,14324.941879606378
691,14330.444143587134
692,14284.774658573288
693,14481.129967562843
694,14384.583859999828
695,13986.122150290847
696,14022.935738443928
697,14158.8395588583
698,14255.309211310501
699,14171.328789069063
700,13959.592670198906
701,14202.604601746427
702,14296.708732517181
703,14576.940299512418
704,14760.927115608989
705,14900.51193517683
706,14970.286330672501
707,14695.403762004655
708,14689.816625366548
709,14513.600115737543
710,14618.520853375543
711,14612.538785318922
712,14737.931466330818
713,14617.17536869745
714,14633.765195140044
715,14849.15270179617
716,14839.258863550822
717,14935.627144842709
718,15140.701255669777
719,15256.339879671974
720,15234.690968111889
721,15335.028575004137
722,15544.289332699209
723,15355.63172175701
724,15596.732910195242
725,15480.862266176839
726,15497.78406726941
727,15837.390374817684
728,15729.172303686602
729,15819.721981002689
730,15679.144395042204
731,15577.577446500774
732,15819.158457820384
733,15686.496855245572
734,15782.39025350078
735,15952.393234133742
736,15902.896409602385
737,15940.156193928633
738,15644.075210329414
739,15486.829187297855
740,15476.576479618225
741,15418.871930397432
742,15312.903769042792
743,14890.210150488885
744,14749.708488846969
745,14776.620472160186
746,15029.129361471076
747,14926.263837873506
748,15152.613316022975
749,15250.44185902107
750,15201.633725293588
751,15222.08789820676
752,15276.41701925435
753,15437.416492436454
754,15719.437738604698
755,15732.222015002635
756,15751.728284916857
757,15527.124778584302
758,15676.456715215585
759,15729.820543154465
760,15880.26002010314
761,15963.191599193833
762,16261.72818392693
763,16360.20713671594
764,16312.677179609878
765,16110.24023933319
766,16140.97978452457
767,15806.999101878158
768,15745.16366349997
769,15674.490465476458
770,15449.42905610889
771,15304.73697796214
772,15121.27903128916
773,15200.941702801412
774,15419.434451535475
775,15540.3282700206
776,15359.640948266024
777,15460.194891907366
778,15383.410479204666
779,15367.230851605509
780,15553.949484397996
781,15441.417877476659
782,15225.88658995921
783,15041.836550615866
784,15282.965728433235
785,15260.961037654633
786,15341.766932834678
787,15235.688720674403
788,15142.972304364639
789,15367.87229072474
790,15308.145886024884
791,14808.961185819848
792,14773.725582937308
793,14722.3334938603
794,14637.764998513874
795,14694.11311273353
796,14709.353152536745
797,14718.484347791535
798,14869.113659590914
799,14947.746839056204
800,14993.3468128566
801,15099.559158799846
802,14914.14903298469
803,14956.29567063376
804,14846.000785628403
805,14529.05995609366
806,14379.370770767464
807,14761.581656331491
808,14766.20858393139
809,14812.140320804057
810,14783.7152284206
811,14874.539252120747
812,14571.056523549812
813,14437.988027242765
814,14323.402941192437
815,14452.48829572014
816,14582.116764714143
817,14580.412158995863
818,14616.497867977361
819,14417.674682276229
820,14623.892748817947
821,14856.46607754954
822,14809.215903578846
823,14872.593992772643
824,15092.062053722517
825,14970.101845934327
826,14917.04035389766
827,15198.278076301136
828,15314.809353185767
829,15218.611695354863
830,15263.820208648078
831,15325.084498537575
832,15413.25752773216
833,15287.689502066012
834,15334.427570078456
835,15272.064608418032
836,15550.314990204111
837,15723.059539205722
838,15819.479766738132
839,16118.00695568489
840,15964.442060274047
841,15963.816676476808
842,16004.732701171963
843,16167.127038958602
844,16271.793051797473
845,16178.546408126942
846,16260.936064020272
847,16157.682529544774
848,16132.209741976238
849,16221.25253345769
850,16547.90722207413
851,16571.549426457976
852,16783.058949989278
853,17044.289732154255
854,17039.363540935738
855,16871.281332601782
856,16792.78548167445
857,16410.561666398247
858,16062.999287812885
859,15369.234880901531
860,15519.530927073394
861,15645.31025824495
862,15107.452649205872
863,15083.19632103231
864,15528.63590012289
865,15404.140986428203
866,15639.395047858834
867,15690.08333094043
868,15662.480051736184
869,15552.046253697044
870,15543.478314834623
871,15378.665260516742
872,15759.165971270908
873,15697.574522180978
874,15446.65471218434
875,15304.583799635628
876,15008.569605783554
877,14842.59338485197
878,14936.211481185073
879,14984.078736750547
880,15109.93089349709
881,15421.405393429326
882,15474.677849754315
883,15800.924455260854
884,15376.5109219627
885,15680.645487787917
886,15810.748379693787
887,15747.3484381539
888,15475.34057901039
889,15302.739250016437
890,15630.27550466785
891,15295.629319883943
892,14978.520641061432
893,15385.055668967974
894,15046.162018279314
895,15091.157615291355
896,15368.92879856039
897,15144.765322795192
898,14929.752245522166
899,14986.884723957884
900,14955.244444132099
901,14726.934977003384
902,14958.705608703049
903,14911.144562079475
904,14760.816091775192
905,14714.431097245222
906,14787.577558055149
907,14782.78897990889
908,14843.11382076304
909,14809.77016121869
910,14628.659279020889
911,14484.148676310102
912,14413.032413029498
913,14385.639168121172
914,14435.20215380174
915,14642.138368596234
916,14383.532134671641
917,14285.65454953984
918,14299.818590570589
919,14137.873682338304
920,13979.541523896762
921,14048.175811686331
922,14109.194021547315
923,13864.612264237829
924,14015.767696276642
925,14116.436513057506
926,14455.211621907445
927,14410.203480612676
928,14044.360807147486
929,14005.764537161329
930,13993.54953892566
931,13898.905575313134
932,13936.555694162638
933,14111.991997539448
934,14036.365817153928
935,13884.6443269587
936,14067.23871213249
937,14006.756157143582
938,13863.86808742291
939,13938.787428790567
940,14163.992222890633
941,14538.927533523532
942,14605.567123428358
943,14594.62417380955
944,14331.051354607647
945,14527.003855237534
946,14519.161970581312
947,14608.438504033287
948,14547.283211065413
949,14903.199962188877
950,14713.79839332308
951,14908.575407912424
952,14549.010496360672
953,14687.491370113048
954,14468.884279031552
955,14613.176230290836
956,14340.453126634558
957,14361.968184035883
958,14299.220590886345
959,14261.803375702748
960,14376.678889798652
961,14450.784382462389
962,14557.048765637906
963,14767.03488232379
964,15138.061639140047
965,14978.542462611294
966,14803.299740257897
967,14748.102042517963
968,14673.16193865732
969,14676.471443560953
970,14769.722814170284
971,14854.653169893609
972,14824.859481310856
973,14807.746030965976
974,14762.867090195949
975,14763.71468268117
976,14792.533369189221
977,15027.33981688868
978,14949.492173828774
979,14860.197583069368
980,14838.849581484732
981,14937.874655915832
982,15013.689563911541
983,15220.979876999716
984,15075.43188856363
985,15009.519562275007
986,15131.97846068946
987,14990.152579561285
988,14909.334637416385
989,14708.06140474489
990,14376.21335712007
991,14395.661485611387
992,13964.019145580463
993,14023.96365883629
994,14192.796641179328
995,14170.498368962926
996,14231.479952738153
997,14053.524379721843
998,13860.095296419682
999,13881.624649910165
1000,14099.794581856164
1001,13896.620647326414
1002,14104.485070002936
1003,14013.37357729789
1004,14045.480268985333
1005,13884.201511767198
1006,13237.05225515671
1007,13309.149448796019
1008,13312.556956648516
1009,13277.38003230401
1010,13318.545975197681
1011,13381.643576847171
1012,13541.468305301752
1013,13318.849569080314
1014,13160.08368409341
1015,13382.46419098857
1016,13521.713181735697
1017,13577.700161217219
1018,13230.027099223556
1019,13204.32094968966
1020,13154.302270516517
1021,13362.624788384768
1022,13472.035745282861
1023,13278.610138912303
1024,13276.738378084736
1025,13362.005502172826
1026,13078.759851419818
1027,12879.022459071144
1028,12789.752069752842
1029,13095.194465065675
1030,12636.906427595748
1031,12659.885601089234
1032,13010.797590860584
1033,12976.147320995777
1034,13438.225223059775
1035,13397.019075299977
1036,13225.497968484411
1037,13265.765836148339
1038,13247.408294149198
1039,12901.103889772863
1040,12502.600415324257
1041,12346.740866822493
1042,12288.615037009771
1043,12242.844171474397
1044,12266.580908127175
1045,12412.097904250828
1046,13220.103378262005
1047,12944.594879015727
1048,12891.250249398512
1049,12949.789683583476
1050,13112.616244628538
1051,12984.438017997956
1052,12794.732724228172
1053,12531.904551591382
1054,12402.61057291854
1055,12477.271014314847
1056,12627.321191386645
1057,12798.538123463548
1058,12493.627501236162
1059,12130.104305285824
1060,12458.346724112795
1061,12195.555977133867
1062,12744.846170801136
1063,12809.394808039544
1064,12952.913678070678
1065,12658.111212555857
1066,12854.368415882178
1067,13257.304124121909
1068,12987.605427084225
1069,13011.159376742777
1070,12912.018084525369
1071,12867.16341152873
1072,13082.25547149834
1073,13347.946240809544
1074,13444.318336734124
1075,13372.768132500725
1076,13308.637905955842
1077,13377.669378556813
1078,13126.271398824541
1079,12974.650255700637
1080,13058.799641820317
1081,12782.730975824745
1082,13388.629545333486
1083,12964.956656152484
1084,13531.22237431433
1085,13588.846887692282
1086,13091.587600446936
1087,13932.030386132998
1088,14112.260751177151
1089,14171.918767185147
1090,14582.724448637575
1091,14736.816329773514
1092,14556.952253013404
1093,14690.846535283203
1094,14651.430762629163
1095,14716.282132176488
1096,14653.720633404273
1097,14947.191996465792
1098,14535.101441253428
1099,14119.75246679832
1100,14209.33597882509
1101,14471.249256720508
1102,14372.178777458259
1103,14364.355720264666
1104,14709.545723870866
1105,14682.640314366836
1106,14714.682007839645
1107,14546.349771423576
1108,14641.97042194094
1109,14397.577541633862
1110,14047.223561210682
1111,14144.718210879291
1112,14188.960943245105
1113,14312.652629985383
1114,14383.642400201523
1115,14217.064493580881
1116,14314.071295704445
1117,14357.545867212946
1118,14285.220252653811
1119,14620.551976854675
1120,14780.223043673712
1121,14579.703041602897
1122,14842.645906824855
1123,14749.955826168534
1124,14937.873774650758
1125,14984.805180737081
1126,14955.749457887305
1127,15143.404610125372
1128,15078.550344367573
1129,14828.908264884589
1130,14521.690852761036
1131,14701.332085668719
1132,14877.50427163298
1133,14806.66228695966
1134,14860.387496081585
1135,15110.447112362639
1136,15124.73104990029
1137,14964.265858063167
1138,14992.247620547643
1139,14940.708134129147
1140,14710.937380284833
1141,14735.792439790714
1142,14983.193040401542
1143,14853.252750332318
1144,14920.360732710495
1145,15190.501512036375
1146,15455.206356207524
1147,15387.313224637157
1148,15305.295277595458
1149,15300.772691468188
1150,15332.662070002654
1151,15233.413359280436
1152,15108.213296876042
1153,15153.225159163643
1154,15112.796960903286
1155,15029.470583772503
1156,14993.560859441714
1157,14908.891944200117
1158,14793.348055504428
1159,14566.067103855028
1160,14621.261560700446
1161,14490.519079398236
1162,14338.245780897632
1163,14310.4887362859
1164,14254.825053819046
1165,14452.93163399732
1166,14509.01805626223
1167,14446.35171315747
1168,14383.461584227525
1169,14259.576519979355
1170,14110.116367796376
1171,13680.491367127279
1172,13708.952371550404
1173,13641.560860807942
1174,13811.10300473156
1175,13587.407354135408
1176,13951.74869445492
1177,14093.370940506187
1178,14156.849426995333
1179,13960.637769314388
1180,13774.15909825934
1181,13848.426253601592
1182,13969.62263898521
1183,13506.379242220488
1184,13439.624611345782
1185,13260.21940075144
1186,13165.763902238506
1187,13203.335200218462
1188,13272.057415456067
1189,13326.66222939463
1190,13031.279723870284
1191,13051.114195610053
1192,13023.49488547566
1193,13396.240054550446
1194,13335.466728685193
1195,13123.448084017906
1196,12876.488732617898
1197,13620.364404147922
1198,13362.420029364706
1199,13351.313646133298
1200,13507.813927530746
1201,13635.001507448978
1202,13894.743353546548
1203,13873.676299078415
1204,13903.887964354553
1205,13874.89729260663
1206,14036.33567493881
1207,14073.591015173039
1208,14116.73917541111
1209,14287.71571259848
1210,14332.25654363952
1211,14482.05501178494
1212,14361.475007586141
1213,14308.989878212948
1214,14366.712042267654
1215,14352.82038644599
1216,14310.146728339241
1217,14296.755314111288
1218,14318.519145148388
1219,14303.119125500267
1220,14272.379013803813
1221,14318.402556107783
1222,14102.428869648858
1223,13798.586661633766
1224,13997.271745726917
1225,14106.852190749763
1226,13951.34595943417
1227,14011.76291137897
1228,13910.505891469142
1229,13797.932949415692
1230,13527.130946540252
1231,13346.553166009331
1232,13204.692926670943
1233,12844.6106140312
1234,13021.477271316118
1235,13029.101952462222
1236,13495.367777623287
1237,13209.3203007204
1238,13066.032617906509
1239,13525.810539059261
1240,13219.172769551715
1241,13288.650496919994
1242,13385.297225102271
1243,13531.788101055412
1244,13456.3760450203
1245,13482.372725823327
1246,13309.148234575192
1247,13042.0498526413
1248,13192.715348304011
1249,13269.805736955543
1250,13389.200905103138
1251,13459.601803908068
1252,13559.361470359563
1253,13313.818577865797
1254,13438.234342090116
1255,13669.608195764005
1256,13671.347540169809
1257,13436.263159348457
1258,13463.386927284999
1259,13663.196290560687
1260,13772.770045324198
1261,13674.485950426637
1262,13803.001653474439
1263,13500.216231250552
1264,13347.278904579256
1265,13555.195098209493
1266,13726.689724750873
1267,13455.677987694566
1268,13290.154274126093
1269,13287.894780212608
1270,13207.456857085372
1271,12852.736089749145
1272,12894.426629260093
1273,12686.192584927247
1274,12479.712104416973
1275,12575.470125289718
1276,12564.652291976821
1277,12584.007193779891
1278,12292.459782550788
1279,12538.940956758302
1280,12774.982248222326
1281,13053.723049518849
1282,13082.294584772295
1283,13374.540651402061
1284,13354.85365328736
1285,13401.765123330115
1286,13325.105728786306
1287,13452.379252411372
1288,13435.561252329331
1289,13610.188419420185
1290,12877.055643988839
1291,12761.02549136476
1292,12956.47057779353
1293,12949.626864408569
1294,12996.514199340816
1295,13016.766010170144
1296,13168.471010182217
1297,13555.95710951659
1298,13376.739762055493
1299,13284.223739563751
1300,13302.487070723413
1301,13440.950985900461
1302,13285.421332372474
1303,13169.606828428568
1304,13254.147142130909
1305,13086.6591158293
1306,12987.178722980603
1307,12996.56513218994
1308,13223.779962749952
1309,13321.007153152328
1310,13531.15900072644
1311,13582.358933542644
1312,13774.390475055683
1313,13589.72324721709
1314,13537.52755006143
1315,13763.998271763987
1316,13893.024088826256
1317,13662.01494382779
1318,13899.37992494513
1319,14120.05520952743
1320,14238.853610911374
1321,13963.797100165491
1322,13990.579594422758
1323,14142.341876985303
1324,14152.64793853553
1325,14160.989300296551
1326,14425.262997795526
1327,14493.376541319549
1328,14532.787731848952
1329,14694.157958039475
1330,14864.746176451763
1331,14765.029666604187
1332,14858.049659041215
1333,14871.091444486687
1334,14703.029126213383
1335,14719.707411893913
1336,14668.604581948259
1337,14947.8194095213
1338,14827.103979570831
1339,14839.932610840851
1340,14761.547757979815
1341,14895.328662029275
1342,14818.06764619163
1343,15282.26452168818
1344,14990.464589796145
1345,14958.286339836024
1346,14876.82330662373
1347,15066.916841918543
1348,15258.18043388996
1349,15139.84120248394
1350,15110.607720840806
1351,15035.650529461185
1352,14583.678923783335
1353,14291.234068444288
1354,14506.347034185466
1355,14495.89033455766
1356,14503.177956530733
1357,14391.922474045567
1358,14554.330134005657
1359,14852.195286763223
1360,15086.66549535354
1361,15174.667892940088
1362,14856.230564975607
1363,14838.466171174541
1364,15192.60659469286
1365,15425.724690632731
1366,15335.495983993846
1367,15249.220369522518
1368,15261.341926850842
1369,15465.057897055858
1370,15124.93644386942
1371,15118.403697234673
1372,14880.45228632839
1373,15079.652092319655
1374,15810.863952622225
1375,15106.86470237813
1376,15225.120700186524
1377,15807.070339784193
1378,15527.447328692799
1379,16044.911136281038
1380,16025.212740978948
1381,15844.466568674967
1382,15018.335297178783
1383,14792.367398779228
1384,14096.421173277195
1385,12476.441783997281
1386,12336.817612219746
1387,10987.887406782516
1388,11517.177931390224
1389,10955.773256234672
1390,11353.62217030435
1391,10783.356183125732
1392,11134.215574461621
1393,11725.831574680353
1394,12252.995227056796
1395,12877.70980231895
1396,12473.541543407464
1397,12397.054237672826
1398,12698.395420656943
1399,12546.585962742705
1400,12377.477678301775
1401,12579.886894574072
1402,12874.443238914471
1403,13142.189103107394
1404,13017.744606937835
1405,13541.331298564884
1406,13507.93783537874
1407,13732.852329844547
1408,13352.150518561368
1409,13654.262443421065
1410,13710.260175506835
1411,13434.43681353673
1412,12642.594774793253
1413,12745.170868598463
1414,12945.989381582178
1415,12859.185727150485
1416,13060.312215167076
1417,12931.592021742263
1418,13233.378560030938
1419,12727.51122875071
1420,12270.259441600918
1421,11986.847634265556
1422,12388.209790509558
1423,12066.62816236326
1424,12282.830143910163
1425,12681.173679519417
1426,12376.824827289522
1427,11999.954356223396
1428,11911.047680793572
1429,11838.805384091735
1430,11853.682427057845
1431,12267.107198639234
1432,11771.49019441667
1433,12055.992645286944
1434,11873.009452448203
1435,11926.322401716116
1436,12245.431920159492
1437,12537.846413894506
1438,13130.717357631962
1439,13375.217869076223
1440,13856.006347389693
1441,13957.012024314876
1442,14597.408546116727
1443,14637.537704164324
1444,14961.259153471032
1445,15709.589877978302
1446,15219.413036754062
1447,15101.910664139052
1448,13759.081034958377
1449,14265.293912488869
1450,14745.328725027057
1451,14570.59116142122
1452,14566.740204678617
1453,14456.314208652359
1454,14615.337201362012
1455,14568.367337943635
1456,14809.278368730953
1457,14146.466537616367
1458,14346.080306977026
1459,14072.136351750543
1460,14246.799839313837
1461,14482.738442849348
1462,14383.944575300302
1463,14572.148224675795
1464,14867.383076807459
1465,14514.444775648772
1466,14961.482374979129
1467,14693.801569381405
1468,14623.577497568578
1469,14279.676174348775
1470,14331.144172816437
1471,14714.377434291247
1472,15031.529656828714
1473,15166.229421226022
1474,15622.748211522845
1475,15772.544102411472
1476,15661.126200728915
1477,15566.957861776424
1478,15184.014399723183
1479,15420.26374008692
1480,15517.877337206828
1481,15512.4826517687
1482,15934.939818318955
1483,15991.713684776969
1484,16117.936378722778
1485,15877.266007035263
1486,15849.704601363259
1487,15575.622559437666
1488,15333.53393981362
1489,15509.649493235096
1490,15419.596477227702
1491,15614.676049858508
1492,15727.501119550976
1493,15664.384631054589
1494,15602.230375169407
1495,15704.485135187977
1496,15986.831358341315
1497,15893.90771310629
1498,15636.00942904274
1499,15975.098613288937
1500,16588.984377224006
1501,16792.687529972114
1502,16758.07045824352
1503,16806.45573220324
1504,16661.757040223496
1505,16669.536448136867
1506,16681.0181809501
1507,16242.846116938348
1508,16353.977544783538
1509,16236.499994780088
1510,17410.087638900153
1511,16997.113285502757
1512,16961.863350259908
1513,17120.312412826108
1514,17268.152035013154
1515,17158.923852610427
1516,17089.348872339942
1517,16968.40645135498
1518,16541.969331912962
1519,16426.39979249423
1520,16223.299147773901
1521,15825.09883470846
1522,16006.568783108396
1523,16315.318215225718
1524,16447.069113138354
1525,16678.957332063066
1526,16667.645376244385
1527,16450.53775525328
1528,16998.73591804807
1529,17009.56040975094
1530,17217.225037056065
1531,17433.508682949167
1532,17452.204569897294
1533,17689.61692704725
1534,17417.015881621628
1535,17284.68887644152
1536,17045.130135860778
1537,17323.419906595373
1538,17708.55927118502
1539,17744.32944668543
1540,17569.715754944344
1541,17849.687254877852
1542,17908.6052234308
1543,17266.641809721386
1544,16954.90118680704
1545,16437.73922824681
1546,16434.20762457058
1547,16810.131538444613
1548,16616.49039736183
1549,16941.026500564327
1550,17460.779623264643
1551,17884.00037976824
1552,17641.66279213957
1553,18368.04415188288
1554,18792.83811247961
1555,19230.889988040042
1556,19070.92601104147
1557,19756.23403627528
1558,19545.101601847513
1559,19414.072240393754
1560,19094.348878930505
1561,19255.153087858187
1562,19312.160843487873
1563,19486.405509652817
1564,20127.04460226491
1565,20336.320155725134
1566,20361.636989521514
1567,20093.008859118956
1568,20234.213859985426
1569,20415.951197091035
1570,20217.506781201868
1571,20140.903286030403
1572,20063.238629069798
1573,19871.733136500105
1574,19688.22741375488
1575,19664.933980677924
1576,19535.66497568498
1577,19709.33761624867
1578,19968.69606017564
1579,20014.707516082803
1580,20178.448620962652
1581,20261.106771252704
1582,19939.852661708224
1583,19616.935245058885
1584,19695.529147425594
1585,19675.385800089964
1586,19622.87074929719
1587,19812.111308706273
1588,19960.190143450713
