,Profitloss
0,0.01927828435197565
1,0.02196130861180645
2,0.01458441321124937
3,0.024142393582415878
4,0.07496635057415713
5,0.10329979767158548
6,0.07122771684731077
7,0.12244564677852399
8,0.11400270312056371
9,0.11735280067042275
10,0.11039698096384498
11,0.12249701129607438
12,0.11535908817374985
13,0.09804135330298003
14,0.07344921052698794
15,0.07768636559648545
16,0.13773469399374072
17,0.11948278457534212
18,0.13812256281675594
19,0.12433081216551845
20,0.06609047614820618
21,0.07146326016564952
22,0.06278102792771634
23,0.09776665933995954
24,0.15216976262499848
25,0.15101573340341456
26,0.15953115019813335
27,0.18262974216294303
28,0.1694889988901771
29,0.1559778852113336
30,0.16116514331154796
31,0.12720953277096658
32,0.1480770079388627
33,0.1417247711656966
34,0.16564091661317448
35,0.18986884411080762
36,0.18427926855730803
37,0.16506579936788057
38,0.15651341080131775
39,0.14361965052993586
40,0.17472325486027618
41,0.1738927703230031
42,0.14021492187823448
43,0.13199691946110814
44,0.13247943131644568
45,0.15236588200724377
46,0.15538745447465363
47,0.12550010301553005
48,0.10927766663246796
49,0.11611698429463413
50,0.1666796975234197
51,0.1567507137900881
52,0.15081034574013774
53,0.12795782426948676
54,0.06611171968540219
55,0.05372129520537783
56,0.02720021491855462
57,0.013515916831186026
58,-0.027781513414770753
59,0.004533224699132532
60,0.01811636894391011
61,0.013050570483308377
62,-0.00963661137913796
63,-0.02584649531537364
64,-0.032200994984310505
65,-0.052217434607637614
66,0.15987979531535412
67,0.07802579927143061
68,0.07081623515567959
69,0.028554238040090496
70,0.01449581541623779
71,0.03406753242178873
72,0.038885415215705876
73,0.069788486326261
74,0.08153187419950303
75,0.07314092034675923
76,0.07800578266063951
77,0.06268782476728241
78,0.06481466540737557
79,0.19002695916385814
80,0.19195105909268761
81,0.21656900783191269
82,0.23999630858884125
83,0.2668479285845349
84,0.2523658049330413
85,0.18885334351792515
86,0.1993237504020806
87,0.21953642107390703
88,0.24911315640940845
89,0.24536811512279044
90,0.25078916852840916
91,0.20661829499057927
92,0.2061879420540924
93,0.22154822278224184
94,0.2013675012160654
95,0.18283008311439364
96,0.19328980855579658
97,0.17373535933746798
98,0.311000622077251
99,0.3066203474767937
100,0.30992297755063625
101,0.32628199231483634
102,0.3125823000049932
103,0.32937825250078934
104,0.349089642240763
105,0.36538363087967873
106,0.35592873208794007
107,0.3913224945947036
108,0.39367616125915994
109,0.3733916668538173
110,0.35653047023895823
111,0.36052080254516117
112,0.3689091174209125
113,0.37423124589526235
114,0.38902337522785935
115,0.3864457778130381
116,0.3830412325242616
117,0.3797112681738213
118,0.38590141369176933
119,0.389359372091036
120,0.38030724606139543
121,0.3597611345113716
122,0.36209086732816864
123,0.3656897491058908
124,0.3616093893412442
125,0.3653077636814217
126,0.3496383321129892
127,0.34322538818423176
128,0.35010810315683205
129,0.34196406060025275
130,0.3406294053897696
131,0.33026637439190765
132,0.314171392660878
133,0.30368813359078484
134,0.22654618935524784
135,0.25198836479185527
136,0.251261832134686
137,0.25528497926179394
138,0.2737018419431525
139,0.23625714455781655
140,0.22599703391517068
141,0.22108879532627412
142,0.29487250902726636
143,0.29338040710433777
144,0.25910236434993905
145,0.259931350557574
146,0.2735352038332195
147,0.26652736530647925
148,0.2803815989141034
149,0.2629252608180588
150,0.2778605814500956
151,0.2844830835230905
152,0.25107954365666263
153,0.27881320811637966
154,0.2950776747232542
155,0.29170714210045023
156,0.3018811604978744
157,0.3152787681132807
158,0.3139759429474198
159,0.2841812125357501
160,0.28918504792165844
161,0.31425886973506234
162,0.35777988536593863
163,0.3512524019166241
164,0.34040951620846194
165,0.3435130353211857
166,0.33868254889228844
167,0.3322989976545232
168,0.35979090434041794
169,0.3747068751703164
170,0.38417061554756327
171,0.364933381424315
172,0.3682966709583013
173,0.35898601947936815
174,0.3310479318977322
175,0.31609882301384395
176,0.34040276266256164
177,0.33326224238883206
178,0.34245017876495254
179,0.3463298198779441
180,0.2947849744910469
181,0.29362486432122914
182,0.32768476500046884
183,0.3060461072990739
184,0.3139291509274722
185,0.3260124327517877
186,0.2902751083696975
187,0.2670242086515451
188,0.2652713265837159
189,0.2826041164147197
190,0.27800498917915917
191,0.25482640872132034
192,0.31658892325181487
193,0.3069722103318906
194,0.28697204542456056
195,0.2545931831778203
196,0.2646370185187097
197,0.2625467781617097
198,0.281371089912108
199,0.28420520580960673
200,0.3226324304100192
201,0.3526243550310726
202,0.3550498398539492
203,0.4204402839601773
204,0.4201958702841013
205,0.44507403098374976
206,0.45858754529599643
207,0.45793109169740553
208,0.6418104400377045
209,0.6951463431140947
210,0.7181127133933041
211,0.735715149249283
212,0.7349631735790396
213,0.7456583296282515
214,0.7586611425379308
215,0.7725453968418172
216,0.7697342173983435
217,0.7821664907190273
218,0.7920023549601307
219,0.776431094996477
220,0.7776900250499263
221,0.7833989909137085
222,0.804339142594146
223,0.8006347531428926
224,0.8101468934963885
225,0.8394190379447775
226,0.8045428694332557
227,0.8279857015955017
228,0.8571854984316563
229,0.8449168467096202
230,0.8578755988855491
231,0.8547943643479661
232,0.8530680091182852
233,0.8752100279272979
234,0.8773252358095673
235,0.8975612750355966
236,0.859263483095174
237,0.8601143511659526
238,0.8209884436153558
239,0.8031947503458037
240,0.7915707250371717
241,0.843643889349055
242,0.8750979358624233
243,0.8752673120660193
244,0.878823936027251
245,0.8387649273137843
246,0.8517400780032158
247,0.8700395102508418
248,0.8723183141450708
249,0.8646145662633886
250,0.8517652043843915
251,0.8560876452389454
252,0.8466711457006726
253,0.8403066908629242
254,0.8870788554224962
255,0.8873130181530797
256,0.8591674549929929
257,0.8633451003708714
258,0.8765829427338057
259,0.8585716571122504
260,0.8353688074532961
261,0.8514436683531246
262,0.8749190922365369
263,0.8731695066011458
264,0.8927359334801821
265,0.9190188464966109
266,0.9527457692300567
267,0.93793150405026
268,0.8998899996283116
269,0.9076333964072036
270,0.9142108214036604
271,0.9289237394246808
272,0.9774210855830079
273,0.9721331295323488
274,0.9368212909100393
275,0.9344110263281191
276,0.9286737804129475
277,0.9398679181559011
278,0.9293923578249652
279,0.929400684300119
280,0.920790463677057
281,0.9403458201787451
282,0.9477898237370885
283,0.9531595041321062
284,0.9806289950598401
285,0.9955571516279127
286,0.975797153642044
287,1.0093072267572056
288,1.0185901672814301
289,1.0073039354743685
290,1.0400144547847434
291,1.0292076243060722
292,1.0272046820441805
293,1.1323835039846575
294,1.1027608394519772
295,1.1087710052235966
296,1.0860645403016234
297,1.0855726005199573
298,1.1023431093909686
299,1.0956029818326218
300,1.1243618740252481
301,1.1336762347836427
302,1.1404853067622955
303,1.1893905625960155
304,1.1875603523778366
305,1.1728021171551584
306,1.1696481560419025
307,1.1336353741005167
308,1.1145987352070952
309,1.1637291225781832
310,1.178377617135884
311,1.1505218606403522
312,1.1219314056172713
313,1.128245045128451
314,1.1328003731825964
315,1.1346856711762277
316,1.1557543580847929
317,1.1351441968710407
318,1.1551405025780115
319,1.2036213235472104
320,1.2006705859703537
321,1.2081264311825768
322,1.213166972287838
323,1.1831895646241541
324,1.2313493604816816
325,1.2719002174303107
326,1.2588748146588724
327,1.2604663929854043
328,1.2588731598852876
329,1.2020712488407748
330,1.1845017421628246
331,1.1845037107846235
332,1.1367105448939263
333,1.1660627299684423
334,1.215764800264929
335,1.1770904428106022
336,1.2056045592995002
337,1.2169504424274447
338,1.2429854801845774
339,1.2362653428346526
340,1.2378761027762364
341,1.2248238176981063
342,1.2411198720652106
343,1.260710304969459
344,1.2693016211920538
345,1.2716885668572209
346,1.2733871864835766
347,1.2667236147295702
348,1.2585624791644268
349,1.24806825145789
350,1.271777253653883
351,1.265846120936187
352,1.2692066649722555
353,1.2636168280292903
354,1.241538415599952
355,1.2559522154250047
356,1.2261293232695314
357,1.2286519966943077
358,1.2066158755584366
359,1.2002924223619926
360,1.206031830399823
361,1.2099993665783293
362,1.2003398056035008
363,1.1726216106149323
364,1.1822013050082791
365,1.2009663248450986
366,1.2450281122225793
367,1.233989020895021
368,1.2453812784946283
369,1.2416410300395864
370,1.1337010391404556
371,1.119327638688472
372,1.1211085390550934
373,1.075399136960331
374,1.0995144239021926
375,1.113603998623458
376,1.1223392717450098
377,1.1439414369759149
378,1.1900823437614338
379,1.158104435531504
380,1.1723870731025654
381,1.2021922168647725
382,1.2542891124343036
383,1.2920391980469903
384,1.2764728903505107
385,1.2977513703327892
386,1.2952663013775734
387,1.2877545759441222
388,1.2712562577040787
389,1.2880381070277114
390,1.2715192136291353
391,1.2289039342235242
392,1.1891324556878136
393,1.2105602934472603
394,1.2031137596124175
395,1.1959575818541346
396,1.20716018076783
397,1.2064946760473871
398,1.2517639450464912
399,1.2794696459569321
400,1.2235919855477784
401,1.1945493598132462
402,1.2194421446623194
403,1.2187093909263869
404,1.250222563705461
405,1.245421753284126
406,1.2349744532412332
407,1.2354291643336568
408,1.2315666960572624
409,1.2276601321706604
410,1.215356254044453
411,1.1770391150238702
412,1.1285699404299576
413,1.2382037127371515
414,1.3467104282252507
415,1.4112119450495175
416,1.4627072996105328
417,1.4331600153961732
418,1.409820901790959
419,1.5009928700986608
420,1.4445508085293657
421,1.426474709338521
422,1.4885643750095934
423,1.4581841864034661
424,1.5165527741795914
425,1.5827071049648644
426,1.5605639414191241
427,1.5993772008815244
428,1.6037357383964723
429,1.5958102994802603
430,1.5491285879492
431,1.5034895690244188
432,1.491499780311667
433,1.4832339128102001
434,1.441966658322058
435,1.3627459437067335
436,1.2603630819482348
437,1.33924662714775
438,1.544966859316732
439,1.613002012470921
440,1.7006556253097882
441,1.6742756627105893
442,1.6145559046096825
443,1.579899833244336
444,1.5700026373135723
445,1.6029031887949463
446,1.6086224126385718
447,1.558941582573592
448,1.5801260135286155
449,1.6553679256714027
450,1.6196788029613218
451,1.6545311538694651
452,1.6140049302456827
453,1.613631716636088
454,1.6795905838521197
455,1.6766114804801502
456,1.7043877672962893
457,1.7600800744207001
458,1.7834340909150148
459,1.7606161798808362
460,1.7634934644965794
461,1.799041485659525
462,1.7906085716728581
463,1.7767732356110955
464,1.7662698602213478
465,1.657701838618797
466,1.688102835064198
467,1.7272055521320828
468,1.7024567332337481
469,1.6831250970684053
470,1.6912490156243853
471,1.7208471901653644
472,1.7893357207239946
473,1.8675562389083522
474,1.877313611181286
475,1.8526474015714056
476,1.8543256731776259
477,1.833393184689469
478,1.8670664463386055
479,1.8884791079402108
480,1.849998188401325
481,1.832164617908627
482,1.844463411726438
483,1.8110823269932963
484,1.8573204876753513
485,1.8484799967183552
486,1.883699186483101
487,1.7955699624012222
488,1.8307332695519207
489,1.7854541652908118
490,1.8508422921641898
491,1.8930876425196086
492,1.931877499665391
493,1.8902734004291988
494,1.852684580442454
495,1.8587382451394907
496,1.8111420489217878
497,1.828201125010498
498,1.8152905140617737
499,1.816796345784888
500,1.8382860043053562
501,1.8253772461330309
502,1.8098089532639472
503,1.7525141936346467
504,1.7598376027236684
505,1.734810747174964
506,1.653919594546771
507,1.6234678452690554
508,1.6245370658171776
509,1.5702695034190306
510,1.4656777878691019
511,1.4968163554185399
512,1.4416735044670226
513,1.4132011186717142
514,1.4075322188524364
515,1.416809694415111
516,1.4958959588890153
517,1.453976343046559
518,1.3982499058267317
519,1.3744988490358878
520,1.3357047001302913
521,1.3726826420706661
522,1.3912289464741878
523,1.3395334455544194
524,1.326576088317144
525,1.3236228494703406
526,1.3270142606087054
527,1.3521678617491872
528,1.3829378457958175
529,1.3846972303378502
530,1.3212689264224142
531,1.3632273971227793
532,1.3962461566126017
533,1.4357615956439806
534,1.3895925189282066
535,1.4044624698025698
536,1.4262071235565221
537,1.3825340304485456
538,1.432639178234063
539,1.4394631831817328
540,1.3991026132113449
541,1.3950615053101467
542,1.4124793788913514
543,1.4198319490205558
544,1.3927708866408928
545,1.3774651239885527
546,1.377159578970888
547,1.3835840459145654
548,1.3825588232135644
549,1.3793762406965726
550,1.3974760470689906
551,1.3815169839984653
552,1.3410760650378384
553,1.3247979139699995
554,1.316972819441764
555,1.3287398753175195
556,1.3667550470757517
557,1.3568190726852558
558,1.3401927819512105
559,1.3633465584537374
560,1.3630160077483744
561,1.3918814035053018
562,1.4043149478243144
563,1.440857223819214
564,1.4605447586614195
565,1.4578031089170995
566,1.4410421722299116
567,1.6065590539751984
568,1.5478564607055434
569,1.528840203319426
570,1.4802023009946375
571,1.53254132157421
572,1.5599654842417765
573,1.5502846033441653
574,1.546418304184205
575,1.5493531787038828
576,1.5432615475005518
577,1.550220627870602
578,1.531520942678699
579,1.5124939050774389
580,1.5241149047215519
581,1.4816070574482199
582,1.4644302472626824
583,1.4546034660170903
584,1.4268719222762183
585,1.4688525610826009
586,1.4543769508515103
587,1.4009413264938209
588,1.385752800463247
589,1.3811790710574812
590,1.4182638457683971
591,1.4317904776424362
592,1.38845552223279
593,1.3844396086779565
594,1.3894217483124915
595,1.4289590023505605
596,1.4032257267290849
597,1.4181963114525908
598,1.4056608129076942
599,1.419405332390422
600,1.4402114077067374
601,1.449922620393651
602,1.4829222554379573
603,1.5050801292330052
604,1.5237302424591759
605,1.5201288468542629
606,1.5588786484284967
607,1.5723824461958635
608,1.5533170560525722
609,1.566692547224613
610,1.5451377736423133
611,1.5553464262262562
612,1.550388289148752
613,1.547351937260344
614,1.5446743954121045
615,1.5505027915528213
616,1.5393247645110408
617,1.557190020424426
618,1.5293192790579946
619,1.5460989106321321
620,1.5447599492733
621,1.5677590778856887
622,1.5863365626752168
623,1.5369865108248337
624,1.4902126829067663
625,1.5383451297913853
626,1.5695479902289922
627,1.5798090249814267
628,1.5830867721160047
629,1.5630387621716313
630,1.5935489784158374
631,1.670092067410489
632,1.703557936929756
633,1.708530913190276
634,1.7045990266462807
635,1.689098277414769
636,1.6869251071980562
637,1.6970071683755528
638,1.7088229283801715
639,1.7031047616020922
640,1.7382593068097307
641,1.7377448501888049
642,1.7298453124113822
643,1.734218217328598
644,1.7353594061516375
645,1.738663053736622
646,1.7353274527546647
647,1.7606574344986026
648,1.7645899834565215
649,1.7470231761481214
650,1.759820914977639
651,1.7576737942257337
652,1.7734872524562517
653,1.7481353143385725
654,1.7391078753133948
655,1.7184281545624236
656,1.67783943706159
657,1.686288715820572
658,1.6795122335870882
659,1.6549478962742503
660,1.6360344442393648
661,1.6315940324756362
662,1.6334411657756176
663,1.6859511936493377
664,1.6797654881997026
665,1.6861025316928124
666,1.6445952342637238
667,1.6448438876381255
668,1.6501376800100553
669,1.6304711544006478
670,1.6325733564517941
671,1.5801874112767456
672,1.6055274034290745
673,1.6210625757113961
674,1.5902996748881293
675,1.5502579295690433
676,1.5075887131079213
677,1.5334616825858127
678,1.5095221740072606
679,1.516247050618147
680,1.5356847254510475
681,1.5484056659648138
682,1.555361607680128
683,1.5718408535189354
684,1.5904536275232362
685,1.6383612558803273
686,1.6307495562789986
687,1.5956144914342163
688,1.579781615434439
689,1.6074847141036352
690,1.5839999898679569
691,1.6446955492168902
692,1.6428997897065534
693,1.6271023819605546
694,1.6359222487225544
695,1.624071749829814
696,1.6811488604103086
697,1.668063960771371
698,1.6431815224218438
699,1.6209863704385263
700,1.6152908508004549
701,1.5948009798695928
702,1.5794035220557001
703,1.6007753507688793
704,1.5967947187605747
705,1.6062496885656419
706,1.5909123283036397
707,1.6485552091025424
708,1.6216368444063711
709,1.6218906360494723
710,1.618870304874953
711,1.6107223444669305
712,1.5937232275840207
713,1.6894261408801237
714,1.6597587260233304
715,1.6132198530321107
716,1.6329402840178364
717,1.6954154129347643
718,1.7172654363049267
719,1.8369075934046908
720,1.8410638320170758
721,1.8620994020560833
722,1.887844187484644
723,1.8664213106723837
724,1.854880672138326
725,1.8894683553458913
726,1.866581367119391
727,1.9126574833792764
728,1.914551985754609
729,1.9056368757600417
730,1.9158888741398261
731,1.8895730322069593
732,1.8906643676683155
733,1.8564717271346343
734,1.850880990895054
735,1.871787788441659
736,1.8927976595100482
737,1.9075649003753359
738,1.8897922202824047
739,1.9297374060638361
740,1.929144887090084
741,1.936392628884298
742,1.9374754867442556
743,1.9384377980016465
744,1.9664678314276651
745,1.955883746385756
746,1.963749162463202
747,1.9792382918462303
748,1.9522467134811095
749,1.9588035654017455
750,1.9714449957385582
751,1.9677540327907028
752,1.947204321233742
753,1.9555157091798225
754,1.9191513391492387
755,1.933585992638287
756,1.9382389918918053
757,1.9820818868547363
758,2.011863360452093
759,2.0905739113464827
760,2.102915203778144
761,2.0692578749051505
762,2.091436724927176
763,2.0930401931874787
764,2.0761892044594443
765,2.0924269023010478
766,2.1086450200745954
767,2.1105874809601355
768,2.1020291587225515
769,2.1150564010589346
770,2.1414741721305974
771,2.1386178202202233
772,2.1311339743534274
773,2.112636999800177
774,2.144260402524556
775,2.153368930758548
776,2.1807443899034773
777,2.177310474105476
778,2.1610354348356786
779,2.1403354768567473
780,2.1877106072953456
781,2.2112853488389206
782,2.2095617802588396
783,2.2046139154591193
784,2.2373622790294645
785,2.2292889785633374
786,2.22924873380701
787,2.2327904265768472
788,2.257901257988615
789,2.245944647192455
790,2.245420341177695
791,2.3437502376117303
792,2.3684274424509377
793,2.357045049635431
794,2.3637859257935157
795,2.3612665819621625
796,2.3349677273217573
797,2.2850068082356234
798,2.2789974963488557
799,2.295063552952592
800,2.308398766979436
801,2.4071717017639216
802,2.415584010057792
803,2.4208108939322015
804,2.446287665390745
805,2.4160848029346482
806,2.4183778562053337
807,2.4200148401282817
808,2.3522567319488097
809,2.364503619104319
810,2.3388340969440424
811,2.3371580733958286
812,2.3403602687471325
813,2.3421401043597356
814,2.346019804697308
815,2.337306269691797
816,2.3020987808271665
817,2.336174504934263
818,2.366887530473938
819,2.339074025994825
820,2.3407200778079673
821,2.3859222048902673
822,2.364382965069356
823,2.352660365427295
824,2.367644478221287
825,2.3786229574493722
826,2.2743534462654313
827,2.276542417537253
828,2.264615746313381
829,2.2534575031927684
830,2.2578401734439257
831,2.278694775990875
832,2.285699918366446
833,2.3101903083963204
834,2.3249336258902797
835,2.3264494152829274
836,2.3269552372160884
837,2.3306716300630637
838,2.336873638863035
839,2.374571092093536
840,2.334519792650136
841,2.236137279167316
842,2.2530901961336003
843,2.2294364141587586
844,2.2138205813684086
845,2.2002953599304043
846,2.242979207638407
847,2.2403706625322206
848,2.2485457695939903
849,2.3366508000925545
850,2.3670297724657896
851,2.39929392713103
852,2.414649432347904
853,2.435779190773646
854,2.4529830745502634
855,2.446759517654251
856,2.4642360452007184
857,2.4895974859349135
858,2.4912742559789924
859,2.4943510228914167
860,2.503055192528625
861,2.4831541155127423
862,2.463847384431439
863,2.4623244777999487
864,2.447772184605568
865,2.413993222601696
866,2.446455840329431
867,2.4696643800872
868,2.458627380905809
869,2.3383608933448485
870,2.3524156108844174
871,2.3601799475725826
872,2.449615422628182
873,2.408527041688102
874,2.3702480181483576
875,2.38312677686221
876,2.339689495806252
877,2.3822982614699395
878,2.325005656823387
879,2.31192969811016
880,2.3023314274958073
881,2.316876097434717
882,2.2997456831881147
883,2.3065747091302047
884,2.2702747962573433
885,2.2914558913323946
886,2.307921583876138
887,2.3253392395946593
888,2.3275304987362633
889,2.296239533357225
890,2.287022468277322
891,2.2814792366546266
892,2.3082578574493473
893,2.307291171475634
894,2.3471767272969624
895,2.3273052205606826
896,2.349730196673261
897,2.3168797010475917
898,2.3460317960428245
899,2.374692564066927
900,2.3480297369830927
901,2.33615423700293
902,2.3107057567076428
903,2.3218996876400277
904,2.3547292566448386
905,2.350630803813014
906,2.3379900402097142
907,2.2730846564599005
908,2.2901336276337503
909,2.319504687292584
910,2.311665256646145
911,2.3028195110142313
912,2.271417323569236
913,2.2543945740647997
914,2.2517868311339173
915,2.291272591315785
916,2.2951582104247414
917,2.232401936395889
918,2.224798569071673
919,2.240868129471596
920,2.261607044471292
921,2.392994700625506
922,2.412522268926076
923,2.430499126808394
924,2.4158569437425115
925,2.417910725605643
926,2.4087718256092794
927,2.352722811689767
928,2.316414228825514
929,2.324357498849383
930,2.3533248050395805
931,2.316815606899958
932,2.311108125964356
933,2.2870227437139956
934,2.281579909200393
935,2.274137480987193
936,2.252915204114392
937,2.2171729477979074
938,2.2162880519539074
939,2.2265358797389334
940,2.2393709823183228
941,2.2594945910261455
942,2.294102420664945
943,2.2947804054889165
944,2.2682561341413
945,2.2781165731493136
946,2.2917361937641267
947,2.222439564053791
948,2.195963353843289
949,2.221856436071712
950,2.204468748560151
951,2.2084845229328964
952,2.2444647534211493
953,2.274941946450393
954,2.263303874628586
955,2.2521624595979617
956,2.2525719140568112
957,2.2715946121141473
958,2.276401611230172
959,2.2832534609789956
960,2.28665104548722
961,2.2976033648987704
962,2.302957395868499
963,2.2682853705205064
964,2.2671888882346503
965,2.2383053711903633
966,2.2454981173422928
967,2.2462342927620282
968,2.237609194528223
969,2.271465665631145
970,2.269258237755434
971,2.2370124483332976
972,2.271357056684642
973,2.2933473575636354
974,2.258800890114032
975,2.239590713031059
976,2.2670088015860124
977,2.2585674770966735
978,2.2179526530980764
979,2.2275991217463265
980,2.2201609830569513
981,2.2111141359874686
982,2.21179491454091
983,2.203817474805869
984,2.2382523704921775
985,2.3248174315785297
986,2.3219592397995648
987,2.3257133664916108
988,2.311469873104177
989,2.3071168517528884
990,2.3074606639288398
991,2.338370402315837
992,2.3507314789064315
993,2.3307199281974222
994,2.353974060458186
995,2.3218043571528346
996,2.379362977567867
997,2.352494026158114
998,2.332231301169463
999,2.317097516083666
1000,2.331297274476629
1001,2.3252542079954974
1002,2.321136738864582
1003,2.3285126194237282
1004,2.3217833633722984
1005,2.3064301671321674
1006,2.38064803683411
1007,2.4006350813279065
1008,2.3673809958261627
1009,2.380096525183051
1010,2.3944357915674175
1011,2.339771505278443
1012,2.3352845317304194
1013,2.340357309469443
1014,2.369919247967367
1015,2.3474140826412526
1016,2.3426864636292732
1017,2.3499832033978763
1018,2.3671719913372247
1019,2.392772047983671
1020,2.381446182702862
1021,2.401266378991096
1022,2.424043135604337
1023,2.4428408254996814
1024,2.421606939315013
1025,2.4094854087074458
1026,2.3660902335212564
1027,2.3492026620496542
1028,2.298264447670584
1029,2.227202226527192
1030,2.2703898972267877
1031,2.2405875514877494
1032,2.1831490398842135
1033,2.2060271895837813
1034,2.2352841906843057
1035,2.2660344643151253
1036,2.2945894694746505
1037,2.267199212750781
1038,2.2716052967043376
1039,2.2388206443820335
1040,2.2124431464773053
1041,2.2195911467413287
1042,2.2474216418940207
1043,2.2730156763462794
1044,2.2504369604552377
1045,2.245485038678763
1046,2.2128529186720147
1047,2.2463410841794706
1048,2.3032548277616804
1049,2.3041010148086016
1050,2.275531565040523
1051,2.2677359332448077
1052,2.307983946609826
1053,2.3165168238073353
1054,2.3021348191184954
1055,2.2591679248943786
1056,2.237629323061485
1057,2.2521439672869237
1058,2.207375372943976
1059,2.2410483544581306
1060,2.2608227888040178
1061,2.203778210197904
1062,2.170762831497286
1063,2.2553104133168134
1064,2.2106621560360695
1065,2.2139506515395313
1066,2.2420543355630373
1067,2.173058991168375
1068,2.1832955021989564
1069,2.226242702257686
1070,2.224807765790038
1071,2.081575250088563
1072,2.1197126455942072
1073,2.160760729577449
1074,2.1401865016579036
1075,2.30055401075393
1076,2.3061985517790706
1077,2.359532528675512
1078,2.3728387770430404
1079,2.3733642090402185
1080,2.352837255589435
1081,2.335032729883979
1082,2.3308273226607445
1083,2.2789964471508606
1084,2.31837820374583
1085,2.3229682862642154
1086,2.337125081994351
1087,2.3335418575189504
1088,2.3193736124272
1089,2.299881750704924
1090,2.303162866577435
1091,2.3195279869591134
1092,2.3081222090754583
1093,2.320160245790759
1094,2.346188891888268
1095,2.3491229178795425
1096,2.4318993786144105
1097,2.439492089475359
1098,2.436216600911645
1099,2.4620764559637687
1100,2.466407808390625
1101,2.4712740598666683
1102,2.468193430830201
1103,2.4608028464508047
1104,2.4539301092771026
1105,2.462781431552119
1106,2.4735972652527805
1107,2.4487213391805263
1108,2.480408281700641
1109,2.4788133865005113
1110,2.4664951830096316
1111,2.4802301063771903
1112,2.476834364311009
1113,2.4765062635331514
1114,2.52283869354073
1115,2.5413968394837783
1116,2.54220586188878
1117,2.555900209158768
1118,2.5491050961004458
1119,2.5849857171976742
1120,2.6064139014998267
1121,2.5811492522227697
1122,2.6005487549176864
1123,2.608170495823292
1124,2.6171521274029663
1125,2.640086290362831
1126,2.6267384892766588
1127,2.573535002711136
1128,2.562499672205232
1129,2.561539893972231
1130,2.574491581760574
1131,2.5802200632890404
1132,2.570066881874822
1133,2.5958925991391046
1134,2.6132444553107925
1135,2.6311740419869167
1136,2.625668352905186
1137,2.620223541219757
1138,2.653788776019894
1139,2.6673276014817615
1140,2.652535074869733
1141,2.6548144130819296
1142,2.6557475016216525
1143,2.6754468476365867
1144,2.6775872746671814
1145,2.676829484214105
1146,2.6748971236849606
1147,2.7024413644607614
1148,2.7094652960360177
1149,2.6816563089308243
1150,2.676115301994919
1151,2.6560212903727676
1152,2.634897760684929
1153,2.6596289889961433
1154,2.65566424141801
1155,2.650810405713022
1156,2.6713189449487196
1157,2.6875640683606594
1158,2.6422661577114814
1159,2.6603615892308197
1160,2.65772799079651
1161,2.69216538131849
1162,2.6929639175663933
1163,2.7142477640584417
1164,2.7435769796293474
1165,2.759858006071614
1166,2.774783585194318
1167,2.779259422565006
1168,2.779263369105056
1169,2.801980048938102
1170,2.8114115827349018
1171,2.8262010657759573
1172,2.8275621255701378
1173,2.82935143672558
1174,2.851107871725822
1175,2.863650390452732
1176,2.8748234398509265
1177,2.8672620408682015
1178,2.883699115386107
1179,2.8918454817259853
1180,2.8875066369074442
1181,2.8701023259672276
1182,2.868618649778676
1183,2.82542681369069
1184,2.7884637146693203
1185,2.815284767349757
1186,2.8063058245704653
1187,2.8157343743584473
1188,2.8088991964147603
1189,2.7942559728596494
1190,2.7856175200951627
1191,2.806549080130516
1192,2.8221707305062793
1193,2.8302785640855976
1194,2.826154318795493
1195,2.849402167700199
1196,2.823990935763665
1197,2.781259263602731
1198,2.669644287380857
1199,2.7060759120485667
1200,2.719573855026436
1201,2.6800565984432367
1202,2.6185818227370206
1203,2.683350964726783
1204,2.658577272360696
1205,2.7111011420595688
1206,2.720132004813469
1207,2.7158636431616756
1208,2.7391220870056854
1209,2.7266563846050307
1210,2.720539771374453
1211,2.582297116031218
1212,2.6348414019199407
1213,2.565302122995705
1214,2.5963301606753753
1215,2.6067321053369064
1216,2.680270644943561
1217,2.8158160638175778
1218,2.812042875063092
1219,2.8756150366405775
1220,2.887489984397562
1221,2.9230424155338497
1222,2.906041467340681
1223,2.8765015611312172
1224,2.7734822474696497
1225,2.7780861989386008
1226,2.7748513499049166
1227,2.754420101212607
1228,2.7763639487788705
1229,2.738860289667411
1230,2.657108584861345
1231,2.6590190939256297
1232,2.681822305092596
1233,2.7005891649834357
1234,2.7294522724889525
1235,2.7813579640767916
1236,2.778845744053138
1237,2.77667541563682
1238,2.820045597937515
1239,2.7277801834895588
1240,2.7836712599486724
1241,2.710923094241635
1242,2.700379856299273
1243,2.734804619984943
1244,2.763884575036757
1245,2.7498779947797702
1246,2.5911544228269356
1247,2.504509876182026
1248,2.501611660977865
1249,2.4636173129059857
1250,2.4114363363838542
1251,2.3650918217063666
1252,2.3249459256229565
1253,2.4325470762736057
1254,2.456165231676888
1255,2.4637854849823615
1256,2.4892930243190614
1257,2.4976823411568816
1258,2.5026826751167963
1259,2.5909309985199025
1260,2.614221724963728
1261,2.6332753386248964
1262,2.6347278279724495
1263,2.6532382190155968
1264,2.6442954752916137
1265,2.6223975274298095
1266,2.6869703204393414
1267,2.6617205562682322
1268,2.6909251384502397
1269,2.7048685808450434
1270,2.676828897612893
1271,2.6394051783738437
1272,2.640225328041357
1273,2.6556805215800283
1274,2.6821531858665315
1275,2.666878019481156
1276,2.681578640462212
1277,2.714846324929443
1278,2.6991446649916373
1279,2.6958470335120444
1280,2.697789130777273
1281,2.697874342322626
1282,2.6634276129349432
1283,2.6614606744707503
1284,2.6641307339257514
1285,2.7015548113368926
1286,2.706305150815691
1287,2.735672848393378
1288,2.7643407138409293
1289,2.79160888802672
1290,2.7718863760597845
1291,2.7527191191680123
1292,2.774799637433656
1293,2.7988249873978965
1294,2.7936996695994143
1295,2.808590071863115
1296,2.8079611284642647
1297,2.830674011049772
1298,2.799381528924738
1299,2.808222238489888
1300,2.7893938879250735
1301,2.761343417082651
1302,2.8561769702481588
1303,2.8898532206853123
1304,2.9240342679724973
1305,2.9546343157284216
1306,2.9271503773744767
1307,2.929303639438685
1308,2.961831766256884
1309,2.9661403160680555
1310,2.971010989972722
1311,2.9993952861537387
1312,2.968391180910057
1313,2.9692353878262967
1314,2.996522582014216
1315,2.9901934026798527
1316,3.0032007374504177
1317,3.0132785724934497
1318,3.030194842975509
1319,3.018575204055951
1320,2.9969816331222754
1321,2.994561375975291
1322,3.020306232641823
1323,3.023015800779949
1324,2.9676305051235863
1325,2.9793538735765512
1326,2.9237963883562257
1327,2.916025747413342
1328,2.9431889735942685
1329,2.9251116197768434
1330,2.8837971841951804
1331,2.882872103087619
1332,2.860384239452407
1333,2.9237521114847453
1334,2.9130451220900078
1335,2.8969146368181375
1336,2.891386694288367
1337,2.8898133210461863
1338,2.9215627580878145
1339,2.907243048821151
1340,2.9341910417871597
1341,2.9690091967805365
1342,2.982543160999551
1343,2.9342602072797597
1344,2.9408822223184083
1345,2.952036123502255
1346,2.9712317302766023
1347,2.8898428786749086
1348,2.8997583487663237
1349,2.915227868973269
1350,2.9531147125999357
1351,2.957108691010646
1352,2.9586363661624704
1353,2.9834008947182244
1354,2.9827586871321365
1355,2.987301717042512
1356,2.987737116093192
1357,2.97950761572614
1358,2.8996150237630802
1359,2.916691571926866
1360,2.8993665312344596
1361,2.919975904852601
1362,2.9763157507687765
1363,2.9917725764221137
1364,3.0098440282191996
1365,3.059383772771529
1366,3.0021052576380436
1367,2.9939620689776847
1368,2.997014513364249
1369,3.0229865958169677
1370,3.0382537639964236
1371,3.0859321345897195
1372,3.118314538157585
1373,3.1311322454462776
1374,3.177355236548851
1375,3.1856063698191273
1376,3.161694692857897
1377,3.164135828417214
1378,3.131404455338771
1379,3.1336849984195725
1380,3.1246483033308348
1381,3.1225959687160243
1382,3.1193300463870255
1383,3.132719276450513
1384,3.1222736915612392
1385,3.103661688568926
1386,3.1106484307726223
1387,3.1225163378998166
1388,3.145629392693139
1389,3.160895829387944
1390,3.1816512945079145
1391,3.1573279986722103
1392,3.173861894780794
1393,3.2036880532727796
1394,3.185474453576509
1395,3.184287037622857
1396,3.157635024693417
1397,3.1692731064929314
1398,3.1576650820844154
1399,3.182608863296621
1400,3.17313088972877
1401,3.2144476749131234
1402,3.177954511724246
1403,3.168456223186289
1404,3.1396187587846347
1405,3.057892438708243
1406,3.1087335590733955
1407,3.1336830102111968
1408,3.14475350566652
1409,3.1464899610473163
1410,3.1304172963445343
1411,3.186687504736918
1412,3.105065692105957
1413,3.130045840072593
1414,3.173928980496532
1415,3.1987935123520606
1416,3.1731931132611857
1417,3.196556792895411
1418,3.2327822838772002
1419,3.1834696791186667
1420,3.2217258396089132
1421,3.3239556732281184
1422,3.369638451535395
1423,3.4058617794401114
1424,3.3854684886673203
1425,3.3625694423078167
1426,3.3970282772827654
1427,3.4184967039204928
1428,3.4767921915558997
1429,3.434973369280736
1430,3.4093457583676434
1431,3.362096780000745
1432,3.335559730513693
1433,3.355693651157421
1434,3.3455082728608643
1435,3.3751642146964356
1436,3.37445139559831
1437,3.329217483186442
1438,3.370862420363907
1439,3.352176419705599
1440,3.3492505477256795
1441,3.338773836647313
1442,3.325753858303071
1443,3.2985495963387956
1444,3.3290832704396145
1445,3.2920400265005645
1446,3.2867616960335466
1447,3.3359922955942922
1448,3.3586344367831034
1449,3.371552065175454
1450,3.353436600158921
1451,3.400451413409189
1452,3.4210650386181873
1453,3.4308616557308103
1454,3.4303834706081338
1455,3.437898631598446
1456,3.441135417768848
1457,3.471935610469634
1458,3.475869536540177
1459,3.4680526546989388
1460,3.45804503051661
1461,3.454317766125836
1462,3.449242386326823
1463,3.449610222003696
1464,3.4700251567822082
1465,3.4702380188762705
1466,3.4706966858615074
1467,3.470456812154832
1468,3.4703036786798647
1469,3.4776574691587125
1470,3.4753671647560047
1471,3.471819695474876
1472,3.495177956135187
1473,3.4939128394504193
1474,3.4769533595123026
1475,3.485102921661709
1476,3.496450253678396
1477,3.482980257884094
1478,3.4906810466438953
1479,3.4975297178300835
1480,3.5011298496194776
1481,3.509186150718313
1482,3.5049401356705756
1483,3.507649913073685
1484,3.554934450643321
1485,3.5531314785099744
1486,3.5561459976672705
1487,3.556387993772847
1488,3.558778189381595
1489,3.5554778428333655
1490,3.5632679989650917
1491,3.554448235014984
1492,3.558815200244325
1493,3.561473528535397
1494,3.569498660644377
1495,3.562806595237933
1496,3.528804605655167
1497,3.517055026401117
1498,3.527094848012413
1499,3.516026797113092
1500,3.5145529295504963
1501,3.514404121104886
1502,3.5058021442061493
1503,3.506155939859834
1504,3.5171685339731473
1505,3.495582517893636
1506,3.488722191416449
1507,3.483134179246772
1508,3.464802429334779
1509,3.4532848201361155
1510,3.39127086047204
1511,3.3865647677835176
1512,3.384826199399349
1513,3.37499792011291
1514,3.387753424062878
1515,3.3752191066801718
1516,3.3808769998826316
1517,3.4200037881180423
1518,3.412317965141609
1519,3.4132256801542304
1520,3.412380070737231
1521,3.4130227104549604
1522,3.4086169362418373
1523,3.40669008822696
1524,3.3939720755268743
1525,3.3882318343820383
1526,3.3916999729722397
1527,3.3793438296656486
1528,3.3339399903036027
1529,3.332363635893776
1530,3.329824446764462
1531,3.338197866138115
1532,3.357108318210611
1533,3.3540931363867044
1534,3.3405557621667636
1535,3.3666107742287954
1536,3.349485370822891
1537,3.382276156203523
1538,3.4278698730424217
1539,3.4322072461101527
1540,3.471400596431362
1541,3.50709430527969
1542,3.519045159420142
1543,3.4856030269032168
1544,3.400372360752346
1545,3.315654989741512
1546,3.3281488915757107
1547,3.20882429566014
1548,3.10807269965645
1549,3.4312606447672644
1550,3.3677240722102653
1551,3.5490955654118084
1552,3.4947871044623824
1553,3.436872833657034
1554,3.320836119813819
1555,3.413491018974235
1556,3.315905168519495
1557,3.175508821845008
1558,3.3805390213305975
1559,3.228963080860625
1560,3.4463173248629797
1561,3.3951167583921027
1562,3.3727073599170376
1563,3.2574801296511025
1564,3.1865494634370384
1565,3.2200673348970588
1566,3.223596502644588
1567,3.3548353034435374
1568,3.2887015660225005
1569,3.347919306515479
1570,3.3164433453628073
1571,3.3386271665825307
1572,3.404430790571511
1573,3.3939127103057576
1574,3.6005418370108844
1575,3.601414411576842
1576,3.6306998967357895
1577,3.5733976483297347
1578,3.5804358598217956
1579,3.7376276048662005
1580,3.7025265730892487
1581,3.843273983649853
1582,3.851389249509518
1583,3.8131576008665125
1584,3.7109029677108607
1585,3.7940558685503722
1586,3.768489601703129
1587,3.8263387407255545
1588,3.8072370436808223
1589,3.732447025715624
1590,3.736390792226185
1591,3.73139719773512
1592,3.7192551227756
1593,3.773658235430699
1594,3.7849379948799555
1595,3.7705341830983397
1596,3.741389769136405
1597,3.7447137415464127
1598,3.8122955319390917
1599,3.745249660836536
1600,3.720170688421054
1601,3.67322501191647
1602,3.679858738284203
1603,3.71594724375075
1604,3.71897831653909
1605,3.7512493891956877
1606,3.729704956014812
1607,3.739499211230579
1608,3.7538650651445016
1609,3.760243460175894
1610,3.790968817796725
1611,3.793496122381046
1612,3.790618697619186
1613,3.7733536320923022
1614,3.75233048366852
1615,3.7469844098947824
1616,3.7554766116325133
1617,3.7243034762474148
1618,3.69731226938832
1619,3.7127824419421973
1620,3.6041247602520032
1621,3.5970998821299727
1622,3.596740756812178
1623,3.650071767359586
1624,3.6417860292757176
1625,3.6598232386087393
1626,3.7365003534539865
1627,3.772138713283746
1628,3.7592369226837397
1629,3.713652366126108
1630,3.749012870065793
1631,3.679087323439534
1632,3.731315909924482
1633,3.757919918030539
1634,3.7599326711261094
1635,3.80197338179471
1636,3.862814256304059
1637,3.9108377072805123
1638,3.908381360269808
1639,3.985156258967848
1640,3.9401512448005604
1641,3.878160383552487
1642,3.943155928842579
1643,3.9427845677599604
1644,3.917042543519278
1645,3.9266180855822785
1646,3.991150721302139
1647,3.9271710389400694
1648,3.9211672420839117
1649,3.8724941345535724
1650,3.850924842728354
1651,3.8896822906274275
1652,3.8770331083370912
1653,3.843703518905106
1654,3.8541048525034816
1655,3.8455083058892114
1656,3.9044315536049368
1657,3.980365450111778
1658,3.9625463604043842
1659,3.987926634593042
1660,3.9650598562816386
1661,3.9357945908157665
1662,3.861931639479299
1663,3.909678778255632
1664,3.9122934980299506
1665,3.9113847157184356
1666,3.965605741634426
1667,3.972981443837309
1668,3.9528206319305426
1669,3.94020577300056
1670,3.960285441821876
1671,3.9556376992693654
1672,3.9714868102272316
1673,3.9547274914765396
1674,3.9772046264499705
1675,3.990912968551985
1676,4.00628407812571
1677,3.9831751595382325
1678,4.069254480470086
1679,3.950886070822368
1680,3.936149478105988
1681,3.8722334106568557
1682,3.9530489721905315
1683,3.8429745843010066
1684,3.835231363988023
1685,3.9592659476911596
1686,3.953310883653538
1687,3.939327368920198
1688,3.906999931651467
1689,3.823791744655014
1690,3.84293950226704
1691,3.8981072309811626
1692,3.891558392697614
1693,3.9041688820498743
1694,3.892608374661588
1695,3.9871114413574604
1696,3.9844769357421095
1697,4.029004208692877
1698,4.082085323074236
1699,4.023107576987139
1700,4.084963330008007
1701,4.052810887013458
1702,4.108857074479522
1703,4.1467746881820755
1704,4.210116093993421
1705,4.28757744781183
1706,4.3182552096583615
1707,4.268060108420979
1708,4.22997252880164
1709,4.273317339950289
1710,4.1998386382371855
1711,4.236672877754533
1712,4.2265427926458266
1713,4.225541367841434
1714,4.209097553934815
1715,4.182955358762697
1716,4.182690000991429
1717,4.106966446282079
1718,4.1063758886332735
1719,4.043085630402743
1720,4.047475307749249
1721,4.117166319611809
1722,4.210268011095475
1723,4.236983458640431
1724,4.22809310561747
1725,4.046772676912047
1726,4.106559328464043
1727,4.158133459977287
1728,4.178192244826051
1729,4.206682287252894
1730,4.230558940458851
1731,4.237219330348485
1732,4.237809071795473
1733,4.240114097740899
1734,4.221809136098242
1735,4.222246264778695
1736,4.217086388364821
1737,4.224654184421661
1738,4.260825852788863
1739,4.272407182343985
1740,4.286842141267644
1741,4.260510237393511
1742,4.26472327229781
1743,4.266690988251631
1744,4.265332155508239
1745,4.2641064688415
1746,4.2479705246997845
1747,4.2571744932584865
1748,4.251151760833283
1749,4.30108541103944
1750,4.296200129970762
1751,4.2753436641003395
1752,4.300400839164897
1753,4.2733111727263795
1754,4.244746241135178
1755,4.2288442555964645
1756,4.227150071863139
1757,4.245345864750538
1758,4.292475973009746
1759,4.2987141451282795
1760,4.3302768108828715
