,cash
0,0.13734914014878502
1,0.12604821316978093
2,0.19414474770669382
3,0.16440187141726634
4,0.20955195298525828
5,0.17565566689792692
6,0.4371661718347725
7,0.3021437066722332
8,0.556012030855118
9,0.06452346623516192
10,0.21689370687628987
11,0.25608136613896404
12,0.18330672752235566
13,0.2514491853052143
14,0.14371627145344865
15,0.07547378572970952
16,0.19186135370267127
17,0.042555294988096105
18,0.22956069722391925
19,0.30416812678427596
20,0.3647658012843391
21,0.0904620605429026
22,0.22026173920869954
23,0.3459239833760774
24,0.13343530721113334
25,0.23508613330944175
26,0.6450169399735498
27,0.49917540229113505
28,0.33753477118004915
29,0.32050865969530434
30,0.43143790429549045
31,0.2888719262448916
32,0.2780914876234316
33,0.2668385459766181
34,0.046550091717210626
35,0.16279756220105243
36,0.2080461112416534
37,0.10246372955329335
38,0.28535103506660064
39,0.6891251354718263
40,0.427179124956331
41,0.17685667144283143
42,0.40380334288486674
43,0.1314687542433921
44,0.5589372703127667
45,0.31905211811971806
46,0.1913416055573975
47,0.1549732164471672
48,0.49619886627254006
49,0.08009634297137302
50,0.03186237883125074
51,0.2653226884947992
52,0.24695190600046588
53,0.11000328090961735
54,0.2767389485179963
55,0.06415870689960489
56,0.09317166801905082
57,0.11646419040452942
58,0.3273737012629466
59,0.2618515788769035
60,0.25309638807156404
61,0.16619128567082475
62,0.18731061301365381
63,0.19938649876065384
64,0.039456409246972156
65,0.31311985443811463
66,0.2690069710162887
67,0.599819743788931
68,0.3847036550530194
69,0.44085603354606134
70,0.19030019387080788
71,0.3605108155094507
72,0.43276041782395513
73,0.3291738870097383
74,0.24456230614427327
75,0.06692442210667808
76,0.44970116229097534
77,0.6140650922127069
78,0.6155150853105389
79,0.13086175213230242
80,0.26378753837089947
81,0.2695140064062751
82,0.22855774557328146
83,0.09780257711281849
84,0.1368178368534295
85,0.24261172693916988
86,0.11066786940882219
87,0.15229306044224727
88,0.39081768729154726
89,0.09217072870564055
90,0.39319905464416927
91,0.15125689381173124
92,0.13192128669328257
93,0.36053379865541685
94,0.14206762914846738
95,0.13658836616254905
96,0.4126943728438958
97,0.0455276154480665
98,0.38434696412754155
99,0.5647914076742224
100,0.05466004035366135
101,0.4112246588772157
102,0.4129124890953022
103,0.016936959052103007
104,0.36444029798309324
105,0.11553291833847155
106,0.3208740386674213
107,0.08877387118927113
108,0.2619131595333676
109,0.2104507092212231
110,0.06827358288231938
111,0.23752523473059928
112,0.15623592370361328
113,0.28055975626531104
114,0.4136754740150717
115,0.3978903785271128
116,0.25182296445006636
117,0.12311489848939651
118,0.38322170286763274
119,0.6176477803289783
120,0.42107825946986555
121,0.2270888616258759
122,0.1540111199119575
123,0.21142938334780326
124,0.38343900645136636
125,0.3262621061723823
126,0.3401438053122886
127,0.294305561724315
128,0.24658795338647316
129,0.6116822974727382
130,0.20497303009075096
131,0.09239393203581109
132,0.13346596477067
133,0.35396987523761114
134,0.13656355337100604
135,0.4715389942484373
136,0.13635708728135162
137,0.06843483505904951
138,0.3085942719785042
139,0.32548668568146916
140,0.3174161481340951
141,0.4818747058522219
142,0.1497424203588678
143,0.2254790133361245
144,0.41021092844589796
145,0.21539163662668329
146,0.25542634059318886
147,0.05696747725247711
148,0.3042716148700667
149,0.3483668082197348
150,0.11830828311154329
151,0.11901159773275695
152,0.40383281677785243
153,0.33935116545809474
154,0.08308149334079251
155,0.28998099376806535
156,0.17280832671721932
157,0.23185228995980126
158,0.04263163328849532
159,0.39189656146582075
160,0.2522611129649471
161,0.11710021418298035
162,0.3412764684687043
163,0.23721310276299568
164,0.06082017206653903
165,0.07273074611974434
166,0.36159188614364207
167,0.26042664721533787
168,0.1864853134341063
169,0.6388630690594471
170,0.2883145160850933
171,0.3897514090558622
172,0.16470508981825674
173,0.10462385166458861
174,0.1403732205259378
175,0.5223538213307084
176,0.20008371842642314
177,0.2608314298259054
178,0.29913559824471786
179,0.17711786658670392
180,0.3771294856297828
181,0.6119059396268753
182,0.26050189387730127
183,0.22549496073222847
184,0.4996860974364596
185,0.3404821923027073
186,0.3133360171780748
187,0.4153596274032833
188,0.297494401388318
189,0.3636047366400574
190,0.18303743109535972
191,0.40337015693738426
192,0.39594367655043583
193,0.1376371491619817
194,0.15722386678435443
195,0.22051846404213274
196,0.39613990668047117
197,0.11350347160392885
198,0.06914191160482354
199,0.19731668820052115
200,0.12825424354071144
201,0.20734308558758202
202,0.33221375985290424
203,0.12482760052795315
204,0.37100427979092787
205,0.38274924915820596
206,0.3416046648406674
207,0.45871431407976565
208,0.4422245803064392
209,0.28948108710497755
210,0.4524475037994221
211,0.14654003755243955
212,0.036158565896903146
213,0.1806762403254685
214,0.43203802954829384
215,0.5658883542166709
216,0.15866294116331908
217,0.48629969960794983
218,0.09694795871982971
219,0.47030375063338
220,0.04446057905400222
221,0.15693206998389117
222,0.21343532794287004
223,0.18045738656090665
224,0.44042293018944767
225,0.35741246959127404
226,0.3114407436509851
227,0.05600887900847587
228,0.5113358209866823
229,0.3045684220709525
230,0.23865907634904163
231,0.307187219859009
232,0.28433571145673775
233,0.06669768424333591
234,0.06448252269184214
235,0.6348177739692338
236,0.23139148662066172
237,0.6902390290272
238,0.5701548078865437
239,0.19191821250177518
240,0.11642538343418579
241,0.11647383690505005
242,0.19676276167401766
243,0.49504994993601936
244,0.233079796285981
245,0.45232606229576944
246,0.14770666980893937
247,0.30315358048244684
248,0.10808552583666493
249,0.5242477118596127
250,0.1329514599020305
251,0.2845138746317709
252,0.14063792337430484
253,0.3325658777503485
254,0.027249321041637502
255,0.2859991879903412
256,0.39855122471593807
257,0.3961699507385951
258,0.4458677107842009
259,0.28788313948095773
260,0.544959793039903
261,0.345909252847243
262,0.5285105976358284
263,0.5680244885097901
264,0.7232891111069748
265,0.06178737489747454
266,0.2915635534890154
267,0.40492282459057827
268,0.07328766963183761
269,0.5728885564275401
270,0.52254389007071
271,0.182785086638129
272,0.5140103246438386
273,0.15336594595929323
274,0.39433395507510927
275,0.33942429058307777
276,0.41839425455370566
277,0.35756607424806847
278,0.3277277538677398
279,0.2733795501390974
280,0.16724816794112768
281,0.36140718765070096
282,0.18899226668727873
283,0.4435382109286426
284,0.08364148555395347
285,0.10724595355091347
286,0.133470637729366
287,0.31949566882788244
288,0.6214848776373073
289,0.29599069160717373
290,0.17480908730787756
291,0.045290551861251395
292,0.49093067883545816
293,0.41254147764493343
294,0.20168126800630112
295,0.20461439339690154
296,0.47459465458202593
297,0.43597507941269015
298,0.4454967716483615
299,0.09511585853399154
300,0.05791718410288005
301,0.268879063902241
302,0.43467485251939647
303,0.4029604354247762
304,0.06308217676962016
305,0.32612306615688874
306,0.185887331227657
307,0.24432693706112707
308,0.2002497961427821
309,0.11000907777075565
310,0.12135850096116806
311,0.7806144282800247
312,0.0668088279875592
313,0.20227622476900697
314,0.3376552571695191
315,0.46221544129185477
316,0.27268475904874356
317,0.2886908915271296
318,0.35837137176705575
319,0.06560851121716553
320,0.4164048611076687
321,0.15434374677419518
322,0.4033754790350677
323,0.3447218142890291
324,0.34891529222218526
325,0.05721597035392549
326,0.08396455708520122
327,0.3766895999091377
328,0.1848457030366352
329,0.21535914243781654
330,0.37596401361681947
331,0.15648259702631037
332,0.1078931135265903
333,0.5824612688247562
334,0.44164527656993063
335,0.22568245701845863
336,0.12291373054597739
337,0.41382722719592296
338,0.2698381210366373
339,0.12978635216518936
340,0.20930528982529248
341,0.749477070621024
342,0.33547506680189443
343,0.25625851721515247
344,0.10156134047866335
345,0.5892430901021417
346,0.07982038495375919
347,0.19805660659036348
348,0.43784319013493583
349,0.1425775953456021
350,0.1387186991793117
351,0.05598245366638247
352,0.10335683471068167
353,0.08086419291709712
354,0.24721429995486038
355,0.14110273630493853
356,0.20692215477394654
357,0.5013972398387379
358,0.2969435714081227
359,0.1441548286883574
360,0.15844238721449289
361,0.49836795318500454
362,0.15418990481180872
363,0.29175840739433523
364,0.19416870563393762
365,0.5188859596367268
366,0.2944036140131133
367,0.20660900831231568
368,0.4734392885132758
369,0.35496988840551963
370,0.2610132598475288
371,0.15008251507873274
372,0.34568779170994113
373,0.5328270439096465
374,0.2498440137481335
375,0.2372510464375182
376,0.3319738620680942
377,0.32053922878767743
378,0.08136685270979634
379,0.6182957699172928
380,0.45302329491173976
381,0.43224324494078264
382,0.17910400737311488
383,0.10849638229556371
384,0.32490873994779995
385,0.198201184298344
386,0.14623811251478072
387,0.25334376571686607
388,0.2176934697560176
389,0.4293541343358273
390,0.7465459407699232
391,0.1491763225039323
392,0.32969710525537865
393,0.2218238014551385
394,0.18436544838302882
395,0.20168377940733473
396,0.2908898960200759
397,0.06645521036151893
398,0.12004322195157396
399,0.08251560897007527
400,0.07677013485887899
401,0.17678718583134703
402,0.4196541500080757
403,0.2531700741343571
404,0.47943105416481896
405,0.2693029982951435
406,0.2963925527291093
407,0.04578410513376453
408,0.5144724474411216
409,0.38101855750067826
410,0.38684054086667397
411,0.13541798607876782
412,0.09106635751257035
413,0.4817210745238419
414,0.3230358508368057
415,0.10214553944648969
416,0.6122804597881943
417,0.25699173233423406
418,0.2646136642799371
419,0.08615111010895475
420,0.09938865725612649
421,0.13648047967236776
422,0.12040555381957299
423,0.062170331289982124
424,0.22247520328250855
425,0.8000807831100702
426,0.4711770886428604
427,0.03153749758470057
428,0.2375981077320358
429,0.1978086228786893
430,0.2451138697785815
431,0.37427027577597327
432,0.08323032719588865
433,0.4317369862063408
434,0.08897576858629168
435,0.11235119587195223
436,0.41961248581648714
437,0.08340622024159076
438,0.10253655285876734
439,0.23018424751225394
440,0.2164142157125271
441,0.5561451822817994
442,0.09799209983823061
443,0.2725782782954606
444,0.26931914008645147
445,0.13175321990506259
446,0.11842126507850055
447,0.44892976315304334
448,0.6018339461020146
449,0.24006258842212813
450,0.3240153175302319
451,0.09899068736154902
452,0.16920631921443696
453,0.20783381338857498
454,0.3605504232857413
455,0.2946939423559912
456,0.0792427158789026
457,0.05955107099926597
458,0.4364387541014112
459,0.1682992424939661
460,0.43349148674702287
461,0.1084167806657951
462,0.32841580200423903
463,0.2959436417033764
464,0.25442757853579273
465,0.6220910046819906
466,0.24942118299402483
467,0.30904107841107215
468,0.3134755064081717
469,0.13699737309912632
470,0.37954950199756843
471,0.28686282603127017
472,0.3700945196905545
473,0.09693061626666374
474,0.1633851681563945
475,0.26815092024149484
476,0.22013000949140615
477,0.2209066968758614
478,0.3351184922916984
479,0.3790536438658318
480,0.05379279396622979
481,0.6315386518495131
482,0.19071500461515786
483,0.4095178558319859
484,0.2415105392980871
485,0.29536593455471133
486,0.1803963461308799
487,0.22686639322722402
488,0.193139044051087
489,0.2279872200853453
490,0.2081884867660024
491,0.7101751553170628
492,0.7477101375608204
493,0.0512813868916828
494,0.38391007793702303
495,0.3206836574813937
496,0.2861319198150335
497,0.6165075295484412
498,0.18340280978713164
499,0.16150155214385797
500,0.5375801551539309
501,0.3392385251641966
502,0.7952217785371112
503,0.24471503287744545
504,0.21406285283333007
505,0.055732404161996284
506,0.22234993962242233
507,0.07730194251116228
508,0.14377772663422977
509,0.5903391308969034
510,0.3596498440671072
511,0.18748042303135692
512,0.3347224352654993
513,0.05380183497834888
514,0.41775187589047597
515,0.43093389263834175
516,0.3143417819276092
517,0.22502425624412858
518,0.45903880549497955
519,0.28594003534063317
520,0.1603116925188981
521,0.3738056422241607
522,0.15395882188230955
523,0.4349595906993286
524,0.3326661239312247
525,0.4381261513980662
526,0.3398341243717951
527,0.19938307364821656
528,0.1929704389680426
529,0.2379632450097281
530,0.32595682163423656
531,0.2440083563943274
532,0.17690977831544472
533,0.2837196481114135
534,0.1950722561027179
535,0.500869160074755
536,0.2963056231741552
537,0.2696005331982245
538,0.4252596297964181
539,0.0912340537883699
540,0.6204153048541703
541,0.2425232250511648
542,0.4588402865799836
543,0.2868546172348872
544,0.22397961293093635
545,0.150257675666835
546,0.2520229775900312
547,0.16164224637187247
548,0.5156157580006043
549,0.5282215077410385
550,0.39162493178991675
551,0.19764185971234802
552,0.2389728666103295
553,0.3098119952177777
554,0.08004047132650194
555,0.30947605629722935
556,0.12150200112799672
557,0.24411433397094107
558,0.07405960916171266
559,0.12301767484289379
560,0.3029162765211509
561,0.3713479189644026
562,0.3353540914287257
563,0.4458088657125617
564,0.3036998713655293
565,0.10058776999417743
566,0.43094415377285655
567,0.45989810745596654
568,0.18113636839517472
569,0.16245691694751008
570,0.08414746702773084
571,0.3198031925274023
572,0.21080787213382024
573,0.16885928433932335
574,0.16280942235632398
575,0.26895308167216586
576,0.42803341237408665
577,0.5532929512307049
578,0.1485263918409487
579,0.2153483833921599
580,0.2628217947828161
581,0.6360575045882743
582,0.08757902679130736
583,0.18924490945124597
584,0.2477456181753832
585,0.2429021240867774
586,0.06176639116375997
587,0.2850699021333521
588,0.3083255323912129
589,0.12566804426326128
590,0.2521526872830496
591,0.24786297117951522
592,0.2721950773585296
593,0.2243916340201814
594,0.14019836195478158
595,0.2110639285232036
596,0.2617373234984384
597,0.43494660522126205
598,0.5650538080417201
599,0.377144398327561
600,0.3201133065233636
601,0.10583296181587515
602,0.6258579476391832
603,0.4693974613006654
604,0.3363090940715204
605,0.0790842359129195
606,0.20739917708906125
607,0.15502797670748494
608,0.129573218569923
609,0.0811684152167345
610,0.42739656234327394
611,0.29634825484583327
612,0.06542051108638339
613,0.3666443300774339
614,0.3181621761828068
615,0.1197468867756435
616,0.24464182021347672
617,0.1406892431228732
618,0.49639269245636425
619,0.267664677499327
620,0.29981127489773124
621,0.26415919369455276
622,0.4127429159406196
623,0.02613160770162636
624,0.33064722173632305
625,0.41359131956614814
626,0.04005777841504149
627,0.31184468392988574
628,0.230399239469155
629,0.10232809963924129
630,0.22032954365550148
631,0.2125359047024786
632,0.7911363411755618
633,0.22126171802405703
634,0.06513675584853848
635,0.2543187245702035
636,0.42662167624768393
637,0.25466264847321984
638,0.12450536198675632
639,0.1614815920115334
640,0.1259323074508267
641,0.5208046211694383
642,0.3677670096088943
643,0.19923595421532617
644,0.37197679768143527
645,0.37148358196861264
646,0.20220846793734373
647,0.2558024207295221
648,0.19728419864429841
649,0.6899532245384475
650,0.1861076330109292
651,0.5327501568564489
652,0.18285422835599294
653,0.2684445788271345
654,0.24278990408415205
655,0.3703487353027111
656,0.47475820831047316
657,0.37656453023857306
658,0.5236611732169351
659,0.1714185759389578
660,0.20642614214506538
661,0.13012404489537788
662,0.3128527200726809
663,0.525268132802445
664,0.19770896397031842
665,0.21895143426686178
666,0.6336979638531055
667,0.2688026169799411
668,0.30485399321702245
669,0.2551795156485901
670,0.3801229452435202
671,0.044313595801062054
672,0.11071304285268174
673,0.3987325220282423
674,0.4669174869781594
675,0.44951867573331156
676,0.06976988608435254
677,0.2209165939336188
678,0.09603113111569962
679,0.3426140416158684
680,0.23573672059180417
681,0.436560199094709
682,0.4411986834241223
683,0.42080332023121253
684,0.16971743984742432
685,0.656721636020649
686,0.27834462690253786
687,0.3157320094705384
688,0.18838695551068566
689,0.25843520836399897
690,0.17324364397763675
691,0.09832038244564753
692,0.23174703694861498
693,0.4042494657360331
694,0.19717905542740694
695,0.21712231014894437
696,0.5660355805694706
697,0.2020952488708447
698,0.06117987895894797
699,0.5691856234047299
700,0.293021395503163
701,0.046382586325792154
702,0.39387334168197696
703,0.05795182359169765
704,0.4204431042678182
705,0.2064382151363753
706,0.2840264885514799
707,0.1278653154934605
708,0.4705072549539662
709,0.33144100952668776
710,0.36749429858556776
711,0.6226950357767693
712,0.29541986048779817
713,0.2207325782826608
714,0.4104132126717871
715,0.5285062180532596
716,0.2975940486791434
717,0.1418386132386117
718,0.10293948448630423
719,0.1846784692888752
720,0.22159417909792994
721,0.11766611581913938
722,0.15345141798716086
723,0.4648840207605484
724,0.13918640491860743
725,0.4245532925955143
726,0.09623293432416637
727,0.2446441578636643
728,0.4308420058308272
729,0.16564776350623422
730,0.13395992515429667
731,0.17750479913058867
732,0.3313853380426484
733,0.03885913763791335
734,0.39006360714781846
735,0.6355662801337197
736,0.2423351171955313
737,0.4278460603792694
738,0.251158144019767
739,0.15413205221660484
740,0.23108461728698396
741,0.22863161977735452
742,0.14419647689887974
743,0.3964208552929805
744,0.33088595829932177
745,0.34435835699801887
746,0.4541986595442886
747,0.7000065196434296
748,0.14991207785030555
749,0.32915945192318297
750,0.1165996909602136
751,0.34839035528452905
752,0.2977818941364954
753,0.3693892041459306
754,0.22590640135839096
755,0.14673634102495367
756,0.25811494544993424
757,0.4659143668029424
758,0.17631431843469478
759,0.1959978316134261
760,0.2815257852375731
761,0.26606088146929846
762,0.2674712044483282
763,0.22752774218544014
764,0.45037626652007756
765,0.17651429763394777
766,0.09105673475143881
767,0.26372698361400404
768,0.11925596734462955
769,0.5364228384664369
770,0.329374190887251
771,0.31132452283052664
772,0.2770182580447636
773,0.23987561488354173
774,0.18348184680414384
775,0.2144901066352373
776,0.31214009405964477
777,0.46400952698796066
778,0.10035635156880138
779,0.17743839925728447
780,0.2339166092647529
781,0.059125019855142506
782,0.3430064998787158
783,0.29651801469367944
784,0.21393519113830972
785,0.45712331749506546
786,0.5399675554594967
787,0.20825696736003108
788,0.19912854102733665
789,0.07979245932940349
790,0.17505586164819883
791,0.509184486469949
792,0.2542948256277624
793,0.20194648983274752
794,0.37997526793672115
795,0.09631831808592325
796,0.3900265787691556
797,0.4509729736088466
798,0.17773798270199095
799,0.10123895922140921
800,0.5229827991595091
801,0.2825967513248605
802,0.08116121859426333
803,0.0551352300103056
804,0.20886444759902642
805,0.32887286390908804
806,0.3903350230239894
807,0.6274086864530913
808,0.15515710435167196
809,0.3915619514723005
810,0.037837500732942606
811,0.3097489050474909
812,0.1195556685136338
813,0.3714736793542982
814,0.43318912154121614
815,0.4831527063133546
816,0.4580956761311306
817,0.16540142485880932
818,0.3531515360971186
819,0.20906812113640647
820,0.1977345960230628
821,0.07932094030061229
822,0.3880574190997541
823,0.03521507267379121
824,0.45767029909164547
825,0.3845848268708364
826,0.30769269648336883
827,0.39556348509180206
828,0.41566548918585455
829,0.10987297814820582
830,0.43242609200285226
831,0.07960545705059374
832,0.15762248539701829
833,0.5695370635754426
834,0.3518031879364916
835,0.630004230098346
836,0.16517882018331537
837,0.18585409540600448
838,0.3452780958565201
839,0.24104867569482807
840,0.265561057321419
841,0.23766689017390993
842,0.28378580929272945
843,0.5284941996904748
844,0.34051630487815526
845,0.46132685652754973
846,0.31728011564282477
847,0.21746359116974
848,0.24859847765432236
849,0.23146500696313824
850,0.25464976438554743
851,0.2159213916573581
852,0.05610357942436084
853,0.2651226595218815
854,0.5258066540003932
855,0.36834281013989567
856,0.18132459029247872
857,0.13051343862545894
858,0.39867993298643245
859,0.42208748190414425
860,0.4774214287249516
861,0.2470804424989404
862,0.2972684080467337
863,0.21788555100952625
864,0.3989385136982312
865,0.311550358716468
866,0.17015551687271158
867,0.3581051243509702
868,0.2288552125378869
869,0.04718433790835711
870,0.12441019539886494
871,0.2522965807255533
872,0.04313213163286089
873,0.337230210763867
874,0.07499062508057064
875,0.22020605173398722
876,0.16953030196123642
877,0.13578613818393362
878,0.6212204652726009
879,0.30720189832383754
880,0.0683617685684583
881,0.12473771520716759
882,0.1328258389691383
883,0.45352306942753634
884,0.07569374286805469
885,0.16591109918773617
886,0.0798142428293434
887,0.36805627260897156
888,0.11896800699493096
889,0.174997658162817
890,0.4416057835676005
891,0.2166210002321876
892,0.33113593405143904
893,0.04913478062513386
894,0.1445430066616883
895,0.27855482515759444
896,0.07768536472486191
897,0.34903476215202045
898,0.17817465312689923
899,0.566476736331381
900,0.03734922143613349
901,0.4259922404401788
902,0.3997832659902029
903,0.4000613311640557
904,0.3961950979759036
905,0.23199901718793856
906,0.13223823839394003
907,0.23532682652459844
908,0.23793735673646021
909,0.067083757970534
910,0.4984991253969779
911,0.2561639667913727
912,0.13342279892276382
913,0.2795973866699136
914,0.27950269951375134
915,0.05189699865846753
916,0.3901260725528039
917,0.54402879852314
918,0.25488666093713935
919,0.15504271192642102
920,0.2144922210317107
921,0.11273096167014603
922,0.5675131880722036
923,0.2149894344261223
924,0.15970604001089836
925,0.3492060659124469
926,0.4181560202962649
927,0.4413147646676839
928,0.4782106332866672
929,0.22798440031452807
930,0.1968897934911453
931,0.31633208978720806
932,0.08277934698430589
933,0.3981502384953429
934,0.3373054432770891
935,0.44061430305587945
936,0.46287672514814254
937,0.19804397261528978
938,0.4735640511574936
939,0.284826161129159
940,0.3870068609000928
941,0.14060298377254724
942,0.11554494000418894
943,0.13171211337952693
944,0.09674307294456688
945,0.3626774672241431
946,0.49056538875518485
947,0.2881669867584858
948,0.26378225084611245
949,0.5304957351952911
950,0.07696655543308098
951,0.14551990689764796
952,0.1742145124884967
953,0.20082921046109525
954,0.27328063228099586
955,0.28822661440158703
956,0.2903769799815281
957,0.1250018317918773
958,0.12671098856779428
959,0.30729847894549206
960,0.3095354387678362
961,0.20811972211931798
962,0.6077474169208928
963,0.4159348913182477
964,0.11559339472461387
965,0.2978404534610428
966,0.571000705288998
967,0.2530824280802593
968,0.12102753204522829
969,0.4453730886210295
970,0.30824129376004367
971,0.18369993684935063
972,0.17832665793217686
973,0.4868762904288237
974,0.5371428581657124
975,0.2406086994798955
976,0.1642213706290704
977,0.09729101645392697
978,0.2015542183178269
979,0.27868857152126164
980,0.5934775902723746
981,0.3472584534942558
982,0.09905116122633159
983,0.2014306535705704
984,0.04700040562886279
985,0.10473965573401142
986,0.4534460066254135
987,0.16609125868149333
988,0.3530313846729451
989,0.35066815811834395
990,0.4289325617991172
991,0.2972657365004837
992,0.14884744485881335
993,0.3207012236849084
994,0.15149662283254467
995,0.22680540170008304
996,0.3878963542739959
997,0.18684859769354614
998,0.1665631524968592
999,0.440096728297224
1000,0.3639868704740344
1001,0.4146147829080356
1002,0.05315340020763166
1003,0.08831744808381477
1004,0.08047120769588043
1005,0.3664132634371662
1006,0.36362273811187107
1007,0.14275072657284024
1008,0.1581898926559933
1009,0.3833406867821497
1010,0.324679097865783
1011,0.04676485518606929
1012,0.8046543928266974
1013,0.2774699180289843
1014,0.6873128461264943
1015,0.4448212382591754
1016,0.48133801676468796
1017,0.29282579560927
1018,0.16520432009442676
1019,0.3351020056323794
1020,0.3448377443896611
1021,0.5619798206992072
1022,0.2640998400667864
1023,0.4827195360887029
1024,0.20632612667941883
1025,0.20495954657886323
1026,0.276895540678969
1027,0.15905431798046693
1028,0.3612579248981354
1029,0.2685436349845408
1030,0.20790327031522943
1031,0.18741223629315554
1032,0.0657975769622968
1033,0.5111285839878659
1034,0.29688758640913576
1035,0.10235354628003823
1036,0.26420633614997147
1037,0.22826361464794542
1038,0.41542160230529
1039,0.3333181188143842
1040,0.32551647995586325
1041,0.5833892652265055
1042,0.17995646540646032
1043,0.10499740763026516
1044,0.6922085946443309
1045,0.6145253626408802
1046,0.19221355883006366
1047,0.4188141272130943
1048,0.3161376331972941
1049,0.1810267099376801
1050,0.1470980409032326
1051,0.20726189499520195
1052,0.3737574183323205
1053,0.4144638817502179
1054,0.5983560361341783
1055,0.28255717998922114
1056,0.2851684091158771
1057,0.22318560268334772
1058,0.4250831061742298
1059,0.16435082413950836
1060,0.3183333888589794
1061,0.07498553925752775
1062,0.3894335279627757
1063,0.0943109339417865
1064,0.5051495788748602
1065,0.4192080085503975
1066,0.1933876743624493
1067,0.51455865081116
1068,0.14762313222164364
1069,0.27374303730237765
1070,0.15265300224938752
1071,0.3420545386237337
1072,0.3040215190252144
1073,0.15069935121710354
1074,0.2620415191495683
1075,0.16997346133624117
1076,0.06410664724915531
1077,0.31170717974646606
1078,0.2842917006740646
1079,0.4172403016482677
1080,0.3627611210434904
1081,0.11879619988079893
1082,0.2927511979620508
1083,0.18928715772084392
1084,0.19369675219338342
1085,0.23077850836656247
1086,0.25466217557592
1087,0.14255012988363588
1088,0.5606277763586476
1089,0.3290139707571337
1090,0.48758166400013714
1091,0.6195731515289116
1092,0.3706677739999477
1093,0.07335033400358448
1094,0.15476819847493392
1095,0.41583742261698814
1096,0.1911256992591718
1097,0.37941193941277407
1098,0.3158939510702349
1099,0.24464499972936266
1100,0.303640676150253
1101,0.2919700690166081
1102,0.23744029905087832
1103,0.17498534637314136
1104,0.06629850103844294
1105,0.14685575765155573
1106,0.1305151178809745
1107,0.32268882914743224
1108,0.2059518548991755
1109,0.44753877063525843
1110,0.3318691969721815
1111,0.2921017549045211
1112,0.20261981212372202
1113,0.21894126129544134
1114,0.13340905580199117
1115,0.2837074255181996
1116,0.1421198473090918
1117,0.3711010347193964
1118,0.2318527574872406
1119,0.3441377844100743
1120,0.15236141953116605
1121,0.596692000165799
1122,0.24517161545010957
1123,0.13228169926410013
1124,0.4723598200635336
1125,0.27784210671019266
1126,0.2764154042236463
1127,0.10041439119923788
1128,0.14040959014077248
1129,0.07131059568328413
1130,0.2038729567691573
1131,0.06627237128954014
1132,0.23189203915341414
1133,0.4233441186118379
1134,0.16012901167186247
1135,0.21183471695650258
1136,0.2131773212679409
1137,0.10415749026396899
1138,0.37240233995864297
1139,0.08904281490202373
1140,0.20706976020463738
1141,0.44034449256705765
1142,0.15690535309590595
1143,0.4048860636956404
1144,0.2866206708733047
1145,0.49900154538396924
1146,0.2519801698269273
1147,0.34928479265156576
1148,0.07152680767228826
1149,0.46104222545300216
1150,0.1009550556216683
1151,0.3364369905116759
1152,0.2755638365536232
1153,0.2819645154483685
1154,0.07196690040603497
1155,0.2988158080978571
1156,0.7032657488136218
1157,0.19996553200325637
1158,0.26819911827630494
1159,0.2976916808485649
1160,0.18479942059693216
1161,0.5568432475743443
1162,0.17780860310963187
1163,0.47872393576272076
1164,0.5649630846833147
1165,0.5660943069081906
1166,0.057806963196174434
1167,0.09821674849413994
1168,0.14902837435833693
1169,0.07894203025893538
1170,0.395429888004887
1171,0.15455933609110784
1172,0.16600426921182074
1173,0.33865523181374196
1174,0.10921298858825115
1175,0.4236579370792406
1176,0.14767987263731883
1177,0.3839253244523929
1178,0.15088026059986995
1179,0.16932662202419374
1180,0.38023628193570336
1181,0.3506576993264412
1182,0.2672019703693937
1183,0.34689296979027273
1184,0.24159403049250266
1185,0.26994936018995097
1186,0.2711659670333195
1187,0.31490887686732416
1188,0.42374542356724376
1189,0.15213792031613044
1190,0.40563436829191674
1191,0.30803577572314766
1192,0.2007540700895983
1193,0.10406262538592657
1194,0.10669226769946066
1195,0.2437517075909471
1196,0.37337961140886683
1197,0.16907760916850886
1198,0.5364238190253958
1199,0.6121255557393208
1200,0.2950838291669658
1201,0.19874889827588366
1202,0.4734976726391472
1203,0.19913866299825986
1204,0.0966626608041624
1205,0.29325791266187284
1206,0.6041167391500396
1207,0.6049782033161191
1208,0.4644296353500022
1209,0.05029895926804564
1210,0.40243188398813395
1211,0.2770061736125095
1212,0.28580884476215335
1213,0.19004889364632693
1214,0.12434283216931366
1215,0.2327708950806226
1216,0.37537367501852037
1217,0.46611620971937
1218,0.08620049015300058
1219,0.19640403589083563
1220,0.6203321319734394
1221,0.4548055340774846
1222,0.3258601001591863
1223,0.2549261928584358
1224,0.5693370835147596
1225,0.46015189131727996
1226,0.5815363710391239
1227,0.29915560917137685
1228,0.37768661247592483
1229,0.46023304315364205
1230,0.08965739396710022
1231,0.07757714802722092
1232,0.24595295218703128
1233,0.3568333802132208
1234,0.34863883261674117
1235,0.5242288140075038
1236,0.40137058098567463
1237,0.4422203516690507
1238,0.05037752908419042
1239,0.40951818216205055
1240,0.33566899906686004
1241,0.11774558372012155
1242,0.12720608956306068
1243,0.3749474474384452
1244,0.18922311513468598
1245,0.17169010101831486
1246,0.20685139334898095
1247,0.28263018168027065
1248,0.1306699845895517
1249,0.42004149100581467
1250,0.4882847631076121
1251,0.2507493694158672
1252,0.2608588122485934
1253,0.3634027277543739
1254,0.24712082506889718
1255,0.2740234949173514
1256,0.1756177576457955
1257,0.18603559172042858
1258,0.23039830320502708
1259,0.2495753400923712
1260,0.19646919596218118
1261,0.08738452480700443
1262,0.07128791079998281
1263,0.05747685862283698
1264,0.18745261631640023
1265,0.056197853147422296
1266,0.3801781098918132
1267,0.2177298881115026
1268,0.29660105878487925
1269,0.4288839655118061
1270,0.14432572281984798
1271,0.13360718602446628
1272,0.5618760987802115
1273,0.27221242790896977
1274,0.5321092599249111
1275,0.4677074875615105
1276,0.1716586969082742
1277,0.10677258134229911
1278,0.16430838032294032
1279,0.11860917584258328
1280,0.41162695858858867
1281,0.40607970727839443
1282,0.3385330061931663
1283,0.10590881488204948
1284,0.4203848411797217
1285,0.2907189692136791
1286,0.49091086300304715
1287,0.43708599199646886
1288,0.18595944122592037
1289,0.10623355515612952
1290,0.16491022334182873
1291,0.2575195396051246
1292,0.5501738031000577
1293,0.06950609605737042
1294,0.456862267158476
1295,0.16319897555234408
1296,0.18665478724549642
1297,0.18906700650277733
1298,0.2095221893985634
1299,0.1396242758959349
1300,0.20377180947424145
1301,0.4250165901134669
1302,0.23453553333693522
1303,0.26721776481677806
1304,0.4751574672206922
1305,0.2908627229234465
1306,0.3168060160830904
1307,0.3771710674410928
1308,0.23983704321746463
1309,0.28888431950604854
1310,0.387878764586679
1311,0.14511757173106193
1312,0.5469681950770521
1313,0.3327255072743808
1314,0.09889014322026968
1315,0.06752428391448291
1316,0.5535215233431863
1317,0.35667392732338116
1318,0.21783881738313152
1319,0.1988959639370644
1320,0.2477243090841331
1321,0.07656922738691023
1322,0.48907569029568443
1323,0.11643316940852379
1324,0.13624694273663648
1325,0.34537651230442984
1326,0.21777529191602601
1327,0.06916768069652297
1328,0.20602760513522167
1329,0.13778176347092616
1330,0.0946347534555293
1331,0.5400377973919922
1332,0.6107016005409293
1333,0.4377200760495195
1334,0.3217216782778953
1335,0.5762369000208886
1336,0.2384012121100306
1337,0.21155668188698692
1338,0.20426953375192952
1339,0.18223186506691313
1340,0.40966342059731364
1341,0.36339165852739713
1342,0.2006860031342161
1343,0.07217835323999514
1344,0.4400577203727811
1345,0.2310036973101998
1346,0.36391676369216164
1347,0.5242554781561317
1348,0.5261313102624049
1349,0.2684092331964212
1350,0.12657616846287106
1351,0.651649322685139
1352,0.2929085524767872
1353,0.4045907438497764
1354,0.338836484669196
1355,0.16695901578467237
1356,0.5158269068557518
1357,0.4527671620134907
1358,0.3660549850711464
1359,0.4432597181253537
1360,0.20236317484145497
1361,0.24265776256300764
1362,0.19847998835696115
1363,0.13210827112412127
1364,0.3435005564852884
1365,0.07471157707140069
1366,0.3868614260261512
1367,0.6924904740007956
1368,0.35330223187202564
1369,0.3416515615290381
1370,0.23591492188208274
1371,0.2723144866510192
1372,0.04564845922789363
1373,0.1989137806171942
1374,0.3943443922670625
1375,0.1818573314147226
1376,0.268822744178123
1377,0.21204576907670583
1378,0.11431687876980136
1379,0.12578101476557002
1380,0.2492379809791706
1381,0.45926419740432967
1382,0.10901262890278833
1383,0.2573913465930612
1384,0.0911658936699983
1385,0.39599067500345675
1386,0.1452519955836082
1387,0.5620586213142781
1388,0.2373223253462342
1389,0.13631478836065844
1390,0.18875634457986
1391,0.2138040741350826
1392,0.20087604367911044
1393,0.12885513869433568
1394,0.13129082763158095
1395,0.20013160817721645
1396,0.48565448612935375
1397,0.3154357066297935
1398,0.057347593759937344
1399,0.5068009139974187
1400,0.5352430328115689
1401,0.32478304323065466
1402,0.19411259937339373
1403,0.21995808996944016
1404,0.43401562702471724
1405,0.09092004682103288
1406,0.5619719796173146
1407,0.19307337980229206
1408,0.16394463091856365
1409,0.23116442339994442
1410,0.09604982426563671
1411,0.6451960270354827
1412,0.38892423945219845
1413,0.09462078935855461
1414,0.08333737396317893
1415,0.0944065193877562
1416,0.13324385151592777
1417,0.06647228011411345
1418,0.3148747330880282
1419,0.26689197353420174
1420,0.2609231406496499
1421,0.19574873178616348
1422,0.4695838383957927
1423,0.37550999609698005
1424,0.12324343482142487
1425,0.21810947574246803
1426,0.16091918612327802
1427,0.5045272363369727
1428,0.2859018637467967
1429,0.3343014102726539
1430,0.23242622378246466
1431,0.21228077402969886
1432,0.46821355242825324
1433,0.4893786512788041
1434,0.14196804395716073
1435,0.120647238576791
1436,0.2231351362711027
1437,0.4780852407197282
1438,0.3255858519565987
1439,0.14794669741244137
1440,0.47006414782912265
1441,0.4996684175948987
1442,0.6294380364591822
1443,0.4405707561083697
1444,0.3555720410891483
1445,0.25748367233702313
1446,0.31092090142803847
1447,0.16003865863276
1448,0.33761766081181627
1449,0.2086014494460156
1450,0.3526986712724908
1451,0.05353904387023293
1452,0.10797107616310328
1453,0.40386555635575805
1454,0.05252831373761687
1455,0.13317417559677946
1456,0.2059856907780535
1457,0.35185683426127856
1458,0.20431769657340476
1459,0.131990936875253
1460,0.5484987527506622
1461,0.10231961352776597
1462,0.2737779736698638
1463,0.2684894983805028
1464,0.18775457170098653
1465,0.24930916981672666
1466,0.301387198057986
1467,0.4960779434580534
1468,0.2563317189501347
1469,0.5840136239736329
1470,0.2566914013749523
1471,0.20246635949585112
1472,0.2720508980920229
1473,0.37801566351820914
1474,0.336638841782644
1475,0.32712719905521365
1476,0.08507294522688821
1477,0.2244966876171534
1478,0.2943446755003354
1479,0.4440446595195987
1480,0.32710596371048994
1481,0.25145264638593656
1482,0.4334653451977855
1483,0.2197905659973422
1484,0.34359522486210814
1485,0.48764202260613365
1486,0.27307674643613855
1487,0.39086455770345385
1488,0.19935809429447124
1489,0.1313488265228054
1490,0.11464926024621491
1491,0.2117018867522142
1492,0.09964290931985922
1493,0.08352186890819244
1494,0.18803501994672245
1495,0.06599158543042283
1496,0.35555109016164965
1497,0.37433306348138995
1498,0.26422969811304675
1499,0.08101444150846379
1500,0.16726029168236065
1501,0.4149203426349493
1502,0.15229710605749988
1503,0.2866232018634049
1504,0.23649936607559308
1505,0.6022807160444601
1506,0.15548345594519372
1507,0.19069218480401096
1508,0.08452497231659567
1509,0.714553854111746
1510,0.6046170745817848
1511,0.24941626242635415
1512,0.29949535676746164
1513,0.08605957094929298
1514,0.21485256606398548
1515,0.45776202085599965
1516,0.22920562076714363
1517,0.5252952743828536
1518,0.47720532786781383
1519,0.13373965849349276
1520,0.5659337685119248
1521,0.17062618347322075
1522,0.1668859343511959
1523,0.2859761536035519
1524,0.1925474366968419
1525,0.463110039387408
1526,0.54991647391428
1527,0.41568505689681545
1528,0.07388640687965312
1529,0.1997806675348594
1530,0.2851467244555436
1531,0.0676902354303378
1532,0.22714312445661478
1533,0.24402777729928382
1534,0.2766492593487288
1535,0.19816972277192768
1536,0.2289057509618316
1537,0.47693492584642194
1538,0.14439500072478925
1539,0.3791606058969053
1540,0.2660919521424643
1541,0.2696690022510343
1542,0.310314545539698
1543,0.0954078827418893
1544,0.35250109166188365
1545,0.07308226738095655
1546,0.09606404963451097
1547,0.1147009147801639
1548,0.3195520860903375
1549,0.22216015101347159
1550,0.20066155046745193
1551,0.7663642553255358
1552,0.565386918381579
1553,0.5533810306385437
1554,0.2678659893000258
1555,0.38175548635155887
1556,0.27378311026682783
1557,0.12833413287194645
1558,0.28336579051270466
1559,0.1541775413112918
1560,0.454942596243412
1561,0.3218808055073017
1562,0.08412035879815766
1563,0.29214774384075015
1564,0.16530585652103094
1565,0.2709271832322176
1566,0.6436296967169977
1567,0.15117123682436656
1568,0.16545700295843557
1569,0.33752248521034184
1570,0.0953894150622211
1571,0.5566424909857487
1572,0.3654787420217561
1573,0.13987251114250687
1574,0.3874869349145934
1575,0.09232876032116058
1576,0.2514210765486791
1577,0.2696062400843255
1578,0.22587106161154993
1579,0.27102046774668576
1580,0.12952981097963612
1581,0.2730849175356906
1582,0.31781959919572184
1583,0.28475771431391794
1584,0.3178851547222739
1585,0.30124557134160473
1586,0.28844796827907826
1587,0.2056133627507777
1588,0.4953007589708653
1589,0.4300864367103055
1590,0.08594242694256599
1591,0.2730497813930772
1592,0.39109161131029596
1593,0.5081533318960908
1594,0.5313437220503301
1595,0.1552741948235045
1596,0.3565552147089287
1597,0.2533351659878211
1598,0.2668362893079166
1599,0.05561317617576314
1600,0.044467825640206564
1601,0.5918332283128341
1602,0.05434304203747105
1603,0.270474018044064
1604,0.4499715768724541
1605,0.38129045326295913
1606,0.623989582438652
1607,0.5288689497019914
1608,0.3852796292400132
1609,0.1587091278038187
1610,0.1962662461258161
1611,0.5304158406727115
1612,0.12721866601586088
1613,0.42186496487741393
1614,0.2773026796393322
1615,0.529968158647707
1616,0.3524574148620042
1617,0.29250572844905093
1618,0.4856870877208119
1619,0.2437179049411602
1620,0.09509861018950237
1621,0.4771662873606814
1622,0.27618823470878606
1623,0.2362765811413382
1624,0.6201708533578838
1625,0.45707192029709176
1626,0.1315410097377087
1627,0.12209364785942015
1628,0.14766989954846046
1629,0.2970598014181912
1630,0.11932402503464323
1631,0.08382132036542886
1632,0.16197676415972437
1633,0.06441124062539716
1634,0.31149629378887816
1635,0.38207404110674104
1636,0.23992495663363797
1637,0.21753264635953853
1638,0.14206801299980124
1639,0.10758839935717375
1640,0.19336249613470805
1641,0.28821432102216576
1642,0.4659296999384972
1643,0.26457577206504096
1644,0.24883124806413515
1645,0.43445848089334604
1646,0.1601719786178982
1647,0.7073411589586643
1648,0.2520739678668737
1649,0.1623451961827303
1650,0.3917856400718597
1651,0.07140163394703575
1652,0.05971436677022401
1653,0.18773088362494217
1654,0.439267010028485
1655,0.3547524899055865
1656,0.07136246065043515
1657,0.12350401895560036
1658,0.27494554977361485
1659,0.14998507204189673
1660,0.44860958758035957
1661,0.18112629213840645
1662,0.7673635653457173
1663,0.15694381454048079
1664,0.30179753196277076
1665,0.19213885877510525
1666,0.26302154976204367
1667,0.37675547913353485
1668,0.24189640250802927
1669,0.15334149184023077
1670,0.27885279268801966
1671,0.5675752367746385
1672,0.09410178468645501
1673,0.11898584901519653
1674,0.1693917408584579
1675,0.3091451089287258
1676,0.2973832891575491
1677,0.6341943528368956
1678,0.3313450535706123
1679,0.49322143067741175
1680,0.11804657519138215
1681,0.0871237486215181
1682,0.14740370989393534
1683,0.4160207016506699
1684,0.3928202129134419
1685,0.39444804522178156
1686,0.2492025056974515
1687,0.26663101303807807
1688,0.10389243171475898
1689,0.44505801271177353
1690,0.4402101382252829
1691,0.08888335407049464
1692,0.26632705784371274
1693,0.16460679623299232
1694,0.5592937848156668
1695,0.09730776007558285
1696,0.3309039828687293
1697,0.12920856997296445
1698,0.10290435209518424
1699,0.26474859662319106
1700,0.18725380446544299
1701,0.14614229302743348
1702,0.4956766507924136
1703,0.5125081301312723
1704,0.14852885594027754
1705,0.055842324628323635
1706,0.20098998468138327
1707,0.10320147692313052
1708,0.23783853141620273
1709,0.13018251765811673
1710,0.11228214103105907
1711,0.35503004260555715
1712,0.38733105440713483
1713,0.5435069699588122
1714,0.3045267247939167
1715,0.37924315699956557
1716,0.3661342628663662
1717,0.3385082209824307
1718,0.08713998404478017
1719,0.23882942275281793
1720,0.43462371527116606
1721,0.29642083685771775
1722,0.30095662591583916
1723,0.46496679980212857
1724,0.20204039428296203
1725,0.28862252759524354
1726,0.19078594004110747
1727,0.13257396930211615
1728,0.2386815629171949
1729,0.2302339313129658
1730,0.2556558550127414
1731,0.19419831082600217
1732,0.42813159220258035
1733,0.10534994185995289
1734,0.684774771151459
1735,0.433860981970531
1736,0.24801603811160475
1737,0.37362170043005277
1738,0.06371777247933162
1739,0.25359704853559734
1740,0.5106645770070652
1741,0.2609932369920892
1742,0.0471693573058297
1743,0.19249495629548832
1744,0.1602351922695973
1745,0.14971926848500397
1746,0.44630574693528235
1747,0.07958394404714578
1748,0.33254906499240194
1749,0.20308992808518478
1750,0.14977684090061114
1751,0.2127578691972502
1752,0.3481560613159981
1753,0.3576983515730259
1754,0.5132086899066891
1755,0.4036647658304793
1756,0.5278100724404221
1757,0.446789014742601
1758,0.13133372282294684
1759,0.5291538409583422
1760,0.603284809402314
