,Portfolio Value
0,11990.702936683952
1,12004.546248551747
2,11982.854836277245
3,11951.590296743329
4,12043.56100883671
5,12078.16100860568
6,12012.563399987252
7,12144.360592269126
8,12120.8261444177
9,12126.95363070825
10,12105.426270122833
11,12148.889040559787
12,12125.275535851031
13,12130.37107243577
14,12080.637732360054
15,12056.028237912229
16,12132.545553125556
17,12035.500416606554
18,12055.50817352274
19,12016.927745685709
20,11836.14054847519
21,11850.704061168124
22,11847.17236199746
23,11956.540195512807
24,12004.86451802928
25,12006.94523470438
26,12047.53213267433
27,12140.911283134219
28,12130.613670439738
29,12117.561349995465
30,12108.200879954515
31,11957.607854895396
32,12015.577175937538
33,11934.291658860462
34,12084.198831890177
35,12146.760203093247
36,12142.6452621781
37,12100.380321418414
38,12106.679751184454
39,12078.875902915923
40,12103.080091847969
41,12100.437610466075
42,11984.654199542774
43,11980.016473600792
44,12033.519083694164
45,12206.475839287326
46,12219.638579462406
47,12192.324037924865
48,12174.402140801829
49,12243.91590703048
50,12311.779764020255
51,12277.902367027971
52,12266.027549067872
53,12185.457339096043
54,12052.776449783818
55,12060.553974379
56,11913.302136573491
57,11921.725059925013
58,11836.051672681218
59,12074.045461328122
60,12099.691157577614
61,12084.308551856615
62,11965.567639341298
63,11919.828568335453
64,11901.444862690245
65,11902.46824203938
66,12032.625929567283
67,11815.765380354816
68,11751.19194816786
69,11739.030908491113
70,11637.318099916005
71,11702.467824541
72,11707.548084086004
73,11803.866582514458
74,11798.419808155593
75,11769.557943253942
76,11784.070556073128
77,11761.296484148686
78,11754.483816567043
79,11783.447580787872
80,11785.162414550736
81,11794.998210998136
82,11804.461738377902
83,11801.224004832355
84,11763.173935104924
85,11714.53052155149
86,11763.023175818342
87,11811.01045997332
88,11891.693186032633
89,11877.398432345339
90,11847.295647765546
91,11722.706139381526
92,11704.969252905896
93,11757.338503028055
94,11644.744915259846
95,11614.30226532994
96,11639.89339550381
97,11641.79345461655
98,11719.449906854814
99,11733.94042516777
100,11745.670600978428
101,11849.516574085332
102,11837.62363368785
103,11841.338887612968
104,11874.82015860983
105,11960.457867583022
106,11961.664701102587
107,12010.538823852481
108,12013.251295807822
109,11979.198102481876
110,11963.942848147797
111,11964.28604049416
112,11987.393461892847
113,12006.48352771958
114,12064.016126104652
115,12062.498695506458
116,12057.510390783407
117,12047.490237546674
118,12045.380452787305
119,12048.089846220131
120,12013.577191177676
121,12005.895457175624
122,12069.13502721557
123,12079.963173919867
124,12077.41365080869
125,12076.81398788462
126,12066.304183930984
127,12066.285791355875
128,12076.723366913779
129,12074.932281229076
130,12070.644266713853
131,12052.412421403309
132,11984.109879838314
133,11916.070105983952
134,11887.22703228098
135,11960.729811321675
136,11956.356622229177
137,11958.895772214804
138,12010.47114039404
139,11982.166943732082
140,11967.150826720193
141,11952.45867754056
142,12151.372956007624
143,12146.32468702996
144,12090.080719464278
145,12068.481572376564
146,12079.772167260044
147,12049.4514592427
148,12116.395604999718
149,12066.765013868897
150,12122.559904907823
151,12180.653384238914
152,12160.387756202306
153,12154.97297345876
154,12196.626140776922
155,12162.438944588637
156,12201.03083293699
157,12235.414832783255
158,12241.6285288154
159,12255.552238194052
160,12249.90993413042
161,12277.651788019959
162,12278.745402481665
163,12272.074747871004
164,12261.555300211716
165,12264.515735439334
166,12193.821084271069
167,12189.47248589577
168,12246.783720725894
169,12318.832589532174
170,12327.401218176226
171,12183.804710776574
172,12190.428303644765
173,12173.046247179484
174,12146.250992244044
175,12109.64551710548
176,12131.14861084459
177,12094.849428005911
178,12137.696137152187
179,12161.382104915134
180,12051.38597998759
181,12049.449312839064
182,12174.698640928587
183,12085.282955192171
184,12084.653427173645
185,12127.00500250486
186,12111.835510995814
187,12031.722946845342
188,12022.74158053382
189,12049.702657948976
190,12058.648102548077
191,11996.64232178029
192,12125.540692581866
193,12099.557944495715
194,12072.33226720099
195,12016.32143127128
196,12045.228255571064
197,12042.49334929704
198,12044.717260929323
199,12001.61058085557
200,12135.467976925322
201,12210.653320657138
202,12216.656700508105
203,12218.719615097854
204,12219.448871910185
205,12235.469690696522
206,12238.151170307017
207,12297.307205533023
208,12371.905528561008
209,12404.640119559497
210,12461.445888571367
211,12563.126442559706
212,12560.538523191715
213,12596.514341858112
214,12606.427164224591
215,12615.851979692761
216,12609.737247421375
217,12617.719626345855
218,12631.673876014054
219,12608.438843230659
220,12610.224949144113
221,12615.938513562296
222,12714.316996540347
223,12701.50330274473
224,12755.675154353186
225,12783.45957648594
226,12666.184845358379
227,12702.71908626212
228,12758.323274081173
229,12747.43022250674
230,12762.913131073343
231,12752.688651221046
232,12746.764610772356
233,12784.349056712752
234,12769.481291350336
235,12817.87491266533
236,12691.593905521486
237,12702.063690428145
238,12633.271685565469
239,12622.808823293819
240,12602.51182096855
241,12692.54016649975
242,12780.748448570568
243,12782.138010020419
244,12824.129567119578
245,12602.551851119544
246,12612.598974084673
247,12688.483982248228
248,12700.933904694419
249,12696.399663948478
250,12668.993831722877
251,12689.742778614533
252,12694.305207794288
253,12622.218001960002
254,12794.094696307127
255,12772.959050654346
256,12677.07383252018
257,12692.099027592174
258,12733.848905855999
259,12693.11013763367
260,12640.844026029436
261,12680.876986163217
262,12679.237239309232
263,12673.21790212361
264,12717.310265946937
265,12742.120857901322
266,12764.515659030994
267,12729.764093192338
268,12668.86331638794
269,12689.393260973835
270,12702.770565445353
271,12800.111539988298
272,13046.605396306913
273,12932.920241095264
274,12905.32709814664
275,12902.299252667384
276,12908.346334312424
277,12920.028224685175
278,12903.62280452644
279,12913.185463766124
280,12883.235119572755
281,12949.25288124462
282,12958.28811204964
283,12962.604281917385
284,13015.825145336785
285,13039.078721754671
286,12968.173234800892
287,13154.912427210205
288,13165.778480261744
289,13112.113901131237
290,13255.238117123463
291,13234.650798415085
292,13231.227263304543
293,13405.726218030668
294,13341.076377461226
295,13361.35028583046
296,13319.241326570547
297,13282.531955685092
298,13317.94246757667
299,13316.008852609177
300,13392.598806418926
301,13408.593020051954
302,13441.096818357022
303,13592.628751282844
304,13614.809626496075
305,13608.720203337913
306,13610.606519070217
307,13555.877613433458
308,13511.39451990067
309,13563.208324610881
310,13572.19790402281
311,13516.927970155697
312,13443.404559762826
313,13451.664275381592
314,13463.789466374083
315,13461.564177706625
316,13511.300434298935
317,13417.469039118358
318,13479.114111957218
319,13593.124167198377
320,13592.710875779034
321,13604.29679652214
322,13578.743168717054
323,13541.53751340886
324,13727.833447823898
325,13756.094448534965
326,13731.043468951784
327,13725.76099623683
328,13731.05604257178
329,13608.026134204658
330,13599.901649008718
331,13615.304154482406
332,13553.735078347765
333,13592.698759467234
334,13625.636392136363
335,13588.871458106156
336,13608.300637929848
337,13603.537623980257
338,13638.339099849813
339,13608.418096060503
340,13605.614397119632
341,13591.572686496927
342,13580.314545242309
343,13683.241468978256
344,13699.849849409646
345,13698.16057769622
346,13737.734147016545
347,13720.589687563295
348,13704.095190573304
349,13693.554078089088
350,13762.277152263647
351,13720.461908866617
352,13697.08366269605
353,13692.65675588802
354,13672.363337034803
355,13723.03797128384
356,13598.444601274605
357,13596.36211912986
358,13542.994903485596
359,13515.108708672826
360,13566.253417756256
361,13567.04584113848
362,13560.586731646796
363,13542.099227652758
364,13552.376431247378
365,13588.534914534985
366,13641.706778604794
367,13595.960085545905
368,13604.180500880886
369,13601.77329087663
370,13539.97789275606
371,13515.42386005236
372,13514.266619240101
373,13439.462112485176
374,13471.694733331216
375,13561.602202734495
376,13573.80209580091
377,13623.15558852207
378,13738.951529675036
379,13725.332054478991
380,13731.028690910995
381,13810.367501112843
382,13862.503087736484
383,13910.051350882688
384,13854.372024444925
385,13874.846712296088
386,13883.279967445676
387,13879.337146828382
388,13870.074815728509
389,13890.431887796994
390,13833.635633073496
391,13817.779914920848
392,13764.493271306323
393,13786.907719695711
394,13796.246374671582
395,13781.186067793886
396,13785.13782875038
397,13779.435041294379
398,13876.002334057357
399,13938.8361432299
400,13861.4694189954
401,13745.43715750624
402,13807.256536162582
403,13812.70042626317
404,13889.366757341439
405,13887.379328836727
406,13863.47201335589
407,14180.47909497633
408,14167.885227311806
409,14139.796130428644
410,14058.879655031855
411,13883.487771781527
412,13628.263899421028
413,13684.340969620607
414,13789.253503822878
415,13858.554463414217
416,13926.242526584194
417,13920.769810949225
418,13841.53728290598
419,13982.018548763772
420,13947.659375598618
421,13905.159127803043
422,14002.657955117153
423,13962.126331991087
424,14128.097220628406
425,14161.301473714975
426,14136.985744418253
427,14237.617815103986
428,14283.077181414625
429,14271.287130940156
430,14226.095614664178
431,14162.464461990327
432,14116.680735394482
433,14192.249136320668
434,14170.994359015569
435,14128.376999400574
436,13431.07324826674
437,13475.998969063487
438,14000.321928478998
439,14219.085541017856
440,14534.628417519014
441,14483.227209430659
442,14480.08513932894
443,14363.47902127116
444,14484.142043130922
445,14628.77037812977
446,14636.012458779202
447,14421.895339795976
448,14423.63023861987
449,14633.60673470562
450,14484.313115054498
451,14541.68631361493
452,14553.987013709479
453,14566.748831611221
454,14699.219474341855
455,14607.266407393909
456,14635.74967618
457,14679.110415284054
458,14683.195575112532
459,14592.41205311817
460,14592.948178368195
461,14667.455000222992
462,14645.047343174509
463,14552.260268261005
464,14527.027072642019
465,14415.910040516432
466,14705.141806260384
467,14748.854848763378
468,14735.088779777034
469,14718.88269066661
470,14736.732206594792
471,14801.96551481191
472,14850.356251773368
473,14953.730725579826
474,14983.105329655755
475,14975.28606765566
476,14981.83166248858
477,14933.433724900326
478,15112.77666427464
479,15178.052080120167
480,15104.295233741637
481,15082.93859209643
482,15190.331320033754
483,15066.636923886163
484,15195.713650470781
485,15209.799033927093
486,15284.640736296842
487,14973.374024529458
488,15093.736974884443
489,15053.201002567934
490,15141.852583866257
491,15225.40453932601
492,15253.061603326247
493,15162.740170016976
494,15131.91492583604
495,15145.766684304666
496,15138.906470314734
497,15173.610959338916
498,15165.78970705442
499,15200.257744906623
500,15282.831171893098
501,15257.136123437227
502,15227.44951157163
503,15169.323507510619
504,15175.240477552341
505,15162.044872375567
506,15001.792198193973
507,14854.093285787572
508,14833.36241860675
509,14728.975153136636
510,14528.274999830248
511,14611.47198799404
512,14455.600318346662
513,14433.676586156509
514,14423.53743938446
515,14482.009012420665
516,14795.740678170949
517,14733.838192052739
518,14575.401875652584
519,14507.319036977668
520,14200.90207530727
521,14314.08136383657
522,14419.217352229953
523,14289.436581757956
524,14261.07246552635
525,14281.02423253768
526,14200.859188527442
527,14298.755739577098
528,14341.488266069224
529,14347.84328855452
530,14276.506991027933
531,14437.474834244633
532,14472.608018943978
533,14523.88249275631
534,14469.399063008315
535,14488.09878704538
536,14558.146705547239
537,14552.396517938883
538,14806.742671392301
539,14815.942134207706
540,14772.400833894759
541,14777.826022527515
542,14777.492642179353
543,14801.104996866807
544,14740.430071622432
545,14712.46264408008
546,14673.666375985073
547,14594.235523152303
548,14620.287439747486
549,14680.98038158627
550,14669.89428401196
551,14764.478981019462
552,14621.953891330291
553,14632.616253092168
554,14548.839998173824
555,14528.463893630305
556,14510.927076630362
557,14547.511969502433
558,14561.957742133809
559,14526.96561950215
560,14672.429656680175
561,14665.653098100627
562,14788.852150294153
563,14823.532127470598
564,14918.459072260384
565,14937.633179451144
566,14938.712983870728
567,14930.43060313463
568,15190.608786442008
569,14973.751331740843
570,14876.103845014868
571,14761.340305762007
572,14816.680256461847
573,14918.462688391102
574,14884.457290579516
575,14898.18377802478
576,14906.85217427848
577,14873.617579481517
578,14863.68964743457
579,14825.71861095334
580,14794.405453874984
581,14839.46648043816
582,14838.499712058914
583,14773.920419159125
584,14738.062621629124
585,14723.017934131285
586,14864.874691141767
587,14782.111519957354
588,14725.007671714464
589,14744.243386739585
590,14683.8278244828
591,14791.472458928281
592,14808.204982259478
593,14679.524332103736
594,14659.135622281781
595,14655.077973122574
596,14744.911548927814
597,14698.844024412889
598,14714.852070568484
599,14723.886418392707
600,14850.660097431428
601,14885.460653568796
602,14903.319089553956
603,14963.522068739892
604,15057.3684692572
605,15103.937770906143
606,15094.033882635065
607,15200.590375282325
608,15219.053626479183
609,15205.68534729962
610,15228.821907157675
611,15218.13992272958
612,15239.160843771746
613,15219.636079768843
614,15218.12575667327
615,15215.835779156067
616,15241.039091730994
617,15217.216159150616
618,15250.617941514722
619,15208.262520800155
620,15228.577209271465
621,15238.54875428374
622,15270.904898727578
623,15316.527779225333
624,14891.894317620714
625,14601.307815538737
626,14803.832331028856
627,14922.894311767524
628,14969.554540307585
629,14977.448513599353
630,14930.241355173632
631,14956.735079992008
632,15208.67054140591
633,15243.49926794116
634,15247.626768442902
635,15229.837919605941
636,15219.428343794574
637,15221.533884551365
638,15244.39994023985
639,15289.803350223161
640,15297.375514547179
641,15322.575361633966
642,15330.335549432357
643,15304.669416082586
644,15314.1242680942
645,15310.169518682766
646,15289.785540960524
647,15286.421575623683
648,15392.59447347697
649,15389.01713845485
650,15333.710567844608
651,15353.266591435495
652,15361.444611293986
653,15386.796135710712
654,15278.57637260239
655,15219.909711974478
656,15145.04174667558
657,15094.414633840503
658,15114.538326493344
659,15103.765086967573
660,15072.145954550728
661,14996.220036189037
662,14991.693174331367
663,14995.218151732806
664,15140.161935264456
665,15125.193137675245
666,15140.068504414938
667,15054.56900999204
668,15051.739020207639
669,15055.997526618836
670,15031.686351759145
671,15034.080685430514
672,14891.98783499716
673,14931.981168679658
674,14958.822921430627
675,14867.039091587963
676,14733.635949082112
677,14594.88579662117
678,14608.107121458428
679,14557.484731002369
680,14576.816865848858
681,14641.379005667854
682,14655.848877051112
683,14661.543555516877
684,14670.650107193136
685,14713.092842838685
686,14848.63881176077
687,14836.656544863636
688,14785.040853854323
689,14776.459265226666
690,14808.585691267
691,14753.711706947586
692,14835.661926479617
693,14821.867797084771
694,14795.788843964974
695,14796.699630166346
696,14740.154206409625
697,14771.084987253942
698,14774.05038481015
699,14758.60792207923
700,14720.338972736612
701,14715.73083019854
702,14639.333281422983
703,14628.145242522658
704,14649.754924942663
705,14637.306085056642
706,14667.248362026596
707,14626.484500810324
708,14663.89431829979
709,14597.490894158276
710,14600.22964924388
711,14596.975009700169
712,14597.258849231523
713,14523.524061036038
714,14641.623584877432
715,14621.754010409648
716,14588.66168134708
717,14466.041879443717
718,14897.693877657428
719,14920.069692506035
720,15386.437697341125
721,15395.862077903457
722,15422.292494653793
723,15498.644017032015
724,15440.227734574277
725,15445.112789422245
726,15424.400394664042
727,15398.926229327886
728,15451.684397445564
729,15489.22290589261
730,15478.91995843987
731,15504.041086213088
732,15466.100042357204
733,15467.494916303058
734,15371.24351838751
735,15397.364821440333
736,15445.22840420206
737,15497.696752700309
738,15621.126970436126
739,15533.685328744436
740,15672.458200431414
741,15742.592849836488
742,15754.183915111109
743,15749.859784924558
744,15766.685223470206
745,15798.548842752378
746,15773.741359034322
747,15909.082102309201
748,15920.602691138993
749,15878.928817315958
750,15869.031168418815
751,15929.593072614036
752,15925.236261436778
753,15911.882580929076
754,15920.88232986809
755,15809.584772058624
756,15795.506342161601
757,15809.114552984858
758,15930.319880240333
759,15947.54777199757
760,16084.74714858105
761,16105.588048466248
762,16093.240845831955
763,16172.909822722835
764,16177.135003437525
765,16142.8367870315
766,16196.651560622351
767,16221.016967984946
768,16224.674236337805
769,16197.94824875734
770,16227.32013728805
771,16239.784938698584
772,16235.147582624411
773,16256.745653443792
774,16259.995639365494
775,16307.206972804239
776,16254.624887434342
777,16543.86065435309
778,16534.40469144898
779,16507.40158924119
780,16520.773802150597
781,16627.621599531663
782,16726.637386881182
783,16733.675232180576
784,16730.697732780263
785,16843.180368470847
786,16726.845162557118
787,16743.599671094962
788,16747.23063562297
789,16766.957033580216
790,16757.259805871403
791,16764.632862354032
792,17035.026497159175
793,17057.08756394324
794,17048.23876008338
795,17061.154935235703
796,17059.23527316286
797,17023.94478632581
798,16884.029286933466
799,16870.200582813155
800,16857.42293680711
801,16850.528829806834
802,17232.773464377256
803,17218.179822765665
804,17235.51809786269
805,17250.497957872078
806,17248.831829596198
807,17265.523368990926
808,17272.19747628676
809,17134.500848979304
810,17166.56504872982
811,17100.761675239937
812,17095.64882825752
813,17100.174521891746
814,17102.371474572665
815,17118.290526607114
816,17040.478968564646
817,17013.86050232959
818,17012.25996453221
819,17042.525013348317
820,17007.563261883082
821,16947.18113598543
822,17027.644698506956
823,17016.223721402843
824,16996.9969854625
825,16981.63505223112
826,16984.638724737597
827,16933.1099759606
828,16939.063997853675
829,16907.078668793514
830,16902.458814648606
831,16937.83930495036
832,17032.675256929742
833,17046.346771156757
834,17091.840520609476
835,17116.567827922805
836,17123.795052372472
837,17125.113234507488
838,17137.931630598723
839,17154.44027921654
840,17206.605767044057
841,17171.4108280742
842,17029.42851307082
843,17078.308034684338
844,16985.80154024768
845,16970.87592016862
846,16957.04954178195
847,17015.19900870013
848,16989.142768111582
849,16972.198677606997
850,17249.85104405202
851,17333.981503582047
852,17396.745691238943
853,17404.684106582186
854,17431.284704418114
855,17447.256747048923
856,17533.501063096577
857,17503.682003159203
858,17520.605994457204
859,17524.054293722835
860,17576.89415720752
861,17282.841268215732
862,17222.28041148253
863,17141.434781365042
864,17108.455191590932
865,17088.488931106804
866,17047.62897314299
867,17113.237931630814
868,17153.201313889283
869,17128.561164228064
870,17027.082151285
871,17007.14054692055
872,17063.342083549443
873,17102.001424950766
874,17030.869283577904
875,16963.92228814779
876,16969.01938329455
877,16856.29058630594
878,16959.073362619027
879,16852.956834698292
880,16840.046417731923
881,16766.83137152364
882,16827.904978183302
883,16773.19240348795
884,16761.892522182614
885,16687.792971919862
886,16816.50103153323
887,16881.43301855106
888,16953.56129672022
889,16950.045359610882
890,16874.30306197465
891,16826.01006421704
892,16812.912920884723
893,16829.937034979124
894,16818.52403477577
895,16904.74157859968
896,16954.104369559474
897,17020.286892405988
898,17013.71479476524
899,17035.510548871818
900,17201.95482095574
901,17201.661725728292
902,17243.657666858686
903,17215.813336337367
904,17238.305886458966
905,17265.26303866868
906,17278.626935967088
907,17222.882973567248
908,17151.309063172408
909,17158.91103805031
910,17198.152121089875
911,17197.415307103052
912,17165.838580452266
913,17108.025706662836
914,17062.91796700408
915,17061.68415524053
916,17185.902744681513
917,17197.944480224483
918,17020.997633326897
919,16986.86981172049
920,16999.50263205705
921,17038.389271287957
922,17132.790827867786
923,17206.047536837294
924,17245.673061690744
925,17129.0220604539
926,17147.57909007683
927,17123.360987642896
928,16961.6912255566
929,16942.09183902792
930,16934.712337903533
931,17028.944204891282
932,16995.182727486546
933,16991.41281870185
934,16934.749416063994
935,16963.80372576374
936,16955.406693534314
937,16935.618847545076
938,16921.044179480297
939,16933.403775600484
940,16974.67034519585
941,17004.569889698927
942,17095.82880074018
943,17185.580499010724
944,17180.74867248546
945,17107.901558237525
946,17116.359034185225
947,17136.382490899014
948,17082.177334902826
949,17005.06071258052
950,17076.794109776143
951,17072.023207801838
952,17054.96836023738
953,17168.308821926435
954,17134.373242836755
955,17068.13170058221
956,17045.811496455688
957,17081.73915622104
958,17144.623730863015
959,17132.809915206002
960,17144.508010528338
961,17142.18644609061
962,17156.532898253157
963,17173.01212288508
964,17085.96517876775
965,17101.307690543086
966,17074.80844413298
967,17029.69992417639
968,17102.405400495947
969,17090.566434739463
970,17192.39758370931
971,17175.339147619383
972,17127.64899617308
973,17221.120105877166
974,17248.336226682968
975,17198.529029012945
976,17194.25470772869
977,17265.226897861805
978,17235.36691472858
979,17073.8516889825
980,17088.846298253007
981,17083.418586334923
982,17052.638970091244
983,17039.625890826504
984,17020.698639951428
985,17062.37602916282
986,17230.784521538506
987,17210.378561798378
988,17298.70216070385
989,17276.395944671527
990,17270.828971154468
991,17260.51186040662
992,17324.043526193764
993,17350.383747401378
994,17278.454971240386
995,17299.71800424668
996,17246.987397232515
997,17618.88808097793
998,17540.511691051943
999,17430.322830679317
1000,17398.655195457253
1001,17488.808481906737
1002,17453.786512420833
1003,17447.927508733148
1004,17477.983193874978
1005,17472.30447718958
1006,17457.872740511935
1007,17540.812002327242
1008,17555.776830175735
1009,17523.540925021465
1010,17560.265664154824
1011,17597.593125551673
1012,17363.566195780226
1013,17366.40586126254
1014,17480.25517543784
1015,17550.517316268386
1016,17511.110893741345
1017,17430.348875859636
1018,17577.539111257625
1019,17629.453805759935
1020,17695.553728904044
1021,17660.784462475636
1022,17706.719429727294
1023,17775.784112675832
1024,17784.372467748177
1025,17761.27132562927
1026,17745.944305897407
1027,17629.19997203341
1028,17597.224805063535
1029,17526.846490842207
1030,17304.095480813034
1031,17489.949313795747
1032,17401.384745563464
1033,17175.364442678336
1034,17280.81995134174
1035,17298.43938277761
1036,17367.919196629835
1037,17437.41471282132
1038,17468.67291959904
1039,17483.534494696374
1040,17388.172771645663
1041,17362.01184587033
1042,17404.699957378205
1043,17606.79246900565
1044,17705.797168618526
1045,17633.367396224203
1046,17646.30142077396
1047,17572.965925624783
1048,17589.996921317295
1049,17754.786037151232
1050,17754.831321162947
1051,17728.313848198486
1052,17719.230599062594
1053,17838.92077621758
1054,17851.74391505148
1055,17820.870279005627
1056,17749.419551975945
1057,17746.693119846725
1058,17758.399748602227
1059,17604.83320684538
1060,17682.973617855478
1061,17676.381019798286
1062,17518.364775368507
1063,17339.166771202956
1064,17625.032302577813
1065,17536.329331531968
1066,17549.126849512115
1067,17675.115488196912
1068,17355.536328485658
1069,17356.28331163056
1070,17397.07092114303
1071,17412.88888648764
1072,16819.464234919942
1073,16869.40766065503
1074,16866.107975682826
1075,16806.923252813685
1076,16966.72562504706
1077,16976.869488012762
1078,17171.10896023967
1079,17195.83810705096
1080,17195.34231765398
1081,17155.300051899274
1082,17111.522223592496
1083,17103.656644568808
1084,17065.806553887785
1085,17117.203444161874
1086,17113.844837521334
1087,17193.101106338407
1088,17191.278318316618
1089,17135.225980580653
1090,17124.694092408605
1091,17129.586484568397
1092,17148.798242464585
1093,17129.62130838239
1094,17170.383703571264
1095,17352.661669185396
1096,17367.99747748492
1097,17446.60392884323
1098,17467.853830913988
1099,17460.70117783271
1100,17520.92899807877
1101,17514.2654733616
1102,17517.48470539082
1103,17549.773095548546
1104,17545.384546189256
1105,17520.113210062726
1106,17531.09433238247
1107,17546.43388004074
1108,17454.97685764425
1109,17479.72198876828
1110,17492.2119412015
1111,17467.44627983692
1112,17498.818163161664
1113,17484.032525323906
1114,17486.28188128833
1115,17578.766018711303
1116,17629.122401015702
1117,17649.426054541756
1118,17693.438415918725
1119,17682.696399812503
1120,17728.263543706802
1121,17780.048666512906
1122,17642.441709654795
1123,17685.399742944723
1124,17725.05143240396
1125,17730.060874342824
1126,17805.87188297939
1127,17804.18682715014
1128,17516.168044203332
1129,17481.987407796383
1130,17492.114948940984
1131,17551.282687339764
1132,17550.103871414503
1133,17538.940445676053
1134,17651.95742231712
1135,17706.15973778074
1136,17770.034109491527
1137,17774.482413409987
1138,17761.67164331372
1139,17863.42910883417
1140,17866.19526612739
1141,17824.352067458738
1142,17828.951543746876
1143,17830.399545006923
1144,17921.64893334361
1145,17922.969286689826
1146,17918.81176983292
1147,17910.544473791808
1148,17939.16295043478
1149,17943.742896328888
1150,17895.595167459418
1151,17884.408029484697
1152,17833.06232590888
1153,17750.802831390058
1154,17771.397403612697
1155,17747.476875450793
1156,17736.83330167972
1157,17840.361836943186
1158,17849.79658088437
1159,17657.56102976643
1160,17680.270708701126
1161,17721.57812499691
1162,17812.985182457505
1163,17825.585276138714
1164,17869.751415577266
1165,17907.175810558445
1166,17952.75047201209
1167,17992.17180461377
1168,17997.41254889437
1169,17997.80288446582
1170,18017.98223329005
1171,18011.41569604645
1172,18029.205954702426
1173,18028.815292932053
1174,18026.724328733904
1175,18078.187079391882
1176,18083.98744144836
1177,18115.194841206376
1178,18037.742433361265
1179,18081.699818671663
1180,18090.004167975745
1181,18098.910203448093
1182,18029.956572301213
1183,18059.764263237186
1184,18047.766804670686
1185,17928.078685725304
1186,18049.117879609134
1187,18023.659725539426
1188,18071.229511212223
1189,18068.7410394931
1190,18051.94217087159
1191,18041.836796563763
1192,18137.17154347261
1193,18144.398517176003
1194,18165.7796078098
1195,18141.627053321565
1196,18236.8793304433
1197,18163.80975657998
1198,17954.94455160817
1199,17739.847441915463
1200,17875.079071769193
1201,17885.3183207951
1202,17724.988507639882
1203,17582.718597974264
1204,17643.074308966043
1205,17512.51061533089
1206,17580.99462394617
1207,17595.911720630193
1208,17528.122278242074
1209,17618.62753104116
1210,17570.026412242405
1211,17560.860191555155
1212,17295.76935869841
1213,17363.138531974157
1214,17223.366058780564
1215,17309.583203794857
1216,17376.632029296194
1217,17464.984620690062
1218,17502.34874435924
1219,17503.240238015605
1220,17654.200634146484
1221,17683.27723077764
1222,17734.834403666016
1223,17691.559351156615
1224,17600.144611104795
1225,17391.277418746216
1226,17407.310877045984
1227,17393.39832669901
1228,17384.801605922345
1229,17413.00095208145
1230,17334.923809231143
1231,17189.07856607415
1232,17190.90737641882
1233,17201.596896072
1234,17239.64350885912
1235,17271.348264524684
1236,17319.498655992113
1237,17253.074194304674
1238,17241.200823313335
1239,17299.9941004261
1240,17107.11285943754
1241,17186.615893006638
1242,17134.95516556057
1243,17079.905450499155
1244,17160.2335657219
1245,17295.120684975
1246,17265.632014922434
1247,16657.598327749045
1248,16489.872620173603
1249,16449.527990773386
1250,16278.716420540288
1251,16036.817782084727
1252,15848.407182452149
1253,15785.01542895533
1254,16357.216699567176
1255,16439.96294007258
1256,16471.31838685142
1257,16528.013602212224
1258,16530.528871165912
1259,16459.944859027
1260,16693.526369577743
1261,16759.587284978308
1262,16795.19178839613
1263,16814.9259546978
1264,16881.004443493384
1265,16842.512795450923
1266,16806.37938026103
1267,16911.070235172047
1268,16859.05342933074
1269,16924.829340517295
1270,16936.787608485312
1271,16883.09304756466
1272,16817.798491033427
1273,16840.276196774306
1274,16919.305667485904
1275,16964.881046713934
1276,16945.23644501472
1277,17001.11616960925
1278,17039.976772228558
1279,17039.912582351695
1280,17052.99965391122
1281,17045.469530159276
1282,17045.457291862
1283,17001.602468914112
1284,16984.37881195307
1285,16982.264594692933
1286,17010.424348852124
1287,17008.321643604428
1288,17098.814867732064
1289,17167.557047887116
1290,17178.205815813202
1291,17142.782778787434
1292,17053.72028092098
1293,17077.87728379181
1294,17126.12563138036
1295,17125.210989436935
1296,17140.279153046093
1297,17097.114290391517
1298,17215.185527404206
1299,17140.58629679349
1300,17155.59951511317
1301,17133.470209867308
1302,17003.025886823594
1303,17058.42919756239
1304,17151.942437654878
1305,17219.915729768094
1306,17239.22825246849
1307,17161.051822148827
1308,17175.161935857785
1309,17305.808957178524
1310,17314.2088469022
1311,17316.33275822294
1312,17348.338362633665
1313,17232.683537710833
1314,17268.60252531748
1315,17349.37620294177
1316,17346.188103183304
1317,17396.184276541804
1318,17416.151493572084
1319,17441.95923188475
1320,17460.812146429467
1321,17383.938106454963
1322,17424.12005924996
1323,17482.32950904607
1324,17497.24974682905
1325,17445.099153192685
1326,17469.10608423299
1327,17227.051449672974
1328,17186.14478491163
1329,17219.585919535482
1330,17186.13465822359
1331,17119.74491251088
1332,17112.979921639784
1333,17056.142738189315
1334,17170.29878943404
1335,17119.33300248176
1336,17108.927034681503
1337,17167.93675956753
1338,17156.449599380783
1339,17204.737056203394
1340,17106.975570470815
1341,17172.283123514197
1342,17197.93570158326
1343,17201.40344739949
1344,17159.25283250762
1345,17161.600348853208
1346,17134.511019876005
1347,17214.99461011473
1348,17158.9931710331
1349,17194.26966242051
1350,17214.278788144067
1351,17285.251878604988
1352,17314.44135050967
1353,17320.833980188054
1354,17367.383598057742
1355,17366.38573818074
1356,17390.070039792252
1357,17358.3818241377
1358,17349.967104429357
1359,17242.28432391305
1360,17312.597369047435
1361,17286.186890259363
1362,17327.460229751174
1363,17450.119355111514
1364,17454.774161030266
1365,17475.68639891555
1366,17574.369522682442
1367,17555.425172392752
1368,17532.390967245352
1369,17540.647887497926
1370,17570.60466524291
1371,17600.235400743302
1372,17632.411724504742
1373,17748.867983055654
1374,17771.433550174304
1375,17947.950898415682
1376,18020.775721707076
1377,18026.71198093009
1378,18039.245079123542
1379,17987.224335527237
1380,18009.6451511393
1381,18005.188706739813
1382,17998.576224766904
1383,18022.781399450803
1384,18132.785031578915
1385,18113.888263098583
1386,18104.660619936934
1387,18131.542445451618
1388,18152.789316507387
1389,18359.354099931905
1390,18380.13597890811
1391,18392.343335463887
1392,18380.37568801922
1393,18406.633319483673
1394,18441.959002487627
1395,18359.351985639056
1396,18371.86637502024
1397,18263.21665525948
1398,18276.856389661734
1399,18241.79610729002
1400,18380.60656375745
1401,18340.33283547839
1402,18396.29750679027
1403,18352.149530034625
1404,18343.52086399415
1405,18185.2531587459
1406,18008.196949833764
1407,18116.620634349776
1408,18210.858136611678
1409,18242.58715293497
1410,18238.265084361385
1411,18238.133717446064
1412,18256.937713288953
1413,18132.234270331017
1414,18199.649879271175
1415,18353.45017491901
1416,18441.695815023108
1417,18400.63539828895
1418,18466.24714370406
1419,18503.837013654487
1420,18356.0182342458
1421,18453.758700551865
1422,18654.902465302574
1423,18787.996634713243
1424,18827.792439369146
1425,18803.029193269154
1426,18760.57339477426
1427,18820.21056207885
1428,18876.54641436936
1429,18895.965818994948
1430,18781.47940504211
1431,18722.12716916715
1432,18610.19009703602
1433,18543.523821994266
1434,18614.997927339668
1435,18573.573121673646
1436,18636.731687083986
1437,18623.643883970788
1438,18534.502866818715
1439,18563.97032166513
1440,18568.50121623122
1441,18561.27830346538
1442,18556.926748251255
1443,18491.10271379844
1444,18426.218992543087
1445,18468.55767032522
1446,18377.49235212976
1447,18382.250929640286
1448,18584.09954282412
1449,18605.411832795107
1450,18639.829876124226
1451,18594.09432201571
1452,18712.180455213973
1453,18742.710372137502
1454,18766.80289379525
1455,18793.49822049302
1456,18815.271755355967
1457,18802.342373221614
1458,18852.46067826426
1459,18883.90127739924
1460,18908.661724702935
1461,18894.3062685802
1462,18858.515301695345
1463,18847.03977763132
1464,18843.222570306585
1465,18923.673813440822
1466,18947.90611501561
1467,18983.740733810086
1468,18972.37124121787
1469,18942.87962069005
1470,18957.075649541468
1471,18947.943884353313
1472,18974.478586869707
1473,18988.44808565017
1474,18989.06085802203
1475,18979.30940927435
1476,19065.106357066023
1477,19102.977372844198
1478,19129.141837949574
1479,19165.8625927614
1480,19181.927040108203
1481,19179.156494152645
1482,19149.471624397192
1483,19125.933245979577
1484,19120.526158964534
1485,19228.018391304413
1486,19255.642199586986
1487,19263.887777246768
1488,19251.951734346978
1489,19220.310814224784
1490,19192.431978168635
1491,19205.448530944603
1492,19125.463456469442
1493,19150.192735217523
1494,19155.600712258965
1495,19187.126063309246
1496,19157.80652284458
1497,19107.060007638793
1498,18955.813488821368
1499,19021.987331196127
1500,19069.53116273944
1501,19033.30105881054
1502,19090.10074168061
1503,19088.557979008456
1504,19031.430819754692
1505,19095.524039298878
1506,19047.40893542366
1507,19028.557894626014
1508,19035.51216361532
