,Profitloss
0,-0.06117656414729167
1,-1.1297908280944013
2,-0.9148659689193317
3,-0.45891695423402323
4,1.6148893383949758
5,2.4492591337184733
6,-1.103940701426287
7,1.6588364391801003
8,1.3880998770888553
9,1.213906869034087
10,0.9648836267628136
11,0.8751827931676726
12,0.37605982881081523
13,-0.08253140127523206
14,-0.38547899614979064
15,-0.2589541412773122
16,2.5078845627987345
17,1.1088362125090123
18,2.459145455316736
19,1.4625218113101246
20,-0.009002024951187959
21,-0.020558920916602386
22,-0.7152692811854822
23,1.049596050191659
24,2.1340206199634615
25,2.3145474411013334
26,2.7130160431658723
27,2.983735660870712
28,2.4790117284698487
29,2.424851411845519
30,2.2923196963398285
31,1.9696957734777198
32,2.4970892329258643
33,2.045530988067168
34,3.6608837986072507
35,4.734426442022044
36,5.015008476113714
37,5.314818298884472
38,5.261749648689551
39,4.955893204945649
40,5.55959213062267
41,5.500560827872447
42,4.247826413663436
43,4.66405990104386
44,4.45298664993965
45,4.753450278430038
46,4.854611625941252
47,4.0893183236834
48,3.6901876957822655
49,4.416053278649135
50,6.973585727991538
51,6.75041683530011
52,6.716899818979205
53,5.50608024658672
54,4.115747237872647
55,3.5756798217543295
56,2.5150214719583452
57,3.739186555067353
58,2.9203962206972855
59,3.655128333359481
60,3.7984999223344307
61,4.408205716200131
62,1.8847703356817513
63,0.9594814562287057
64,-0.051962049661780085
65,0.5568186787534124
66,1.2855410880044271
67,0.34467865159906186
68,0.2546556147758672
69,0.35416019751515204
70,-0.27909915894431814
71,0.7466066943757177
72,1.0336245465587979
73,3.9811881436854213
74,3.135984215537646
75,2.570600055426131
76,2.5415393433197098
77,1.5349959043797767
78,1.3776641592770256
79,2.4204609251398113
80,2.7435374728862483
81,2.7274139131852504
82,2.7547173993463847
83,2.855230806003206
84,1.3798613603519305
85,0.3812940784822416
86,0.8511149357937731
87,1.4770670188740898
88,2.49154438526209
89,2.429034924588702
90,2.475794219580796
91,0.49969621047525337
92,1.3516191347938467
93,1.7910150905772415
94,-0.20203007225088054
95,-0.5599834190184727
96,-0.0848192946040438
97,-0.09908955718946899
98,-0.08217004457137245
99,-0.025544235019858696
100,0.5178818675674934
101,0.8988202273253254
102,0.4828648693941062
103,0.44032665408246796
104,0.9005892262750281
105,1.591957834399027
106,1.62024274916015
107,3.3037736077770496
108,3.6327116542627325
109,2.948983437159103
110,1.4828467692454605
111,2.196758043459801
112,3.411741456880968
113,4.054369083055298
114,4.6284450279403755
115,4.794619931692368
116,4.425400330824725
117,4.408900967774443
118,4.677406894796432
119,4.667810970352848
120,4.165221501707461
121,3.9951774909547044
122,4.473397769263765
123,4.477560471439235
124,4.097495160614262
125,4.9992954025169345
126,4.182914734064225
127,3.971493282583616
128,4.1342726494374205
129,4.058477694575169
130,4.038639499063956
131,3.572498786565692
132,3.453479914549429
133,3.2587817978895206
134,2.046446394011192
135,2.8491162751065335
136,2.507177927507298
137,2.649228740204612
138,2.880363445124412
139,4.910663871047061
140,4.431291500499679
141,4.391691191122304
142,5.338084428019707
143,5.258198169356132
144,3.815119416984736
145,3.7919866054843654
146,4.620556170084811
147,4.6527258671492655
148,5.349629016411472
149,4.286068617223315
150,5.652451314014151
151,6.030645563030679
152,5.622239390289296
153,5.313604503429259
154,6.217594646654234
155,6.071361317270063
156,6.76005079371198
157,7.666861468794828
158,7.595984425780533
159,7.271765781643502
160,7.356721841157654
161,9.904613006737172
162,9.876056018484602
163,9.798651920955969
164,8.546663628050787
165,8.161455677560681
166,8.399359209217018
167,7.624835690271836
168,10.191303296131093
169,10.351236116333506
170,10.654565468360811
171,9.322600635794664
172,8.952970571667018
173,10.092655056930377
174,10.77519927752364
175,10.58142316069195
176,9.991883649718014
177,9.56749344388854
178,10.041271440667687
179,9.273911346295606
180,8.502275577439654
181,8.45501031941649
182,9.839618748549839
183,8.643546299131089
184,8.740635730180646
185,8.71434575042207
186,8.530879231037346
187,7.760016283397353
188,8.459966918932205
189,9.022383440570824
190,8.152656575606375
191,7.527811431706666
192,9.39012341830676
193,8.642794573716195
194,7.431099717271894
195,6.196743273470462
196,6.2932107803340465
197,5.768183969245522
198,9.434791698545396
199,10.056524726122774
200,12.24497185698823
201,13.649116457305134
202,13.71670044362714
203,14.796851132728817
204,14.802465392928333
205,15.299544554231769
206,15.73222716328
207,15.779922480792653
208,18.304773146594357
209,19.728983889227123
210,20.200802369426096
211,19.816292187935925
212,19.556550541585803
213,20.938340463560976
214,21.586678821061824
215,21.86543893453894
216,21.522703347617966
217,21.829526711432877
218,22.16886296442553
219,21.992431493708374
220,20.843006084283246
221,21.257663472489273
222,22.426105331573922
223,22.154205566604325
224,23.084199521487903
225,23.958491911686643
226,24.420233942370963
227,25.94208322045337
228,26.71398368555158
229,25.485124883963373
230,26.17913597761845
231,25.88897047854659
232,25.96567120180444
233,25.891428719761066
234,24.73614968894635
235,25.55779600646042
236,23.555753311317183
237,25.106198890723917
238,23.901704637205334
239,23.8575846976794
240,23.029747360200602
241,25.37441604295143
242,26.739929288233768
243,26.836933591350444
244,27.39481028263122
245,27.24306858594028
246,28.647033403695144
247,29.16572524858374
248,29.36268696025497
249,29.569879245801477
250,29.22928796368838
251,29.084269959477773
252,28.551193186950275
253,29.510978811464295
254,32.05806131394655
255,32.62462369093644
256,31.57520995950771
257,34.47558666506514
258,34.592623468815134
259,33.733565049285154
260,33.40393156680821
261,34.01661668148541
262,35.323412066563044
263,35.24405059700817
264,35.70360756689346
265,37.614628188293445
266,39.01900619243719
267,38.364601360410774
268,36.89717514012418
269,37.56291402712062
270,38.16763556509297
271,37.55595887351131
272,38.31945109939192
273,39.12600066403718
274,36.775990197379514
275,36.44575432629507
276,36.34545479244964
277,36.80624760593483
278,36.40860507006736
279,36.639420258752466
280,36.38724695889615
281,36.59719148699894
282,36.76872332968084
283,36.557991907539034
284,37.83957497958408
285,36.82882302489321
286,36.65461893314104
287,36.75781050704761
288,36.89978032672043
289,38.99900557352678
290,40.937080594410745
291,39.50678127978744
292,39.37115679214684
293,42.19821950597431
294,40.586479374300445
295,40.970873309410734
296,40.03856191213138
297,40.18016904449511
298,40.630510588005684
299,40.4425632104453
300,41.67096804703743
301,41.86526105096002
302,42.088246441011144
303,42.235947261943416
304,42.83140801419341
305,41.476524425997056
306,41.21958257004219
307,38.85939774468285
308,38.84261830113467
309,40.28977555624418
310,41.644857232363464
311,41.335304217186206
312,39.82577346580092
313,40.636122143766684
314,41.0523963661799
315,41.36571683064933
316,42.39169893133683
317,40.59435630535817
318,41.20071252762148
319,42.89726463639061
320,42.70924245542107
321,42.44890215639412
322,42.87087571990784
323,41.383461011455466
324,42.065824651237804
325,44.54836037724781
326,43.381112641381534
327,43.897430393112224
328,44.165873477946185
329,42.61479370662495
330,42.090997967880824
331,41.64511276864471
332,39.75694889401342
333,40.53695701509987
334,41.2807506451047
335,40.307504996297915
336,41.5512313443555
337,41.893317870645475
338,43.29234349491122
339,42.8078351756606
340,42.77623985675818
341,42.57029342640155
342,43.02598610354813
343,43.39815066690049
344,43.83697589439039
345,43.561563730030684
346,43.120657395144676
347,42.77688987099255
348,42.730339303861676
349,42.161603694673076
350,43.94820324923696
351,43.91294621349133
352,42.496412026164386
353,42.402671480656615
354,41.65985429324228
355,43.327513914203394
356,42.58218872579407
357,43.09127081139727
358,40.8560493384289
359,43.44336545332439
360,43.94318700864368
361,43.81668256441378
362,43.344500394067786
363,42.19518323392697
364,42.73893144867365
365,43.033961881036944
366,43.97348183652245
367,43.21802436760396
368,43.371274802515615
369,43.882277799853455
370,42.190949478177146
371,41.56167153315033
372,41.267204672450305
373,39.52249386158984
374,40.49233146331523
375,41.50749429542964
376,41.544299199942536
377,42.51802957231714
378,46.61951561176678
379,45.78863246227422
380,46.3361866419568
381,47.6493505114556
382,49.857483810612194
383,52.32304441019582
384,51.51660825663591
385,52.32078648507468
386,52.427382026540585
387,52.73852525589788
388,52.49705653863674
389,52.98389102252761
390,52.686558657493876
391,51.73653223281431
392,50.61380522245707
393,52.83804053860477
394,53.453728423316235
395,52.68082754014165
396,52.98788499478266
397,52.76930227602552
398,54.12892771325386
399,55.744097442095786
400,53.333072466667296
401,51.49369798446975
402,52.49712420531707
403,52.86470564180552
404,53.34225460295936
405,54.10364030315338
406,54.23486268487987
407,63.8857627626009
408,63.71647948681405
409,63.2331236349081
410,60.61597808519223
411,56.69633573196597
412,48.87389972652287
413,49.915162360993534
414,53.74884817663697
415,58.0058350661868
416,58.26538215513217
417,57.98223682306236
418,56.50880790291557
419,59.335899144071
420,58.27071325748627
421,56.747186412149865
422,60.26745850859558
423,57.12899311552444
424,57.46901039802743
425,57.83579693595553
426,57.65853705311797
427,58.168396062812036
428,59.45504770504952
429,58.93837659631236
430,56.801518779120784
431,53.82616768869202
432,53.586533640565115
433,54.009105295149105
434,53.0012529761964
435,51.46863436151141
436,49.534147785890916
437,50.632001632670566
438,56.67809358444123
439,56.44188291744734
440,59.09253227115572
441,59.76244494203431
442,59.13462149277493
443,58.13133313721506
444,58.09001247016532
445,59.58967714032697
446,59.68317444997211
447,58.290870641377836
448,57.51322234010432
449,62.183846124210326
450,61.420779838156434
451,63.805718900267095
452,63.81326709603685
453,63.51644518857553
454,64.62575247648972
455,61.81771230934046
456,62.68919797622996
457,64.98102952182731
458,65.0762573448872
459,62.17768244772866
460,62.369167291780236
461,63.59409235016702
462,64.04501866872761
463,62.76223032172117
464,62.98041004853512
465,61.6784937776857
466,64.67151827401906
467,65.5122808645185
468,63.16984452877741
469,62.50363844018361
470,61.27547482141493
471,62.6948939893804
472,64.69245389484179
473,69.35548880859417
474,71.10761092352635
475,70.55697380778571
476,71.93820230899736
477,70.84720405433433
478,71.55081639974155
479,72.15431896615061
480,66.81728708068071
481,66.77804598557024
482,66.98442335775398
483,66.40376618510409
484,68.32407839288595
485,69.6104265101265
486,70.98827695786095
487,59.39608252326853
488,61.149555325305414
489,59.2415981609147
490,61.8417524556365
491,62.515382303651435
492,63.219626727155664
493,60.66776839829626
494,59.754550451481926
495,60.97899085485796
496,62.46862970266185
497,62.66171610604368
498,62.74093404090002
499,62.39334272801309
500,62.800182091813774
501,61.70834932623419
502,61.594679963052926
503,63.047824100171354
504,63.039023447351816
505,61.005479257573334
506,56.97568565354232
507,54.609147142050986
508,55.652869788828376
509,55.04317081523568
510,52.333244334154315
511,54.380236318355
512,52.52632092127782
513,52.73587005164466
514,51.9734066351365
515,52.66127888684089
516,55.34462521847969
517,53.99083866299297
518,53.31526502666129
519,52.56996954667994
520,47.84198307649603
521,49.91945605227617
522,48.58054094707622
523,46.86117378154655
524,46.25948364385095
525,46.47995271550578
526,45.0755322031011
527,45.52153397628995
528,46.658281659953694
529,47.17179742645301
530,45.83966909829278
531,48.617712489212074
532,50.61805638502326
533,53.79915716670949
534,52.69224608715612
535,53.20569398065449
536,54.02682062662003
537,53.87918139808674
538,55.34839873175228
539,56.146595895960694
540,54.63076721086957
541,54.9437270036637
542,55.24366637925815
543,55.720269731708115
544,54.41737177979557
545,53.503482740904175
546,53.728527840003856
547,55.273337075734894
548,55.14144509291461
549,55.45679269077431
550,56.675749427350766
551,56.48996227002474
552,54.23335717734099
553,53.07476393551096
554,52.57945371824479
555,52.53941172560863
556,54.51161076100561
557,54.21403459972196
558,54.4128349411835
559,54.86350834142788
560,54.994801475468336
561,56.489955422981076
562,59.730228727748404
563,61.04898311605649
564,61.742401012926095
565,61.086457051945374
566,60.11797935004519
567,61.03204616437525
568,58.229601309071114
569,57.13125557983536
570,53.36375011065708
571,54.55290988454544
572,56.274233484818794
573,56.17620808889843
574,56.792056920468156
575,57.11441905544263
576,57.42106842615695
577,57.51959311953803
578,56.19768189683798
579,55.18057645352934
580,55.63575604935358
581,55.733740919187944
582,54.62039664584451
583,54.08226694548475
584,53.16370542979683
585,55.42077341942155
586,55.55721378930561
587,53.549173411493655
588,50.98616415913102
589,49.94527462788556
590,51.74359199491465
591,52.471547693451015
592,49.63150722970586
593,49.24090060278403
594,51.099919483133945
595,50.76759731800533
596,49.459489440561136
597,48.371672191741524
598,48.811618862438564
599,49.494946667889565
600,49.183458542129
601,51.190613438633804
602,52.01310300958557
603,52.327468851914546
604,53.68025058401906
605,53.4800150566
606,55.21896535790673
607,57.695629582127125
608,57.3499229064147
609,58.10385566743892
610,57.39866267923628
611,60.07769224961661
612,59.400500334193815
613,59.27330797020281
614,58.94877134631302
615,59.46283657382732
616,59.1475149010547
617,60.51380316852264
618,59.37399287409886
619,59.94274291422741
620,59.5443330210546
621,60.01981061114512
622,60.457963129256306
623,58.28042415947803
624,57.258861576488876
625,58.495808904734204
626,60.57094301739448
627,61.68785465242961
628,61.964785624850634
629,60.88348988969088
630,61.66274727204546
631,65.54672823166874
632,66.10515553306253
633,66.29512990244226
634,66.1445915617427
635,66.11443785814251
636,66.10494364114032
637,66.02805033963757
638,66.41661971462544
639,65.53751863731586
640,68.27636594252328
641,67.82638782604562
642,67.4963167552866
643,68.17185320737833
644,67.78638871722833
645,68.1234214823117
646,68.04905271858395
647,70.29119016864469
648,70.68995043262628
649,70.27838760696017
650,70.83839675292329
651,70.55769822513773
652,71.46823454885877
653,71.29833943453117
654,71.2634603669887
655,71.00992386058897
656,70.42061768161254
657,70.5521252429801
658,70.42023886982129
659,69.2088467573807
660,67.98071839567201
661,68.89756288866337
662,69.35301964992632
663,69.64383811460434
664,69.44301036551181
665,69.78706212554219
666,68.6171370029395
667,67.8432232994914
668,67.94734621983048
669,66.68294807813415
670,66.69420111768459
671,64.83882505632094
672,62.42551152140605
673,62.133236125079925
674,61.03341571588632
675,59.79012992747117
676,56.55664750863425
677,57.883260114962475
678,55.88301036014429
679,55.96503524514416
680,56.43772391946131
681,57.21785998741209
682,57.657231069876346
683,57.923906879999464
684,58.436159188592015
685,58.87164139458394
686,58.27855056510247
687,57.014035571068874
688,56.63349683890597
689,56.880623570083785
690,54.858055691448946
691,58.63616973174215
692,57.6250813594932
693,56.769276151030446
694,56.42187147020541
695,55.32740529158098
696,55.43396562558194
697,54.13307582177349
698,51.4665341610731
699,51.33047279853824
700,51.38350846720281
701,50.42925060974781
702,49.149904878292006
703,50.844909133866565
704,52.356227207658044
705,52.727534165146416
706,51.89152996128827
707,53.78790366783508
708,53.060658066076186
709,53.400395855369
710,53.333363711443596
711,53.22486990303472
712,52.159308428751004
713,51.713768049235
714,51.45903474521343
715,48.77594706881791
716,49.8108585056324
717,51.09480342591974
718,52.96917734218989
719,57.77159013229331
720,57.91397860722534
721,60.24028729871913
722,61.28360301588502
723,60.20109250592354
724,60.705405410916555
725,61.05849044076494
726,59.3849285209795
727,61.291728719635216
728,62.27113988728343
729,61.48475193911378
730,61.89796663107232
731,60.263915629269874
732,61.036312193827655
733,59.363906843882795
734,59.33242246563615
735,59.63421554591037
736,61.84344187571635
737,61.71685702921606
738,64.00872394538612
739,73.4964092572755
740,74.71361629372825
741,75.17623523503747
742,74.0973479559138
743,74.0871479407729
744,75.25937133018978
745,74.41660696180395
746,73.62593576877134
747,74.12016851386053
748,72.53175192412589
749,70.115132672841
750,70.11303258649733
751,70.12020352886911
752,69.32859005825316
753,69.57047044904623
754,68.75989242149225
755,69.888510209452
756,71.24658567851472
757,72.27868125153194
758,72.60848200176169
759,76.24683481300241
760,76.95588038073502
761,75.8104261086707
762,76.65959227306969
763,76.61497845131082
764,76.68083375134313
765,77.26017163648208
766,77.13308781135136
767,77.24833699804326
768,76.14774241781312
769,76.71010307750805
770,77.68115277579707
771,77.42188891839852
772,76.14033182824605
773,76.36889582424114
774,77.56991840413563
775,77.33608572575486
776,77.93098599175717
777,77.79130873359551
778,76.91583363321604
779,76.23728370681665
780,78.95402938232274
781,79.564432373746
782,80.21325631172658
783,79.80244281948077
784,81.48265405313528
785,81.8757354310521
786,81.32289283289822
787,81.50417310301012
788,82.41041372514763
789,82.17965652986088
790,81.83974278159467
791,83.03032872032232
792,83.66091564083939
793,82.52651172037106
794,82.81605188811942
795,82.75134197849985
796,83.83299353503656
797,81.85284305383563
798,81.83938889128797
799,83.64469139581512
800,83.51850185211407
801,85.51376701761453
802,84.60464499736192
803,84.82668091575725
804,86.07603170114932
805,85.20278701516746
806,85.56843886747538
807,85.42497288885103
808,83.86321673847644
809,84.09736371296188
810,84.20760946393891
811,84.82872522080918
812,85.10446050920059
813,85.29031319314493
814,86.45210379449098
815,76.41313220761549
816,76.2731251362349
817,75.15979471056713
818,75.18252509930821
819,74.81855142702662
820,76.62729702424625
821,77.15457252613827
822,77.37441626113038
823,76.50558728958939
824,76.63474614464516
825,76.57019449854843
826,76.6887038515246
827,76.6645300475646
828,76.42951163977084
829,77.2392022844457
830,77.40548437072951
831,78.70593882160517
832,78.97655391551307
833,80.10211536801013
834,80.57036768772508
835,80.52890462634625
836,80.01559435868273
837,80.65285783437963
838,80.64875158584546
839,82.03226811482321
840,79.99686291711387
841,76.40837401304002
842,76.77050281120464
843,76.069850674514
844,76.3139347670264
845,75.44752580252805
846,75.72888556667306
847,74.50070361239192
848,73.1380581970367
849,74.26970259381305
850,75.15616126844778
851,77.2385313185252
852,77.55303203336142
853,77.83405771537757
854,78.11113846655545
855,77.6883362146632
856,76.23292500521706
857,75.85769485013319
858,76.42639061933048
859,78.4676306497271
860,76.9144203926675
861,75.67988866322939
862,75.71983769355606
863,75.06869839110313
864,74.70515980097643
865,73.68999438130643
866,74.79457573144046
867,76.05412790485934
868,75.07805078709646
869,69.65121223781657
870,71.47869546594976
871,70.62319532465735
872,72.42150485282511
873,71.42054637576467
874,70.27609617483368
875,72.60796543442618
876,71.47978547569424
877,74.67533028069413
878,72.87976496613963
879,71.61187805099864
880,70.97342972167947
881,71.6281045224916
882,70.46926819706347
883,71.24810274996459
884,69.3690716273695
885,70.10816910562754
886,70.83900951887645
887,72.03392719415204
888,72.00972327204569
889,71.21061812178063
890,70.7027342138855
891,73.3267959495582
892,73.68770561966376
893,73.55154130179096
894,74.42613478853603
895,75.37773940672787
896,74.46312846772133
897,74.34237994922451
898,75.916020287298
899,77.02119993830516
900,77.71096286128358
901,78.0667852096052
902,76.18218656289667
903,76.79191678662414
904,77.46322796017569
905,77.824359715416
906,76.66670671765408
907,75.00964966978859
908,74.70990717641016
909,76.07057247806632
910,75.56948099830387
911,76.59677636634447
912,74.76984053799158
913,73.75537493476223
914,75.2123835303808
915,78.020361055874
916,78.67564582483438
917,75.95397765469751
918,76.55741876187147
919,77.1801159268288
920,77.11452698818215
921,80.16895040780867
922,80.47232352924169
923,82.93326544356803
924,83.01432360945653
925,82.84406751328983
926,82.77742221461048
927,82.46755877689186
928,81.57199289096565
929,82.27893010635725
930,84.5534349223663
931,83.66049785572389
932,83.1096130668974
933,82.14073243832742
934,80.88534424896312
935,80.66698309228906
936,80.08109992133879
937,78.49693192581925
938,78.92921987337722
939,79.53052844909061
940,80.1782369590984
941,80.24271265242294
942,81.13540715852605
943,82.53726563992232
944,81.24697935200378
945,81.02660122661219
946,81.77406748596303
947,76.99631931114892
948,75.81163794749348
949,77.04955246573704
950,76.0416596186674
951,75.5075867925023
952,76.94923524652721
953,78.11248238781336
954,77.85340534593945
955,77.4001488791139
956,77.76876263010489
957,81.73724862753812
958,81.63409171167434
959,81.6573408264659
960,81.91097271741499
961,82.08798910429984
962,82.29759406682781
963,80.89973680011029
964,80.96509728150833
965,80.2586656692889
966,80.38934016052525
967,81.11396196638725
968,80.6764237198218
969,81.61256388126816
970,82.42206597911832
971,82.7190010365471
972,84.7396845280884
973,85.13531301785532
974,85.07403231035528
975,83.8174750281363
976,85.62845804672578
977,85.63689515048212
978,85.1708975631404
979,85.31168742767818
980,85.02203799397552
981,84.55735789657885
982,84.81819407530666
983,84.95040267965288
984,87.81301391336756
985,91.35087193511697
986,91.64447623361309
987,92.72807725066544
988,91.60915571975083
989,91.47146077844981
990,92.08017892065352
991,93.62978567862501
992,94.1690842959572
993,94.00756335857199
994,94.51033171438678
995,92.7493072574782
996,96.07837300672077
997,94.73527343788122
998,94.10692746292311
999,93.604033221938
1000,93.95909202867954
1001,94.21073500362563
1002,95.19900260356007
1003,95.66044417673429
1004,94.53555071380748
1005,93.91776072887055
1006,96.86138656660938
1007,97.94665586543377
1008,96.99173511533961
1009,96.36128463065276
1010,96.81620560190045
1011,91.60239410690095
1012,91.41307925320794
1013,93.79925250396934
1014,94.10159651834809
1015,93.14869298402458
1016,93.2628408668561
1017,93.23770115917623
1018,95.92657911939986
1019,96.962458599266
1020,96.83461847183901
1021,97.17264791098002
1022,98.44482177838938
1023,99.07218825408728
1024,98.8002808472328
1025,98.07302766263184
1026,95.82278391852822
1027,94.73704028183138
1028,93.02794168549275
1029,87.49740839523848
1030,89.886221793633
1031,90.4948016630382
1032,85.73935341441883
1033,86.4401411678092
1034,87.18022806079912
1035,89.70058667116409
1036,93.6158932017279
1037,95.1577663253085
1038,95.62423473612363
1039,93.4441746927399
1040,91.95945277719493
1041,92.30072488105961
1042,95.85040644712777
1043,97.3068071276189
1044,96.16809822530018
1045,96.14448576527211
1046,93.74221650439527
1047,94.25297481827599
1048,96.84438230361721
1049,97.6840224091339
1050,94.42482756221271
1051,93.88099503523577
1052,95.18090568577281
1053,95.4488060081727
1054,95.0137551388924
1055,94.51430950704076
1056,93.40678005441447
1057,94.35897102058976
1058,91.64601465029894
1059,93.99032631806179
1060,93.05349513028372
1061,90.38546441160689
1062,88.60433464471771
1063,94.7937119381421
1064,92.76965733885719
1065,96.04448750394458
1066,97.91474759538887
1067,95.31227782239287
1068,97.06909809398555
1069,99.26421582117082
1070,100.83917193699973
1071,84.97832807410984
1072,85.7975136150311
1073,87.7079824316577
1074,87.83927849223747
1075,91.44320336293082
1076,91.40734429497977
1077,93.68434114079855
1078,94.67176476703789
1079,94.79797626686941
1080,93.9029200217655
1081,93.33133442649884
1082,93.19234540416478
1083,86.2856063157287
1084,87.57199529302872
1085,88.23508361239425
1086,89.13784651067871
1087,89.2480462169223
1088,88.94804767052887
1089,88.44104305252623
1090,88.27999708615756
1091,88.47621499136385
1092,88.73377686487554
1093,89.95579393363138
1094,92.37686296408654
1095,91.98970890522476
1096,93.01616036415317
1097,93.38916923626155
1098,93.23550818917464
1099,95.6743427572184
1100,96.21466447199735
1101,97.15251319355762
1102,97.62092269303572
1103,97.04376783989129
1104,96.69333924469514
1105,97.37068826525442
1106,98.3615826663212
1107,97.14101123681635
1108,98.91663228208935
1109,98.34053971437662
1110,101.27051722263177
1111,102.97434151938849
1112,102.32439529468276
1113,102.2191682895672
1114,105.93156619562305
1115,107.30771730930351
1116,106.99852235029238
1117,108.23051103413883
1118,107.87364914109298
1119,111.46642951724996
1120,113.5090875837109
1121,113.47781945990417
1122,114.01772203400623
1123,114.45164205596888
1124,114.89111635962553
1125,112.95116512241768
1126,112.40394073806104
1127,104.39203135636927
1128,103.28658531436812
1129,102.80489969283333
1130,103.31405251263757
1131,104.0774593421891
1132,103.49239885791847
1133,104.50490066566367
1134,107.359272363863
1135,107.14906607404986
1136,107.1058815773942
1137,106.51455054371972
1138,107.75858784809746
1139,109.4562643779779
1140,108.65612922336597
1141,109.13212607286877
1142,109.06376731091515
1143,109.18836698955006
1144,108.0311051206674
1145,107.793242591026
1146,107.4932324887833
1147,109.0872742952841
1148,108.99959714815077
1149,106.01852542920831
1150,104.98448454513607
1151,103.7836698111798
1152,103.29409272958597
1153,105.95274270048125
1154,107.2663315459207
1155,106.9523843100928
1156,107.36950458888157
1157,108.53500455035538
1158,107.73295578664323
1159,109.76517995914455
1160,109.60383005319568
1161,110.90359733643487
1162,110.30775962955515
1163,111.81860486262711
1164,112.82651873435374
1165,113.90794761930962
1166,114.40050247621735
1167,114.35604837154823
1168,114.67819049390941
1169,116.69509903727655
1170,117.00804185504295
1171,117.8395184940277
1172,117.87136371924656
1173,118.00704771176744
1174,120.75805885850536
1175,121.51800766504107
1176,119.67345111084353
1177,118.27012110024447
1178,119.35477217998903
1179,120.71345658853501
1180,119.93463450873519
1181,119.18494491224737
1182,119.67011132929706
1183,116.80255212326718
1184,116.00161324552288
1185,118.19326753390524
1186,117.08453454470535
1187,118.57117385056281
1188,118.35043292303173
1189,117.70326167035759
1190,117.47978710822773
1191,118.5404409621122
1192,121.02139529716922
1193,121.97919810062756
1194,121.33061651492567
1195,121.65069464156434
1196,120.32414523708952
1197,117.29748095550696
1198,113.45196071621456
1199,112.58699916072268
1200,112.78711340995638
1201,107.6870172268741
1202,107.47347488397195
1203,110.21175528299914
1204,108.68462621024815
1205,110.97350803984014
1206,110.54155316762171
1207,110.22252135867303
1208,109.297824506924
1209,108.8741853572123
1210,108.47447465791964
1211,104.42961248254834
1212,108.84040694861463
1213,104.11097941381153
1214,105.12149384934241
1215,106.7643302557133
1216,110.49385647106394
1217,112.10328468809463
1218,111.06694501994636
1219,113.66542016963143
1220,113.93591590316223
1221,115.42416654997032
1222,114.45238042546966
1223,112.46913993957159
1224,109.77151367870563
1225,110.52962120709817
1226,110.83148747887846
1227,109.80389497393075
1228,109.65899406645518
1229,107.04041158879085
1230,99.652397294923
1231,101.23877609817677
1232,100.82807538637582
1233,102.25754458064613
1234,102.48977001732054
1235,105.73407779878576
1236,105.61908571374472
1237,105.98211015343102
1238,109.90549956455791
1239,105.32080555870552
1240,108.02728052727875
1241,101.306965236
1242,101.73846299212146
1243,103.76897206166866
1244,107.75397027387945
1245,106.62344709354916
1246,101.08775115252388
1247,98.42544335764403
1248,98.47925397919055
1249,96.80445626665963
1250,94.86562316033628
1251,92.7780097366909
1252,90.79751926596695
1253,98.6880830748045
1254,99.87986697627179
1255,99.87022113984101
1256,101.80455160497921
1257,102.8558177453867
1258,106.7323435407677
1259,112.76953841804146
1260,116.2501153226994
1261,118.26520051328959
1262,117.8506105779538
1263,118.6949772712869
1264,118.51383654903236
1265,120.59100601418189
1266,123.6558284187352
1267,122.36861503409528
1268,124.94127203851608
1269,126.57332347798942
1270,125.09337067202102
1271,124.70353491118348
1272,124.28103623282473
1273,125.40680671355938
1274,125.81742100214726
1275,124.60544795456028
1276,125.68789461263164
1277,128.2528246527363
1278,127.39561498279883
1279,127.36710427789149
1280,127.5788729245332
1281,127.4074118954731
1282,125.99789936403587
1283,126.02699631713787
1284,126.33755422266084
1285,131.00669900571714
1286,131.1159489611538
1287,133.15257855420214
1288,134.09634800991608
1289,135.18269767131926
1290,134.67618777134703
1291,134.21954218012004
1292,135.12551120068898
1293,137.06070695610566
1294,136.95826102392837
1295,137.17218707786932
1296,137.39080611443595
1297,138.64437557854535
1298,136.22173692997617
1299,136.98882786050365
1300,135.52570467397257
1301,134.05499314836158
1302,134.1627550696765
1303,136.03135441050176
1304,137.6024005132684
1305,139.1621536354084
1306,137.48066774259806
1307,137.66022581187784
1308,140.1548006143812
1309,140.50139063955686
1310,140.75421558740638
1311,145.31115941658982
1312,143.7732988806586
1313,144.6080187956067
1314,145.3927614213666
1315,145.30642056050814
1316,148.1740780408257
1317,147.61760791132414
1318,148.6294431180477
1319,148.95509071819632
1320,150.02613795488725
1321,153.16026690744243
1322,153.8209990800471
1323,154.30268292387862
1324,151.92691313294978
1325,152.361295066174
1326,149.11983150555375
1327,149.33821007190687
1328,152.40017998580896
1329,150.8270415313663
1330,151.4004074796714
1331,151.60868985893708
1332,151.2069935040085
1333,153.21576881219397
1334,151.53720346516693
1335,150.6937848064551
1336,149.63379087591625
1337,149.61622374259434
1338,150.7921465956128
1339,148.18601437239676
1340,149.22894799187864
1341,150.8024485598378
1342,150.70054020796007
1343,146.68631793033487
1344,146.60971419879522
1345,146.79920667126228
1346,147.75630190454967
1347,142.92258769038065
1348,144.24328266426988
1349,145.91920261991635
1350,149.39103443345144
1351,149.11788054889462
1352,149.3285727999255
1353,151.69514915539003
1354,151.42020718377574
1355,148.5680283947507
1356,148.55469583510526
1357,148.19017595315614
1358,142.22248077627916
1359,143.49716786114323
1360,143.04888411551616
1361,144.43831539864567
1362,148.6356426947191
1363,152.89676229978508
1364,153.14854793461262
1365,156.5043469508898
1366,156.48331584914735
1367,156.18518405940006
1368,156.18109702031563
1369,157.98939149637286
1370,160.74762280916528
1371,165.25240961512625
1372,170.49452192867892
1373,170.97075733936245
1374,172.73666113122403
1375,172.4291503329523
1376,172.5698956852289
1377,169.70017423292649
1378,167.97489870459356
1379,168.42745309783237
1380,167.90025132370002
1381,167.74613359538174
1382,169.06019517780405
1383,171.91561970182093
1384,169.91476326491437
1385,171.61473662998543
1386,172.0591373055582
1387,171.83338207741588
1388,170.416078744738
1389,172.61160479439823
1390,174.03739117913912
1391,174.20923093059196
1392,174.85363455121848
1393,175.82075666856812
1394,173.90559771687367
1395,173.66516759711425
1396,173.56404423398953
1397,175.6294039883897
1398,174.53425066237256
1399,175.3302259561373
1400,175.03976505438388
1401,175.24585897097333
1402,173.14433551916943
1403,171.7536331355459
1404,169.74221751853503
1405,163.28128693024402
1406,165.39433575660314
1407,168.77007502064876
1408,169.98878577053608
1409,168.52712738108843
1410,166.05663613189625
1411,167.06808108625947
1412,162.5550964663791
1413,165.2558272298867
1414,168.70956568973847
1415,170.53078220621055
1416,169.13857065094624
1417,173.1467412234569
1418,173.82218206639482
1419,169.20825497793243
1420,171.87862464785684
1421,172.66813608830708
1422,173.99098046346015
1423,176.13832801314953
1424,174.49913057399687
1425,171.44449406882995
1426,173.40564882388335
1427,176.44574912085284
1428,181.90286540427866
1429,178.860351996113
1430,176.60626449968527
1431,174.53313367791003
1432,173.69261175492716
1433,173.52915333633052
1434,172.1533163844958
1435,174.38019169849827
1436,174.2909734515586
1437,172.878099557351
1438,171.46939587330388
1439,168.35410409146397
1440,168.16223863272043
1441,166.02883371118415
1442,165.67189945005714
1443,164.3120346921208
1444,165.98225150501503
1445,164.0928788253107
1446,164.30233814312197
1447,165.9720616595167
1448,167.62585962146682
1449,168.31116791631734
1450,167.5252640594488
1451,169.9194276573165
1452,172.50095641229
1453,173.26446503432015
1454,173.92960201124902
1455,175.3906758545071
1456,175.2292988417278
1457,176.25783952547448
1458,176.96179240319046
1459,176.54962122581867
1460,176.1568343468237
1461,174.83799567814305
1462,174.47993812230297
1463,174.96676764011346
1464,177.23998750939109
1465,176.0700144167673
1466,177.2345533697356
1467,176.1168403393505
1468,174.7297491137884
1469,174.20926000090887
1470,175.19194128640493
1471,176.93024717978938
1472,178.39963540074524
1473,177.57070075500317
1474,177.06390524282892
1475,177.0758600867648
1476,180.1051871181683
1477,181.48161656929324
1478,182.04104290200323
1479,182.88832327102688
1480,181.72954715593187
1481,181.51114450935685
1482,181.2855110580036
1483,182.02268448328383
1484,188.60261435357378
1485,189.38208163421075
1486,189.81226627430922
1487,188.93213181587606
1488,188.08371246181474
1489,186.73688800900678
1490,188.26074979028573
1491,189.58490978217353
1492,190.77404769535255
1493,191.6608300003589
1494,191.91885987311417
1495,192.45242055268687
1496,192.13067203304442
1497,189.7388102868453
1498,191.31693786495586
1499,190.73297936632056
1500,190.77487522900603
1501,191.12037355478785
1502,192.47435305937532
1503,191.67831983970137
1504,193.21355111517443
1505,192.90367800977663
1506,191.63112765909264
1507,192.33657585769674
1508,191.37675726239013
1509,190.8415325665567
1510,188.42503939741002
1511,188.99919405738027
1512,188.45200442889438
1513,190.78154789219818
1514,192.6998973640096
1515,190.8457819219679
1516,197.87957698014543
1517,199.8443816738666
1518,199.32021507289974
1519,200.5763489684746
1520,200.34999106081705
1521,204.3145339591791
1522,203.61156299587236
1523,203.53100323852576
1524,200.5410859675627
1525,199.39204284586424
1526,200.4893693224377
1527,199.49848622149986
1528,198.9889822930461
1529,196.49650680361842
1530,195.69351856902108
1531,198.11696208258337
1532,201.71803248804002
1533,202.37932501634896
1534,201.89738105715733
1535,203.49094203109394
1536,203.29986820977274
1537,204.99088180402026
1538,207.45284353883432
1539,207.85061056030173
1540,210.7475773308215
1541,212.82375216763026
1542,213.62535887741797
1543,210.67319001594478
1544,205.16979571368884
1545,197.3361742328573
1546,198.0802315199425
1547,186.41929501939507
1548,180.70580178005136
1549,198.8181875281212
1550,195.0073812133717
1551,197.93998122617742
1552,195.1751458371406
1553,193.1935273332582
1554,183.3683239701991
1555,188.02361101880365
1556,178.65265963463654
1557,162.2471917476752
1558,176.56363126802384
1559,159.50910720613587
1560,169.12506833045947
1561,166.4526755200836
1562,180.2714383217516
1563,178.68037430518666
1564,175.60153749095332
1565,190.001058071618
1566,190.48441725524384
1567,200.00867175538195
1568,187.1298957339535
1569,192.49493526990747
1570,193.15750720184744
1571,193.18199474636256
1572,196.42470023841997
1573,193.7542358808124
1574,206.26192510345845
1575,207.33230959106373
1576,209.08379899181529
1577,206.1652534708383
1578,204.95466595332624
1579,213.84615920016694
1580,211.16269505301977
1581,219.40073626246908
1582,222.84087496913344
1583,219.26719927502418
1584,211.5092357032398
1585,216.86306015694706
1586,216.46704785916313
1587,220.61245361578935
1588,221.28668295538182
1589,218.7216439188134
1590,223.94808838382642
1591,221.1534154078489
1592,219.20379579750153
1593,220.82694081510152
1594,221.7269935846826
1595,221.40904575549283
1596,221.65912330694786
1597,223.3392362609707
1598,227.99016956544267
1599,221.44395811735097
1600,217.7083779899765
1601,218.63681613535118
1602,219.51022289010896
1603,225.01562888352592
1604,224.2398958819701
1605,227.51871051455615
1606,228.09653359945128
1607,231.19189245781803
1608,233.03992429771324
1609,233.6506738569519
1610,238.0175815273384
1611,241.6173367393369
1612,242.70395373484703
1613,242.41849286852056
1614,245.8256443144065
1615,242.41064039756384
1616,242.96736297879983
1617,240.04080243514255
1618,239.02734463058164
1619,240.9433508786861
1620,233.22116697255942
1621,231.54571441004458
1622,232.702332789466
1623,237.87751666711858
1624,236.72915968919915
1625,236.9321200138454
1626,237.34309822007629
1627,241.94356677427064
1628,240.53999891947802
1629,237.2371157715569
1630,239.39345277231718
1631,232.11828993002678
1632,236.71615090944712
1633,241.68546709663752
1634,241.39978494639442
1635,240.88320128202602
1636,246.62168415115437
1637,246.88880492768578
1638,246.88033038715832
1639,253.0601363879054
1640,252.56754119272932
1641,248.05338001466927
1642,250.81647347663517
1643,252.2274190382657
1644,249.6786379403557
1645,251.0949619965165
1646,258.8481195852448
1647,258.45917275693404
1648,258.44046396383203
1649,254.33245734567157
1650,253.02456670332018
1651,256.9666428431359
1652,254.56045157324527
1653,253.3991271766338
1654,253.89176398333865
1655,254.32713917358348
1656,258.347485259135
1657,258.72305421689356
1658,260.9139508655884
1659,262.9942399044211
1660,262.45251412861654
1661,261.23671504169346
1662,259.3161288933962
1663,263.9060886565209
1664,264.4912546779628
1665,263.8120519188002
1666,268.07251482262376
1667,268.9886838176406
1668,268.85369933972663
1669,269.14106162358587
1670,271.02584623815545
1671,271.94378282660307
1672,275.12776214987883
1673,274.38480846607155
1674,275.27858601503357
1675,276.3292336579117
1676,277.33226690579295
1677,279.6267383377967
1678,285.12140572193545
1679,278.30829301408744
1680,267.4174970023996
1681,259.6269909026394
1682,262.70689163007813
1683,258.34537374138176
1684,257.3410670276604
1685,261.0415370443317
1686,261.7288711646381
1687,260.2675640284394
1688,255.85927471763182
1689,252.7213945112031
1690,253.7792661883045
1691,262.2668016832522
1692,261.24702679238857
1693,261.47122469682074
1694,260.5817075097234
1695,269.01170801313157
1696,270.03168384637405
1697,273.62151275662467
1698,279.95718742723466
1699,272.04444154640197
1700,279.14447328555326
1701,273.43675763356464
1702,277.00826350774366
1703,279.67867244969466
1704,286.1860896028949
1705,291.81787623776694
1706,295.47601574344844
1707,287.99434703014083
1708,286.30446501567485
1709,287.53098648527543
1710,279.5339496317938
1711,280.93383882498074
1712,279.7013552763001
1713,279.2800514707857
1714,281.5649556744623
1715,281.8206268332226
1716,282.21102222797913
1717,277.61445592309985
1718,277.6504213663308
1719,273.330991226511
1720,272.620887975285
1721,279.169896036613
1722,287.89086838924453
1723,290.4588329404499
1724,289.1434562904083
1725,277.3211073695801
1726,279.46184347380375
1727,284.75388113977806
1728,283.51077871557425
1729,284.29974619107185
1730,288.47905587312283
1731,286.8232988959859
1732,286.16704837693294
1733,287.1289058586795
1734,286.855055888188
1735,287.0032266545631
1736,287.7848573952222
1737,290.4970773059275
1738,294.5089956116274
1739,297.60466303402694
1740,299.0059521040007
1741,292.5951150907302
1742,287.17899407575135
1743,287.400851423391
1744,285.2848323029009
1745,286.71322477258593
1746,283.7492095177608
1747,284.1258905562418
1748,278.06380386542753
1749,281.82538533659937
1750,280.39867274427445
1751,281.2096677753732
1752,286.56872605187783
1753,284.0240520326943
1754,282.07923195081645
1755,279.3708205128554
1756,278.7404596908068
1757,278.6753663446594
1758,282.25140282857853
1759,282.5737418360495
1760,283.0422722304574
