,Portfolio Value
0,11933.390873269618
1,11917.824164533467
2,11967.416853622115
3,12140.496226104286
4,12057.352829678828
5,11922.713670485127
6,11933.814467098926
7,11853.289344254108
8,11839.091689754561
9,11873.476578614085
10,11909.164423416405
11,11976.634247522512
12,12002.579422752267
13,12002.434155333855
14,11941.224191546338
15,11935.121241048357
16,11760.643371117189
17,11752.48991987759
18,11715.31233937373
19,11714.129677803208
20,11729.62505536403
21,11745.35429870571
22,11774.982653261468
23,11678.225498465523
24,11723.891209852343
25,11761.49051108729
26,11601.467490939005
27,11538.67526002155
28,11625.720361085045
29,11596.205857969631
30,11569.13266911457
31,11557.301366706637
32,11582.183208237411
33,11531.015262076835
34,11549.787870281436
35,11512.99646643553
36,11550.2989709935
37,11525.20988495451
38,11540.953219277832
39,11628.729188736525
40,11651.139034417849
41,11704.708617581082
42,11636.143544516588
43,11582.481507159606
44,11464.789759077907
45,11333.404655855687
46,11320.96930405264
47,11335.09817710254
48,11347.93906250782
49,11315.285150128037
50,11477.460787992975
51,11479.15467540232
52,11560.954411135146
53,11650.426913089621
54,11627.227401033879
55,11553.104222246184
56,11533.270456181786
57,11575.332655550803
58,11619.153227998137
59,11595.190946517256
60,11611.413383680043
61,11583.118211084151
62,11573.694901298639
63,11587.18881673586
64,11656.507104743872
65,11734.814295418666
66,11701.530146998308
67,11708.73470637148
68,11690.273340044441
69,11686.648498474568
70,11593.916206746975
71,11609.432081553547
72,11645.994446013823
73,11654.501383583704
74,11875.17334588107
75,11867.330395562203
76,11970.008910408746
77,12032.543118111971
78,12005.631687312216
79,12003.745658495092
80,11860.543144985728
81,11909.734190440504
82,11937.714457067967
83,11770.322733512776
84,11703.53111491506
85,11783.587755769897
86,11789.283906239356
87,11833.990218372212
88,11803.448629870489
89,11796.158162999469
90,11810.027657292578
91,11857.303117643307
92,11834.502596606799
93,11844.164244963365
94,11865.967680351892
95,12029.595332187168
96,12094.811537145117
97,12053.205001504984
98,12082.798141489138
99,12066.939625260798
100,12027.726836849604
101,12039.844549056186
102,12100.196391740594
103,12120.328274954942
104,12106.987941622445
105,12058.965646069992
106,12020.463327925572
107,12005.564221969635
108,12067.028792661406
109,12069.953592338645
110,12094.238273534156
111,12017.18630324355
112,12024.902208097794
113,12045.24885959586
114,12056.537153413828
115,12077.707897841625
116,12071.547617548591
117,12094.014366141993
118,12044.819536758956
119,12003.954060953849
120,11878.9622083266
121,11810.649179218632
122,11786.707510423556
123,11829.216753196783
124,11801.094651535743
125,11717.335779714125
126,11696.261226219402
127,11655.535892997923
128,11726.631304711485
129,11791.593645982928
130,11929.477625680647
131,11904.638771359469
132,11780.000054157357
133,11865.455132278918
134,11992.250845098635
135,12018.245182097107
136,12078.462621237504
137,12127.323438338475
138,12187.717012863173
139,12176.299317152565
140,11946.31063830875
141,11595.411295470503
142,11633.51453509804
143,11687.893772039984
144,11666.675062348737
145,11615.825612351055
146,11619.229534498094
147,11629.833826175136
148,11647.747783855366
149,11670.761204695684
150,11686.289388265053
151,11649.075692231805
152,11605.669904427516
153,11637.203713552797
154,11637.172885211628
155,11709.262380394255
156,11678.861441965997
157,11538.391993349482
158,11458.67004859239
159,11273.363942606851
160,10856.85758093272
161,10753.603026548084
162,10884.92369037193
163,11116.603357794473
164,11115.098765973107
165,11037.466146754276
166,10821.450832422946
167,10891.60620973715
168,10933.029229036829
169,10871.306411204903
170,10916.756102860909
171,10962.098180354715
172,10878.371069923323
173,10852.66267987349
174,10736.923085789433
175,10741.839420623324
176,10941.621239110162
177,10867.404950832792
178,10754.207615149928
179,10706.770464365673
180,10536.29152725262
181,10410.187797829542
182,10331.826698002089
183,10381.03843199382
184,10323.75376872714
185,10460.780728624582
186,10548.316130607476
187,10532.673007027319
188,10771.367552364012
189,10810.353083965103
190,10823.366393212498
191,10735.73750355698
192,10695.61800941588
193,10726.526395722405
194,10737.03125411032
195,10749.45131049509
196,10719.431406554748
197,10841.199940515911
198,10852.169656667063
199,10900.744855754045
200,10873.752120482888
201,10679.601237179006
202,10719.323772968979
203,10731.219422314403
204,10914.126072468176
205,11073.889258635412
206,11052.963968692202
207,10993.439772869504
208,11224.12735595266
209,11381.845012779853
210,11348.887257624983
211,11443.559548184161
212,11446.324104476884
213,11479.617610559584
214,11343.054602467842
215,11359.502511609895
216,11385.098614011527
217,11371.945808167073
218,11286.76969656299
219,11412.0504044225
220,11396.572960161988
221,11604.830280518005
222,11661.487846221562
223,11618.346672820047
224,11682.844698450583
225,11652.904344584522
226,11584.99745762666
227,11716.948346365714
228,11918.725565438954
229,11897.874901680609
230,11846.24972765688
231,11861.717356553925
232,11821.701260755042
233,11799.425499640769
234,11728.371096466972
235,11645.195584133924
236,11635.225731438912
237,11532.909331879382
238,11520.414020681663
239,11622.976481887068
240,11629.289349740551
241,11557.132499677555
242,11507.427912419316
243,11558.699107542716
244,11565.438411449153
245,11590.97004669622
246,11575.739803731543
247,11551.646215385377
248,11612.059667445323
249,11557.214579148127
250,11481.60461685501
251,11400.975682634627
252,11478.032841286233
253,11422.169208993108
254,11234.574562262485
255,11162.661480611168
256,11231.007354649497
257,11267.262903107203
258,11156.0014926722
259,11253.491837038366
260,10897.837379886842
261,10962.847429658386
262,10860.810641256678
263,11016.28132555283
264,11090.24485160367
265,11009.617082003275
266,11018.145647092944
267,10893.738445171715
268,10895.080032524513
269,10989.91199404609
270,10968.041318103
271,10778.33518433844
272,10709.672814746456
273,10778.731925157555
274,10571.989183194579
275,10563.416406412372
276,10456.671525805043
277,10541.137038615527
278,10442.60832856223
279,10636.60332972924
280,10761.62989310449
281,10769.408577829754
282,10884.630983706316
283,10916.33933686993
284,11004.609460153177
285,10859.676245451192
286,10856.751454627769
287,10802.182163598023
288,11086.700491329246
289,11098.305040466304
290,11200.358012352322
291,11181.102207354135
292,11211.593902375935
293,11234.468617779094
294,11242.787798072779
295,11131.686041963185
296,11235.273211436875
297,11227.787102667342
298,11369.3468449272
299,11332.990573482044
300,11287.350355243008
301,11349.587549426282
302,11353.383034465343
303,11416.112395573524
304,11410.788409087945
305,11448.109530747714
306,11383.566608848338
307,11372.415071610572
308,11378.867326565301
309,11484.628037934957
310,11532.206838290651
311,11523.29245275253
312,11488.701994422721
313,11474.757971670226
314,11404.295067250207
315,11429.833060531848
316,11272.879437452553
317,11373.033795177033
318,11419.756492000173
319,11455.403561009174
320,11547.014788380384
321,11557.653825308334
322,11556.952828195015
323,11526.711362636412
324,11563.114141981387
325,11550.535704286689
326,11540.283626874208
327,11511.725996107241
328,11480.277717958086
329,11483.391191477134
330,11423.041059432242
331,11403.247369516193
332,11559.486196260903
333,11207.63820317664
334,11126.213000436244
335,11161.698096024087
336,11111.54046459694
337,11046.289237062749
338,11019.7344599812
339,10954.616017123828
340,10904.265722984901
341,10851.753690218198
342,10984.704721389407
343,11046.832640309309
344,11102.723530872736
345,11080.419562646468
346,11052.070455375522
347,11103.52831658624
348,11091.589190540555
349,11269.516681262518
350,11299.737759925465
351,11315.288013558404
352,11633.432685277676
353,11646.167448550963
354,11563.767140208964
355,11619.36890646931
356,11591.985233689584
357,11612.611859732504
358,11490.683967785677
359,11420.060514146684
360,11420.41554951646
361,11308.906440673956
362,11304.15480549039
363,11227.126388691968
364,11225.84868707112
365,11280.3514897529
366,11258.895922912736
367,11418.282845614483
368,11463.80431173771
369,11618.428724865478
370,11690.605453703329
371,11542.905977828483
372,11480.377650138353
373,11602.85165213946
374,11709.151797478204
375,11762.037457188238
376,11769.00008027144
377,11648.168240086306
378,11584.91019887002
379,11624.149380143801
380,11581.062312728689
381,11732.54145722115
382,11689.373304001687
383,11670.16798631709
384,11676.52357988745
385,11741.085129382784
386,11689.326022480804
387,11572.091476741381
388,11546.956382849286
389,11425.21090959441
390,11381.625927675654
391,11378.893571819885
392,11466.75451525564
393,11512.026572737896
394,11525.126330016645
395,11483.291930562535
396,11524.908003146953
397,11487.599331537214
398,11521.037703777183
399,11532.301204284486
400,11585.512024739428
401,11572.063797974202
402,11607.085202468312
403,11687.2036640545
404,11730.148757290252
405,11734.02475652385
406,11845.239411114117
407,11848.727296978746
408,11787.950729131015
409,11875.380300962312
410,11866.657334875781
411,11795.738112084107
412,11800.820438353849
413,11762.136690365134
414,11785.82259542749
415,11800.70445830706
416,11796.17853598579
417,11815.815223293579
418,11718.825546425327
419,11732.516315423107
420,11787.698790472637
421,11956.490309018336
422,12045.617551261354
423,12037.717401873531
424,11971.411624384913
425,11981.503636316778
426,11894.477290058001
427,11881.677657215734
428,11938.84912587584
429,11856.375141495413
430,11856.106590879866
431,11811.67995088299
432,12010.916774350573
433,12017.200811892246
434,11898.571922223975
435,11858.42220307233
436,11851.990469052267
437,11806.664657661746
438,11684.436683046417
439,11704.774199179716
440,11741.505205237132
441,11759.764392807892
442,11760.183216593527
443,11735.773296356503
444,11694.254078442038
445,11712.317010227422
446,11648.298163308511
447,11617.053743513963
448,11587.139403127101
449,11555.737070015033
450,11531.31654966063
451,11541.957019074125
452,11526.43304994658
453,11516.881484285639
454,11528.907012195243
455,11640.473318614506
456,11563.741102903025
457,11348.042360723963
458,11350.957081264916
459,11389.358251481684
460,11366.031913110208
461,11311.993981621621
462,11184.185748038977
463,11182.206074044083
464,11148.898523076066
465,11264.447422539906
466,11242.803300915157
467,11200.39087283807
468,11127.12514799235
469,11107.260673625882
470,11057.313845812801
471,11085.19770696239
472,11168.644651503706
473,11172.31063570037
474,11157.969470827984
475,11182.961263388352
476,11167.32712449062
477,11150.137933031718
478,11153.448526692026
479,11187.132976874605
480,11218.088371381526
481,11116.544700211034
482,11005.244373504018
483,10965.91005071505
484,11041.298521726601
485,11074.116344571323
486,11165.628017813913
487,11150.071055497894
488,11216.271180803873
489,11194.583052847136
490,11321.68661794011
491,11249.616285413036
492,11172.23902679118
493,11076.365311576532
494,11076.857457789256
495,11100.24503263592
496,11078.348970622495
497,11065.50427938839
498,11118.220696903936
499,11152.31701421793
500,11155.326657765103
501,11177.25473252349
502,11115.541644712139
503,11192.552062989034
504,11336.596895422048
505,11401.973547978454
506,11359.751436443921
507,11475.543129252192
508,11511.72194898178
509,11494.534257451023
510,11498.248241980024
511,11502.266903415679
512,11479.357887677737
513,11456.176683773869
514,11447.683553342646
515,11417.919480097751
516,11439.4247574193
517,11436.46608373418
518,11436.910563481224
519,11450.712463433878
520,11422.36951638067
521,11439.696896657892
522,11452.613533064989
523,11412.339640984934
524,11419.626124593091
525,11453.042899430147
526,11369.521289737624
527,11389.727363772892
528,11548.306140558447
529,11560.248063349209
530,11571.604160819239
531,11606.326528702897
532,11600.152698184986
533,11611.856765183
534,11648.64438928889
535,11641.435201182769
536,11669.883118931068
537,11672.364144684867
538,11651.903672693734
539,11423.79686224928
540,11410.398098228336
541,11438.411274975204
542,11465.768661492828
543,11427.319239778768
544,11442.050079870272
545,11435.069670465546
546,11438.299176796125
547,11440.747030219289
548,11441.30296283276
549,11427.355141329816
550,11427.690656675433
551,11419.959931467913
552,11396.572389436442
553,11452.389112652658
554,11462.79177797624
555,11447.37016916942
556,11377.202629827334
557,11323.910042362604
558,11324.08489008919
559,11315.937194682887
560,11314.747513526534
561,11322.989561132905
562,11335.24080000386
563,11369.685338266056
564,11375.886148144691
565,11427.215219516973
566,11417.088974919712
567,11397.862401617516
568,11389.114838085043
569,11350.106970734114
570,11390.059058231207
571,11366.416469256377
572,11366.393863342404
573,11356.135801936056
574,11377.84026961292
575,11391.519853230639
576,11504.7483855342
577,11522.344412770879
578,11504.349818281993
579,11531.770782037498
580,11562.31572519067
581,11545.229644843508
582,11550.515632275477
583,11587.449723948315
584,11582.446629368595
585,11597.399643431889
586,11575.863431678752
587,11420.590324073386
588,11448.077263022347
589,11439.204538209364
590,11456.371539577707
591,11448.965566247685
592,11520.455293590756
593,11540.072795123304
594,11521.635028533203
595,11626.01973091648
596,11601.876304562104
597,11568.97455957405
598,11595.063081438577
599,11689.166951288058
600,11698.005858648563
601,11670.460046693188
602,11681.037849286962
603,11700.800681346107
604,11698.438491254541
605,11555.075777680404
606,11569.299678005133
607,11576.14685819591
608,11566.624953864786
609,11554.146891870172
610,11614.697206075405
611,11556.887885295486
612,11481.208824979829
613,11470.542826523078
614,11463.3089920153
615,11503.092241989905
616,11472.477268420385
617,11431.913701433428
618,11473.196697260642
619,11492.9140217547
620,11505.154200365028
621,11568.735251355503
622,11563.863180676766
623,11598.08663034167
624,11557.45110023675
625,11558.577078694581
626,11592.490880714147
627,11636.023168121843
628,11668.591829837327
629,11694.152442634171
630,11661.657502943308
631,11647.507895222005
632,11679.363135295598
633,11709.614529778504
634,11717.275588051141
635,11757.246733707696
636,11806.953820966452
637,11822.44290953593
638,11821.427243535361
639,11867.128612910006
640,11824.23888922862
641,11931.880260868638
642,12090.059459147758
643,12061.582702935273
644,12190.812871401786
645,12190.104286017484
646,12321.804046918756
647,12406.763239944012
648,12396.513681329483
649,12446.833622190057
650,12461.66433847144
651,12443.927397946536
652,12467.412662118331
653,12463.160482324696
654,12475.176186093317
655,12388.898012834337
656,12338.811107931231
657,12356.045558805794
658,12367.857842799885
659,12359.276791763525
660,12304.110284291233
661,12266.572185022482
662,12276.897531175202
663,12349.819784369698
664,12329.04284950421
665,12371.353928035925
666,12469.278474347662
667,12356.148531280047
668,12361.95110146412
669,12401.149129610694
670,12497.582024410054
671,12610.428613331651
672,12537.663241104407
673,12555.888111841572
674,12586.653222211153
675,12559.276603673254
676,12659.73592942872
677,12738.385034113086
678,12707.24033347193
679,12737.825704048502
680,12847.430100249272
681,12944.590434281217
682,12914.120042728695
683,12913.242130747038
684,12917.388986777521
685,12932.796200779747
686,12872.876189765142
687,12876.723137847905
688,12867.90983541333
689,12908.687370043466
690,13010.939356035942
691,13028.310707106604
692,13052.150399406819
693,12999.795806209413
694,13021.714686756475
695,13019.371381776877
696,13094.931582991
697,13250.310154971918
698,13225.180289365335
699,13197.161874079888
700,13215.151722659433
701,13296.083306753026
702,13244.137252996872
703,13238.766746070989
704,13164.339712207422
705,13172.821880194162
706,13244.190510621425
707,13214.388293310953
708,13103.619819816293
709,13063.46378890391
710,12881.280456125844
711,12797.607111834528
712,12883.448343034981
713,12917.570479208094
714,12857.391633097164
715,12853.373570212883
716,12915.00151265505
717,12897.752470202584
718,12871.742490130779
719,12857.169780284008
720,12824.94456301735
721,12818.624555771545
722,12773.409698138934
723,12734.167128524588
724,12898.370338838882
725,12903.035279375476
726,12918.716776047007
727,12942.938854274285
728,13006.627288214484
729,12966.40236979409
730,12919.73594142026
731,12793.199047824208
732,12878.56208695652
733,12829.953605959177
734,12759.601411732136
735,12786.611606224906
736,12711.414306421626
737,12793.21853588466
738,12888.295963563924
739,12803.234080369493
740,12796.349008152092
741,12775.903996232691
742,12749.478798339642
743,12734.20955708592
744,12823.560859586889
745,12756.987184370742
746,12747.965653820453
747,12808.166720700114
748,12857.382009674453
749,12859.811216143018
750,12830.160277094496
751,12840.764292076132
752,12829.522968138735
753,13009.003856598616
754,13023.419764110698
755,13078.266153519768
756,13091.678495262187
757,13174.90069310465
758,13220.603793828914
759,13120.569841329787
760,13177.792416865843
761,13279.268905521873
762,13347.084364352235
763,13302.473551339928
764,13296.42701834518
765,13302.074749059258
766,13285.258984853
767,13399.050696284205
768,13304.05931502964
769,13235.53905771533
770,13363.394580838552
771,13289.589474500488
772,13181.009819351968
773,13216.830839150112
774,13165.161689273475
775,12881.401157068356
776,12761.558522764884
777,12789.442311411227
778,12798.114896549081
779,12622.418835650162
780,12537.738014491018
781,12702.519037494625
782,12798.442786394724
783,13060.460438114169
784,13244.639265041467
785,13207.254584698865
786,13211.340456601181
787,13233.483909145763
788,13178.271543233073
789,13228.036627655723
790,13279.928260549215
791,13247.938908624119
792,13165.19805988799
793,13082.688344315065
794,13062.96226732966
795,13142.703450733032
796,13206.045525549533
797,13183.120333380004
798,13202.478337297667
799,13249.603385372766
800,13336.41247957489
801,13173.866066141702
802,13208.460986092166
803,13293.41904189719
804,13268.472486510389
805,13225.637422022211
806,13221.161042851134
807,13301.582814253217
808,13002.752360411218
809,12822.526768186146
810,12958.97254692662
811,12880.323802397888
812,12810.007487508137
813,12833.054047817226
814,12770.753499053295
815,12764.397673791456
816,12879.453747197489
817,12900.341427262883
818,12798.450849857312
819,12913.214269106033
820,13042.477498256387
821,12985.963329019725
822,12955.199907838336
823,12928.684942683196
824,12954.949091532593
825,13025.669273810552
826,13038.397956656412
827,13033.315510256112
828,12972.097794658339
829,12938.219127938066
830,12955.306659450262
831,12955.306659450263
832,13082.136146084827
833,13086.772690964319
834,13075.735715213585
835,13070.90106823164
836,13034.62736932952
837,13007.93004575185
838,13009.690445523998
839,13024.553793175646
840,13118.245288201233
841,13157.250351332128
842,13260.820138383699
843,13293.820036270434
844,13250.762424326373
845,13234.917875511868
846,13422.51982131289
847,13357.485644313472
848,12762.588370615227
849,12588.168228771112
850,12623.680936321289
851,12584.963110869594
852,12572.353549263498
853,12634.553321072115
854,12596.898498045175
855,12549.703354931768
856,12575.368074145641
857,12762.265625524315
858,12933.352046378486
859,12921.810645071924
860,13018.822286033297
861,12988.91087465726
862,12974.68668923583
863,12987.490693385585
864,12970.020940363645
865,12988.132231531614
866,13000.116153882254
867,13014.39591862266
868,13053.342590084485
869,12826.496820399741
870,12862.901611154744
871,12797.96319239866
872,12794.158846889062
873,12668.484220370907
874,12672.28708393529
875,12496.154107884446
876,12406.619684319181
877,12429.997352367525
878,12489.513071198166
879,12508.772007834972
880,12496.279114294965
881,12671.95487177824
882,12820.215887924332
883,12802.258030171583
884,12804.600309228115
885,12829.30601294784
886,12796.658462354477
887,12814.257157021497
888,12841.503884266525
889,12836.447335639778
890,12833.380638393412
891,12825.464221351627
892,12828.313935711514
893,12737.611101079012
894,12880.801079524703
895,12830.4270897254
896,12771.803919356376
897,12737.793945326861
898,12698.520722651432
899,12544.331253442706
900,12594.918719834124
901,12576.773163687485
902,12532.619591074465
903,12430.71247659675
904,12406.21732126339
905,12396.47978790181
906,12386.666522937314
907,12258.26719815264
908,12291.83749709146
909,12203.040156193858
910,12264.437803545796
911,12350.310257957048
912,12307.470507475135
913,12311.136737058554
914,12287.502600553235
915,12273.169343194573
916,12301.562871581677
917,12328.759630139375
918,12289.006303544804
919,12296.695109011765
920,12266.097847443663
921,12279.415481893195
922,12224.930158352869
923,12079.488991839075
924,12085.026043211466
925,12095.760771189403
926,12060.870308503085
927,12089.085516909432
928,12135.19994318504
929,12208.87988665393
930,12154.435325123924
931,12139.754154739641
932,12248.320175579582
933,12374.359782536952
934,12393.465492358268
935,12317.308886872905
936,12306.338310770907
937,12204.921717166992
938,12234.165674704644
939,12212.643454641355
940,12181.514377282048
941,12130.555717144869
942,12105.271766509135
943,12018.044454735606
944,11889.429970128087
945,11862.372148081382
946,11897.6440311812
947,11815.622504403696
948,11893.595173146736
949,12105.732751488069
950,12026.006559113119
951,12121.302007815935
952,12087.046683011591
953,11979.672672701683
954,12002.852291981348
955,12051.147533624537
956,11965.733952782022
957,11829.01555883476
958,11979.314136530207
959,11924.804976914984
960,11829.3022811672
961,11852.924367718584
962,12009.751575867296
963,12432.751971707556
964,12327.378721181081
965,12280.919196679199
966,12341.821357653505
967,12415.464760833202
968,12300.198288247257
969,12147.82567369401
970,12046.751603089571
971,12121.165725256267
972,12173.212934427664
973,12210.601149420907
974,12302.322465009665
975,12223.662025772457
976,12150.63177267853
977,12365.574561216748
978,12323.872576553598
979,12429.954132601144
980,12415.667046299803
981,12534.646827310178
982,12434.148174699742
983,12463.171890134669
984,12543.708045095093
985,12254.547517907838
986,12189.552173167664
987,12177.600507270156
988,12166.27827984862
989,12182.69884102963
990,12248.349090503305
991,12239.198476346903
992,12208.752869449278
993,12171.652069601547
994,12136.009644958318
995,11979.542548411935
996,11919.018302281784
997,11859.201696084729
998,11845.293573285959
999,11954.14537808739
1000,11937.32710979504
1001,12111.748526482068
1002,12145.971240754305
1003,11892.948667546774
1004,12118.768756224084
1005,12172.713586340938
1006,12192.619256371687
1007,12394.017915585735
1008,12428.42722138426
1009,12379.173626444472
1010,12428.023603950682
1011,12475.827960250801
1012,12527.748637667424
1013,12415.635924189713
1014,12464.400461305106
1015,12012.872793141116
1016,11826.937652582226
1017,11818.972763602964
1018,11915.948947601324
1019,11874.374342999674
1020,11834.548648539749
1021,11950.403766319765
1022,11961.500506500648
1023,11950.018119162669
1024,11987.716294785132
1025,11993.33033013951
1026,11922.185423903355
1027,11823.453833089306
1028,11809.05060623684
1029,11763.869049234376
1030,11768.800499801651
1031,11898.444201085907
1032,11865.697665797376
1033,11752.98574684175
1034,11771.855762619953
1035,11716.327992216051
1036,11746.249489228485
1037,11702.55982263468
1038,11639.737700173537
1039,11642.123526863941
1040,11641.159517951159
1041,11644.473179208922
1042,11550.009026024825
1043,11539.128976221067
1044,11793.48224251277
1045,11840.480920294522
1046,11819.787871356762
1047,11770.097902593638
1048,11818.383082441895
1049,11832.540607375715
1050,11856.883067282159
1051,11892.940129856443
1052,11988.32657786124
1053,12001.282133971143
1054,11890.383269631438
1055,11884.02001952257
1056,11888.820623527014
1057,11833.268205902194
1058,11819.321064848145
1059,11832.734650840004
1060,11793.765414182186
1061,11788.815317835775
1062,11805.148592213493
1063,11902.163407452921
1064,11917.095702965938
1065,12007.786568829524
1066,12187.26470088906
1067,12210.389019555261
1068,12232.652326968508
1069,12123.631935770905
1070,12054.397462081875
1071,11983.494689872081
1072,12047.642995058632
1073,11962.051741119007
1074,11977.50796053875
1075,11982.549927043652
1076,11998.524020836827
1077,12017.237519099235
1078,12049.962005938207
1079,11972.551161950876
1080,11942.841284049846
1081,11926.059138562701
1082,11942.46610219016
1083,11954.809736989506
1084,11939.246731593861
1085,11942.68232518976
1086,11944.083823093617
1087,11897.500649394093
1088,11855.804270218456
1089,11821.480024502263
1090,11764.210574923512
1091,11808.75447595345
1092,11701.924776017868
1093,11799.555992097317
1094,11809.545992027146
1095,11834.39543518431
1096,11614.674773786244
1097,11352.383718947503
1098,11430.301000165338
1099,11463.366376258717
1100,11289.363866570755
1101,11314.490363633206
1102,11286.623066375514
1103,11248.973906010442
1104,11235.753285227462
1105,11238.368851999046
1106,11120.265634497451
1107,10819.597821162166
1108,10848.696628333535
1109,10834.149802643493
1110,10944.63414003686
1111,10922.361231877516
1112,10967.155485364412
1113,10887.142632181987
1114,10968.23450566523
1115,10920.982549929668
1116,10913.226435067889
1117,10985.09097365867
1118,11014.852563619752
1119,11038.529555637575
1120,10996.015387241414
1121,11053.079822603695
1122,10980.075853944809
1123,11019.473992129795
1124,11022.736187798051
1125,11057.783019796396
1126,11082.27013802492
1127,11132.64716652547
1128,11138.974183830018
1129,11106.834467138524
1130,11061.122805601295
1131,11102.053723303265
1132,11139.329606464544
1133,11169.940860162016
1134,11149.447526537479
1135,11172.46418889822
1136,11163.061521849353
1137,11139.459431103358
1138,11094.720758161466
1139,11078.02757756195
1140,11051.446967655193
1141,11149.493706615278
1142,11181.065040244088
1143,11165.122663349626
1144,11158.628298907162
1145,11129.74643735253
1146,11103.028084490958
1147,11069.15591334779
1148,10979.510588186176
1149,10911.24236164265
1150,10718.91234769249
1151,10722.758992975723
1152,10691.220819303937
1153,10805.96818160895
1154,10741.93470615068
1155,10662.812559395663
1156,10689.805177472694
1157,10599.618967574033
1158,10597.8419213368
1159,10602.983648944057
1160,10728.949229362735
1161,10790.390900434064
1162,10791.491772981948
1163,10736.919329367756
1164,10631.169085576861
1165,10708.907060292298
1166,10741.72357955227
1167,10742.091227492816
1168,10766.967163325215
1169,10773.275743126198
1170,10686.470944582796
1171,10706.754737677711
1172,10763.704035771889
1173,10687.819633067798
1174,10739.386634285645
1175,10867.75762671081
1176,10951.78909282674
1177,10950.178211701736
1178,10902.837167591799
1179,10923.1983452357
1180,10836.539706126576
1181,10802.855186377377
1182,10853.015945488405
1183,10785.284850725402
1184,10714.690111738464
1185,10568.541278934159
1186,10699.10668966035
1187,10766.690979675997
1188,10562.528056373783
1189,10618.138040178928
1190,10576.414577936206
1191,10523.670299421165
1192,10573.830488515912
1193,10564.7785209863
1194,10422.436101626052
1195,10327.87560647613
1196,10372.945381317897
1197,10537.363548879424
1198,10583.592607355891
1199,10591.45219084008
1200,10721.89135966226
1201,10747.464500942406
1202,10733.94430491461
1203,10642.511361165669
1204,10656.199337846972
1205,10642.46445229565
1206,10725.757543198852
1207,10647.894094278656
1208,10646.580108045722
1209,10716.13492640309
1210,10674.854816732692
1211,10677.069436370273
1212,10673.734956794
1213,10756.959238625117
1214,10849.685227638864
1215,10783.739736014446
1216,10772.848571624294
1217,11342.102497167552
1218,11362.338330069648
1219,11312.327370223604
1220,11243.905539019164
1221,11088.154947594074
1222,11063.576888229536
1223,11004.792327658846
1224,11002.398821012086
1225,11020.330822353411
1226,11037.261909159244
1227,11081.180577330571
1228,11174.279485911098
1229,11261.357360509435
1230,11225.458684702937
1231,11213.214051356154
1232,11237.906432557
1233,11249.375506996326
1234,11135.816236893119
1235,11146.491262349167
1236,11233.430479895198
1237,11230.26602184434
1238,11159.678554365444
1239,11157.759810158854
1240,11249.584013838572
1241,11413.998480649367
1242,11342.355541857118
1243,11537.796875438118
1244,11573.253383563844
1245,11634.951051429218
1246,11683.334960048538
1247,11687.594296686626
1248,11618.503263184819
1249,11622.050842090044
1250,11613.253052046672
1251,11566.802903552973
1252,11581.780461996646
