,Profitloss
0,-0.555076056086512
1,-0.6847986288877728
2,-0.2715262198157098
3,1.170801884202377
4,0.47794024732357165
5,-0.6440527459572687
6,-0.551546107508949
7,-1.222588797882429
8,-1.340902585378656
9,-1.054361844882623
10,-0.7569631381966202
11,-0.1947146039790626
12,0.021495189602238618
13,0.020284627782118925
14,-0.489798403780517
15,-0.540656324597022
16,-1.994638574023433
17,-2.0625840010200847
18,-2.3723971718855874
19,-2.382252684973263
20,-2.253124538633089
21,-2.1220475107857517
22,-1.8751445561544289
23,-2.6814541794539792
24,-2.300906584563811
25,-1.987579074272583
26,-3.321104242174955
27,-3.844372833153753
28,-3.1189969909579562
29,-3.3649511835864065
30,-3.590561090711919
31,-3.689155277444689
32,-3.481806598021575
33,-3.9082061493597053
34,-3.7517677476546996
35,-4.058362779703916
36,-3.7475085750541703
37,-3.9565842920457617
38,-3.8253898393514008
39,-3.093923427195633
40,-2.9071747131845904
41,-2.4607615201576505
42,-3.032137129028434
43,-3.479320773669947
44,-4.46008534101745
45,-5.554961201202602
46,-5.658589132894665
47,-5.5408485241455026
48,-5.43384114576817
49,-5.705957082266366
50,-4.354493433391871
51,-4.3403777049806695
52,-3.6587132405404454
53,-2.9131090575864937
54,-3.1064383247176752
55,-3.7241314812818005
56,-3.8894128651517756
57,-3.5388945370766423
58,-3.173723100015524
59,-3.3734087790228684
60,-3.238221802666308
61,-3.4740149076320725
62,-3.552542489178012
63,-3.4400931938678436
64,-2.8624407938010688
65,-2.2098808715111162
66,-2.487248775014106
67,-2.4272107802376652
68,-2.5810554996296586
69,-2.6112625127119427
70,-3.3840316104418733
71,-3.254732653720449
72,-2.950046283218144
73,-2.8791551368024693
74,-1.040222117657752
75,-1.1055800369816349
76,-0.24992574659378208
77,0.2711926509330942
78,0.046930727601801614
79,0.031213820792430624
80,-1.1621404584522654
81,-0.752215079662466
82,-0.5190461911002808
83,-1.9139772207268702
84,-2.470574042374496
85,-1.8034353685841942
86,-1.7559674480053689
87,-1.3834148468982344
88,-1.6379280844125987
89,-1.6986819750044235
90,-1.583102855895191
91,-1.1891406863057785
92,-1.3791450282766737
93,-1.2986312919719523
94,-1.1169359970675585
95,0.24662776822639287
96,0.7900961428759734
97,0.443375012541547
98,0.6899845124094917
99,0.5578302105066602
100,0.23105697374670164
101,0.33203790880154127
102,0.8349699311716252
103,1.0027356246245178
104,0.8915661801870423
105,0.49138038391660643
106,0.1705277327131105
107,0.04636851641361961
108,0.5585732721783865
109,0.582946602822032
110,0.7853189461179744
111,0.14321919369624236
112,0.20751840081494333
113,0.37707382996550187
114,0.4711429451152327
115,0.6475658153468844
116,0.5962301462382635
117,0.7834530511832805
118,0.37349613965795836
119,0.032950507948736885
120,-1.008648263945
121,-1.5779235065114028
122,-1.7774374131370396
123,-1.42319372336015
124,-1.657544570535474
125,-2.355535169048961
126,-2.5311564481716564
127,-2.870534225017307
128,-2.2780724607376235
129,-1.736719616808935
130,-0.5876864526612735
131,-0.7946769053377656
132,-1.8333328820220207
133,-1.1212072310090249
134,-0.06457629084470895
135,0.15204318414256957
136,0.6538551769792011
137,1.061028652820628
138,1.5643084405264407
139,1.4691609762713664
140,-0.44741134742707356
141,-3.371572537745804
142,-3.0540455408496703
143,-2.6008852330001275
144,-2.7777078137605216
145,-3.20145323040788
146,-3.1730872125158793
147,-3.0847181152071967
148,-2.935435134538622
149,-2.743656627535973
150,-2.6142550977912182
151,-2.9243692314016245
152,-3.2860841297707055
153,-3.023302387060023
154,-3.0235592899030994
155,-2.4228134967145376
156,-2.6761546502833577
157,-3.84673338875432
158,-4.511082928396748
159,-6.055300478276237
160,-9.526186825560668
161,-10.386641445432632
162,-9.292302580233914
163,-7.3616386850460565
164,-7.3741769502241095
165,-8.021115443714367
166,-9.821243063142116
167,-9.236614918857079
168,-8.891423091359762
169,-9.40577990662581
170,-9.027032476159091
171,-8.649181830377373
172,-9.346907750638966
173,-9.561144334387583
174,-10.525640951754733
175,-10.484671494805632
176,-8.819823007415318
177,-9.438292076393406
178,-10.381603207083934
179,-10.77691279695273
180,-12.197570606228158
181,-13.248435018087157
182,-13.901444183315926
183,-13.491346400051496
184,-13.9687185939405
185,-12.826827261461816
186,-12.097365578271035
187,-12.22772494143901
188,-10.2386037302999
189,-9.913724300290806
190,-9.805280056562516
191,-10.535520803691833
192,-10.869849921534325
193,-10.612280035646627
194,-10.524739549080675
195,-10.42123907920759
196,-10.671404945377105
197,-9.656667162367405
198,-9.565252861107808
199,-9.160459535382959
200,-9.385398995975935
201,-11.003323023508283
202,-10.672301891925173
203,-10.573171480713306
204,-9.048949396098537
205,-7.717589511371569
206,-7.891966927564987
207,-8.388001892754138
208,-6.465605367061167
209,-5.151291560167892
210,-5.425939519791811
211,-4.637003765131986
212,-4.6139657960259655
213,-4.336519912003467
214,-5.474544979434648
215,-5.3374790699175385
216,-5.124178216570607
217,-5.233784931941066
218,-5.943585861975087
219,-4.89957996314584
220,-5.0285586653167735
221,-3.293080995683295
222,-2.820934614820314
223,-3.1804443931662707
224,-2.642960846245146
225,-2.8924637951289855
226,-3.45835451977784
227,-2.358763780285711
228,-0.6772869546753824
229,-0.8510424859949239
230,-1.281252269526001
231,-1.1523553620506277
232,-1.4858228270413165
233,-1.671454169660258
234,-2.2635741961085643
235,-2.9567034655506363
236,-3.0397855713424016
237,-3.8924222343384773
238,-3.9965498276528066
239,-3.1418626509410963
240,-3.08925541882874
241,-3.6905625026870448
242,-4.104767396505693
243,-3.677507437144034
244,-3.621346571257056
245,-3.4085829441981685
246,-3.5355016355704705
247,-3.7362815384551884
248,-3.2328361046223053
249,-3.6898785070989426
250,-4.31996152620826
251,-4.991869311378105
252,-4.349726322614722
253,-4.815256591724104
254,-6.37854531447929
255,-6.977820994906924
256,-6.408272044587527
257,-6.106142474106646
258,-7.033320894398331
259,-6.22090135801362
260,-9.184688500942983
261,-8.642938086180118
262,-9.493244656194355
263,-8.197655620393075
264,-7.581292903302761
265,-8.253190983306046
266,-8.182119607558802
267,-9.218846290235705
268,-9.207666395629065
269,-8.41740004961592
270,-8.599655682475005
271,-10.180540130512995
272,-10.752726543779534
273,-10.17723395702037
274,-11.900090140045172
275,-11.971529946563564
276,-12.861070618291315
277,-12.157191344870611
278,-12.978263928648081
279,-11.361638918923001
280,-10.31975089079592
281,-10.254928518085382
282,-9.294741802447358
283,-9.03050552608391
284,-8.294921165390189
285,-9.502697954573403
286,-9.527071211435256
287,-9.981815303349805
288,-7.610829238922956
289,-7.514124662780796
290,-6.663683230397311
291,-6.824148272048869
292,-6.570050813533879
293,-6.379428185174218
294,-6.3101016827268435
295,-7.235949650306795
296,-6.372723238026035
297,-6.435107477772151
298,-5.255442958939993
299,-5.558411887649628
300,-5.938747039641601
301,-5.42010375478098
302,-5.388474712788804
303,-4.865730036887306
304,-4.910096590933788
305,-4.599087243769051
306,-5.136944926263853
307,-5.229874403245227
308,-5.176105611955817
309,-4.294766350542023
310,-3.8982763475779114
311,-3.972562893728915
312,-4.2608167131439885
313,-4.377016902748121
314,-4.964207772914941
315,-4.751391162234597
316,-6.059338021228722
317,-5.224718373524729
318,-4.835362566665225
319,-4.538303658256881
320,-3.774876763496804
321,-3.6862181224305512
322,-3.6920597650415443
323,-3.944071978029906
324,-3.6407154834884436
325,-3.7455357976109216
326,-3.8309697760482653
327,-4.0689500324396555
328,-4.331019017015947
329,-4.305073404357218
330,-4.807991171397985
331,-4.97293858736505
332,-3.6709483644924767
333,-6.603014973527999
334,-7.281558329697968
335,-6.985849199799277
336,-7.403829461692169
337,-7.947589691143763
338,-8.168879500156667
339,-8.711533190634768
340,-9.13111897512583
341,-9.56871924818168
342,-8.4607939884216
343,-7.9430613307557625
344,-7.477303909393873
345,-7.6631703112794325
346,-7.8994128718706484
347,-7.470597361781328
348,-7.570090078828706
349,-6.087360989479018
350,-5.835518667287786
351,-5.705933220346637
352,-3.0547276226860376
353,-2.9486045954086437
354,-3.6352738315919675
355,-3.171925779422413
356,-3.400123052586801
357,-3.2282345022291326
358,-4.244300268452694
359,-4.832829048777631
360,-4.829870420696169
361,-5.759112994383697
362,-5.79870995424675
363,-6.440613427566932
364,-6.451260941074
365,-5.997070918725833
366,-6.175867309060534
367,-4.847642953212638
368,-4.468297402185762
369,-3.17976062612102
370,-2.578287885805597
371,-3.809116851429306
372,-4.330186248847056
373,-3.3095695655045
374,-2.423735021014972
375,-1.983021190098011
376,-1.924999331071331
377,-2.9319313326141128
378,-3.4590816760831644
379,-3.132088498801655
380,-3.491147393927596
381,-2.2288211898237487
382,-2.5885557999859476
383,-2.7486001140242466
384,-2.6956368342712533
385,-2.1576239218101367
386,-2.5889498126599686
387,-3.565904360488492
388,-3.775363476255944
389,-4.78990908671324
390,-5.153117269369556
391,-5.175886901500959
392,-4.443712372869668
393,-4.066445227184201
394,-3.9572805831946223
395,-4.3059005786455495
396,-3.959099973775393
397,-4.2700055705232165
398,-3.991352468523468
399,-3.8974899642959526
400,-3.4540664605047677
401,-3.566135016881644
402,-3.2742899794307334
403,-2.60663613287917
404,-2.2487603559145697
405,-2.2164603623012535
406,-1.2896715740490339
407,-1.260605858510444
408,-1.767077257241545
409,-1.0384974919807388
410,-1.111188876035163
411,-1.7021823992991014
412,-1.6598296803845947
413,-1.982194246957214
414,-1.7848117047709167
415,-1.6607961807745042
416,-1.6985122001184183
417,-1.534873139220172
418,-2.3431204464556044
419,-2.2290307048074443
420,-1.7691767460613517
421,-0.3625807581805307
422,0.38014626051128264
423,0.3143116822794223
424,-0.2382364634590628
425,-0.15413636402684672
426,-0.879355916183322
427,-0.9860195232022195
428,-0.5095906177013276
429,-1.196873820871558
430,-1.19911174266778
431,-1.5693337426417542
432,0.09097311958810028
433,0.1433400991020406
434,-0.8452339814668752
435,-1.179814974397242
436,-1.2334127578977783
437,-1.6111278528187833
438,-2.6296943079465285
439,-2.4602150068356976
440,-2.154123289690568
441,-2.0019633932675585
442,-1.9984731950539403
443,-2.2018891970291388
444,-2.5478826796496823
445,-2.3973582481048195
446,-2.93084863909574
447,-3.191218804050311
448,-3.4405049739408278
449,-3.702191083208062
450,-3.905695419494748
451,-3.817024841048955
452,-3.9463912504451693
453,-4.02598763095301
454,-3.92577489837298
455,-2.9960556782124503
456,-3.6354908091414617
457,-5.432980327300307
458,-5.40869098945903
459,-5.088681237652626
460,-5.283067390748264
461,-5.733383486486487
462,-6.79845209967519
463,-6.814949382965974
464,-7.09251230769945
465,-6.129604812167444
466,-6.309972492373694
467,-6.663409393016084
468,-7.273957100063743
469,-7.439494386450985
470,-7.855717951559993
471,-7.62335244198008
472,-6.927961237469116
473,-6.897411369163575
474,-7.016921076433469
475,-6.808656138430402
476,-6.938940629244838
477,-7.08218389140235
478,-7.054595610899783
479,-6.773891859378289
480,-6.515930238487289
481,-7.362127498241378
482,-8.289630220799848
483,-8.617416244041243
484,-7.989178985611655
485,-7.715697128572307
486,-6.953099851550726
487,-7.0827412041842175
488,-6.531073493301054
489,-6.711807892940536
490,-5.6526115171657505
491,-6.2531976215580265
492,-6.898008110073506
493,-7.6969557368622326
494,-7.692854518422864
495,-7.4979580613673384
496,-7.680425244812539
497,-7.787464338430084
498,-7.348160859133868
499,-7.06402488151725
500,-7.038944518624146
501,-6.856210562304255
502,-7.370486294065515
503,-6.728732808424709
504,-5.528359204816269
505,-4.9835537668462155
506,-5.33540469630066
507,-4.370473922898399
508,-4.068983758485167
509,-4.212214521241475
510,-4.181264650166472
511,-4.147775804869347
512,-4.338684269352189
513,-4.5318609685510935
514,-4.602637055477954
515,-4.850670999185402
516,-4.671460354839175
517,-4.696115968881831
518,-4.692411970989796
519,-4.577396138051015
520,-4.81358736349442
521,-4.669192527850907
522,-4.561553891125092
523,-4.897169658458889
524,-4.836448961724238
525,-4.557975838082107
526,-5.253989252186464
527,-5.08560530189256
528,-3.7641154953462763
529,-3.6645994720899244
530,-3.5699653265063414
531,-3.2806122608091903
532,-3.3320608484584513
533,-3.234526956808337
534,-2.9279634225925943
535,-2.9880399901435983
536,-2.7509740089077694
537,-2.7302987942927737
538,-2.900802727552221
539,-4.801692814589331
540,-4.9133491814305374
541,-4.679906041873306
542,-4.451927820893098
543,-4.772339668510273
544,-4.649582667747731
545,-4.707752746120453
546,-4.680840193365632
547,-4.660441414839256
548,-4.6558086430603325
549,-4.772040488918206
550,-4.7692445277047195
551,-4.833667237767392
552,-5.0285634213629855
553,-4.56342406122785
554,-4.4767351835313445
555,-4.6052485902548295
556,-5.189978084772218
557,-5.634082980311628
558,-5.632625915923417
559,-5.700523377642607
560,-5.710437387278889
561,-5.64175365722579
562,-5.539659999967839
563,-5.252622181116207
564,-5.200948765460911
565,-4.773206504025229
566,-4.8575918756690655
567,-5.017813319854025
568,-5.090709682624639
569,-5.415775243882381
570,-5.0828411814066055
571,-5.279862756196851
572,-5.2800511388133025
573,-5.365534983866205
574,-5.1846644198923375
575,-5.070667889744673
576,-4.127096787215001
577,-3.9804632269093365
578,-4.130418180983386
579,-3.9019101496875153
580,-3.6473689567444123
581,-3.789752959637427
582,-3.74570306437102
583,-3.4379189670973753
584,-3.4796114219283747
585,-3.355002971400922
586,-3.534471402677064
587,-4.828413966055112
588,-4.599356141480437
589,-4.673295514921971
590,-4.530237170185769
591,-4.591953614602618
592,-3.996205886743698
593,-3.8327267073058002
594,-3.9863747622233103
595,-3.116502242362673
596,-3.3176974619824717
597,-3.591878670216253
598,-3.374474321345189
599,-2.5902754059328514
600,-2.5166178445953036
601,-2.746166277556772
602,-2.6580179226086464
603,-2.493327655449107
604,-2.5130125728788255
605,-3.707701852663303
606,-3.589169349957233
607,-3.5321095150340764
608,-3.6114587177934476
609,-3.7154425677485614
610,-3.2108566160382934
611,-3.6926009558709505
612,-4.323259791834754
613,-4.412143112307676
614,-4.472425066539165
615,-4.1408979834174575
616,-4.3960227631634545
617,-4.734052488054763
618,-4.390027522827977
619,-4.225716485377506
620,-4.123714996958094
621,-3.5938729053708096
622,-3.6344734943602797
623,-3.3492780804860844
624,-3.6879074980270765
625,-3.67852434421182
626,-3.3959093273821073
627,-3.033140265651313
628,-2.7617347513556045
629,-2.548729644715242
630,-2.8195208088057644
631,-2.9374342064832915
632,-2.6719738725366815
633,-2.4198789185124636
634,-2.356036766240488
635,-2.0229438857692017
636,-1.6087181586128985
637,-1.479642420533911
638,-1.4881063038719833
639,-1.1072615590832835
640,-1.464675923094838
641,-0.5676644927613439
642,0.7504954928979846
643,0.5131891911272835
644,1.5901072616815393
645,1.5842023834790275
646,2.6817003909896275
647,3.3896936662001
648,3.3042806777456857
649,3.7236135182504793
650,3.8472028205953412
651,3.6993949828878048
652,3.8951055176527527
653,3.8596706860391405
654,3.959801550777642
655,3.2408167736194704
656,2.8234258994269235
657,2.967046323381606
658,3.0654820233323887
659,2.993973264696037
660,2.5342523690936147
661,2.221434875187356
662,2.307479426460013
663,2.9151648697474775
664,2.742023745868427
665,3.0946160669660383
666,3.9106539528971807
667,2.967904427333723
668,3.016259178867653
669,3.342909413422457
670,4.146516870083783
671,5.086905111097084
672,4.480527009203383
673,4.632400932013092
674,4.888776851759613
675,4.66063836394377
676,5.497799411906001
677,6.153208617609041
678,5.893669445599414
679,6.148547533737525
680,7.061917502077275
681,7.871586952343468
682,7.617667022739116
683,7.6103510895586535
684,7.6449082231460075
685,7.773301673164568
686,7.27396824804285
687,7.306026148732547
688,7.23258196177774
689,7.572394750362221
690,8.424494633632861
691,8.569255892555038
692,8.767919995056817
693,8.331631718411781
694,8.514289056303959
695,8.494761514807303
696,9.12442985825832
697,10.41925129143264
698,10.209835744711127
699,9.976348950665725
700,10.126264355495284
701,10.800694222941875
702,10.36781044164059
703,10.323056217258241
704,9.702830935061858
705,9.773515668284682
706,10.368254255178556
707,10.119902444257933
708,9.196831831802443
709,8.862198240865915
710,7.344003801048693
711,6.646725931954411
712,7.362069525291504
713,7.646420660067443
714,7.144930275809691
715,7.111446418440703
716,7.625012605458759
717,7.481270585021527
718,7.264520751089831
719,7.143081502366733
720,6.874538025144594
721,6.821871298096216
722,6.4450808178244445
723,6.118059404371579
724,7.4864194903240255
725,7.525293994795623
726,7.655973133725058
727,7.857823785619056
728,8.38856073512071
729,8.05335308161741
730,7.664466178502161
731,6.609992065201742
732,7.321350724637665
733,6.9162800496598065
734,6.330011764434462
735,6.555096718540887
736,5.928452553513552
737,6.610154465705498
738,7.4024663630327
739,6.69361733641245
740,6.6362417346007785
741,6.4658666352724214
742,6.245656652830345
743,6.118412975716003
744,6.8630071632240774
745,6.308226536422845
746,6.233047115170431
747,6.734722672500948
748,7.144850080620446
749,7.165093467858474
750,6.918002309120785
751,7.006369100634435
752,6.912691401156135
753,8.408365471655133
754,8.528498034255815
755,8.985551279331405
756,9.097320793851571
757,9.790839109205418
758,10.171698281907604
759,9.33808201108155
760,9.814936807215346
761,10.660574212682272
762,11.22570303626862
763,10.853946261166069
764,10.803558486209841
765,10.850622908827145
766,10.71049154044168
767,11.65875580236837
768,10.867160958580335
769,10.29615881429442
770,11.361621506987941
771,10.746578954170726
772,9.841748494599734
773,10.140256992917607
774,9.709680743945626
775,7.3450096422363
776,6.346321023040713
777,6.578685928426897
778,6.650957471242336
779,5.186823630418025
780,4.4811501207584925
781,5.8543253124552
782,6.6536898866226935
783,8.837170317618082
784,10.371993875345552
785,10.060454872490542
786,10.094503805009847
787,10.279032576214696
788,9.818929526942277
789,10.233638563797687
790,10.666068837910125
791,10.399490905200981
792,9.709983832399915
793,9.022402869292211
794,8.85801889441382
795,9.522528756108596
796,10.050379379579443
797,9.859336111500028
798,10.020652810813901
799,10.413361544773059
800,11.136770663124086
801,9.78221721784751
802,10.070508217434714
803,10.778492015809915
804,10.570604054253252
805,10.213645183518437
806,10.176342023759455
807,10.846523452110146
808,8.356269670093486
809,6.854389734884547
810,7.991437891055164
811,7.336031686649069
812,6.750062395901146
813,6.94211706514356
814,6.422945825444115
815,6.369980614928794
816,7.328781226645753
817,7.502845227190691
818,6.653757082144263
819,7.610118909216945
820,8.6873124854699
821,8.216361075164368
822,7.959999231986137
823,7.739041189026641
824,7.957909096104943
825,8.547243948421258
826,8.653316305470105
827,8.610962585467608
828,8.100814955486157
829,7.818492732817206
830,7.960888828752188
831,7.960888828752188
832,9.017801217373567
833,9.056439091369327
834,8.964464293446529
835,8.924175568596993
836,8.62189474441266
837,8.39941704793208
838,8.414087046033325
839,8.537948276463725
840,9.31871073501027
841,9.643752927767736
842,10.506834486530824
843,10.781833635586956
844,10.42302020271977
845,10.290982295932238
846,11.85433184427409
847,11.31238036927893
848,6.354903088460229
849,4.9014019064259395
850,5.197341136010736
851,4.874692590579954
852,4.769612910529153
853,5.287944342267625
854,4.974154150376453
855,4.580861291098071
856,4.794733951213681
857,6.352213546035945
858,7.777933719820718
859,7.681755375599364
860,8.490185716944133
861,8.240923955477175
862,8.122389076965252
863,8.22908911154654
864,8.083507836363712
865,8.23443526276344
866,8.33430128235213
867,8.4532993218555
868,8.777854917370709
869,6.887473503331187
870,7.190846759622871
871,6.649693269988832
872,6.617990390742179
873,5.57070183642423
874,5.602392366127429
875,4.134617565703724
876,3.3884973693265152
877,3.5833112697293723
878,4.079275593318044
879,4.2397667319580945
880,4.135659285791382
881,5.599623931485342
882,6.835132399369437
883,6.685483584763197
884,6.705002576900965
885,6.9108834412320075
886,6.638820519620636
887,6.7854763085124725
888,7.012532368887703
889,6.9703944636648085
890,6.94483865327844
891,6.878868511263558
892,6.902616130929284
893,6.146759175658434
894,7.340008996039193
895,6.92022574771165
896,6.431699327969809
897,6.148282877723843
898,5.821006022095276
899,4.536093778689221
900,4.957655998617705
901,4.806443030729035
902,4.438496592287211
903,3.5892706383062523
904,3.3851443438615902
905,3.303998232515082
906,3.222221024477623
907,2.1522266512719934
908,2.4319791424288306
909,1.6920013016154867
910,2.2036483628816272
911,2.91925214964206
912,2.5622542289594596
913,2.5928061421546245
914,2.395855004610281
915,2.2764111932881193
916,2.5130239298473134
917,2.7396635844948003
918,2.4083858628733745
919,2.472459241764713
920,2.217482062030518
921,2.32846234910995
922,1.8744179862739019
923,0.6624082653256202
924,0.7085503600955612
925,0.7980064265783682
926,0.5072525708590403
927,0.7423793075786111
928,1.1266661932086697
929,1.740665722116086
930,1.2869610426993638
931,1.1646179561636716
932,2.0693347964965136
933,3.119664854474613
934,3.2788791029855657
935,2.6442407239408716
936,2.5528192564242325
937,1.7076809763916012
938,1.951380622538701
939,1.7720287886779484
940,1.5126198106837352
941,1.0879643095405678
942,0.8772647209094542
943,0.15037045613004452
944,-0.9214169155992713
945,-1.14689876598848
946,-0.85296640682333
947,-1.5364791299691927
948,-0.8867068904438669
949,0.8811062624005661
950,0.21672132594265925
951,1.0108500651327956
952,0.7253890250966011
953,-0.16939439415264435
954,0.02376909984456166
955,0.4262294468711403
956,-0.28555039348314715
957,-1.4248703430436604
958,-0.17238219558161072
959,-0.6266251923751298
960,-1.4224809902733337
961,-1.2256302690118015
962,0.0812631322274715
963,3.606266430896299
964,2.728156009842353
965,2.3409933056599996
966,2.8485113137792117
967,3.4622063402766745
968,2.5016524020604614
969,1.2318806141167427
970,0.3895966924130967
971,1.009714377135551
972,1.4434411202305375
973,1.7550095785075603
974,2.5193538750805544
975,1.8638502147704683
976,1.2552647723210741
977,3.046454676806243
978,2.6989381379466604
979,3.582951105009524
980,3.463892052498352
981,4.45539022758481
982,3.617901455831185
983,3.859765751122235
984,4.530900375792446
985,2.121229315898665
986,1.5796014430638605
987,1.480004227251297
988,1.3856523320718406
989,1.522490341913585
990,2.0695757541941973
991,1.993320636224194
992,1.739607245410646
993,1.4304339133462296
994,1.1334137079859863
995,-0.17047876323387223
996,-0.6748474809851412
997,-1.1733191992939318
998,-1.2892202226170157
999,-0.38212184927174375
1000,-0.5222740850413299
1001,0.9312377206839084
1002,1.2164270062858806
1003,-0.8920944371102135
1004,0.9897396352007037
1005,1.4392798861744938
1006,1.6051604697640665
1007,3.283482629881118
1008,3.570226844868829
1009,3.1597802203706005
1010,3.5668633662556903
1011,3.9652330020900184
1012,4.397905313895212
1013,3.463632701580943
1014,3.8700038442092133
1015,0.1072732761759676
1016,-1.4421862284814457
1017,-1.508560303308637
1018,-0.7004254366556273
1019,-1.0468804750027205
1020,-1.3787612621687595
1021,-0.41330194733528725
1022,-0.3208291124946028
1023,-0.4165156736444242
1024,-0.1023642101238953
1025,-0.055580582170755566
1026,-0.6484548008053759
1027,-1.4712180575891076
1028,-1.5912449480263269
1029,-1.9677579230468645
1030,-1.9266625016529093
1031,-0.8462983242841005
1032,-1.1191861183552088
1033,-2.058452109652076
1034,-1.9012019781670664
1035,-2.3639333981995803
1036,-2.1145875897626287
1037,-2.478668144711005
1038,-3.002185831887194
1039,-2.9823039428004905
1040,-2.990337350407013
1041,-2.962723506592313
1042,-3.749924783126457
1043,-3.8405918648244386
1044,-1.720981312393588
1045,-1.329325664212322
1046,-1.501767738693649
1047,-1.9158508117196882
1048,-1.5134743129842088
1049,-1.395494938535713
1050,-1.1926411059820063
1051,-0.8921655845296472
1052,-0.09727851782299624
1053,0.01068444975951266
1054,-0.9134727530713427
1055,-0.9664998373119182
1056,-0.9264948039415577
1057,-1.3894316174817178
1058,-1.5056577929321247
1059,-1.3938779096666298
1060,-1.7186215484817802
1061,-1.759872351368541
1062,-1.6237617315542296
1063,-0.8153049378923249
1064,-0.690869141950512
1065,0.0648880735793611
1066,1.5605391740755037
1067,1.7532418296271723
1068,1.938769391404227
1069,1.0302661314242068
1070,0.45331218401563067
1071,-0.13754425106599077
1072,0.39702495882192324
1073,-0.31623549067494316
1074,-0.18743366217709445
1075,-0.1454172746362281
1076,-0.012299826359774002
1077,0.14364599249363508
1078,0.41635004948505916
1079,-0.22874031707603715
1080,-0.4763226329179471
1081,-0.616173845310819
1082,-0.47944914841533404
1083,-0.37658552508744725
1084,-0.5062772367178225
1085,-0.4776472900853257
1086,-0.46596814088653016
1087,-0.8541612550492239
1088,-1.2016310815128661
1089,-1.4876664624811409
1090,-1.9649118756373984
1091,-1.593712700387917
1092,-2.4839601998510985
1093,-1.6703667325223548
1094,-1.587116733107119
1095,-1.38003804013076
1096,-3.2110435517813007
1097,-5.3968023421041345
1098,-4.74749166528885
1099,-4.47194686451069
1100,-5.9219677785770415
1101,-5.712580303056624
1102,-5.944807780204053
1103,-6.258550783246319
1104,-6.368722623104484
1105,-6.346926233341277
1106,-7.3311197125212395
1107,-9.836684823648623
1108,-9.59419476388721
1109,-9.715418311304225
1110,-8.79471549969283
1111,-8.980323067687369
1112,-8.607037621963231
1113,-9.273811398483446
1114,-8.598045786123077
1115,-8.991812083919438
1116,-9.056446374434257
1117,-8.457575219511092
1118,-8.209561969835399
1119,-8.01225370302021
1120,-8.36653843965488
1121,-7.89100147830254
1122,-8.499367883793262
1123,-8.171050065585039
1124,-8.143865101682913
1125,-7.851808168363372
1126,-7.647748849792335
1127,-7.2279402789544145
1128,-7.1752151347498465
1129,-7.443046107178963
1130,-7.823976619989203
1131,-7.482885639139458
1132,-7.172253279462137
1133,-6.917159498649861
1134,-7.08793727885435
1135,-6.8961317591815
1136,-6.974487317922062
1137,-7.171171407472022
1138,-7.543993681987782
1139,-7.683103520317081
1140,-7.904608602873397
1141,-7.08755244487268
1142,-6.824457997965938
1143,-6.95731113875312
1144,-7.011430842440314
1145,-7.252113022062245
1146,-7.474765962575358
1147,-7.757034055435086
1148,-8.504078431781858
1149,-9.072980319644586
1150,-10.675730435895915
1151,-10.64367505853564
1152,-10.90649317246719
1153,-9.95026515325874
1154,-10.48387744874434
1155,-11.14322867170281
1156,-10.918290187727553
1157,-11.669841936883053
1158,-11.684650655526674
1159,-11.641802925466195
1160,-10.59208975531054
1161,-10.08007582971613
1162,-10.070901891817098
1163,-10.525672255268692
1164,-11.406924286859487
1165,-10.759107830897518
1166,-10.485636837064416
1167,-10.482573104226534
1168,-10.27527363895654
1169,-10.222702140615015
1170,-10.946075461810034
1171,-10.777043852685741
1172,-10.302466368567597
1173,-10.934836391101676
1174,-10.505111380952957
1175,-9.43535311074325
1176,-8.735090893110497
1177,-8.748514902485539
1178,-9.143023603401678
1179,-8.973347123035836
1180,-9.695502448945204
1181,-9.976206780188523
1182,-9.558200454263288
1183,-10.12262624395498
1184,-10.710915735512794
1185,-11.928822675548679
1186,-10.840777586163753
1187,-10.277575169366692
1188,-11.978932863551805
1189,-11.515516331842267
1190,-11.863211850531618
1191,-12.30274750482363
1192,-11.884745929034068
1193,-11.960178991780834
1194,-13.1463658197829
1195,-13.934369946032255
1196,-13.558788489017527
1197,-12.188637092671462
1198,-11.803394938700906
1199,-11.737898409666004
1200,-10.650905336147831
1201,-10.437795825479956
1202,-10.550464125711578
1203,-11.312405323619423
1204,-11.198338851275224
1205,-11.312796230869582
1206,-10.618687140009575
1207,-11.26754921434453
1208,-11.278499099618976
1209,-10.698875613307578
1210,-11.042876527227573
1211,-11.02442136358106
1212,-11.052208693383337
1213,-10.358673011457354
1214,-9.585956436342801
1215,-10.135502199879621
1216,-10.226261903130885
1217,-5.482479190270395
1218,-5.3138472494196005
1219,-5.730605248136634
1220,-6.300787174840295
1221,-7.59870877004939
1222,-7.80352593142053
1223,-8.293397269509617
1224,-8.31334315823261
1225,-8.16390981372157
1226,-8.022817423672969
1227,-7.65682852224524
1228,-6.8810042840741765
1229,-6.155355329088041
1230,-6.454510960808857
1231,-6.556549572032056
1232,-6.350779728691669
1233,-6.255204108363943
1234,-7.2015313592240116
1235,-7.112572813756934
1236,-6.388079334206687
1237,-6.414449817963829
1238,-7.002678713621302
1239,-7.018668248676219
1240,-6.253466551345232
1241,-4.8833459945886055
1242,-5.4803704845240215
1243,-3.8516927046823524
1244,-3.5562218036346294
1245,-3.042074571423181
1246,-2.6388753329288472
1247,-2.6033808609447817
1248,-3.1791394734598466
1249,-3.1495763159163026
1250,-3.2228912329444026
1251,-3.6099758037252294
1252,-3.485162816694609
