,cash
0,0.012180778324501011
1,0.0009385786370687348
2,0.00855589789564256
3,0.023652064245860596
4,0.00878869377792208
5,0.04353241867600161
6,0.0034758482741345693
7,0.07440168600423909
8,0.019704825529591397
9,0.05510597256331986
10,0.007796952419489931
11,0.010532581366460157
12,0.01587628808884521
13,0.04549014982761622
14,0.037720732230951966
15,0.005553489478216202
16,0.015008492006006685
17,0.016620658537805387
18,0.04784508878690539
19,0.03511788524563182
20,0.042290529876671715
21,0.002191729952846265
22,0.08739694611831444
23,0.011313166148550227
24,0.04212170131098636
25,0.02456710700383581
26,0.018678822849952533
27,0.0021998168253729153
28,0.08891218238749253
29,0.03586684261193333
30,0.03111426471687631
31,0.0024292145403699617
32,0.041638822334236825
33,0.012935956062320536
34,0.006012768876196435
35,0.05572521211686531
36,0.01914338933078228
37,0.02775983596220578
38,0.01593040561178329
39,0.02010357130842603
40,0.03568000736852483
41,0.023095113845840995
42,0.020721544019601218
43,0.06273321965500668
44,0.024684968231557105
45,0.06612615610679831
46,0.040497260266831724
47,0.040616273677561134
48,0.03045981522477665
49,0.04108207865745072
50,0.005853013194644623
51,0.05900460908899562
52,0.030938650489804962
53,0.0006795333036386902
54,0.1346656988300926
55,0.011160242693639997
56,0.08046745955177761
57,0.01241690554912552
58,0.003146867844183783
59,0.12161809954218336
60,0.018863763594577705
61,0.005076589966105329
62,0.03346666608224875
63,0.07979289940573914
64,0.05647813430754079
65,0.006968043479438139
66,0.008703372926415341
67,0.0018016073228013475
68,0.0367559262197566
69,0.021271599905659272
70,0.009687078824593928
71,0.04492626115231485
72,0.0487892897876187
73,0.011641439886871961
74,0.07377129869653345
75,0.013345923838673312
76,0.07933535181007363
77,0.006766013048860413
78,0.05010510499751749
79,0.018457027837058253
80,0.0020199745581404045
81,0.0020488832195942573
82,0.0600998117777185
83,0.017937686215559058
84,0.02041621987719292
85,0.02518921201234837
86,0.0420370396171131
87,0.030538470198174506
88,0.018737857097413775
89,0.10721976148344699
90,0.015247915882945154
91,0.0022026071995290253
92,0.10750458335029164
93,0.004797966149436279
94,0.011179589605203696
95,0.00284684241252514
96,0.014453426222309475
97,0.019483923363670237
98,0.04029458017866004
99,0.0026023011490875513
100,0.1471327875047271
101,0.04593797986011455
102,0.03238469658735126
103,0.0016972943103935134
104,0.0016845074653253486
105,0.03578459593735764
106,0.05473200760604426
107,0.019436658812438213
108,0.018283000169596053
109,0.04070923783206389
110,0.0035781169163451258
111,0.010818965880306864
112,0.042750855960321105
113,0.04891345995237963
114,0.042151509023544344
115,0.04774564386218897
116,0.02010693056403668
117,0.007558782282351909
118,0.008602933220163606
119,0.035779052031162675
120,0.01507727011720444
121,0.03913501394687979
122,0.01367049035034854
123,0.04604681125501817
124,0.01664919703228095
125,0.05203792876623158
126,0.03328378031034272
127,0.002008140488027748
128,0.14079220367444542
129,0.034893738965643434
130,0.09579402351716843
131,0.0030111999375399675
132,0.01226482559782849
133,0.017328525746206577
134,0.07841424411117412
135,0.02199641570102484
136,0.14665712361141545
137,0.03616714991801917
138,0.0045829173946789
139,0.11574403365671328
140,0.012874344521644968
141,0.04839276600054049
142,0.023794440836241562
143,0.003290257923759198
144,0.04376627157615722
145,0.022972306939050464
146,0.028580500997394162
147,0.02012230993190895
148,0.008418414642519842
149,0.1258198439651697
150,0.027006490115915025
151,0.10109852112224108
152,0.016682546279558595
153,0.00572110426785429
154,0.10286074997447515
155,0.01570437978640061
156,0.053545393213483373
157,0.01876294030565564
158,0.06606503065939037
159,0.0025650167164598834
160,0.0537413037743751
161,0.021725868813763934
162,0.06657936937254706
163,0.029013791874271347
164,0.030302809709933907
165,0.05515792077621945
166,0.06780034808195429
167,0.01656663284282668
168,0.005458203376835156
169,0.0015561204279851506
170,0.09538307350551252
171,0.04585182765709265
172,0.026228628714299644
173,0.0016663655396459258
174,0.034987911771503746
175,0.002883773099435147
176,0.1549813618234394
177,0.038423029010407096
178,0.014693469299241198
179,0.023185618616546704
180,0.08419339449458631
181,0.03460620286501485
182,0.06355272991820822
183,0.0068028781100913744
184,0.0014232099068894758
185,0.031763634741079017
186,0.04560061887768455
187,0.017181272842821366
188,0.09275693903242627
189,0.06395003788644503
190,0.05367715865570465
191,0.033827766119304915
192,0.01895266900256365
193,0.052953451783495586
194,0.02723831994512002
195,0.004511484235446805
196,0.057661471036209895
197,0.0023909213502813754
198,0.07718293777829437
199,0.013150183258009956
200,0.034683800542096424
201,0.04553115986832629
202,0.008867947367320416
203,0.06684301682235518
204,0.07596888913603295
205,0.045465618567333416
206,0.02409875444606332
207,0.029517670401734298
208,0.0442769146339691
209,0.03121202373620619
210,0.005101090758774355
211,0.018374061324789786
212,0.0674666666061913
213,0.019475191563907757
214,0.15430393997759542
215,0.03543563848961393
216,0.027493825094330973
217,0.03371526284364542
218,0.09317751290818303
219,0.018672829787192362
220,0.050270227281034
221,0.04460641923869018
222,0.03183211756579466
223,0.018873487079251995
224,0.002491130917929819
225,0.015982038593750095
226,0.027675360432560386
227,0.004108935339347484
228,0.048891341412231414
229,0.03748865653031705
230,0.12929494263970884
231,0.019441589411835897
232,0.020983074297850714
233,0.052820580195014934
234,0.018324049661587443
235,0.010021433440341171
236,0.005287194069780569
237,0.0892005312914646
238,0.028298880153193724
239,0.01639981041123686
240,0.05095100940971264
241,0.03360595216954205
242,0.05526229551283665
243,0.032260862273000124
244,0.03150737338834813
245,0.06642960461691903
246,0.03079740230848651
247,0.05608468767923243
248,0.004205389861350557
249,0.04149084670275154
250,0.1391627988576001
251,0.07863293760124325
252,0.020910191924719636
253,0.04341121538932501
254,0.07876329483799681
255,0.0365865137234594
256,0.004831635944595303
257,0.03738826282948035
258,0.02546958602201831
259,0.037393031608996936
260,0.13534622869029053
261,0.016830108206526764
262,0.0026394295144181357
263,0.1569405078973904
264,0.020906036329873298
265,0.0224506394847102
266,0.11529690486996946
267,0.06626703319646517
268,0.04980548161578712
269,0.004806936059460593
270,0.02484080355787891
271,0.054333156296776826
272,0.01292396544702148
273,0.0034348810866560407
274,0.003353657422950853
275,0.08179316838747436
276,0.07362694950333497
277,0.02327922389373537
278,0.1397789309079559
279,0.031468168394482965
280,0.08050984814068277
281,0.021646043010537137
282,0.09744122602412668
283,0.02584745249359917
284,0.00422725722325691
285,0.045363553900478165
286,0.026303256794369925
287,0.003011567613419207
288,0.10375736769287223
289,0.01408041339276752
290,0.030476606849459645
291,0.11005438662447095
292,0.047518097954890405
293,0.02125644320621713
294,0.07385661863040732
295,0.18201711222778663
296,0.030621158687953693
297,0.03595197542842521
298,0.00467543137936845
299,0.13348944178381608
300,0.05321825732871216
301,0.030432099217493357
302,0.10296915558405445
303,0.04641688835702076
304,0.03715606078307563
305,0.013230493933990646
306,0.026897729564757777
307,0.04640423156904919
308,0.009391264944202235
309,0.014354007786770654
310,0.0925556939464689
311,0.019432980309766035
312,0.1041666227500211
313,0.015291659729278087
314,0.03688835733108648
315,0.00408400540637437
316,0.05492532639836452
317,0.07569126230925552
318,0.013080933123954197
319,0.047418718964897605
320,0.012884641126857983
321,0.07141969169002929
322,0.017270199293580132
323,0.06911993927541059
324,0.009663908343330465
325,0.02262948235099525
326,0.004765496719519804
327,0.08478667067606185
328,0.036327931136392655
329,0.032034867429550404
330,0.13660292410313674
331,0.06284144953572315
332,0.03141671091144498
333,0.04907695690443586
334,0.03839151404970686
335,0.06512440465519984
336,0.01225876984748239
337,0.025030528670260226
338,0.013349660538295451
339,0.040490597450007236
340,0.004279590528389041
341,0.08027610381956363
342,0.05641032778989119
343,0.010720264571826147
344,0.02088800055978287
345,0.05252424737076841
346,0.11223989506715944
347,0.009295659307355276
348,0.006880784883978568
349,0.03195612113772945
350,0.050255571748934295
351,0.014144940941408973
352,0.0061701746697908465
353,0.04364685102650902
354,0.02802327082586707
355,0.05786353278864879
356,0.0168074722907286
357,0.026683324333181442
358,0.005005563140183421
359,0.0843183778091742
360,0.026380086815279567
361,0.05338218938651702
362,0.03751033354172073
363,0.08823556971876523
364,0.07780830144236596
365,0.00790765878732635
366,0.040254741521732355
367,0.045084351028419324
368,0.011767768464099599
369,0.015282602355612334
370,0.06303640384119323
371,0.00974716379855537
372,0.027886359993855428
373,0.04792944438451187
374,0.01819442096277656
375,0.010254962577208935
376,0.008498637265127453
377,0.0701400367277275
378,0.07916570378830755
379,0.006741056297550343
380,0.004463336302766094
381,0.004369870646970002
382,0.06570404058501478
383,0.021011973433944692
384,0.014463226382232087
385,0.017891380499905185
386,0.0063443378854728125
387,0.07393846552942034
388,0.032913930009201835
389,0.005810258577195651
390,0.1356814530962917
391,0.020534312924468757
392,0.07010051755415612
393,0.0047712287748539126
394,0.07340383896755305
395,0.02884470250915447
396,0.0044090843682290754
397,0.03602328771523182
398,0.02841803699061399
399,0.05074663315802252
400,0.10967850743063351
401,0.041101046037677315
402,0.0052853511271076185
403,0.08317669318620825
404,0.05345732847149971
405,0.01194477222971146
406,0.0075838879971270945
407,0.09977093651829223
408,0.03365784874465386
409,0.04283151892888106
410,0.07435907108130835
411,0.006519857266338832
412,0.0066935638307361696
413,0.04381350047982087
414,0.027275814011481183
415,0.028429058276119613
416,0.004911665949542213
417,0.03770363784083438
418,0.022084256819658067
419,0.03798999200072787
420,0.006581849129385414
421,0.09157126285389158
422,0.05445128161333041
423,0.027457392097717116
424,0.009160963981365379
425,0.05865518968724553
426,0.029313367716537427
427,0.04430596870721805
428,0.013107026326126023
429,0.07603716102252044
430,0.012800931742251644
431,0.038357286375432766
432,0.047233030150427825
433,0.03599587759731782
434,0.005645149383471204
435,0.033850322344727346
436,0.0694145072598133
437,0.026746259622930424
438,0.014855365954283344
439,0.0726775025396833
440,0.02630107037662448
441,0.03457199067306567
442,0.006561508010940786
443,0.11089800618312337
444,0.034582009338298615
445,0.045599206665283665
446,0.006146147813454879
447,0.03774348552571142
448,0.06905507981932933
449,0.07005989725988915
450,0.04613834792048299
451,0.018564861733081323
452,0.14573705059383918
453,0.006959078324793612
454,0.04013861870294777
455,0.05685278601244511
456,0.04345951619761346
457,0.03150798968683298
458,0.057091748610257016
459,0.010947396968087372
460,0.11580545679974372
461,0.05487134353976759
462,0.047554403860373164
463,0.017160747904928143
464,0.025515687229535674
465,0.03919153058532273
466,0.012412173731124422
467,0.09851876838933077
468,0.0063790464295975825
469,0.04354838162515438
470,0.02398626275287279
471,0.04179564707298883
472,0.03086626680097851
473,0.010535508595938584
474,0.0591410147596746
475,0.006568167760638068
476,0.03959248498066612
477,0.006710239035406483
478,0.0947365917440682
479,0.013773954142398332
480,0.00837265871927
481,0.0117983279761723
482,0.005559631894620961
483,0.0774850003085795
484,0.01649946805851318
485,0.04583573136784932
486,0.01328980078055753
487,0.009613783919211792
488,0.007722481727500879
489,0.02874083692240424
490,0.038845097398443766
491,0.02713709526837613
492,0.06908592492809658
493,0.006926138259052397
494,0.05046490566915358
495,0.04086398784402556
496,0.01820760648326889
497,0.02081464701648318
498,0.042130471787853216
499,0.01764133781873876
500,0.00646680759293928
501,0.13014234674155525
502,0.07363382112702777
503,0.06999228369937352
504,0.03949325689811719
505,0.02175266315624314
506,0.06936240965594483
507,0.045125891467022144
508,0.017312085844455715
509,0.00939338854484172
510,0.007250631512423501
511,0.007184341278689984
512,0.011289819866152715
513,0.007325836119371178
514,0.015803938734591353
515,0.03160942264037523
516,0.1068717372157491
517,0.03277915737061444
518,0.018019841155765676
519,0.027041522924539107
520,0.05025511534953118
521,0.026136898195212834
522,0.07355700001356369
523,0.04429169434587749
524,0.0106744336708006
525,0.014985754838688994
526,0.03420549230233215
527,0.011971804572598563
528,0.014091557579200938
529,0.009078426665538323
530,0.005932415482649299
531,0.07208942904703178
532,0.03235078472709156
533,0.01381367451803901
534,0.03438224555406688
535,0.023312067616357863
536,0.015141984354037708
537,0.007190139393768595
538,0.007196930465390365
539,0.024111591341162013
540,0.04557216149230557
541,0.028154253276806887
542,0.01871536773183342
543,0.037856192676219445
544,0.03122877676672373
545,0.05870601140444649
546,0.038868659796548265
547,0.020069394160330052
548,0.00795472253732592
549,0.0722736805648461
550,0.03476835594431206
551,0.08800007374046079
552,0.007548716859715575
553,0.0699975341234767
554,0.04037284073795033
555,0.04617531275613768
556,0.013924157680962787
557,0.10326455005816998
558,0.00730856147249262
559,0.09499271036121351
560,0.01357703377747795
561,0.007446257579565729
562,0.07156007787778453
563,0.006992983930472858
564,0.010730006900623194
565,0.047318602020395416
566,0.02118733223727454
567,0.006779584056688409
568,0.038917321609080485
569,0.028179667186946655
570,0.03224182711725952
571,0.015436639908089678
572,0.008100145636020625
573,0.02784944568319894
574,0.009912762019756929
575,0.06185648792498225
576,0.04726236172155071
577,0.023583461470439285
578,0.008247693690013987
579,0.08743274332008905
580,0.05205638015186281
581,0.01306863228799575
582,0.08651555335228639
583,0.058020401765174826
584,0.031941991139317984
585,0.006945889796020831
586,0.0876982194199551
587,0.03205208533623023
588,0.12129342145006113
589,0.03231239459663027
590,0.13848467026499833
591,0.023255596546116575
592,0.02355042734023962
593,0.05716355227711316
594,0.027305393533332716
595,0.02920938038000589
596,0.01456662857518339
597,0.11133194213110732
598,0.007941859986232206
599,0.1162588507832535
600,0.010016317490290567
601,0.01797375255757364
602,0.029497479690482335
603,0.0077913426996850344
604,0.0347459184487597
605,0.018686704434551882
606,0.022532323889845635
607,0.0383295618442178
608,0.01748473333589506
609,0.006834489959847568
610,0.038581309025069156
611,0.008264803594531911
612,0.07642364722739116
613,0.07979404680732768
614,0.006708061022695709
615,0.07314781676712508
616,0.014181266587820074
617,0.11727537533132415
618,0.006719091400063809
619,0.08808790222711944
620,0.02286641950802214
621,0.08284080212406997
622,0.01988849455880012
623,0.09526904529396252
624,0.021952066325493565
625,0.09303484135460056
626,0.017466737192069044
627,0.03597069296403357
628,0.0327403265675051
629,0.04322771626057743
630,0.03772211859854515
631,0.01700907629441606
632,0.006057644903863109
633,0.01820770480429415
634,0.007758969798569737
635,0.053521369084715394
636,0.03124835251326922
637,0.0645092203335859
638,0.006155652858497476
639,0.09674253452287808
640,0.04388019171857207
641,0.013191524320433133
642,0.027063513376893132
643,0.021786470417590315
644,0.09479816061155841
645,0.03478177293454013
646,0.05030609765735387
647,0.06055870640422904
648,0.023042946372278286
649,0.007308817916974897
650,0.035538537912029634
651,0.006776450657790271
652,0.046971239419206584
653,0.026515619342704477
654,0.06990860631842907
655,0.036672684929845996
656,0.02831151920995601
657,0.03454424216450048
658,0.006486055307835388
659,0.08935167175727295
660,0.016141221869390793
661,0.031217262784636043
662,0.008360516359391564
663,0.14424623403685424
664,0.09500646550164862
665,0.00715170982276374
666,0.14367013235955498
667,0.010569389864287147
668,0.12456629755296084
669,0.01319738430938576
670,0.028234712265384026
671,0.007886226450864895
672,0.0478521072246834
673,0.013437097456265144
674,0.01969101139422775
675,0.01637272502505521
676,0.08037612374482293
677,0.03355849227846754
678,0.018644164796133487
679,0.008526322787763182
680,0.01614342046889043
681,0.007386984239881161
682,0.02459179970929823
683,0.006679826443820479
684,0.03774184888292988
685,0.010951319890287178
686,0.011807728465280925
687,0.15883670887660814
688,0.035336351025901235
689,0.040935052868707654
690,0.010092631960525835
691,0.048497465528151124
692,0.06943917763352295
693,0.022141679331583224
694,0.03981497001199361
695,0.047937810253076446
696,0.03221852232416341
697,0.08868502167599789
698,0.023524210341944136
699,0.0076532499179249
700,0.03718860003265643
701,0.031473034399197256
702,0.023556878405785964
703,0.022909291962673807
704,0.021223553964452566
705,0.06575266944128277
706,0.03233281505399346
707,0.026887888075159044
708,0.047311193777636734
709,0.07392850531473855
710,0.019039012358162036
711,0.006736847913613336
712,0.02493448817166904
713,0.009253834855076418
714,0.020099792891887985
715,0.02460854486732762
716,0.011321362113790284
717,0.04023060619813657
718,0.029660199942278403
719,0.02098502840270882
720,0.06789522172444977
721,0.026108419120609103
722,0.005657499569500296
723,0.03853164180809164
724,0.04951356455040443
725,0.00690803693749334
726,0.052708566266870434
727,0.050087957771076275
728,0.02304778551956159
729,0.07036524223490648
730,0.021419076189996427
731,0.07976903780758991
732,0.014247538891539983
733,0.06674721476105992
734,0.010576245200347108
735,0.007707881526419234
736,0.07059298566610514
737,0.008193895706454365
738,0.09444638744779371
739,0.023379790159048997
740,0.043902735013489326
741,0.05081213416080395
742,0.03721985957334763
743,0.022422881655653825
744,0.00840653177719364
745,0.027406930625477884
746,0.07663440867699353
747,0.08425074019474946
748,0.03578416774592148
749,0.008202437701165325
750,0.022176207512283892
751,0.016412513319649477
752,0.0562609570377848
753,0.029587618735834903
754,0.09393222071700251
755,0.028148954804817203
756,0.027014557680556772
757,0.03686262925022369
758,0.01562262274272948
759,0.039625350654804
760,0.04554381115303913
761,0.01731047936761902
762,0.04683263752565241
763,0.01238824972094132
764,0.0348227029871776
765,0.04322010027524006
766,0.006421541518841535
767,0.08358542047011798
768,0.008054738547370443
769,0.0482358527367377
770,0.029887434143491955
771,0.0348746354020302
772,0.006232029315804365
773,0.05872752788188028
774,0.012644326628947015
775,0.037404280663451035
776,0.0301896260806049
777,0.01386785835581555
778,0.053254561929537515
779,0.02618794976043814
780,0.04588481763084544
781,0.03224978084679154
782,0.1615475863845208
783,0.022182593006489695
784,0.01776615223543186
785,0.016573176582541663
786,0.007092436011557949
787,0.0071339786831989
788,0.12211480271491912
789,0.009765437919946938
790,0.058974360032371526
791,0.025818173903772085
792,0.03742629908585562
793,0.013852208935451221
794,0.018667469893074596
795,0.028705457479807676
796,0.07284160220679019
797,0.0077631614497753396
798,0.048585388496040396
799,0.053901235569608685
800,0.03029043322328839
801,0.03447994000935995
802,0.0063319373999405565
803,0.05624819339497979
804,0.019968560233221855
805,0.04292687984736208
806,0.10299087690490343
807,0.006950056394932766
808,0.08455049145259419
809,0.06224866965194596
810,0.05778956255490615
811,0.043426409080360655
812,0.05528394568104722
813,0.047492463401847776
814,0.00786919816441561
815,0.08812886454687285
816,0.01191800531728288
817,0.04671368296671504
818,0.02050092211856509
819,0.0574553630537969
820,0.013525402148777538
821,0.04579606509566182
822,0.051231410654198756
823,0.010563830146400064
824,0.06969818417800724
825,0.025238508576828033
826,0.0126016183105772
827,0.03819766545221709
828,0.022355201919035346
829,0.022228594882280704
830,0.01699840469274941
831,0.1580757985891527
832,0.03866110951087209
833,0.018133561593706635
834,0.017364824648137232
835,0.052225076125369925
836,0.05842145435459514
837,0.06123868156158511
838,0.011346087069863545
839,0.03115223516427686
840,0.009773035284218239
841,0.05605123944795068
842,0.009750255705346569
843,0.05315926596863286
844,0.02244855469866247
845,0.09353680198564128
846,0.05572548778579957
847,0.023542493501358345
848,0.019654444651999767
849,0.009258763508858354
850,0.07624740217028814
851,0.0751391715068639
852,0.021532458649019752
853,0.10756632075558299
854,0.020678289041976036
855,0.03550259564773096
856,0.007930057479183206
857,0.09452193910145334
858,0.009131266428643184
859,0.0674078870457616
860,0.07691962983317427
861,0.013871337451052686
862,0.05915951888020905
863,0.02345332894934704
864,0.056731336824495236
865,0.019774966839304492
866,0.07046060672001382
867,0.008376711248828703
868,0.03722369743491228
869,0.04439770509871863
870,0.009392967985588824
871,0.030567588084602394
872,0.008717644813928808
873,0.029433166158832926
874,0.029938714105256115
875,0.016707248926029303
876,0.008130730006696686
877,0.08079643254107477
878,0.03575968801811964
879,0.020325260828822442
880,0.012073762522707086
881,0.04346166506635799
882,0.020657660204096342
883,0.04595126374857376
884,0.04576295467155574
885,0.007785762472428115
886,0.12449645197646333
887,0.018704184754033182
888,0.007996335349897726
889,0.07462868577681059
890,0.010339326004507494
891,0.07186378444216683
892,0.016249425698973245
893,0.051676398588391945
894,0.0203389903007829
895,0.01344587377968481
896,0.04324934367482858
897,0.02557114865181024
898,0.03489925501722415
899,0.022449560467139047
900,0.03743346875275218
901,0.05540180910692807
902,0.009682192720139673
903,0.14356977111156866
904,0.02826739801180147
905,0.021370250939917283
906,0.04957241207481832
907,0.040555692884851086
908,0.008345770841392413
909,0.04617518192580578
910,0.013745752536542822
911,0.03158869556326255
912,0.0450224962565587
913,0.07221322987999688
914,0.016886949644467544
915,0.014062180942188498
916,0.03124845111966629
917,0.020019616084783268
918,0.0349346574615738
919,0.020550557092545045
920,0.07199096861337549
921,0.011889572985977306
922,0.07799742342025111
923,0.01194025840823404
924,0.07226784710816617
925,0.019324402948497615
926,0.009037835086612586
927,0.08959083095284118
928,0.021843317953314456
929,0.015685410527712794
930,0.11882521296955426
931,0.008886075357827043
932,0.06241171248359708
933,0.053548132006249916
934,0.05251527228758073
935,0.013297141688053786
936,0.009975165745671179
937,0.052509197417450214
938,0.02536323007438344
939,0.010703025265195284
940,0.050722122227170825
941,0.013022551180552074
942,0.043197823790203746
943,0.015273501510206901
944,0.10718220997530237
945,0.08466382286727957
946,0.008374819532283417
947,0.028300548699435876
948,0.015144627733060266
949,0.13033901336900716
950,0.018268105842571943
951,0.04175681504498613
952,0.024367537263217345
953,0.017997361122407397
954,0.015875883238916373
955,0.07120452229996266
956,0.008233643723698761
957,0.008217995505757919
958,0.050426907795762255
959,0.010394860098743677
960,0.082226704780728
961,0.021009969972579753
962,0.020432995995014074
963,0.025350617710373776
964,0.09283459250968708
965,0.011157530916550366
966,0.049762616646976544
967,0.011153869064886312
968,0.06197374757624238
969,0.012488970265046426
970,0.07322472389134986
971,0.04095367450214673
972,0.009839536125789625
973,0.13118233112368533
974,0.024940215680326172
975,0.03269342170719975
976,0.018069668764892716
977,0.0355181731923337
978,0.012484467133791815
979,0.008717244076331556
980,0.07689460923787153
981,0.016532562403732003
982,0.014815645538817134
983,0.016116616449228124
984,0.05044569120430268
985,0.028419963412966966
986,0.07497446171770064
987,0.0361351902544028
988,0.01001769466369373
989,0.1254707138866935
990,0.03577000086063286
991,0.017872604087308577
992,0.010452789458050102
993,0.017994779488827987
994,0.022362581385687162
995,0.07320033540568617
996,0.10023268633261796
997,0.009288923711221468
998,0.07449487701117569
999,0.05822077732676366
1000,0.016736884844500404
1001,0.04765269269042291
1002,0.008306736898333153
1003,0.04011676419895651
1004,0.07840804787291603
1005,0.0227561382801894
1006,0.021121078311439348
1007,0.0626468507748619
1008,0.011176674382632944
1009,0.0885302081358498
1010,0.015217330342458493
1011,0.009796913659786181
1012,0.07104887067687632
1013,0.04589871579493112
1014,0.01724515314248217
1015,0.10423383158240995
1016,0.030685760735377918
1017,0.05403248059639104
1018,0.01164894001672049
1019,0.011529162806350093
1020,0.0858757523802061
1021,0.04066851038906494
1022,0.04927384816537191
1023,0.062144122044364036
1024,0.03189397238006344
1025,0.050758922583674274
1026,0.02789383068754994
1027,0.010001454967666322
1028,0.09448613184337311
1029,0.041314981730455794
1030,0.030220052371439213
1031,0.047149801624238055
1032,0.016414635193651973
1033,0.010699035661578267
1034,0.09515505982034843
1035,0.056866513122725684
1036,0.08464147792265198
1037,0.03237471080730596
1038,0.055595590846394115
1039,0.013822476156540477
1040,0.022346722947342898
1041,0.03807286712429993
1042,0.02013685337183597
1043,0.04599322060528719
1044,0.07932782779963747
1045,0.01685093739748228
1046,0.059277451316244484
1047,0.012870039582446863
1048,0.026650353748456812
1049,0.049311479225659226
1050,0.06384684171459563
1051,0.018587301302408266
1052,0.05970708756088251
1053,0.04201960065551945
1054,0.010494164559149739
1055,0.027407464068348944
1056,0.023903063690862415
1057,0.010295070498971916
1058,0.0769569689365494
1059,0.10617208904679261
1060,0.017458741104508377
1061,0.014636387512580817
1062,0.13252311793676494
1063,0.010120828494196078
1064,0.04636077226256564
1065,0.01768657058715702
1066,0.05037008539907764
1067,0.07530364921598717
1068,0.04342060786520965
1069,0.015887564569657047
1070,0.017968230141459665
1071,0.01343720563357668
1072,0.020867354422273148
1073,0.018184396689383167
1074,0.029554635638783418
1075,0.10094517057188102
1076,0.026630365386686384
1077,0.010811423487598403
1078,0.01104777893123812
1079,0.07263694629926118
1080,0.01763367577259923
1081,0.06782435259831297
1082,0.050480256831752536
1083,0.01446929728170854
1084,0.04787242537105802
1085,0.024988206434897024
1086,0.07526447309366875
1087,0.014378409528774923
1088,0.07375579268746218
1089,0.08114203238114029
1090,0.011739234695735054
1091,0.017020103047912044
1092,0.04925169079850678
1093,0.009187577861338999
1094,0.06357118601728451
1095,0.015139702294708601
1096,0.027711850890878447
1097,0.04850950763546656
1098,0.015189931037235996
1099,0.025111638178153567
1100,0.06873703038527687
1101,0.040667199261153045
1102,0.060871378266060136
1103,0.11352462053019173
1104,0.023113905545524387
1105,0.053462466463956415
1106,0.06352251605253409
1107,0.019884071494406543
1108,0.027778498838794935
1109,0.02149411526004029
1110,0.060143428865550595
1111,0.13653731114862433
1112,0.015950792355988057
1113,0.010530309179625219
1114,0.01508408918921586
1115,0.01895535202502509
1116,0.049101865723859515
1117,0.03797647721601814
1118,0.0362116372105084
1119,0.01587538068722825
1120,0.12171954564898985
1121,0.03316572219372034
1122,0.0571487985459497
1123,0.014931896199357189
1124,0.016247799328482047
1125,0.017710962194649463
1126,0.02609858119554157
1127,0.06876994771734009
1128,0.05868936673644716
1129,0.010202723240634953
1130,0.02900350217559587
1131,0.05465918939010943
1132,0.024745687227192233
1133,0.06554097643245507
1134,0.09971621055128366
1135,0.03096643743934575
1136,0.019045502633221762
1137,0.025919755884246734
1138,0.05663257969262196
1139,0.017032234866711026
1140,0.11526529874688587
1141,0.02674974693815602
1142,0.009411247888044724
1143,0.06630061524120873
1144,0.11960763804317352
1145,0.009200328815859294
1146,0.047510164542012644
1147,0.009913085075667195
1148,0.05205699597287011
1149,0.020629325615920076
1150,0.015764397386430037
1151,0.01524552289918798
1152,0.03661325705221132
1153,0.01654653426204829
1154,0.030142126896259586
1155,0.04138174197942714
1156,0.021534092189884405
1157,0.09334245792968862
1158,0.017956147968683212
1159,0.030919759123162204
1160,0.02934577993834259
1161,0.0195660636001673
1162,0.02355066133256801
1163,0.010271642727095822
1164,0.010345162777737489
1165,0.042929616747563175
1166,0.06659547631656297
1167,0.010903512910772125
1168,0.048417275430224546
1169,0.027203707050689203
1170,0.03899153510821058
1171,0.011874955048733236
1172,0.04600717548450283
1173,0.02858603566897442
1174,0.01515235900380962
1175,0.030174325969457485
1176,0.07620910965672284
1177,0.0345954729820605
1178,0.016371539352171394
1179,0.010729344098413293
1180,0.030413871670314695
1181,0.02285789511613279
1182,0.02507209475023745
1183,0.02343106425209395
1184,0.12249923296628422
1185,0.08459100779389314
1186,0.01333926323692533
1187,0.025553908743100772
1188,0.05215459626181845
1189,0.10457606556641719
1190,0.02707473373930091
1191,0.05826262379363483
1192,0.087508703304649
1193,0.012064729825567133
1194,0.057343943760251974
1195,0.06360421437913058
1196,0.015694732367609997
1197,0.02066536285000502
1198,0.02095691588958739
1199,0.07011334308839508
1200,0.017871874462750188
1201,0.05033586694992535
1202,0.025668320908599898
1203,0.08743140205588719
1204,0.08190418592082974
1205,0.012326408942921108
1206,0.07629120348464623
1207,0.08726642316283535
1208,0.013835314269477785
1209,0.04986685307729446
1210,0.011715863687613548
1211,0.04143162148074176
1212,0.028999806562689266
1213,0.05526201430079112
1214,0.02048820057641955
1215,0.01840135053798217
1216,0.05391668019065957
1217,0.06156639064127179
1218,0.01321041828952945
1219,0.026954617279139274
1220,0.09974596991851087
1221,0.029622009846740165
1222,0.04626575085964474
1223,0.08144538154264376
1224,0.018312394072159316
1225,0.04946285922979266
1226,0.01998756626394136
1227,0.012065126456647065
1228,0.06686673565520998
1229,0.036801651644926214
1230,0.013436590662504695
1231,0.06609201718849694
1232,0.035461531786041375
1233,0.030792316833687897
1234,0.08576353750420394
1235,0.013117344219887929
1236,0.14853183431358621
1237,0.04626756158142826
1238,0.02041268628042139
1239,0.0297566995740116
1240,0.031973204585568245
1241,0.012839960555905151
1242,0.02870487773651051
1243,0.012170208134872164
1244,0.1131218527443727
1245,0.012087855914086202
1246,0.09274092476006027
1247,0.03359534929244844
1248,0.06635484609912182
1249,0.020173340416410255
1250,0.013959044754332038
1251,0.09061059372493581
1252,0.019702982153701174
1253,0.049195892386987974
1254,0.02497615809713116
1255,0.0660325657872729
1256,0.019909573056737195
1257,0.044212171332544174
1258,0.08537137742116326
1259,0.023993943351795697
1260,0.033202186703087444
1261,0.017401847662025953
1262,0.07310286721305383
1263,0.03362484095962858
1264,0.08030734338078917
1265,0.012229859018071679
1266,0.12977338465401603
1267,0.02548376823657745
1268,0.05669570920788877
1269,0.013874278319174453
1270,0.08329412059132667
1271,0.06785722248024612
1272,0.07196200925923367
1273,0.013797476611851654
1274,0.0935383396955972
1275,0.01702277997059989
1276,0.014455299997928404
1277,0.01648643939830674
1278,0.014525079916420977
1279,0.09521454561759667
1280,0.013650785580474908
1281,0.07428809194838656
1282,0.026111395251938417
1283,0.012547296381027636
1284,0.07653656992375718
1285,0.09297015878907779
1286,0.018216187390621322
1287,0.0540622808921432
1288,0.016253562978432914
1289,0.026066685387501336
1290,0.05203730475069696
1291,0.02492738794823206
1292,0.013590722118671851
1293,0.024581387673876163
1294,0.05221472532824782
1295,0.018933965336645292
1296,0.019631897948421136
1297,0.11158367724083892
1298,0.01733899725020439
1299,0.014511375596089659
1300,0.13642396091863515
1301,0.012681969731634398
1302,0.08621431913738228
1303,0.020847170448173892
1304,0.0122656496585824
1305,0.045911974341054894
1306,0.01300380817268744
1307,0.05008481957423077
1308,0.01643718717207757
1309,0.06620179079042826
1310,0.05785831951680678
1311,0.012201532721634272
1312,0.08628517155920185
1313,0.013149772764479446
1314,0.06213546772867281
1315,0.01418247719003672
1316,0.013405502152317979
1317,0.012384193026150953
1318,0.017798488107703955
1319,0.01182669117767369
1320,0.07433103846255533
1321,0.030511822274687052
1322,0.14534519997714432
1323,0.014730340141193985
1324,0.02431270725084429
1325,0.07574393779192105
1326,0.02240010300007876
1327,0.05181191599413974
1328,0.02444467331961435
1329,0.0549074427094416
1330,0.012176543278853692
1331,0.14008089542267618
1332,0.024585633271611694
1333,0.04757439906214339
1334,0.016079442457342098
1335,0.046464049040847936
1336,0.03100204653917012
1337,0.0534351186501304
1338,0.07953814623250297
1339,0.019870937665536662
1340,0.02620451033121964
1341,0.049268360574844225
1342,0.015390396146360286
1343,0.03329085897915508
1344,0.022554271431189748
1345,0.11343272752002373
1346,0.018985809195901808
1347,0.047843807730188974
1348,0.03940420099590288
1349,0.014251394842029471
1350,0.028266189692028324
1351,0.04809464612306639
1352,0.025131937906288437
1353,0.06506780369437955
1354,0.011837241417926593
1355,0.0698026382526052
1356,0.014574523800708335
1357,0.026248202971468574
1358,0.03715328389040765
1359,0.015178895363512314
1360,0.023610719020193068
1361,0.012238613665395769
1362,0.09037566015547155
1363,0.01854294726603847
1364,0.06713294060787948
1365,0.016809504232211465
1366,0.10507804931449864
1367,0.02556689493688272
1368,0.017173644019362902
1369,0.07110285485129889
1370,0.05279298749042453
1371,0.01090797547205279
1372,0.033140686730495895
1373,0.10004120768400698
1374,0.011891600971111659
1375,0.04004184258270303
1376,0.06654015107806027
1377,0.015619683012585709
1378,0.025970769059566506
1379,0.009890006079224838
1380,0.032562370950570026
1381,0.047627194619457906
1382,0.016029191842311757
1383,0.01420462602013042
1384,0.01161235559269415
1385,0.16432435877132806
1386,0.06412947107994961
1387,0.026958672082259324
1388,0.050401920865136764
1389,0.028478499106132385
1390,0.07353272435435507
1391,0.04230294651096031
1392,0.11854820495099026
1393,0.025144751832305252
1394,0.09065634631407479
1395,0.09973985799474766
1396,0.03356667536450694
1397,0.01495486596633946
1398,0.09043035656481727
1399,0.030849292126248522
1400,0.08670009166915882
1401,0.05013868750680045
1402,0.12125206579430377
1403,0.013306083786277343
1404,0.1601531808902877
1405,0.020371585064574257
1406,0.027844804320690784
1407,0.11412873834782117
1408,0.041475532507730055
1409,0.02431892406132798
1410,0.07286612351071234
1411,0.01527375146808108
1412,0.03912662401527909
1413,0.013303090421765187
1414,0.04373721473489201
1415,0.01662064550896906
1416,0.13024372813470853
1417,0.028019422807494265
1418,0.0754913704517479
1419,0.01447260177244684
1420,0.04590787569353003
1421,0.13347738622941036
1422,0.018584792466223504
1423,0.03422819211309386
1424,0.023237805122326666
1425,0.013206225693432303
1426,0.07391507265065367
1427,0.03153957480526549
1428,0.08519765203244183
1429,0.019072753627327656
1430,0.03334853212464558
1431,0.024569650129931047
1432,0.08480643648346324
1433,0.0433159565577188
1434,0.01589802875544675
1435,0.1107290941782113
1436,0.0317033215092771
1437,0.026881905400503458
1438,0.013236567092461266
1439,0.07235590073218809
1440,0.051586052266918085
1441,0.07597022039870564
1442,0.022031475795271285
1443,0.04189164981612351
1444,0.0958624647619645
1445,0.05836327042675643
1446,0.01361991762203215
1447,0.08088780679639136
1448,0.017695594611778928
1449,0.16208947920802225
1450,0.013782657464853897
1451,0.0795998847548933
1452,0.01701567676149527
1453,0.0206732180765165
1454,0.07938549462599373
1455,0.1268736199842058
1456,0.12088024518609305
1457,0.02483379886580105
1458,0.028102917713691753
1459,0.01329077946039849
1460,0.013205652016473791
1461,0.035317325483568994
1462,0.05495955886080242
1463,0.01341948946798838
1464,0.10973445192833153
1465,0.03798756531481486
1466,0.04280946281189722
1467,0.04504040842292777
1468,0.07698586538894572
1469,0.01485950186224289
1470,0.07523279882143416
1471,0.032484884051513396
1472,0.012856900401129407
1473,0.061975404218431736
1474,0.015275893792880257
1475,0.03464706957416309
1476,0.045560562272189485
1477,0.032792190383275625
1478,0.012407803548256765
1479,0.045549462705323236
1480,0.039636368640053495
1481,0.07606866653203341
1482,0.013774505218446788
1483,0.055648086910621695
1484,0.026178647085401754
1485,0.012786665143254236
1486,0.0509315770160559
1487,0.04083272226169077
1488,0.023065846240846996
1489,0.012622973130599418
1490,0.05878156583314814
1491,0.02600462226131331
1492,0.07812334526976833
1493,0.03765292591062557
1494,0.044027935131376095
1495,0.04418174003602263
1496,0.0136080943920873
1497,0.09132870370694647
1498,0.029069647289368918
1499,0.04163986128566409
1500,0.040837518494832824
1501,0.03516971427816802
1502,0.05697656564233572
1503,0.02041677878041866
1504,0.08729867860525888
1505,0.034244688917294985
1506,0.043795509442081146
1507,0.026341831919974978
1508,0.032788729035826095
1509,0.08063777592879735
1510,0.020699335794886822
1511,0.08719378095610646
1512,0.1185329363159891
1513,0.05313814948032942
1514,0.023889228694376347
1515,0.05368002487586129
1516,0.02381999229440937
1517,0.024262862001117984
1518,0.0384735710875185
1519,0.07254944219617007
1520,0.015095799634053669
1521,0.0898047809878897
1522,0.019225951021820845
1523,0.023541973423133102
1524,0.08945536586108106
1525,0.02614814044592164
1526,0.019706327309609556
1527,0.04721737979384286
1528,0.04963879978138206
1529,0.02151782854252119
1530,0.09269586502171015
1531,0.01266415549144368
1532,0.051926708835536274
1533,0.021040132717440662
1534,0.06793067107287891
1535,0.017212180625641366
1536,0.01849043155204456
1537,0.06276418439680455
1538,0.02878002766453706
1539,0.017048562571877174
1540,0.04528405010143591
1541,0.019979008033497635
1542,0.011942577336500414
1543,0.10753442103320518
1544,0.012321773909975355
1545,0.12236441732285062
1546,0.014779560451648667
1547,0.1262087649365262
1548,0.024386736735072263
1549,0.03955255979806173
1550,0.04658433233030836
1551,0.01783575005866622
1552,0.03912219762497039
1553,0.09304227768728161
1554,0.018423970212047534
1555,0.03710945515700628
1556,0.017249405713767308
1557,0.05389921084379525
1558,0.027664211769624556
1559,0.04661767778420772
1560,0.020725881440397
1561,0.04814847276724409
1562,0.0645325036110369
1563,0.03724638909639294
1564,0.021006804510613312
1565,0.028998398277502006
1566,0.13522632938155404
1567,0.021073027125920768
1568,0.02969291234346016
1569,0.05942371802601982
1570,0.019914355075220425
1571,0.012219690080240498
1572,0.10942479050489996
1573,0.02428975507497353
1574,0.024202436605126835
1575,0.03146685235442042
1576,0.07481633740497433
1577,0.02228624179519436
1578,0.0272802476302483
1579,0.01909516745504282
1580,0.023443142140805336
1581,0.06926763166581784
1582,0.022255600722021294
1583,0.031017382261377225
1584,0.154304267057033
1585,0.026876791674401376
1586,0.0960634498094299
1587,0.015398155997863518
1588,0.04969827989353994
