,Portfolio Value
0,11986.323211978575
1,11902.142107389029
2,11852.32710300063
3,12215.197211371502
4,12598.303989880502
5,12627.889615246564
6,12398.655972709756
7,13033.71761362099
8,12874.180363992897
9,12885.3667773496
10,12857.646270865971
11,12857.328541557152
12,12786.357885841417
13,12805.583736631857
14,12488.398131225047
15,12471.670195227613
16,12740.743346618621
17,12562.513540493528
18,12727.578891680818
19,12674.02705033032
20,12420.692179328516
21,12441.905074312206
22,12424.36409183906
23,12533.019708059388
24,12598.439968426319
25,12596.984700364004
26,12669.811926156692
27,12868.790965032109
28,12836.577547016368
29,12812.06271474463
30,12860.510801382487
31,12750.074756835527
32,12839.99395104243
33,12868.285441736793
34,12899.567819924529
35,13048.359483443697
36,13035.164183446672
37,13020.66054800174
38,12986.509584570682
39,12872.131100629753
40,13090.400808359846
41,13077.857479192124
42,12809.076261705002
43,12807.57904909073
44,12911.422320421098
45,12965.236571491501
46,12993.587333497066
47,12840.888475539612
48,12701.932793720516
49,12741.947100200388
50,12941.50743279123
51,12913.396921299758
52,12916.317403002242
53,12812.998367967873
54,12668.951461420558
55,12487.94897512866
56,12332.12090807351
57,12328.10256228986
58,12236.271872795407
59,12399.477616055252
60,12485.821524872223
61,12456.412511731787
62,12330.405201712236
63,12189.502704393706
64,12178.017328206359
65,12292.36080442422
66,12682.050486703378
67,12222.111528394844
68,12190.13010912609
69,12096.23218572727
70,11953.5203527429
71,12113.245687954815
72,12123.72265092402
73,12588.302073181465
74,12747.660959706927
75,12722.550246966226
76,12782.16925978825
77,12718.061484361593
78,12764.118757323218
79,12945.956111311552
80,12947.25519388016
81,12972.348754297132
82,13073.623753354968
83,13277.207695634595
84,13164.328325528824
85,13008.196236572756
86,13095.778503415837
87,13165.939599424346
88,13442.162690955633
89,13400.075442740907
90,13393.731767399488
91,13117.143216351527
92,13164.522423480543
93,13225.498984464277
94,13076.542033674605
95,13000.928575299056
96,13034.495372434803
97,12883.136911716705
98,13081.913830542715
99,13066.170728596171
100,13062.156061407886
101,13121.446846881554
102,13071.767206474737
103,13114.489975099063
104,13424.794582385199
105,13554.895839012255
106,13511.683484706304
107,13557.998846041944
108,13643.228993520548
109,13546.30034580491
110,13473.56764441767
111,13544.135201560242
112,13654.917197544048
113,13718.56053354061
114,13912.778225487544
115,13882.443556312188
116,13937.368421901303
117,13905.740969513185
118,13898.476332811624
119,13927.500020415753
120,13881.625646630804
121,13867.375292783341
122,13872.159571062564
123,13900.843901493903
124,13872.287628571616
125,13874.77618481592
126,13785.408504747049
127,13774.975996866531
128,13839.203228304712
129,13739.700501105017
130,13729.267735836955
131,13684.627430623343
132,13339.853695142927
133,13326.605241056204
134,13094.191730023811
135,13213.403677481056
136,13206.289102993283
137,13231.488420958283
138,13249.592877313497
139,13176.28399559041
140,13118.883919874432
141,13107.464384877629
142,13235.532867963853
143,13266.912294829317
144,12991.496669827618
145,12978.966118311459
146,13014.980824141583
147,12998.309112133806
148,13097.20441592966
149,12974.170836393741
150,13019.474593212211
151,13123.558391964953
152,13098.809760929795
153,13073.234668575844
154,13184.973571648658
155,13159.995229745891
156,13238.801235049563
157,13324.016050192955
158,13314.968323708668
159,13274.611027722294
160,13249.55806308284
161,13518.83779093128
162,13513.96766508004
163,13503.000650516045
164,13441.810509437888
165,13479.995964814707
166,13335.642479759923
167,13317.296243327979
168,13255.059486219814
169,13293.787020487762
170,13274.116576308312
171,13159.56795677399
172,13208.116447871196
173,13183.066596224762
174,13152.540352116419
175,12895.389909494432
176,13100.377087817847
177,13047.446452200322
178,13132.183704510644
179,13161.900747026724
180,13074.632560311931
181,13059.744602487921
182,13229.720146659949
183,13059.113168976857
184,13112.60026694425
185,13154.157540275144
186,13057.84652150741
187,12957.185165609535
188,12840.033270028045
189,12961.19754264401
190,13021.062067946921
191,12840.090871171928
192,13168.181199472909
193,13118.640491256654
194,13092.738725798417
195,12968.070586210437
196,12991.227391126937
197,13065.710675918843
198,13024.469454332306
199,13005.207705470435
200,13192.910049694014
201,13472.808147674634
202,13495.822749690633
203,13610.504861011403
204,13623.650118949412
205,13686.490127559015
206,13778.232718500389
207,13844.61484723079
208,14509.185264260603
209,14575.752300487286
210,14624.710237451258
211,14709.973955487196
212,14707.666858247261
213,14769.111923571281
214,14793.195439853947
215,14833.785748236307
216,14797.781206979873
217,14796.704923432568
218,14800.803046014214
219,14756.784342047022
220,14757.442276129053
221,14781.68424589566
222,14993.357152812052
223,14957.201564172576
224,15001.955301478612
225,15367.515043849335
226,15276.689134023403
227,15437.972742661048
228,15612.402915406314
229,15585.516276156031
230,15624.302895413102
231,15602.255833074289
232,15623.229318075026
233,15651.212710734731
234,15712.608734055999
235,15765.079604285866
236,15427.525842958174
237,15476.15440823427
238,15243.136723029178
239,15117.763062140679
240,15043.316209058585
241,15241.247281358126
242,15340.4635896096
243,15346.285812309648
244,15461.164313412139
245,15412.223350641128
246,15513.934420006313
247,15573.805525649163
248,15571.170030042884
249,15442.276239660128
250,15337.527883764207
251,15436.633943819927
252,15408.342587375806
253,15294.772900307518
254,15466.027405845889
255,15536.027032891292
256,15420.244227015792
257,15383.952462777053
258,15591.983046244599
259,15462.782703714056
260,15275.651480849501
261,15319.08982958642
262,15834.070535199766
263,15818.929709713315
264,15913.011416675017
265,16150.056125133642
266,16402.215922408788
267,16323.436220315907
268,16242.06377019805
269,16285.786252683138
270,16313.45399460431
271,16611.86632226892
272,16972.845913870813
273,16840.83664569065
274,16596.421921486333
275,16557.216757775648
276,16485.79710957721
277,16545.738690342965
278,16513.161166976428
279,16530.3499894264
280,16493.397261124348
281,16644.538271435642
282,16643.603346397686
283,16774.542526101293
284,17164.561805396912
285,17268.651210790627
286,17007.4128952262
287,17073.99796341502
288,17180.901580396283
289,17195.3791922677
290,17330.698623368437
291,17257.449390781127
292,17236.811025922576
293,17658.308793494303
294,17501.791430939957
295,17613.104668219104
296,17427.749765042405
297,17477.700395037737
298,17583.279116840517
299,17564.54945023935
300,17650.948798879846
301,17681.511606998818
302,17683.68280076287
303,18089.158736235553
304,18077.892859349966
305,18035.712624888652
306,18013.481340526272
307,17738.223522726603
308,17572.050657879146
309,17861.242279446233
310,18027.085054646308
311,17899.81479408654
312,17763.859826254662
313,17836.79973330179
314,17860.32207456793
315,17837.27118490993
316,17908.41863782548
317,17711.22136273151
318,17867.64943451169
319,18197.81253353733
320,18205.225127792855
321,18232.956204136877
322,18261.275292458762
323,17979.82762257293
324,18159.332614555315
325,18214.913940721766
326,18112.05512872871
327,18133.157267906856
328,18220.714041004412
329,18066.505333478974
330,18015.967136700958
331,18022.01568298738
332,17794.71304937085
333,18036.262893102066
334,18302.736379775837
335,18161.122075160776
336,18252.745783954342
337,18260.007985602955
338,18410.631808131544
339,18325.31465442706
340,18323.105793407034
341,18233.300614555097
342,18232.78673115417
343,18280.27085660465
344,18314.7050822468
345,18319.744956503528
346,18226.61906238955
347,18190.62155245631
348,18108.921536464237
349,18094.984274504895
350,18253.864004082803
351,18209.568251882716
352,18107.453097939055
353,18051.607996851955
354,17907.492415280165
355,17979.005658267455
356,17797.332801060744
357,17694.545897861262
358,17574.869977808285
359,17571.668374094523
360,17723.72624229462
361,17717.336184035044
362,17661.44447679614
363,17409.901916287177
364,17467.72221397866
365,17545.664687339566
366,17673.60507790478
367,17581.72976657134
368,17657.309020813074
369,17635.805404182236
370,17410.6822316172
371,17312.191087949457
372,17337.903023266263
373,17029.512095009708
374,17319.29360251691
375,17447.110841589587
376,17612.197159203704
377,17706.67579870454
378,18063.277799834177
379,17928.282073738825
380,17912.007107000398
381,18190.442909642803
382,18491.045536706602
383,18492.195741565934
384,18396.203336873506
385,18481.463389018238
386,18422.318450113667
387,18458.81993279306
388,18368.69846015365
389,18501.056715294144
390,18369.52887547383
391,18183.437961352945
392,18120.442835760714
393,18164.710362150665
394,18224.13344950384
395,18209.846037967785
396,18226.580293286428
397,18230.45908476403
398,18731.824000934866
399,18881.041460410248
400,18672.173916007097
401,18526.150585086692
402,18680.56614285107
403,18647.30238696475
404,18765.75148799804
405,18715.03198013608
406,18636.83095463228
407,19834.960397492425
408,19754.939983535136
409,19711.791068162587
410,19491.275612973364
411,19000.90018115006
412,18659.682991593258
413,18715.557077193844
414,19456.409460053612
415,19739.057240311635
416,19977.033818664448
417,19973.157294097753
418,19898.191276813424
419,20310.58056752467
420,20254.568877882888
421,20070.204402554267
422,20623.623210679398
423,20363.825862957583
424,20583.23372685279
425,20940.95293035091
426,20525.294655242356
427,20675.855274600388
428,20646.50880314077
429,20601.3289341217
430,20255.56197245855
431,19712.712443816527
432,19630.20108277181
433,19750.57844900111
434,19683.719489045383
435,19332.51174438098
436,18266.573633598124
437,18683.99476274955
438,19077.64415369693
439,19192.781540673455
440,19482.920349538163
441,19131.611430977442
442,19058.27633325185
443,18733.324281885245
444,18811.83371450281
445,19049.013800129916
446,19077.877627518075
447,18740.395098563127
448,18705.506029196637
449,19109.844636547932
450,18842.787157903967
451,19111.09707566297
452,19127.096577429256
453,19128.56001628303
454,19360.106431219734
455,19282.539020429052
456,19397.69058551604
457,19658.392601225776
458,19679.553564907106
459,19703.590895759018
460,19699.3916287935
461,20058.599996664878
462,19997.122138040788
463,19570.843735175888
464,19489.42194856436
465,19128.648849456895
466,19479.462397975352
467,19679.8837438748
468,19577.233853361555
469,19484.613431122907
470,19365.279937053376
471,19544.15819831479
472,19871.812838272792
473,20221.434656779475
474,20352.171441911225
475,20196.508714264754
476,20218.43743955375
477,20164.557322477292
478,20477.872898305373
479,20577.24412988997
480,20404.399765624355
481,20349.186639819163
482,20408.89345665754
483,20507.778051914047
484,20860.656990677606
485,20790.75425983192
486,20852.367153485397
487,20398.573456840793
488,20594.873831063454
489,20268.2602172205
490,20476.11759634143
491,20625.753828007637
492,20753.600573420135
493,20418.14811868995
494,20141.323680747097
495,20142.684918378014
496,20029.065518690913
497,20121.247992863427
498,20033.42014942209
499,20097.072832802794
500,20255.629023663732
501,20245.565656633502
502,20136.74731031694
503,19960.10638401279
504,20006.491420544837
505,19832.981599924766
506,18757.028841871208
507,18676.38924650919
508,18876.011025669297
509,18787.128043997545
510,17500.52357613699
511,17629.236744136586
512,17351.389417317736
513,17326.637150214578
514,17399.95016779018
515,17423.659703985293
516,17718.83771971095
517,17415.262089505635
518,17255.879840533
519,17172.7118856319
520,16491.636591803035
521,16889.974460429345
522,16929.77863101404
523,16456.327112277922
524,16417.598802012573
525,16525.396208946375
526,16444.8708808968
527,16565.66339996917
528,16597.296670270127
529,16601.971648959974
530,16409.454890855548
531,16480.390027820522
532,16806.847429218116
533,17100.40330970355
534,16797.55766218215
535,17014.45622122813
536,17235.235874229656
537,17202.09912432669
538,17562.428190922798
539,17609.87324826297
540,17323.262319052716
541,17335.086540849272
542,17535.22001252216
543,17692.940020631184
544,17489.108463436678
545,17419.65163425586
546,17239.680499012615
547,17323.49877486731
548,17355.106404797534
549,17327.943903724696
550,17354.29290812202
551,17339.14056355778
552,17231.295277683497
553,17213.219019940432
554,17174.70021449805
555,17338.501508820053
556,17846.45748184316
557,17795.925441527736
558,17856.78508749286
559,17803.722898616663
560,17868.088316175967
561,18042.197804238913
562,18196.264878024216
563,18221.93396710277
564,18289.12236202793
565,18275.19069301613
566,18228.5227614185
567,19007.065469948837
568,18684.441073430953
569,18616.9749110564
570,18378.635894700434
571,18509.96874859106
572,18828.58767594723
573,18767.59247066205
574,18765.020348854785
575,18771.23666657222
576,18711.596808086717
577,18802.084317819394
578,18715.61102453736
579,18543.169332904887
580,18662.948549153178
581,18702.241258813738
582,18589.063911980782
583,18439.212450794323
584,18352.26546184252
585,18521.492470673256
586,18533.12057551313
587,18154.116635927487
588,18331.29135463342
589,18245.82841006894
590,18583.772124971696
591,18681.322565625924
592,18230.083227188894
593,18202.582181109916
594,18300.03824874886
595,18608.105446603156
596,18453.454729381905
597,18346.477361519897
598,18114.10238919462
599,18395.052659062065
600,18349.451163497586
601,18447.65387044975
602,18754.986124520423
603,18578.876053332184
604,18593.34886103981
605,18582.214983010486
606,18673.916640111078
607,18891.937115946574
608,18527.141427092036
609,18592.50195053972
610,18543.00525987379
611,18587.687266827794
612,18537.935030049797
613,18363.669445783198
614,18349.632499330564
615,18375.415241170645
616,18282.60927981083
617,18352.419689764818
618,18162.37489558479
619,18448.143830617726
620,18456.617908300937
621,18568.767749684077
622,18835.246942250105
623,18795.45117024269
624,18543.9173861538
625,19072.583929852604
626,19153.64275505332
627,19161.3783499381
628,19195.402393678647
629,19062.228202557206
630,19475.182111909227
631,20058.317588626436
632,20311.44413623268
633,20351.06260492195
634,20331.475271561663
635,20120.001846879484
636,20113.184411352948
637,20081.825107939196
638,20156.86047338678
639,20104.066123592238
640,20153.53597474225
641,20054.45738931838
642,19992.33110047289
643,20019.945060944752
644,20018.87625954306
645,20239.011777023912
646,20186.790937677513
647,20495.719037609888
648,20482.35728427609
649,20316.20123265263
650,20449.78537619696
651,20390.807345127316
652,20487.70897516414
653,20375.801521706286
654,20390.450432937818
655,20325.90091616588
656,20158.41946202887
657,20245.03857757719
658,20202.19010726586
659,20110.939628541168
660,20055.72477359711
661,19993.776123877047
662,19996.008540862123
663,20161.063379458694
664,20106.489579909274
665,20173.419374443343
666,19805.63716078455
667,19721.759713390642
668,19726.281184764866
669,19573.660555798284
670,19589.546376723236
671,19426.716684187257
672,19483.492595745865
673,19527.220049866835
674,19247.8300237937
675,19039.253868654778
676,18675.940077335967
677,18888.62412407543
678,18713.87858126378
679,18740.35867600159
680,18859.70263090802
681,18936.295360807213
682,19043.585802540598
683,19214.67489374359
684,19384.006413635045
685,19590.77199314974
686,19517.60120814501
687,19416.20505503179
688,19340.29691642441
689,19731.2350888923
690,19611.215788337657
691,20114.3609188122
692,20029.423866238572
693,19951.602687207866
694,20055.47050673606
695,19969.61349072426
696,20031.545521479493
697,19961.10034141253
698,19827.244179245565
699,19509.556016724557
700,19484.145325599213
701,19315.58094747618
702,19141.469431427045
703,19219.00314576747
704,19194.730360107707
705,19246.53089880375
706,19161.871760978356
707,19518.860958771023
708,19399.647865672072
709,19400.809329710788
710,19391.862556844793
711,19384.440904196315
712,19226.9728580557
713,19198.132076177415
714,18798.293659708812
715,18687.30416636143
716,18521.060147402757
717,19028.934917891504
718,19204.319668240576
719,19591.439690918338
720,19637.067839118597
721,19869.654084863134
722,20065.829509060462
723,19877.08811775263
724,19734.814127070284
725,20231.64185007528
726,20099.863634699257
727,20365.868770268826
728,20404.774086074423
729,20338.48119306574
730,20454.017482250354
731,20261.047834227975
732,20275.52063350342
733,20147.83983268082
734,20190.43490445332
735,20321.114846852553
736,20335.022981905553
737,20499.696658318637
738,20635.7172902764
739,20992.01873687549
740,20844.04067393738
741,20893.526160481233
742,20846.17926149996
743,20967.49979095075
744,21095.79073291607
745,21005.146515864333
746,21198.976367865573
747,21307.47241982797
748,21152.882631560133
749,21122.633725340973
750,21140.727228178046
751,21136.113396644192
752,20995.45906624308
753,21044.882858446053
754,20931.854095261413
755,20915.51569936337
756,20929.51052819905
757,21258.63195487141
758,21440.777885451767
759,21568.76360507108
760,21640.010025169853
761,21467.95012668927
762,21527.135503727586
763,21528.593078808026
764,21608.627250760415
765,21667.399808295475
766,21718.56247633832
767,21778.76211589068
768,21686.05578157789
769,21805.98032088104
770,21952.839084642597
771,21917.729341954968
772,21811.75993687954
773,21722.175907495108
774,21853.10034326434
775,21854.499940126017
776,22097.98263423414
777,22074.886645438695
778,22029.55451035212
779,22003.09651330002
780,22386.49260559652
781,22523.828801304804
782,22533.959015227196
783,22528.801080173344
784,22719.14644470068
785,22752.774627932777
786,22819.34730447888
787,22836.874131749337
788,22999.37997634544
789,22964.59964366345
790,22939.46661809877
791,23763.760943125635
792,23925.11574474597
793,23855.3923298551
794,23878.954613709335
795,23876.634952868575
796,23934.729315160315
797,23582.42391864893
798,23547.60095133733
799,23559.42780061147
800,23561.716236700857
801,23625.661055389188
802,23673.546606047486
803,23731.25989168504
804,23873.757952922893
805,23395.820073037175
806,23457.03943847554
807,23445.901521466898
808,22940.014133915713
809,23012.69475311311
810,22944.022796325142
811,22923.253279220047
812,22936.698497426052
813,22900.6123845152
814,22896.90220289627
815,22773.552055281907
816,22733.094982173952
817,23088.035439716303
818,23302.939055773382
819,23036.676452037736
820,23198.526952574477
821,23352.727290374172
822,23299.019820148213
823,23231.4062568651
824,23265.03477570598
825,23365.623379724835
826,21930.687248398124
827,21935.161056222427
828,21835.703311469748
829,21828.472157799566
830,21864.626675397107
831,22046.395550534373
832,22091.48739024942
833,22512.687211746663
834,22636.127153439917
835,22643.23736858283
836,22670.777879370034
837,22707.376903888082
838,22812.842089997997
839,23010.412832700633
840,22727.225144089676
841,21962.537990528595
842,22094.05532514904
843,22036.042202891476
844,21974.7564762377
845,21928.787584988153
846,22021.237828746263
847,22030.59616158581
848,22229.89137765769
849,22967.58568399413
850,23329.104912574934
851,23497.253744971276
852,23517.373247111616
853,23623.241444903313
854,23792.347838529095
855,24139.100220007575
856,23906.612069773
857,24021.781994864697
858,24041.683733678423
859,24089.329329875272
860,24089.79789030264
861,24018.41312730389
862,23801.76686482926
863,23765.001509834776
864,23661.814228832463
865,23339.790541226103
866,23449.752112028138
867,23560.51303959819
868,23505.763145835735
869,22715.266818306896
870,22578.08998022014
871,22526.984727446517
872,22668.474447345325
873,22661.884405430286
874,22545.240937416478
875,22781.048449382677
876,22465.36783860063
877,22636.06324918827
878,22408.825343677785
879,22327.79788458019
880,22301.599979844636
881,22272.83407374021
882,22147.21150922029
883,22322.918804158595
884,21950.531416542424
885,22014.185051753644
886,22127.496034942254
887,22333.029270952407
888,22307.48144825362
889,22201.439191307767
890,22075.691913100036
891,22044.46659548499
892,22066.00449298048
893,22086.738998547546
894,22273.498245307776
895,22458.972928348652
896,22484.732405553357
897,22469.0876728065
898,22520.264367514614
899,22472.48946896357
900,22486.441539604988
901,22628.160106233325
902,22494.170490682263
903,22406.299259188647
904,22630.27853127335
905,22659.603616627224
906,22599.454484684928
907,22502.939048466444
908,22690.909537308362
909,22838.765232375546
910,22793.929874571655
911,23031.023940848587
912,22797.19928055494
913,22646.059393045696
914,22632.39476972641
915,22789.773687097608
916,22787.140499320332
917,22607.381699334874
918,22621.953205598187
919,22773.33548927409
920,22821.454367681432
921,23082.43281266027
922,23250.410925492622
923,23414.916922832817
924,23390.355176909612
925,23382.452247044457
926,23234.737749759435
927,22795.208068967244
928,22293.699413344915
929,22617.29025687424
930,22787.438798243522
931,22555.500488634203
932,22527.306378469082
933,22369.62562798371
934,22310.34404663527
935,22292.208925782543
936,22214.979051683993
937,22120.277852029292
938,22038.675763828913
939,22174.7200345779
940,22257.038689003755
941,22253.806078980022
942,22348.95646744209
943,22332.009493810452
944,22125.892739730316
945,22147.5563797433
946,22310.48541883907
947,21702.466624890745
948,21522.572736744707
949,21702.849975739675
950,21509.513356933
951,21496.02773294231
952,21800.160704470894
953,22006.249191829524
954,21963.87887650284
955,21860.494923138744
956,21775.693558074476
957,21797.63732641424
958,21818.104075452527
959,21866.82194616783
960,21866.49006558761
961,21899.69451664048
962,21919.689254985315
963,21842.63076598234
964,21826.094955939807
965,21692.945454695833
966,21597.482380120193
967,21631.918236807865
968,21615.757001129306
969,21834.061011381695
970,21676.549273622808
971,21607.372588996066
972,21831.136439867147
973,21944.680687605272
974,21738.512935673476
975,21581.992757142227
976,21747.223758103417
977,21737.829849077996
978,21000.81629083921
979,21088.771519929185
980,21078.054959862864
981,20986.57674283176
982,20933.69722052507
983,20631.911755200144
984,20976.391167063583
985,21522.550948840006
986,21503.189257296086
987,21348.69704361408
988,21264.559263322124
989,21240.019664953554
990,21183.149416513195
991,21407.577146801934
992,21510.879736376006
993,21358.78374344643
994,21717.76013941008
995,21459.16730085328
996,21516.17377626557
997,21335.342931962223
998,20948.81315484983
999,20872.51844463003
1000,21017.580033846687
1001,20960.239614747363
1002,20937.300219107416
1003,20980.907280564883
1004,20935.754111437313
1005,20815.804582921563
1006,21299.080085522462
1007,21336.562272964962
1008,20974.425169355643
1009,20852.137382516645
1010,20910.218245897537
1011,20512.182738767893
1012,20501.877246919936
1013,20474.411653139316
1014,20585.66436677
1015,20460.296671686767
1016,20407.687857362376
1017,20565.17643721756
1018,20794.862888687734
1019,20874.549216830463
1020,20865.197405272913
1021,20952.068787469834
1022,21085.919898714732
1023,21179.441782875776
1024,21049.74225835015
1025,21008.955230346124
1026,20656.869311617713
1027,20554.062921899473
1028,20421.83661887373
1029,19676.792196103994
1030,19859.179631704745
1031,19547.566002903346
1032,19106.037927742662
1033,19288.15942929625
1034,19349.64030983418
1035,19485.908454530032
1036,19685.44110923019
1037,19606.00433593406
1038,19614.263852648863
1039,19456.438197337182
1040,19345.857853253783
1041,19388.770892497316
1042,19817.778440943744
1043,19921.965250537844
1044,19736.4948120757
1045,19729.399890294862
1046,19539.041545808974
1047,19785.879915668997
1048,20221.12809881186
1049,20230.976086163035
1050,20081.999283266046
1051,20036.290716047646
1052,20238.715853062342
1053,20277.978068373104
1054,20215.228898986636
1055,19857.326586532276
1056,19795.11313969164
1057,19828.01169805303
1058,19481.590883210185
1059,19663.84323546514
1060,19834.49952987679
1061,19652.323718911968
1062,19380.637063235758
1063,19960.88904527617
1064,19577.793918547995
1065,19612.98077194093
1066,19707.033581663898
1067,19282.39996298148
1068,19299.255081861596
1069,19609.429974444614
1070,19632.048003097443
1071,18452.490820915707
1072,18533.995106755574
1073,18573.65232629935
1074,18289.300507130643
1075,18619.236176501214
1076,18627.759329533008
1077,18839.04244679672
1078,18939.300478182522
1079,18947.76474265381
1080,18782.985855436265
1081,18624.55143368539
1082,18576.24396149927
1083,17657.884463559974
1084,17691.887497930333
1085,17717.77864394331
1086,17769.97721257742
1087,17614.11971169397
1088,17417.703107416084
1089,17361.435801376785
1090,17359.545800130873
1091,17418.090021447017
1092,17340.713257445055
1093,17415.063337620566
1094,17539.85359755959
1095,17595.3832554376
1096,17652.731820875993
1097,17692.396882705147
1098,17680.25589038196
1099,17783.751462645996
1100,17806.3027626883
1101,17811.019906763177
1102,17731.667231004354
1103,17677.309272623806
1104,17662.46547240783
1105,17707.093966006218
1106,17753.441076351937
1107,17581.138447423185
1108,17709.679015576243
1109,17696.707547407725
1110,17659.085332243092
1111,17753.591731204993
1112,17711.38904867367
1113,17716.31435050113
1114,17902.20991924087
1115,18001.244493937786
1116,17924.776668347302
1117,18015.04818113981
1118,17978.941667962958
1119,18056.984737528855
1120,18212.071628866095
1121,18108.10398191208
1122,18142.83672360084
1123,18190.887498912238
1124,18166.956673162706
1125,18282.83757376312
1126,18162.543644020006
1127,17746.882679393177
1128,17730.41410021811
1129,17741.48587766674
1130,17831.4500178612
1131,17936.70419433931
1132,17894.43946781102
1133,18013.60356623508
1134,18094.38075663807
1135,18237.1923141811
1136,18120.785595840436
1137,18097.020060607312
1138,18262.892131523087
1139,18208.486211970456
1140,18107.710943433816
1141,18125.58910398978
1142,18145.886275440578
1143,18183.955510228214
1144,18182.825620802974
1145,18161.809984597792
1146,18156.99445327139
1147,18314.871103453726
1148,18344.58638702034
1149,18058.17090913006
1150,18023.12432502111
1151,17708.27933316974
1152,17625.876376052907
1153,17661.88665882092
1154,17490.30492228425
1155,17429.43899149615
1156,17535.805640692248
1157,17595.06270721048
1158,17402.810924889112
1159,17500.450523425567
1160,17533.511806827755
1161,17697.90751129439
1162,17688.580056230297
1163,17720.518338135316
1164,17880.811818729282
1165,17992.231752071115
1166,18049.607314227967
1167,18083.878179532712
1168,18076.388765869422
1169,18199.281461601833
1170,18327.41577211133
1171,18466.40709479944
1172,18475.9558844372
1173,18503.87808976087
1174,18636.867637268733
1175,18705.001438231484
1176,18779.16803508324
1177,18620.249244246796
1178,18582.080662874352
1179,18569.278714226544
1180,18539.377810909096
1181,18498.51800536078
1182,18499.17073848751
1183,18368.93092111013
1184,18151.647296945874
1185,18272.949886944563
1186,18237.962561309483
1187,18253.621712127904
1188,18256.420827804777
1189,18188.035113234568
1190,18164.200718010055
1191,18379.901587852644
1192,18596.262195659147
1193,18643.59995441659
1194,18628.013851764936
1195,18745.83642211
1196,18577.961987629453
1197,18446.746906283286
1198,17709.13716159976
1199,18070.06230316433
1200,18115.429415590475
1201,17903.032333530977
1202,17826.271318894454
1203,18179.605169681538
1204,18086.149318183412
1205,18275.87416533534
1206,18310.537010552314
1207,18309.63039108081
1208,18541.85922614019
1209,18506.820470651932
1210,18489.910366087566
1211,17836.128899431125
1212,18322.440486355896
1213,17737.90852265385
1214,18029.75077945936
1215,18135.214206569664
1216,18632.231212658633
1217,18749.396040591477
1218,18724.406259060703
1219,19055.082407190308
1220,19070.102081182504
1221,19264.66895880253
1222,19211.45438152781
1223,19116.62022473703
1224,18397.092901430253
1225,18420.165504522
1226,18427.578097300157
1227,18321.92453740433
1228,18504.620355157567
1229,18205.655523281686
1230,18061.87043241598
1231,18134.770628526927
1232,18225.308312940164
1233,18229.920848478974
1234,18397.29296590355
1235,18467.585786994736
1236,18411.268754509987
1237,18363.44556410949
1238,18882.835513151585
1239,18483.552172814532
1240,18880.02508013315
1241,18514.30136641198
1242,18577.668132084666
1243,18794.706269381117
1244,19027.463003764038
1245,18948.438981627438
1246,18164.294938305942
1247,17820.728601480827
1248,17834.911890395502
1249,17745.799542043253
1250,17580.26857375691
1251,17417.806447089573
1252,17086.569912976785
1253,17890.833257969385
1254,18039.535959485063
1255,18096.217627432135
1256,18414.29366499144
1257,18431.706722530707
1258,18581.008651684017
1259,19310.379401010447
1260,19369.11234831611
1261,19491.40987413012
1262,19492.676495932952
1263,19623.815977784365
1264,19604.88384594532
1265,19479.014193735136
1266,19695.84884048272
1267,19574.21275632286
1268,19693.483658922753
1269,19833.265676448784
1270,19741.864803908735
1271,19478.978065660238
1272,19414.57234202594
1273,19430.92907449177
1274,19538.200541977436
1275,19480.13973577055
1276,19558.371942177928
1277,19775.98228779559
1278,19657.750940935282
1279,19598.85846631379
1280,19612.10344663546
1281,19612.431125713312
1282,19435.82628021689
1283,19500.521222724466
1284,19540.63530891269
1285,19778.30454155371
1286,19843.871253221085
1287,20293.830891318023
1288,20390.642000775766
1289,20451.037924707707
1290,20391.234683370836
1291,20297.029532904984
1292,20491.948400343765
1293,20648.769635083085
1294,20612.923985440604
1295,20704.80630816902
1296,20711.783120356715
1297,20806.33169648956
1298,20584.079886348343
1299,20637.368776375544
1300,20591.426530669534
1301,20470.67526148865
1302,20886.243548410508
1303,21324.482949561916
1304,21464.006927113533
1305,21570.258015900235
1306,21374.608154586298
1307,21364.227214704973
1308,21455.329872664683
1309,21476.38629294597
1310,21532.172771761794
1311,21725.1763738179
1312,21520.745170549035
1313,21530.56727931789
1314,21704.144793744694
1315,21688.170191546535
1316,21733.893270810724
1317,21789.808438762095
1318,21819.799997395676
1319,21944.49943760065
1320,21476.693946810174
1321,21502.319489733833
1322,21709.345098552516
1323,21711.609238736237
1324,21572.190513088866
1325,21640.20705795902
1326,21396.23683815064
1327,21335.512071717167
1328,21344.292159210992
1329,21272.223327193806
1330,21053.24669051544
1331,21052.810137763583
1332,20874.372858234685
1333,21191.55829558973
1334,21181.758449848687
1335,21079.07465664232
1336,21152.123927460147
1337,21123.61570936401
1338,21232.44567290727
1339,21282.37532065604
1340,21619.623708267383
1341,21700.648354664983
1342,21906.20558557668
1343,21668.92097699646
1344,21722.21421384735
1345,21704.33744852645
1346,21702.965179004947
1347,20815.206836331752
1348,20874.96817338532
1349,20969.299207732576
1350,21184.000199600658
1351,21230.258923709396
1352,21202.718848918706
1353,21569.34563287541
1354,21572.302129843527
1355,21578.844800483083
1356,21662.031550871507
1357,21616.454654194735
1358,20894.53681629291
1359,21064.9349445373
1360,21004.322497785637
1361,21131.923287355065
1362,21504.19019247988
1363,21559.153244272162
1364,21704.72233831841
1365,22041.23810012266
1366,21936.62897754791
1367,21801.869695855967
1368,21818.931143862632
1369,21969.901909479308
1370,22036.419104510594
1371,22190.91139886075
1372,22609.296856747824
1373,22704.890936032094
1374,23032.15364255225
1375,23388.963593954955
1376,23312.67298514603
1377,23326.54275487049
1378,23110.285336201265
1379,23110.736170453598
1380,23110.599287340054
1381,23092.61024634768
1382,23160.78369790487
1383,23257.432454445305
1384,23166.411188919774
1385,23156.441673242658
1386,23313.642936974236
1387,23379.29108535234
1388,23399.24798733596
1389,23484.130975725577
1390,23601.44219265022
1391,23532.50403350297
1392,23600.0736566417
1393,23818.575696875276
1394,23714.178515781226
1395,23830.16795866235
1396,23582.288598459716
1397,23659.216712393103
1398,23597.18393878676
1399,23790.043481459375
1400,23751.072791243307
1401,23842.505376730256
1402,23736.102353602088
1403,23658.352157873258
1404,23365.997867869984
1405,22761.184291618134
1406,23122.1578638047
1407,23056.59079703947
1408,23114.55839248909
1409,23076.979991303728
1410,23087.391594726283
1411,23193.936483674875
1412,22844.152014307765
1413,23051.03424392514
1414,23304.743811200588
1415,23462.16910424002
1416,23325.85595523023
1417,23667.83586856795
1418,23788.232849476022
1419,23151.103700847798
1420,23498.750237105665
1421,23562.848198303745
1422,23718.213426415427
1423,23884.748119965694
1424,23755.766457007314
1425,23554.931533946976
1426,23296.600983904158
1427,23710.70946837599
1428,23986.227828168234
1429,23737.111219580882
1430,23595.707389750976
1431,23440.138572523832
1432,23229.553628005793
1433,23344.48768445429
1434,23365.432204539422
1435,23523.648319318574
1436,23464.648556588614
1437,23194.785204530133
1438,23148.95917269354
1439,22934.41779927654
1440,22932.74564632386
1441,22813.623366607917
1442,22680.054728272968
1443,22539.294349410524
1444,22797.483989037297
1445,22730.192573064254
1446,22799.43888277002
1447,22973.48136890554
1448,23091.375344964035
1449,23123.375269517313
1450,23058.208905434527
1451,23379.753900939453
1452,23565.35576594159
1453,23596.575682550578
1454,23820.92370998136
1455,23865.06655917174
1456,23854.48632921651
1457,23811.90556475769
1458,23848.21996004819
1459,23847.90880593044
1460,23776.689229623564
1461,23608.527883827788
1462,23547.30816952527
1463,23533.172453989082
1464,23736.50875191549
1465,23605.99319121126
1466,23790.288407306172
1467,23728.717196915117
1468,23685.175325320644
1469,23783.795535545327
1470,23847.40780014904
1471,23954.374203105166
1472,24132.423948411095
1473,24170.499897063215
1474,24047.220274030555
1475,24234.65134797487
1476,24417.79345249768
1477,24372.745406430455
1478,24442.068166777597
1479,24502.94558630812
1480,24513.9287741864
1481,24453.0424473973
1482,24433.703520963758
1483,24444.602141163217
1484,24896.56999532527
1485,24901.10776586125
1486,24872.447760405284
1487,24863.3006632761
1488,24811.266834370996
1489,24706.15991116886
1490,24806.427112712085
1491,24551.54986222327
1492,24577.912290842185
1493,24594.77978914063
1494,24691.933948103993
1495,24638.258071640626
1496,24610.65348068468
1497,24233.50551732871
1498,24355.01781828671
1499,24314.12500973265
1500,24188.29768529646
1501,24256.775415172615
1502,24304.418128017864
1503,24218.288878310304
1504,24381.531760459337
1505,24367.80441178311
1506,24264.7703824489
1507,24289.03316860603
1508,24215.845843098807
1509,24040.07496984252
1510,23665.709526803123
1511,23638.652787775907
1512,23601.6212418805
1513,23541.1848665711
1514,23888.713319563914
1515,23711.143382154645
1516,23890.232460879248
1517,24510.560954295233
1518,24413.080885735777
1519,24526.37323783038
1520,24602.918312777372
1521,24417.785578679024
1522,24357.44355461982
1523,24418.958643773265
1524,24289.329929007086
1525,24188.692297948015
1526,24253.653179259527
1527,23961.438001199087
1528,23712.717238029392
1529,23515.854125764672
1530,23319.874260289274
1531,23496.03907139477
1532,23801.44665870436
1533,23817.921384869893
1534,23826.32106168664
1535,23876.298134885034
1536,23897.035432508543
1537,23901.03110499221
1538,24372.85718508901
1539,24395.343156971867
1540,24588.53509330701
1541,24746.127097527606
1542,24771.907771110556
1543,24716.41197159146
1544,24193.952426898948
1545,23903.653108716695
1546,23966.104496405726
1547,23274.202821643936
1548,22975.145955139
1549,23836.93455338889
1550,23603.1186293614
1551,24512.983874054826
1552,24080.531774354396
1553,23984.15881837407
1554,23471.204082084292
1555,24137.628418766584
1556,23323.463407896877
1557,22059.043732220678
1558,22467.299647454176
1559,21999.260108848015
1560,22461.00994685747
1561,22348.2910292966
1562,22228.75513507949
1563,21639.949261730315
1564,21369.027757191794
1565,21421.69640852848
1566,21387.347453077717
1567,21916.642034842997
1568,21177.670093369386
1569,21398.702210654003
1570,21331.190519423377
1571,21465.70365234718
1572,21970.279668929907
1573,21952.55669793797
1574,23189.436625000635
1575,23174.900435784075
1576,23356.078442200105
1577,23014.387475585034
1578,23016.77147442259
1579,23817.627222082636
1580,23653.51440780471
1581,24433.305402250364
1582,24318.29531158817
1583,24294.443411756656
1584,23735.17369764491
1585,23860.24455367198
1586,23787.194751654704
1587,24099.387823802404
1588,24018.29725201172
1589,23586.183882789082
1590,23625.294996403787
1591,23545.409916553665
1592,23474.097227791717
1593,23696.25396458701
1594,23854.132474353646
1595,23511.44263517036
1596,23343.378317832943
1597,23364.870847155544
1598,23543.71834173997
1599,23271.104857521255
1600,23174.129100067366
1601,22985.44112231083
1602,22972.622470949504
1603,23129.702169320222
1604,23171.49270605787
1605,23235.31417798795
1606,23109.08915672404
1607,23124.78060807232
1608,23141.108098115918
1609,23190.023626715454
1610,23339.22885240265
1611,23299.406692115772
1612,23282.299807960182
1613,23202.164970044712
1614,23118.129774995217
1615,23042.435827154524
1616,23102.685215839705
1617,22960.112830225105
1618,22741.422156382177
1619,22769.901975397614
1620,22534.016717650615
1621,22631.87260476141
1622,22655.555482600546
1623,22926.97463880076
1624,22878.128117452387
1625,22894.205486760555
1626,23768.35848608119
1627,23945.26477820111
1628,23933.137887881127
1629,23582.568430569747
1630,23709.01541923698
1631,23530.841431683515
1632,23741.17908741098
1633,23876.508313157345
1634,23713.98270802816
1635,23795.387524724123
1636,24092.373003064684
1637,24230.367504498998
1638,24175.34126704963
1639,24440.131198661384
1640,24277.905186980104
1641,23776.401591560843
1642,24268.91403763788
1643,24303.302416775095
1644,24237.449048531154
1645,24193.722453198545
1646,24540.508398022557
1647,24155.620865254372
1648,24050.23437684067
1649,23811.938548945356
1650,23763.556229848782
1651,23962.625459873205
1652,23938.575238048063
1653,23629.728406475297
1654,23762.72955966508
1655,23714.140464811633
1656,24115.134898703378
1657,24308.575962413386
1658,24066.630081424497
1659,24132.251392414757
1660,24017.166047351697
1661,23964.877941386312
1662,23651.328270325124
1663,23831.99801788605
1664,23820.480562504144
1665,23814.59542302769
1666,24074.591010545155
1667,24107.199533097024
1668,23931.87064854189
1669,23893.233294532434
1670,23974.447386924992
1671,23946.234123909962
1672,24036.780252176904
1673,23990.31119111613
1674,24022.685526595484
1675,24041.13268225731
1676,24212.93194578713
1677,24345.72731081089
1678,24691.072606765083
1679,24083.440865744986
1680,23981.27158142193
1681,23638.169926231505
1682,23873.62782668626
1683,23360.318430713065
1684,23334.83647017514
1685,23580.98173881234
1686,23592.34532142403
1687,23531.806701161677
1688,23286.92650243201
1689,23033.164253329567
1690,23008.35423907108
1691,23103.00661336492
1692,23062.74728671439
1693,23052.5589442224
1694,23070.26705788986
1695,23423.649786952363
1696,23326.91850600878
1697,23568.64100778777
1698,23968.17010905147
1699,23547.34054557367
1700,24137.417870104873
1701,23977.264488815268
1702,24126.649320772674
1703,24271.7516329789
1704,24581.667926784434
1705,24993.722488357947
1706,25147.484554984087
1707,24961.95561828304
1708,24747.11505334877
1709,24953.77562735872
1710,24667.265632884184
1711,24899.032649298388
1712,24865.431746121034
1713,25049.64186917093
1714,24935.52573314513
1715,24760.95414146814
1716,24534.14637859462
1717,24169.800978392537
1718,24168.84762648808
1719,23872.659181975145
1720,23880.674400507873
1721,24087.972288015077
1722,24286.433099328202
1723,24293.59992089326
1724,24078.01511428438
1725,23030.683609157648
1726,23407.44060967225
1727,23463.14473266249
1728,23501.005391486913
1729,23653.16640364015
1730,23801.894060078514
1731,23798.725936354513
1732,23797.13441128694
1733,23721.46389649248
1734,23695.427218488145
1735,23681.11329699525
1736,23716.9157721679
1737,23811.419355487553
1738,24077.068438589893
1739,24334.167341161035
1740,24368.124024712582
1741,24163.427500970556
1742,23920.41244947218
1743,23929.517549144224
1744,23923.366573285955
1745,24000.966869580083
1746,23786.931818524587
1747,23787.84022794904
1748,23722.655133718683
1749,24475.25690825111
1750,24405.405135279212
1751,24352.316788090066
1752,24502.48276789856
1753,24372.556571752975
1754,24288.44880788777
1755,24198.396005456983
1756,24186.139573163862
1757,24323.854489802336
1758,24330.745076183157
1759,24360.537073548854
1760,24445.42528900393
