,Profitloss
0,-2.2070459767697947
1,-3.5169666323234816
2,-3.732384230794661
3,-3.890979788546489
4,-4.302919441437547
5,-3.8465213261652975
6,-3.669544202353392
7,-3.7623941396913607
8,-3.2299308117683445
9,-2.7954832708376065
10,-1.0048658604491667
11,-3.1235689174715198
12,-4.485655384087783
13,-5.142983757765618
14,-4.762800498979114
15,-7.947396098016046
16,-6.9262086192913515
17,-7.85483981781685
18,-8.050501956502142
19,-10.175784829059198
20,-9.357609165816516
21,-8.768697634501066
22,-8.861847199258454
23,-10.424505950269602
24,-8.754943422106798
25,-10.442474234765509
26,-12.59921870722046
27,-14.684419335270071
28,-15.42753168672828
29,-14.58517076754834
30,-12.625846030079412
31,-9.87421101217988
32,-9.739308955860725
33,-8.182636730178816
34,-7.091879567678427
35,-6.223706040671518
36,-5.694737519674165
37,-5.466784546853143
38,-5.073879600509468
39,-6.11806519450544
40,-5.6306028464099045
41,-5.667474512901849
42,-4.296518466772737
43,-6.266021528836152
44,-7.565106770283759
45,-6.462480135627368
46,-5.839490013566384
47,-4.075457224700307
48,-2.7964227245108275
49,-0.4806287586542557
50,-0.6941754813623024
51,-1.2426771455335661
52,-2.682643960370079
53,-1.20894895151612
54,-2.085011103123635
55,-2.663046114611556
56,-2.3716373784281486
57,-1.8390949091669384
58,-1.1936361883143176
59,-1.2621294800717497
60,-2.112274052357954
61,-4.74446691629522
62,-2.1286404109474133
63,-0.4461531034688826
64,-1.250738428262188
65,-1.943558091636588
66,-1.4369667608757797
67,1.3412261610980192
68,-0.551690388515691
69,-1.1133875767927903
70,-2.9565157091198113
71,-5.753078204914919
72,-7.111514476570335
73,-5.400501971283123
74,-2.772807099251773
75,-2.1210728653205946
76,-3.2108225196847306
77,-5.480199719220458
78,-4.969461853657775
79,-3.893733802794852
80,-4.151069676521968
81,-5.481748062230007
82,-5.72485221444513
83,-4.997950163487664
84,-4.4973253509282385
85,-5.944477079966603
86,-5.616841097041803
87,-5.736983502443371
88,-6.312194376930346
89,-8.00483959827285
90,-8.802671354289703
91,-9.835177916458726
92,-10.819180933848383
93,-9.235513186574519
94,-7.216209432461696
95,-7.308794719393019
96,-7.191012792639018
97,-7.189804874512252
98,-6.180173410901279
99,-5.829063617143437
100,-6.201671369254047
101,-6.8319394166008625
102,-6.568704503289913
103,-5.962986421871852
104,-5.221847951421809
105,-4.687508303063826
106,-2.872242361734334
107,-3.9356739952078557
108,-4.400799770302244
109,-4.062022750395322
110,-4.604657365791898
111,-3.9009077512532464
112,-4.041662981874927
113,-2.701716018015854
114,-1.672372583463222
115,-0.11836208976758744
116,-0.2108155684892199
117,-0.2535109050592399
118,-1.2115696446515667
119,-1.2702757835007739
120,-0.5537204155689923
121,-1.3114989243597885
122,-0.6453972522540319
123,-0.9143524020884475
124,-0.5003997539673177
125,2.03206238024245
126,0.37496322134566995
127,0.8604081448789103
128,-0.9774912165844807
129,-1.9267479144295052
130,-1.1181258840825659
131,-0.8529313638992009
132,0.7294963951574029
133,1.9897269076225133
134,4.432034030812826
135,4.929208526163653
136,6.536800655946284
137,5.835250600520436
138,6.96060827153866
139,5.467742255700969
140,5.073144192950463
141,5.9753563617675365
142,6.172514424055975
143,5.5274365777175705
144,4.1039496406256815
145,4.22009411100035
146,4.951603891948109
147,6.254285542479265
148,8.424643711686874
149,8.837357919493428
150,9.980718669871091
151,10.336736577497717
152,9.238876496596603
153,10.416475011531801
154,10.35241494538235
155,8.761851738287785
156,8.628904896423872
157,10.553422644523348
158,14.005156451430256
159,15.41647167324487
160,16.515008838475165
161,16.713440901791678
162,15.25716076289092
163,14.923060008926692
164,13.302457387896105
165,14.751824493883037
166,15.562440239685182
167,13.871512913331042
168,13.19245683400787
169,13.322917005394498
170,15.477398055914037
171,16.449013766458265
172,14.386007299126714
173,14.48586069592488
174,16.22545299259577
175,16.5452310938933
176,17.124341649976273
177,17.32218212623884
178,17.527994669247214
179,20.03908865295614
180,20.560366317176392
181,19.565551038634865
182,20.616136440236566
183,19.996490408212676
184,19.795049580233194
185,20.284251360638848
186,20.397242964636277
187,21.48160829993342
188,20.71682596862292
189,23.124082784182786
190,22.365880208210378
191,21.363893594211937
192,20.987870037388024
193,21.023891890814063
194,19.23601691261854
195,19.707164428969428
196,20.1958563088128
197,21.42634929966516
198,20.170102192392612
199,20.686851116884554
200,20.555554335571614
201,19.594778744986318
202,18.73312752637255
203,17.47774445304313
204,15.301499478674874
205,17.18287017881299
206,16.812533474752644
207,16.74124113729718
208,15.001127974157491
209,13.85147690961337
210,12.631763821188446
211,17.35053502180961
212,18.933393546842513
213,21.614930149348833
214,21.986421557180293
215,19.898275751123972
216,22.904065822667707
217,24.255104381911764
218,24.418846558356442
219,24.784182946932564
220,24.769901097478918
221,24.09932307709244
222,22.368863433366528
223,19.48568464787521
224,20.01634642963981
225,20.344576850667373
226,20.46310032504215
227,21.157982082246818
228,21.066445259606482
229,24.211469772990068
230,24.845252849154864
231,22.058438554233682
232,20.61194353342848
233,19.60344688279538
234,16.24995531449549
235,16.259972454308635
236,17.172750995789098
237,18.18645609659535
238,16.766264040710066
239,14.84641259087467
240,13.841184309678955
241,9.91734423465247
242,8.100343370313956
243,3.3591710817479026
244,3.7773450270057074
245,7.975836446946283
246,11.071664201262843
247,10.50832805724844
248,8.604158905151982
249,4.5793287172481545
250,5.974480031428575
251,5.089003592698282
252,1.8790372855421067
253,6.866261718531286
254,6.982912301263933
255,6.009961490353
256,6.47585912832267
257,5.596036049140585
258,7.49520628809397
259,10.188455395273245
260,11.73592987053107
261,9.819109860444142
262,7.49183589991278
263,6.169688637642623
264,5.768698887200752
265,4.415723425443718
266,3.8299807769030636
267,-0.9262170872864739
268,-0.5076741968076615
269,4.162242007042427
270,4.1593475042236205
271,8.165948009291402
272,7.69299334843927
273,5.626844517992691
274,8.256196555044127
275,8.263698035930233
276,11.056744797990948
277,13.733566869361713
278,10.006803017916255
279,7.513151419285347
280,9.097418172099992
281,9.483190006499909
282,9.842488783918025
283,8.410074856235884
284,6.6793804978943605
285,5.323056658457159
286,7.202226754107222
287,8.073670984424774
288,11.100010332109346
289,12.36040476186091
290,10.04733488854761
291,9.765317026535246
292,12.449002387484542
293,13.004918180074654
294,11.48319243955498
295,11.058822750953311
296,11.49981322884328
297,10.30446948322712
298,9.866361197082995
299,9.638660244250596
300,9.619992541176735
301,6.535658538872147
302,9.529778050950387
303,10.555226923343653
304,12.530331705070763
305,14.912987465695316
306,15.40363809535239
307,17.17558069234759
308,16.30823299623816
309,15.097997234933924
310,15.92936244465346
311,15.539784558688652
312,16.853788432148022
313,18.416889960436357
314,17.677993844849848
315,19.738463716716524
316,18.781178683363176
317,18.420728014207775
318,18.013274577745754
319,17.645862736374852
320,15.628911709455352
321,15.238359120618883
322,17.297522459722735
323,18.366148705417285
324,17.605763962041475
325,16.867018004151646
326,16.01563022669574
327,16.458646491586638
328,18.028750479310563
329,18.24856061135891
330,17.676509297617258
331,19.421460817882075
332,17.918171388047142
333,17.358253768380962
334,12.28214121278921
335,11.376860656072306
336,11.368258456430524
337,7.461090065177145
338,5.062216388476615
339,4.786847701491048
340,5.238552343537961
341,1.8675562039972782
342,4.076109909086334
343,-1.1072130585089157
344,-1.8041424636394021
345,-2.902059218100972
346,-2.399585113075864
347,0.3688733167769076
348,-0.5853702701759
349,-1.0437655664761514
350,-5.681221469739017
351,-7.2642960148001094
352,-6.248106726137259
353,-6.5323880969225705
354,-9.648738756137709
355,-10.060833595251351
356,-7.913974640208243
357,-10.054816885802731
358,-11.72329886641652
359,-14.467583654193517
360,-13.204616146304538
361,-14.122135091097821
362,-12.76613266053096
363,-9.49456274627013
364,-7.332078129343089
365,-7.1807166424530555
366,-6.711294231174191
367,-4.863702952887339
368,-6.990693045982188
369,-6.909171320994356
370,-7.2155908822979065
371,-6.114218646073644
372,-6.422566665585716
373,-2.2981818244147356
374,-1.9388877778473868
375,-2.8894049506211883
376,-1.588117567407954
377,-1.3764288507521094
378,-2.4524471016292515
379,-3.1318969084422443
380,-2.8753500985724267
381,-0.7471336712251309
382,-1.6240936308719367
383,-2.757145391553517
384,-1.7932057613815333
385,-2.880981995897791
386,-2.969348493749735
387,-2.3448681788006964
388,-1.3508402798285357
389,-2.658738680300543
390,-2.930703164545323
391,-4.2742545496414985
392,-2.746347126135429
393,-1.4344398460592989
394,-2.489703981429947
395,1.7768145143946645
396,1.5457040856697857
397,0.19853135348575357
398,2.66324261376949
399,1.2201864816589136
400,1.5944756720091657
401,1.9538216334028746
402,4.367131127004131
403,7.112049461536518
404,6.7175748964738435
405,7.288264709458114
406,8.073978208964006
407,8.267799534629638
408,6.712180355777031
409,7.778573437033742
410,6.563236648614379
411,6.3207672877502175
412,3.729496840905111
413,1.7204934302788466
414,2.4452632192151658
415,-0.02773708304097955
416,1.1828546502647752
417,-1.8253024111153704
418,-3.5481780400053564
419,-1.3083653904905512
420,-2.276069475957543
421,-2.9971837958603365
422,-1.5073376745355138
423,-3.808631229093984
424,-6.278767498371018
425,-3.649695332054881
426,-0.9796247551576931
427,-0.7407029804002652
428,-0.8629990620517836
429,-2.9699936959190376
430,-1.8702239220505068
431,-1.9937019413776902
432,-0.0786907236148493
433,-1.0683707464801295
434,-0.37175433262413016
435,2.3008035721152176
436,3.372583409820429
437,2.0915993863334092
438,2.6798305701088987
439,1.325584725224549
440,2.2628025104453497
441,0.32109040979322323
442,-0.9164189974778747
443,-1.230641575813829
444,-4.095332173871946
445,-4.402516216152074
446,-5.2046667324394225
447,-6.090727639315963
448,-7.2356210340772105
449,-8.14573385258469
450,-6.006673157805986
451,-5.901321767035517
452,-4.477830485530743
453,-3.0826701066796636
454,-8.966139583992039
455,-11.122272228486008
456,-9.50225790263376
457,-7.201109921106507
458,-4.867969623355628
459,-3.2786481756284402
460,-4.631857943551088
461,-4.275139821331441
462,-4.266780420771255
463,-3.808444516830456
464,-2.4478456852686903
465,-2.4094710560800814
466,-3.6804394803203966
467,-4.187836405531153
468,-2.8936450324426266
469,-1.905646073708156
470,-2.2518790929639376
471,-1.5443204446674796
472,-2.541810553113677
473,-2.769184956394144
474,-2.3346976692823818
475,-1.5163666649042784
476,0.2098702776739403
477,0.15197422341222122
478,0.8801849733895528
479,1.833594757254775
480,1.7585504123992513
481,2.2375964782910485
482,1.4809513694983512
483,1.5502309824058091
484,2.057869728415729
485,3.3748065681603157
486,5.260885421880301
487,5.58340405402542
488,6.441115751759963
489,7.236913697986447
490,5.799547404131977
491,5.676324940538846
492,5.738819308309817
493,4.93247874550804
494,5.848838929244304
495,6.411774337116949
496,4.262996896808979
497,3.42434394097737
498,4.231164822139899
499,3.430080853698647
500,2.805381623950498
501,1.6119421691598301
502,1.6614669170737395
503,1.84967537200178
504,3.6750044470625465
505,4.380660982477935
506,5.395877803502702
507,3.202061744757545
508,4.2984351776460095
509,2.773438679692064
510,2.676721870999943
511,3.6253469252914394
512,3.7951114075349235
513,3.3288061476756337
514,2.8520592269684064
515,4.243250073347471
516,5.730081118279329
517,6.36597756731625
518,5.098299068675982
519,6.253865889638943
520,5.741860205245741
521,3.98754760492237
522,4.0822748140118215
523,4.105199314617458
524,5.907842582157508
525,6.026124203409111
526,4.518952207224203
527,4.065576548244287
528,4.405967770821917
529,2.3943656443230044
530,1.0488382629279647
531,0.5357301814686855
532,0.09966093176907442
533,-1.1845583595751719
534,-0.3997073473265611
535,-0.9291932059967034
536,0.012669201975312738
537,-1.1667337277524448
538,-1.2463559778234434
539,-0.6981967992752747
540,-2.9924040425624576
541,-4.374238800107255
542,-5.563917047741718
543,-6.100620902439202
544,-6.868288235574937
545,-8.599832205137414
546,-9.328807970269526
547,-8.976610667885698
548,-4.542284495196358
549,-5.207023515450581
550,-1.022493003956093
551,-1.7422264925525677
552,-3.3289698242615295
553,-1.956744577738967
554,-0.7053123806587291
555,-0.6408240343643845
556,-0.5928482242174904
557,-1.4568322649627596
558,-0.4701061517194849
559,-0.3139161789375011
560,0.35389197910342673
561,-0.6534027052703117
562,-1.6405358083113497
563,-0.61194292510105
564,-1.9086722349228369
565,-2.9924686033198977
566,-4.126880620605622
567,-3.924453715124643
568,-4.073291874830343
569,-3.0723551974002894
570,-2.3577719605902825
571,-2.085702346594609
572,-1.5011669101916425
573,-0.8773954690669883
574,-1.3257857408086826
575,-2.8957955593464813
576,-3.58967554006564
577,-4.229172637593548
578,-4.029818479804003
579,-4.0065569704422765
580,-3.735060371281518
581,-2.381247166274658
582,-1.570199969137931
583,-2.8852291117406503
584,-3.402253311842496
585,-4.49387747763036
586,-2.214443603563998
587,-0.813186259612364
588,-0.3780246718252833
589,-2.6815401906472913
590,-2.3448993907219218
591,0.6748085364065792
592,-0.2488568284619297
593,-0.09505110489695934
594,1.1271138609872056
595,0.7550908269390755
596,0.3334285338514542
597,1.1824479591671988
598,1.775082801882033
599,1.309810982579851
600,0.7773852761287392
601,0.8562896974407153
602,0.034702542527420555
603,0.268175823336847
604,0.6111399429682862
605,2.6674694263131737
606,2.7707910329132224
607,2.8636724348591214
608,2.857464589013725
609,2.795596963501179
610,3.065713286514127
611,4.831773954692364
612,6.144065602795279
613,5.888975139243091
614,8.303582038229361
615,8.989922769498015
616,10.316981380008272
617,9.743509870040823
618,8.654277826905087
619,9.58434436442477
620,9.62449979435962
621,8.577853533881964
622,7.942288166968603
623,9.707247089533322
624,9.694741289987707
625,10.4232990803526
626,10.152038700144272
627,10.814763216564916
628,10.650187319741322
629,9.659874205531494
630,11.277610141805173
631,12.437094569220797
632,12.24920296093197
633,12.873659936796212
634,13.027501902447014
635,14.077787036623857
636,14.430561976710422
637,13.462488460497003
638,13.765322434992665
639,10.641357045491496
640,10.993041869202113
641,11.044322254037642
642,12.033709710804041
643,12.963563725117776
644,12.968638760395024
645,14.514219359149694
646,13.398908787263464
647,13.226226314752143
648,12.922498009841533
649,12.069939120365625
650,11.523113412838404
651,11.460572982450557
652,11.106282071157448
653,10.601412282126276
654,9.393330238618214
655,9.515488504507296
656,10.416153746990119
657,11.190097155000034
658,10.371931752827578
659,11.935284100823985
660,13.182130139430637
661,12.579447251511787
662,13.855306521297406
663,15.318206468660666
664,14.907954866001827
665,13.605677563924434
666,16.16287605746287
667,17.159202065802127
668,18.320763246153614
669,19.127078064053048
670,20.62967300417644
671,20.658437033052035
672,23.036381875152976
673,23.281291398899985
674,24.00866125331529
675,25.934688238483396
676,27.705176553351542
677,28.14692749287493
678,30.314792437630533
679,28.592747188119528
680,29.942366552400145
681,29.29793035188588
682,32.272202807563865
683,31.745640497210093
684,31.210258081779507
685,31.450035358168506
686,32.961394607742946
687,32.18994684248617
688,31.435828320464477
689,32.43379587004394
690,33.95075226149758
691,33.99511851146495
692,33.51897783593154
693,35.230859648390165
694,35.29144909896491
695,31.33262839232809
696,31.626576875248634
697,32.27850779885317
698,32.52896459291876
699,31.40515958535164
700,29.56198283416953
701,32.287487722070885
702,33.99229614931851
703,37.94715614957613
704,39.50861840550133
705,40.381582419824966
706,40.74705815915338
707,36.98378347126949
708,37.9328125864246
709,36.09435151920424
710,35.35671128702986
711,34.99501815473971
712,36.687702570270716
713,35.30909198498169
714,35.81587949579335
715,37.84058569491544
716,37.49659264094865
717,38.62874712418416
718,40.42078002447842
719,41.38667979478885
720,40.68602976714932
721,41.50587894679836
722,43.50013091317324
723,43.22065894158573
724,44.472774010164365
725,44.09708419642371
726,43.919292382405615
727,46.75612844999324
728,45.44335003695694
729,46.050485572782264
730,44.210987809367296
731,42.599636187650326
732,44.46883975685183
733,42.997832122999725
734,44.28256456718665
735,45.96354098013005
736,45.81751551665369
737,46.25672501792364
738,43.1935364613979
739,42.611331340396255
740,42.67341005514744
741,42.14637065377338
742,41.1398685865682
743,37.409883365844074
744,36.35693547837515
745,37.305005769666266
746,39.57422890704188
747,38.89984831371993
748,40.657980636247814
749,40.26900622875977
750,39.79013438474366
751,40.204679809697794
752,41.486020406539566
753,43.08265127393109
754,45.02178179665339
755,44.47042073920857
756,44.978546990274815
757,42.09066259968337
758,42.763719132075465
759,41.39327866022165
760,42.83555219642841
761,43.74410390546366
762,45.92650042239803
763,45.79706527464407
764,45.57283383294926
765,44.10798157506333
766,44.867520967138596
767,42.199260662297824
768,41.572596678611575
769,41.07546291254616
770,39.37038475286987
771,38.429609393413244
772,36.94623678468236
773,38.051522453589826
774,40.66441456966658
775,41.08957570715754
776,39.746953478946125
777,41.24861644792461
778,41.243371164498654
779,41.025748259332985
780,42.29242399505255
781,40.95863618257567
782,39.194510378726655
783,37.931638293915306
784,39.95755350167127
785,39.56013906966507
786,40.06370117394405
787,39.26511642028454
788,38.19877967548035
789,39.507114396413634
790,38.83324809329751
791,35.25746000071168
792,34.34420618431966
793,33.81220407315517
794,33.10458453873628
795,33.15134391696335
796,32.86459941935105
797,32.96607064748618
798,34.91526170985508
799,35.40850457496427
800,35.70522149615807
801,37.59074772417594
802,35.48837804874167
803,35.61705119162315
804,34.46277890392637
805,31.595512348564036
806,30.88847042457261
807,34.148920718783394
808,33.91775098842045
809,33.46589443078833
810,33.43279635016425
811,34.085290364110456
812,30.896056903354996
813,29.369814248317994
814,27.781946307123206
815,28.485086844679273
816,30.14931126696938
817,30.31950839517883
818,30.243263201991333
819,29.769448353963757
820,30.931682350041623
821,32.84248137522703
822,32.85714312519934
823,33.29766321544994
824,35.55265574549904
825,34.44923560149953
826,34.531411445734264
827,36.02096830362606
828,37.275765270579186
829,36.30375922014395
830,36.704487154696494
831,36.68915951435392
832,37.74577497289642
833,36.72791127953388
834,36.82841638882817
835,35.841266870794186
836,38.383093569364
837,40.28856741958704
838,40.22219137393046
839,42.99522875308084
840,41.467011145493295
841,41.186821385587756
842,41.29438633838749
843,42.42564078627999
844,42.99328235874393
845,42.84812164385943
846,43.70276591843931
847,42.70252646708377
848,42.61061611008772
849,43.14461162288175
850,45.11367910551331
851,46.07329949875165
852,48.1546629026115
853,49.27373351310689
854,49.81396778720681
855,48.377221490858545
856,46.91477825863946
857,42.83245711835369
858,40.36945121397615
859,34.84841371269853
860,36.368801702127044
861,36.72240398425433
862,32.12170784416006
863,33.924838602691885
864,37.10694589488001
865,35.87298983858673
866,38.32495682439543
867,38.90376773007871
868,38.61434871168849
869,37.20383549766326
870,36.71732108633159
871,35.7873477766844
872,39.002909747710326
873,38.862839695669706
874,36.539141375589004
875,35.65975881168415
876,33.81652818360119
877,32.99180975700096
878,33.73605541143434
879,34.05568898774665
880,35.16695517149662
881,37.81688654785442
882,38.30284023523085
883,40.382199256553974
884,36.95875538989291
885,39.12332872932937
886,39.242192684425326
887,39.71396371934324
888,37.437824799716935
889,35.971341769299194
890,37.921782168674056
891,35.11569494342002
892,32.10977384544136
893,35.5274759692481
894,32.97269713299453
895,33.64737395810762
896,35.971397017285
897,32.862586879418764
898,31.845990476203824
899,32.83598466754887
900,32.286085251745035
901,29.77484288986867
902,31.57838129361512
903,32.20918351784121
904,30.83944158329941
905,30.852307070573627
906,30.778370576042647
907,30.570628374983432
908,31.456398294539568
909,31.12265848883464
910,29.157902282905024
911,27.646446873231966
912,27.2754721824521
913,26.37088609702902
914,27.104503028225423
915,29.19385682175819
916,27.385230707739638
917,26.00989803992302
918,26.168808496225516
919,24.592926176686092
920,23.51957746506177
921,23.941381213269143
922,24.346055932992815
923,21.647375669999636
924,22.343743181408236
925,23.241630529974323
926,27.113372982916694
927,27.03713514981636
928,23.67290341460113
929,23.620198866158514
930,23.755718227706744
931,22.49108134201323
932,22.36128899348031
933,23.197581968521995
934,23.098928901389094
935,22.05433057924562
936,23.04496701946981
937,22.85722731839186
938,22.21496156151701
939,22.397737548862896
940,24.51694605187531
941,28.091129885479305
942,28.785181296282715
943,29.633645635137242
944,27.392859885759215
945,28.51937801173179
946,28.60231017485515
947,29.99580093581273
948,29.426788582829676
949,32.83742544694264
950,31.577281470107856
951,32.75708995901447
952,31.564129403916198
953,33.00069806942065
954,30.73433889297337
955,31.682997319491047
956,29.016076856004602
957,29.2633232740487
958,29.291648808219172
959,29.59250640919784
960,30.562437306307345
961,31.693211003371303
962,32.57943675377199
963,34.5193576207828
964,37.594444193875745
965,36.999419743995965
966,35.288581887476965
967,34.58544157707808
968,34.58904166257313
969,34.58030220240682
970,34.75304591570747
971,35.260269170134784
972,34.90211283923945
973,34.71051790076771
974,34.26005219447929
975,34.25254474094848
976,34.92037834403885
977,37.15492569743473
978,36.4896808218923
979,35.257166896165074
980,34.88617613424885
981,35.423799659611575
982,36.24336762387641
983,39.53972364465466
984,38.58648090916712
985,37.78695480258296
986,38.77650025530157
987,36.49502452896094
988,35.830404817456206
989,34.43258643830012
990,31.846085402587132
991,31.657872728412983
992,28.067192784943206
993,29.033925807734782
994,30.35194020075984
995,30.541979504818162
996,31.075730778449937
997,29.89194532819328
998,28.403586551018336
999,28.312160674706877
1000,31.316033516945897
1001,30.08194239800477
1002,32.646422328277055
1003,31.869726645803787
1004,32.09429739505288
1005,30.16452025566272
1006,25.42925202566795
1007,25.920240592756972
1008,25.537611544678395
1009,25.025133447848713
1010,25.503338782229346
1011,25.835377008885896
1012,27.54429222601791
1013,25.501812064956408
1014,23.75733820417869
1015,25.590187397994967
1016,26.765586224924153
1017,27.067430362595402
1018,23.951786160028533
1019,23.816214146607486
1020,23.82677483614546
1021,26.34844851480804
1022,27.118222511844724
1023,24.98706193105271
1024,25.255393821793003
1025,26.06505460568758
1026,23.09400961414747
1027,21.23729810838291
1028,20.8806074229281
1029,22.86015501698224
1030,18.752378227263677
1031,18.715359119113284
1032,22.2349099370982
1033,21.25923850787479
1034,25.719900689804454
1035,25.21025969618773
1036,23.766492803642002
1037,23.66954937400434
1038,23.49277588803549
1039,20.662668099267133
1040,15.505673687838861
1041,13.722306724524325
1042,13.300759387744353
1043,12.760297989839975
1044,13.355762771749191
1045,15.11517307531387
1046,22.047964525458074
1047,19.57278373967959
1048,19.625501662184664
1049,20.031195316671415
1050,21.689339577377243
1051,19.348216073896918
1052,17.322097281532244
1053,15.050808865177046
1054,14.030517346890958
1055,14.27475802340432
1056,16.178151797171815
1057,17.595201697463114
1058,14.898900864192033
1059,12.189291581234452
1060,15.134966138644756
1061,12.73868529961264
1062,17.241365142114983
1063,17.87743719343564
1064,19.78499635912292
1065,17.532335217539785
1066,19.335152470798576
1067,23.47586391486032
1068,20.923839892523155
1069,21.76271771505025
1070,20.33960243887254
1071,20.18130200451114
1072,21.72223264608981
1073,24.281622932299072
1074,25.88560130478299
1075,25.400644746131128
1076,23.511915318964483
1077,23.603535405979127
1078,20.987040657717017
1079,19.655326221880067
1080,20.597021942632953
1081,17.81450231456969
1082,24.353734396447322
1083,21.40032455299128
1084,25.44498636093615
1085,25.867834747311313
1086,22.08803536507378
1087,30.35547035893542
1088,31.69838304204302
1089,32.200613673033395
1090,35.199287377441514
1091,36.59016755876683
1092,35.33388691519435
1093,34.87654757091201
1094,35.07970283562791
1095,35.4800483277327
1096,35.71187175751527
1097,38.27544110681054
1098,33.55518040340606
1099,31.347242067031722
1100,32.29014884887134
1101,35.5746121610087
1102,34.747912461583866
1103,34.886209777201294
1104,37.97865213417877
1105,38.60258743850218
1106,38.74201031943139
1107,37.1702675993578
1108,38.0944946937404
1109,35.40527967514855
1110,32.63459662386459
1111,33.18839840818437
1112,33.75497062337918
1113,35.32665282832221
1114,35.394057865341864
1115,34.31511141226207
1116,35.09691098523802
1117,35.433012818756616
1118,35.17030494068742
1119,35.21835950094343
1120,37.931842623363195
1121,36.8337709289593
1122,38.98173494435391
1123,38.721485199804604
1124,41.17084645663878
1125,42.42484985459314
1126,42.02654481861745
1127,43.64041513194128
1128,42.4247919754339
1129,39.283629182227145
1130,36.347254570164125
1131,38.346639734323304
1132,40.18126700571687
1133,39.18911967258343
1134,39.24061212827728
1135,41.342645106773034
1136,41.12074729126325
1137,40.08772089214787
1138,40.018913884405926
1139,39.91197606642363
1140,37.28237979532629
1141,37.93235299539368
1142,40.669585279156784
1143,39.77293966516409
1144,40.386081416197484
1145,42.8967322950204
1146,45.07326888400598
1147,44.49000446865765
1148,43.44350150987515
1149,43.34734496410284
1150,43.763970350127536
1151,42.37468842541814
1152,41.229602863975614
1153,42.27418959175404
1154,40.999003584652804
1155,39.89198227314459
1156,38.5990430176915
1157,37.656737652906735
1158,34.44396951943782
1159,32.047048578521874
1160,32.32313921676071
1161,32.34899848331507
1162,31.034036413513455
1163,31.499090259727105
1164,30.575776079081997
1165,32.115717394842555
1166,32.575341699802564
1167,31.968791524586916
1168,31.050776036919547
1169,30.515297657803387
1170,29.687437079602486
1171,24.379787574059474
1172,25.011274254771276
1173,24.652728847118755
1174,25.0577856317606
1175,22.932225394564565
1176,25.6027230111709
1177,26.894425285357503
1178,27.50710450711884
1179,25.581221378455066
1180,23.941988207592367
1181,25.511183874250463
1182,27.157765293459857
1183,23.163644948134234
1184,22.451645038171698
1185,21.07098151832336
1186,20.406339450417722
1187,20.816476483351586
1188,20.52250058549834
1189,21.01169724097016
1190,18.996417181787372
1191,18.377604094393885
1192,18.227011487232335
1193,21.411764971915105
1194,21.144760595512203
1195,20.546242349232436
1196,18.69062898554523
1197,23.32726811531407
1198,21.396662323765668
1199,22.182693939228958
1200,23.465940704448695
1201,24.77595299147104
1202,27.644957565904505
1203,27.48589652073099
1204,26.975366158467562
1205,26.64327373751867
1206,27.65586646611422
1207,28.45462665769385
1208,28.930396857619467
1209,30.66702988873722
1210,30.989499122187624
1211,32.13780915318634
1212,30.47270683893455
1213,29.728267984520464
1214,30.640046852567316
1215,29.962381561985964
1216,28.79000049636864
1217,28.95364291740541
1218,29.672827799655764
1219,29.543328524772328
1220,29.46201560525312
1221,30.116410179670684
1222,28.494498611480278
1223,26.473003490163592
1224,28.945792537397708
1225,30.06013675217862
1226,28.072439879485067
1227,28.696144223943953
1228,27.809716017099383
1229,26.975795785462807
1230,24.54298188948332
1231,23.441454984466148
1232,21.95703284603827
1233,18.93026518126666
1234,20.04588496181581
1235,20.229541513911474
1236,23.65724356034946
1237,21.36712083752048
1238,19.70000703631991
1239,25.38681669537244
1240,22.220584601200844
1241,22.856403504247112
1242,24.477959456319233
1243,25.633722677576397
1244,24.944061820316943
1245,25.046851462230514
1246,23.35552127670104
1247,20.69215809564038
1248,21.74033944144822
1249,21.779624530026975
1250,23.4323461241533
1251,24.304723663261463
1252,24.79377551193962
1253,22.46825680234337
1254,23.530474634313947
1255,25.547790188561436
1256,26.146177638575317
1257,23.800286913629787
1258,24.08246329777746
1259,25.136396872044852
1260,26.099505490775886
1261,25.12778468051533
1262,26.071715244490257
1263,24.413305934256435
1264,23.25028162687901
1265,24.33374741329539
1266,25.985126684773018
1267,24.013796666573327
1268,22.274069074213322
1269,22.150331637803156
1270,21.046558743717192
1271,17.592292892407933
1272,18.503977278643745
1273,17.211610792837373
1274,15.82250752810086
1275,17.574712253668622
1276,17.711113421605408
1277,17.864020441721816
1278,15.621872433441087
1279,17.8070043060097
1280,20.02042825890864
1281,22.481441536645484
1282,23.278635814851633
1283,25.445440874229064
1284,24.981509175347803
1285,25.2206420566377
1286,24.062175439484925
1287,25.37989710014199
1288,25.108275808912992
1289,26.79581610997317
1290,23.002012819584607
1291,22.747999120851702
1292,24.496501734280017
1293,24.6459188356704
1294,24.92294525489247
1295,24.177844321975584
1296,25.69370879624597
1297,28.470804580104936
1298,30.027748907827956
1299,28.83689626575041
1300,29.32400814336851
1301,31.25434309062427
1302,30.5864197293404
1303,30.74706470118853
1304,30.999690548866642
1305,29.165002799415586
1306,29.31844370490588
1307,28.502267592025543
1308,30.03496419277607
1309,30.16481264177253
1310,32.22447313589769
1311,33.09014506433019
1312,35.047458625569995
1313,33.76697116120564
1314,34.432936918644685
1315,35.29762072563483
1316,35.61414806434795
1317,34.575462072967646
1318,35.40105910232967
1319,37.38304254331632
1320,38.599388318892245
1321,37.099579061769546
1322,37.41497785408485
1323,38.76427216493372
1324,39.06344812228741
1325,39.574825044987975
1326,41.479294512167606
1327,41.15680879114303
1328,41.29790096305388
1329,42.43989836058169
1330,44.097524317098525
1331,44.047716647553045
1332,44.80841491468108
1333,44.740688065197844
1334,43.35150686288258
1335,43.08565425888429
1336,42.838459832843
1337,45.8012853666242
1338,45.04828528857425
1339,45.371000015116934
1340,45.18490501393118
1341,46.641396324973904
1342,46.797640288456655
1343,49.376285838604296
1344,47.90544614680925
1345,48.79761551751856
1346,48.655328108070115
1347,49.09244487057946
1348,50.5644198612943
1349,47.50303187292091
1350,47.35827407336575
1351,46.58652899121467
1352,42.13457171410491
1353,38.760868944629
1354,41.210081921011074
1355,40.811443724084164
1356,40.07837897046323
1357,39.126658408918466
1358,41.19011819664926
1359,45.344505998974725
1360,48.400483902247785
1361,50.84434026523428
1362,48.168819437545096
1363,48.468415920679455
1364,51.752246901338864
1365,54.56636203414897
1366,53.4850088080578
1367,52.9625161460713
1368,53.11846309712571
1369,54.88132751713353
1370,52.25763327245676
1371,52.0580852437728
1372,51.723256696251305
1373,53.94878269132266
1374,60.243572533045175
1375,52.79898788132271
1376,54.88769800440314
1377,63.311125491152545
1378,60.3230081860622
1379,67.4034110923684
1380,67.28165991008312
1381,64.77982896293003
1382,56.850878348659826
1383,56.67427569030066
1384,51.20753005915199
1385,38.64856152998164
1386,39.24645214867037
1387,25.18411548419803
1388,34.09187081846883
1389,29.534214934795266
1390,31.539127024465373
1391,25.0598269155196
1392,28.80168091684685
1393,32.732513420133145
1394,33.77281826632312
1395,39.345657700144685
1396,35.89493502576167
1397,37.571505666123194
1398,40.56787332822387
1399,40.18309091220185
1400,38.8511944898581
1401,39.98342107107753
1402,42.985851122550315
1403,45.00318222657378
1404,44.824863105910026
1405,48.874807119998806
1406,49.326262696960924
1407,51.698370863338795
1408,49.02795543004868
1409,54.81767750177517
1410,57.00853886252628
1411,54.96466268034603
1412,47.496279806936585
1413,50.35905394409275
1414,52.077479172993165
1415,51.41875126851221
1416,51.83670969977978
1417,48.48510445404459
1418,49.77107952434265
1419,45.86820060971091
1420,41.52064447963715
1421,41.032625824391445
1422,46.393769280739065
1423,42.734897112898196
1424,45.50577501450255
1425,49.72637517819831
1426,48.40864441626527
1427,44.18926967039334
1428,45.29805751391034
1429,45.30834802014543
1430,46.90427204126117
1431,51.5512055149383
1432,47.69806148056692
1433,50.80511421219938
1434,47.7154145654229
1435,47.61206420358397
1436,49.113854335885996
1437,50.44554735503435
1438,56.38808440435206
1439,61.98017164807359
1440,64.57408821925836
1441,66.7677499801927
1442,69.51333606385151
1443,69.06769066522031
1444,71.99688610872388
1445,76.96380052543705
1446,73.95023679678707
1447,74.45332788052174
1448,63.49070611872109
1449,66.43817176467425
1450,70.90997475647254
1451,70.63084084950795
1452,71.8449422611872
1453,70.08542228903245
1454,74.20316708487947
1455,72.91744005008806
1456,74.799384909255
1457,68.66877952740053
1458,71.37890924021362
1459,68.48522711952685
1460,69.58988998326083
1461,72.32223201645556
1462,70.55612759266661
1463,73.58268112943102
1464,76.39154064121443
1465,74.4785384029351
1466,79.20093942446091
1467,78.80281097386555
1468,76.36150584896527
1469,72.59902663865671
1470,74.48251326897311
1471,76.70093694812206
1472,78.30875222533147
1473,80.15909073903683
1474,84.76867130722529
1475,83.94814390127061
1476,82.74768105980614
1477,80.80034757302343
1478,77.00555603978101
1479,81.96541656086762
1480,81.14556335107497
1481,81.49401015489264
1482,84.02831188743343
1483,84.99530727931742
1484,87.30351884871372
1485,86.29428933100189
1486,84.65757116975968
1487,82.44612532458866
1488,79.28917505562185
1489,79.4507748074937
1490,78.03576378567125
1491,81.03878534558116
1492,81.59007116612966
1493,81.1230396040583
1494,84.51626042055776
1495,86.4665657772227
1496,90.24744220131244
1497,89.29452753085624
1498,87.55083619361261
1499,89.7544323263207
1500,96.0886020967043
1501,97.97097002773869
1502,97.67515266625118
1503,97.29286989835151
1504,97.36798198022316
1505,97.48111061914038
1506,99.39353115198163
1507,92.81566261110162
1508,94.15767655651368
1509,90.69708680444535
1510,100.02766508458242
1511,94.71593886966498
1512,93.84164884158498
1513,97.39513558606134
1514,100.11864628302271
1515,97.53272447879777
1516,96.27540542663743
1517,94.5602269872148
1518,92.48239846644123
1519,93.12956615642285
1520,91.0021308075982
1521,87.11483730143637
1522,90.44737004908632
1523,92.8614579155761
1524,93.53817050528531
1525,94.81557325652533
1526,95.99877469771079
1527,93.42169357869521
1528,100.38307355964791
1529,98.76008758010775
1530,101.52783444599524
1531,103.73707803718423
1532,104.7418843106251
1533,107.77671651783302
1534,106.12165247304932
1535,103.90272048182143
1536,100.63105036371422
1537,104.1341085788837
1538,104.45591277112368
1539,105.3580377359347
1540,103.82433333239973
1541,105.15522752181568
1542,105.97043636750865
1543,102.84412022459364
1544,100.86746911598495
1545,95.49796740108218
1546,96.478941265704
1547,97.17279161666784
1548,96.88222142487368
1549,99.87236860213193
1550,108.76114405340434
1551,112.69490172294906
1552,110.42047670793065
1553,111.82331596484096
1554,110.07908617870754
1555,114.85638370655438
1556,115.01068919793047
1557,122.46673075618358
1558,117.05055135199372
1559,114.29275629418885
1560,109.78594989837154
1561,110.28597013813615
1562,111.83277966117124
1563,113.32527769287988
1564,116.23851781852785
1565,116.611014006443
1566,117.803611219274
1567,114.92373564964527
1568,115.46885806255558
1569,114.87033817777439
1570,113.91556836391663
1571,112.06346923676635
1572,111.21903171383694
1573,109.96333892364834
1574,107.72972636347733
1575,106.31676029930937
1576,106.05274072844315
1577,109.05167355152
1578,109.06866840945409
1579,110.02666831803616
1580,112.43485150148258
1581,112.39064386788043
1582,109.80607052953184
1583,108.16982685727514
1584,109.73674830814302
1585,108.82319489541756
1586,106.48267439183705
1587,109.64616045974051
1588,111.01573631953224
