,Portfolio Value
0,11932.35977120498
1,11930.377827203803
2,11984.92441294036
3,12034.312880006508
4,11952.198261001773
5,11776.000862404226
6,11758.800967565716
7,11698.624632156452
8,11704.023486542726
9,11707.877930697849
10,11733.154953178366
11,11863.66045175878
12,11885.076364706802
13,11894.001664927915
14,11856.31373873799
15,11848.543565832962
16,11704.217924671531
17,11701.750918706311
18,11675.670061133469
19,11685.725127469606
20,11716.104395043396
21,11742.400914229482
22,11761.45361020941
23,11740.684807046879
24,11789.042974677728
25,11887.579857541361
26,11755.946690207586
27,11705.302068355813
28,11818.889603795658
29,11787.888109290434
30,11801.129243453921
31,11798.61332076132
32,11778.75266766872
33,11749.779553327528
34,11791.971260429254
35,11723.362548407136
36,11779.36037134371
37,11775.643379077326
38,11784.738301907044
39,11865.639398183874
40,11887.876075653881
41,11999.17705990225
42,11950.857980976798
43,11925.479021474695
44,11879.250239705332
45,11740.270000198776
46,11732.552560300237
47,11755.031047248827
48,11775.455325272782
49,11682.79139754935
50,11838.602808564152
51,11829.624014482344
52,11884.564619558449
53,11929.85010138082
54,11936.699197586373
55,11842.242352044546
56,11821.19684873453
57,11866.815016002978
58,11927.943872669694
59,11885.425734922781
60,11903.325455261638
61,11870.397299622577
62,11789.304821793477
63,11799.35044856606
64,11863.35546190482
65,11942.554822840943
66,11900.167978605634
67,11903.54926326928
68,11868.896538496956
69,11808.01425767256
70,11730.643129640852
71,11741.071502635468
72,11748.028156374086
73,11757.271491163727
74,11827.779233778507
75,11837.216821665856
76,11901.352818595919
77,12006.476912860911
78,11972.03205447692
79,11970.078119975946
80,11786.184217436597
81,11825.197067271834
82,11841.60217480163
83,11758.377499507518
84,11686.024677081592
85,11808.207328004733
86,11836.621525629134
87,11848.658068932866
88,11786.999077011122
89,11800.544586301106
90,11814.923818975189
91,11877.89439390109
92,11838.744363620197
93,11864.633778978066
94,11894.306687360342
95,12151.482918396508
96,12211.860222166146
97,12159.382588665278
98,12193.461465399057
99,12157.761651508677
100,12139.84920554878
101,12203.054356199884
102,12282.155923176444
103,12352.99907645951
104,12266.682439506947
105,12247.741768598551
106,12231.742555779814
107,12192.017659335714
108,12263.972535766326
109,12283.156820688539
110,12289.677523928645
111,12214.669947380411
112,12224.708926115292
113,12339.958593465959
114,12355.720102879362
115,12369.238687296129
116,12410.821427650364
117,12441.892698650134
118,12370.347974421024
119,12309.31785340459
120,12199.652451350627
121,12117.250283344896
122,12057.727251840917
123,12112.44446728754
124,12060.625215826683
125,11929.462201055227
126,11901.03590575083
127,11864.556839028863
128,12109.472027210057
129,12135.226000518633
130,12217.429020469548
131,12172.688515086358
132,12063.547574223807
133,12203.608330751751
134,12407.726211517183
135,12428.36640978805
136,12510.324450537217
137,12572.095183538435
138,12589.241122586558
139,12550.593388880156
140,12343.995756386823
141,11786.015131414328
142,11826.487074811519
143,11891.177785369535
144,11865.13701664871
145,11794.48574342928
146,11821.871153491138
147,11800.385599228966
148,11798.812055097358
149,11777.429750989475
150,11839.156141171725
151,11687.40684807634
152,11609.823083253908
153,11674.043934930538
154,11728.745448216976
155,11806.462616696183
156,11778.583718626474
157,11601.554243063349
158,11442.789480102923
159,11337.652927011426
160,10987.113713752577
161,10826.652709634953
162,10975.798653735854
163,11253.378439647859
164,11246.36234826267
165,11057.13277111213
166,10932.260062632824
167,10978.380549837879
168,11037.94246039386
169,10911.828712152052
170,10948.275465078155
171,10998.253161768424
172,10958.605820968074
173,10912.387909112851
174,10852.246199708203
175,10865.551902536883
176,10982.87302799454
177,10919.04757320062
178,10732.59219842381
179,10689.238215126523
180,10513.13923689338
181,10433.354406328841
182,10391.189433807554
183,10436.347068764317
184,10378.22623741287
185,10524.798804067017
186,10564.380405538497
187,10472.268432562465
188,10969.049318435986
189,11003.147893487305
190,11029.212700926366
191,10969.265529421193
192,10859.964864406902
193,10905.061443244938
194,10947.577807028329
195,10991.694453171209
196,10949.418986315319
197,11019.522696752018
198,11034.472936708593
199,11061.183255937389
200,11019.224467185733
201,10913.68412552253
202,10929.19911320316
203,10992.255467436085
204,11303.393774286535
205,11481.463252702979
206,11502.820996969029
207,11346.867485334617
208,11637.168110783503
209,11727.293582091006
210,11670.36643895731
211,11769.779646386614
212,11784.350935345863
213,11778.580035345378
214,11723.875690759995
215,11747.686691031
216,11789.361112408687
217,11741.81568892201
218,11627.941429288596
219,11743.304721280405
220,11734.521993390068
221,11906.553803845041
222,12044.36126718597
223,11978.499421667668
224,12069.50071841433
225,12030.011820401554
226,11990.429899362545
227,12097.89556625591
228,12446.501775011162
229,12419.573231153177
230,12433.770131622734
231,12372.858895491456
232,12346.804698138512
233,12325.374883307806
234,12242.001213892734
235,12174.321090976562
236,12157.147331114411
237,12011.55559217665
238,11987.473355854867
239,12086.670524542491
240,12102.263604534288
241,12044.76956938464
242,11918.036030274106
243,12059.555320938005
244,12094.870538183182
245,12199.022240272658
246,12125.528672095112
247,12113.634235589714
248,12162.205685936566
249,12083.990081687378
250,12034.214159942985
251,11926.37326587452
252,11958.853103509342
253,11908.913862055873
254,11528.999324676046
255,11450.138413709246
256,11461.55681674833
257,11506.735720979588
258,11273.320423072382
259,11372.49929463561
260,10981.899097319572
261,11057.477950579378
262,10970.32804162798
263,11086.938443011499
264,11136.834494742676
265,11064.24264859119
266,11070.037125507415
267,10804.207134472123
268,10783.831857050296
269,10918.81891496258
270,10916.212084418195
271,10664.578290001551
272,10528.597147074834
273,10564.394393357945
274,10436.042827716841
275,10408.634829027833
276,10325.203481960178
277,10407.46006513826
278,10331.134384179431
279,10643.665681971817
280,10707.285948327724
281,10741.982344606784
282,10807.58797313738
283,10830.316301793031
284,10959.855965327024
285,10806.95483572558
286,10838.36391396389
287,10826.10426282577
288,11024.569205277963
289,11072.969605242597
290,11249.942109959027
291,11235.967080702287
292,11291.990859865109
293,11311.791120602806
294,11305.669001382446
295,11239.067834946061
296,11425.097562176397
297,11416.798296625178
298,11579.848127666352
299,11533.837928953619
300,11515.668487844669
301,11566.358588767902
302,11569.72317300075
303,11612.725362144194
304,11600.220276520246
305,11645.171879460808
306,11592.44260187532
307,11584.293907533594
308,11587.084250289761
309,11729.294623340415
310,11753.058190804188
311,11736.796865382998
312,11715.420969460838
313,11689.777488090984
314,11576.341391585576
315,11643.432645868219
316,11557.068454151822
317,11641.626449912732
318,11665.499737652073
319,11718.015598462753
320,11983.179761808562
321,11997.430978937384
322,11989.058067021673
323,11940.35058507602
324,12112.18181985113
325,12097.35265366888
326,12072.3346977978
327,12005.334713157823
328,11970.147720277477
329,11975.404650241137
330,11921.764517626532
331,11907.52655600951
332,12199.864131770391
333,11987.289907839804
334,11888.739509694318
335,11864.392924421252
336,11810.37870071594
337,11707.630333847499
338,11626.203929442443
339,11624.568674421056
340,11538.015454399516
341,11472.241324566134
342,11619.456755761075
343,11869.949973749928
344,11912.50782211826
345,11855.278915651368
346,11756.841011372302
347,11810.476505840434
348,11792.85340561451
349,11921.725762685404
350,11953.343799711589
351,12033.155258454182
352,12225.730003866991
353,12141.620645269422
354,12058.718837198927
355,12059.06575554992
356,12035.768512287132
357,12070.753138936288
358,11983.85306915654
359,11942.380491811755
360,11912.526297638873
361,11735.580728505513
362,11729.284648695733
363,11610.847112945918
364,11611.026467216601
365,11678.957626900348
366,11669.306093663745
367,11774.795224087975
368,11676.680901891967
369,11710.893351224786
370,11758.522099596617
371,11528.546805035965
372,11439.563235518617
373,11567.384798808836
374,11685.082587413886
375,11770.098470572892
376,11851.170068444011
377,11730.908439085186
378,11668.478061670632
379,11698.0507253708
380,11601.03250031118
381,11833.680075810793
382,11818.620296899742
383,11787.304531246431
384,11762.224085734184
385,11762.276627749452
386,11761.544456735544
387,11682.742657311028
388,11665.47769627518
389,11645.668205716456
390,11623.937841479454
391,11603.03447223915
392,11715.187683312419
393,11747.442166583522
394,11780.186187233281
395,11668.259827512882
396,11696.951115875954
397,11625.727553321904
398,11643.029074476846
399,11685.085856171383
400,11742.727785829053
401,11723.815638299593
402,11872.173860351868
403,11927.476823983336
404,11964.769842282956
405,11879.294913131984
406,11928.289287574262
407,11925.328402795745
408,11847.934200437543
409,11890.668818264385
410,11869.569758029873
411,11830.670764549046
412,11842.69387459659
413,11789.067999645033
414,11802.972237752805
415,11826.351406412803
416,11818.612394551692
417,11831.580082999124
418,11716.55443339111
419,11777.189809279635
420,11866.761967730534
421,12149.2040752961
422,12185.561078296298
423,12154.922617421096
424,12107.565064314407
425,12135.745842084207
426,12093.306080343904
427,12094.911883834015
428,12186.411999026985
429,12105.884469960243
430,12112.284004272342
431,12126.019881193075
432,12273.48306743269
433,12321.59428685312
434,12264.097585209536
435,12218.42840563829
436,12250.868663894322
437,12238.20863783445
438,12090.308600320246
439,12113.629007142528
440,12144.990814760662
441,12169.992792229
442,12168.641238306152
443,12113.275532022486
444,12073.897290128372
445,12111.039022748988
446,11979.005497276674
447,11925.981832698282
448,11898.23641369341
449,11893.392225915377
450,11871.661657759953
451,11923.903433429294
452,11925.831462612972
453,11932.774618166559
454,11849.844616986487
455,11976.758925142716
456,11845.22399884679
457,11643.6735180928
458,11656.804049847355
459,11789.839910476852
460,11795.766659982997
461,11695.391843519876
462,11537.666764136637
463,11535.509317765285
464,11513.40890599818
465,11732.250460446361
466,11673.609022721674
467,11631.77764526914
468,11565.994432785921
469,11451.113170998393
470,11408.370782195889
471,11451.818158434877
472,11543.89014413342
473,11569.9132401491
474,11511.194708158504
475,11626.62698440896
476,11671.598764184153
477,11670.485854787272
478,11679.54783756141
479,11705.943733293538
480,11757.018653869103
481,11642.02927018689
482,11565.402673888388
483,11527.328214394516
484,11630.434549848596
485,11646.566424938024
486,11750.862435363753
487,11732.186469809294
488,11848.544465386938
489,11802.7055170652
490,11911.38444626582
491,11836.911078725074
492,11775.949038779443
493,11741.534954136412
494,11735.382011877042
495,11793.664641080073
496,11784.816101833052
497,11764.805636870813
498,11807.810400995791
499,11825.32303959455
500,11787.260388841467
501,11809.943425697245
502,11755.28457476791
503,11873.996357412754
504,12039.817151886842
505,12164.585347758037
506,12133.86458060049
507,12191.755806801948
508,12259.535524680508
509,12246.057587628966
510,12219.614054815916
511,12264.414133034797
512,12257.467304349531
513,12210.046568712487
514,12202.55777574141
515,12193.533923328581
516,12199.108948643177
517,12186.527528099068
518,12190.233160666296
519,12232.724602984455
520,12200.247211348165
521,12216.053387561631
522,12266.415502731154
523,12228.683133811737
524,12228.807892440338
525,12257.996585661173
526,12306.516263820358
527,12327.49824983875
528,12481.668401999581
529,12493.252253315775
530,12553.441512156773
531,12577.268858880147
532,12598.27290937786
533,12595.843383052175
534,12627.294317946538
535,12599.33914627026
536,12626.855856362356
537,12627.396013935244
538,12576.995893987269
539,12413.517780708733
540,12386.31028413273
541,12426.3193628212
542,12444.348930908513
543,12422.160705899109
544,12417.111223195476
545,12402.41003199572
546,12406.442095342009
547,12408.440465653304
548,12399.16455485021
549,12394.412547801598
550,12400.302697185012
551,12412.661572851914
552,12441.135434711587
553,12513.38211464057
554,12533.007865072082
555,12525.989682853124
556,12405.572026468843
557,12399.528312059972
558,12394.175734433484
559,12362.37511734366
560,12350.91033565502
561,12366.90600589803
562,12398.890691828357
563,12424.444047496087
564,12430.551495400736
565,12450.211398104188
566,12433.540234401831
567,12370.096854544565
568,12288.153147878562
569,12262.976149523272
570,12291.121684104684
571,12238.230507434262
572,12234.544729588733
573,12233.767328589129
574,12261.145409174747
575,12259.163184720233
576,12318.876749858244
577,12339.033634522115
578,12324.835679656171
579,12367.289147225769
580,12557.893498260366
581,12534.030725958197
582,12490.405553993176
583,12317.106924114909
584,12311.647837204258
585,12367.752945980423
586,12351.803899908256
587,12235.133162157106
588,12267.278470684803
589,12279.106636884557
590,12290.712489034733
591,12278.793057569168
592,12370.185260405615
593,12404.647970106585
594,12357.982137604089
595,12492.49640036741
596,12403.594649805878
597,12339.137380517426
598,12445.157370585768
599,12577.131786666954
600,12596.282626176848
601,12570.927329046266
602,12594.534087304697
603,12719.154561247848
604,12714.303242340171
605,12606.009446312866
606,12626.481109790475
607,12638.798814154476
608,12629.228640440793
609,12609.525188483849
610,12656.690384578444
611,12546.6191960552
612,12386.399541995279
613,12376.2217797089
614,12419.023280269115
615,12432.943072870577
616,12390.284736894739
617,12293.884171379737
618,12362.910196151333
619,12381.345818354694
620,12334.809136457938
621,12383.19424779135
622,12396.7446714104
623,12408.402862471572
624,12349.554132794177
625,12387.918388335875
626,12407.666706672326
627,12445.649856570095
628,12499.037541347378
629,12534.063469572295
630,12493.022521114051
631,12475.408964790517
632,12523.058627041506
633,12546.181412164857
634,12604.443047920879
635,12643.254322416302
636,12675.11753067339
637,12699.745663557595
638,12696.562094489249
639,12725.31326856682
640,12697.898717166121
641,12790.067400310221
642,12761.808085930854
643,12743.66706121562
644,12818.994184827545
645,12815.396896441274
646,13267.907896881878
647,13368.43621545535
648,13345.879072346197
649,13324.290611345654
650,13385.520149640284
651,13367.79357953134
652,13385.002703317006
653,13421.188074133137
654,13442.115235800753
655,13332.527721307735
656,13312.381752136827
657,13342.608167819073
658,13370.211474127329
659,13365.137400866864
660,13250.881101790099
661,13201.423161036359
662,13219.525331169218
663,13298.812578866471
664,13275.358840848618
665,13328.394948259102
666,13487.474060947785
667,13396.201972489023
668,13400.428588273659
669,13477.384268797676
670,13584.23608128908
671,13688.278270767629
672,13597.444265760128
673,13602.650928827412
674,13688.79203588424
675,13675.09805722587
676,13838.189003888172
677,13988.482251095262
678,13941.63456105836
679,14060.338034882247
680,14194.26672894107
681,14216.805473123606
682,14176.742693396003
683,14172.211860085663
684,14128.978222190946
685,14148.489238147356
686,14064.003526776185
687,14019.64930773734
688,14058.184537367755
689,14061.808696606422
690,14104.195837757687
691,14123.986590888686
692,14152.470781374386
693,14090.594705481826
694,14097.797028425368
695,14106.491852377283
696,14199.082016785345
697,14361.936217415341
698,14343.943596919624
699,14305.404153757576
700,14256.654861298583
701,14456.58758324278
702,14435.487595603623
703,14418.129108590301
704,14378.008892832815
705,14388.516248134994
706,14506.159013561897
707,14477.286425435203
708,14393.084743604224
709,14384.174946957364
710,14201.421344031449
711,14184.450793654867
712,14321.862717748289
713,14340.739149655228
714,14274.195382741067
715,14272.146968286885
716,14333.75757764739
717,14313.275546874254
718,14246.780652009998
719,14206.499917702493
720,14189.310636531936
721,14089.556209070139
722,14035.087966352907
723,14002.619160902654
724,14124.583940524353
725,14129.805297906963
726,14240.91407017365
727,14241.911601751817
728,14312.792403342584
729,14252.425096305495
730,14206.280111852793
731,14189.662736820048
732,14264.21220123377
733,14210.436037812708
734,14169.838468202168
735,14213.341046523978
736,14115.297148155632
737,14198.523667388663
738,14304.811912827096
739,14273.500095434127
740,14281.022153185786
741,14264.67685877804
742,14220.453219157702
743,14200.391640530037
744,14453.253590548476
745,14384.09712845845
746,14334.753504668712
747,14378.746735066163
748,14385.478988682444
749,14374.109822113855
750,14336.460827799907
751,14322.51958292516
752,14321.139034359294
753,14412.277945638509
754,14452.152830621179
755,14545.589655652204
756,14579.86242990058
757,14621.92684017797
758,14710.45384109002
759,14594.156462982584
760,14672.863544568989
761,14735.416791627387
762,14832.138164049826
763,14777.927013535951
764,14764.8477843445
765,14749.733506911522
766,14759.297469079818
767,14950.672778738048
768,14898.969226972098
769,14915.6910913203
770,15077.303864998888
771,14917.082116344474
772,14697.557359009072
773,14754.70809769572
774,14662.512041981678
775,14447.770889590101
776,14212.880576777821
777,14293.350801031402
778,14276.67125147998
779,14059.89454098479
780,13903.32577485984
781,14236.551686445691
782,14274.120608482925
783,14574.39109556461
784,14764.251810615651
785,14746.676309288117
786,14727.719369676926
787,14775.081424524262
788,14757.496890516377
789,14888.873149037436
790,14838.622184287653
791,14730.69122837109
792,14760.185328303989
793,14671.626907373016
794,14646.74826373647
795,14735.871622302886
796,14813.817109655607
797,14771.295406957337
798,14803.132283428282
799,14873.624972846852
800,14902.782975315275
801,14761.596732702637
802,14879.510423413112
803,14964.880662935573
804,14896.900301656035
805,14657.219445464865
806,14640.626719485737
807,14609.328909108423
808,14174.271411097447
809,13954.86094532031
810,14199.349107021886
811,14038.786152065662
812,13910.317548926969
813,13925.173669076541
814,13848.838259872946
815,13812.081148837344
816,13922.592010664383
817,13950.359471740678
818,13840.123941182705
819,13959.677904071721
820,14017.954369840983
821,13963.08271939251
822,13904.910117848474
823,13965.161784600921
824,14013.839388468172
825,14080.859762983086
826,14146.905704964458
827,14133.410154436866
828,14015.203254528784
829,13967.505715418853
830,14047.665761125714
831,14047.665761125716
832,14185.792090463918
833,14377.57551984184
834,14373.360650228919
835,14364.020120215062
836,14323.25110127642
837,14390.113619489211
838,14388.349465215313
839,14416.682957526198
840,14594.31353190679
841,14696.30405399995
842,14836.676115531123
843,14910.623305932082
844,14920.330547653748
845,14883.797600796985
846,14922.963571424372
847,14858.633037335254
848,14713.053830675879
849,14555.130366434434
850,14598.78928280279
851,14546.162299844818
852,14440.928094242781
853,14666.430809580745
854,14616.493297994688
855,14554.58975809491
856,14601.879272016018
857,14690.79441733261
858,14966.933824477299
859,14946.741157477376
860,14961.147614584243
861,14970.819054672545
862,14951.144928619555
863,15056.812182556681
864,15040.133956620522
865,15055.518330317707
866,15093.16380104723
867,15106.39482480756
868,15108.14847883198
869,14811.212304029781
870,14853.64247620388
871,14783.278294276606
872,14792.524070318686
873,14617.42288094025
874,14624.349752399816
875,14451.142820727186
876,14390.051910778644
877,14440.712931818634
878,14516.989396939545
879,14579.045766293497
880,14563.454821835321
881,14808.09265215346
882,14695.327151020836
883,14666.31188216242
884,14667.977314920421
885,14731.897110759972
886,14661.764591348661
887,14786.390066248387
888,14872.355998691412
889,14866.750755703819
890,14774.012080677501
891,14740.00285814919
892,14747.67988132426
893,14678.80308324732
894,14763.642468752125
895,14705.709701751337
896,14662.657950485009
897,14605.96735485355
898,14618.303378043092
899,14420.684537736934
900,14454.307163774396
901,14492.774589916105
902,14441.303608075967
903,14284.892386144664
904,14299.428541479538
905,14261.444830623732
906,14233.767041549294
907,14093.552926762375
908,14163.165845780906
909,14080.182116222291
910,14193.324602557346
911,14380.563173943548
912,14387.190916674828
913,14382.190094764876
914,14260.541356723088
915,14155.613818126349
916,14238.146540592765
917,14327.423082433635
918,14176.839969585366
919,14198.264010241259
920,14149.621876795209
921,14178.390926893639
922,14149.46001207496
923,14018.180598343664
924,14008.608583479698
925,14048.560804783488
926,13997.366444262607
927,14033.151940855752
928,14055.351797203639
929,14154.910776050277
930,14073.907131575352
931,14006.444539202274
932,14297.420894993298
933,14460.771722506153
934,14500.544116721483
935,14443.674211451125
936,14428.334503384496
937,14391.30644995291
938,14451.528092761047
939,14443.33879739367
940,14398.51362705475
941,14301.836166233574
942,14287.572099863386
943,14130.46471349772
944,14002.781574536391
945,13886.406184135783
946,13902.501759712588
947,13739.8982609237
948,13830.041021158053
949,14004.986681543236
950,13938.887572548672
951,14065.221681255198
952,14037.919161492337
953,13839.822846479105
954,13916.305126548894
955,13901.115500152357
956,13756.552501302596
957,13530.96457234123
958,13601.003685718062
959,13547.972730178224
960,13487.395984385195
961,13503.458274703597
962,13605.55547050791
963,13921.549451450075
964,13865.700031668468
965,13784.960822772908
966,13872.73414908635
967,13960.69112077032
968,13907.754663106098
969,13791.513666556875
970,13556.736042392433
971,13563.600243204442
972,13622.114381143392
973,13603.57413666852
974,13670.101801752813
975,13620.150084080062
976,13514.249275311999
977,13772.017049391376
978,13721.546903034074
979,13778.0709975253
980,13731.540609362793
981,13834.566638626367
982,13718.547087898947
983,13802.690025294616
984,13978.935801515714
985,13757.097984843458
986,13705.043467795404
987,13700.55187959651
988,13684.069076886632
989,13848.835017705973
990,13904.129385829208
991,13900.03039743851
992,13854.47817087228
993,13839.22017301642
994,13833.92452985045
995,13730.619154370457
996,13641.935335641754
997,13584.088577717557
998,13565.309369946766
999,13696.609777714844
1000,13510.493806664226
1001,13676.903819491583
1002,13768.33502589169
1003,13557.968516165372
1004,13859.451529946928
1005,13927.431094791526
1006,13949.905087690215
1007,14124.280171250266
1008,14199.55485491225
1009,14093.503191343578
1010,14170.072375589953
1011,14227.044847007273
1012,14292.335174839118
1013,14223.469874910897
1014,14329.00580087868
1015,14141.970672912146
1016,14148.790862241694
1017,14143.612984014973
1018,14276.890960985947
1019,14264.710037992209
1020,14214.854539624293
1021,14303.530015307259
1022,14250.282398421996
1023,14218.689103179531
1024,14270.185567139088
1025,14305.465264469503
1026,14220.626570457898
1027,14108.327576246043
1028,14141.275595749827
1029,14049.381658216467
1030,14070.81426402035
1031,14133.528015002194
1032,14058.164743955864
1033,13998.795338959773
1034,14046.5188819786
1035,13954.469120904527
1036,14094.67413768898
1037,13973.426022113992
1038,13944.388203971677
1039,13885.988455907525
1040,13888.482991433359
1041,13859.394025975134
1042,13806.08451420693
1043,13778.437268630723
1044,13974.510494693
1045,14048.602040485628
1046,13878.943058529967
1047,13806.850638453994
1048,13901.184274000578
1049,13913.489321606236
1050,13946.986161070492
1051,13955.933964395932
1052,14163.49062421746
1053,14192.27843995105
1054,14081.712906968956
1055,14080.257693102016
1056,14065.758823388871
1057,13940.90620478109
1058,13921.046436438666
1059,13969.508198578043
1060,13888.044079313056
1061,13889.572313297926
1062,13930.041395823606
1063,14042.071094278539
1064,14062.961123938629
1065,14096.964712611722
1066,14175.116295207512
1067,14247.915575018516
1068,14298.423636367621
1069,14208.723744851768
1070,14139.93646104109
1071,14038.647300557479
1072,14085.7710978136
1073,14116.766890894978
1074,14165.484136515948
1075,14180.066716711262
1076,14140.891769408681
1077,14136.973830097848
1078,14236.465461583837
1079,14115.026207656374
1080,14061.577559770223
1081,14050.049477611645
1082,14111.965037968906
1083,14127.33194452343
1084,14106.818019551185
1085,14131.164139989483
1086,14089.020031524937
1087,14036.147285869405
1088,13998.410013546913
1089,13923.248542453231
1090,13867.078185613007
1091,13894.32520403179
1092,13765.833691088164
1093,13893.018795071088
1094,13903.955741153482
1095,13949.847693633914
1096,13373.47156808294
1097,13129.013334903677
1098,13131.79247870113
1099,13075.771442479156
1100,12912.650020160574
1101,12939.921871238483
1102,12904.392874007608
1103,12857.101363359856
1104,12838.537400526473
1105,12866.117123276501
1106,12740.232958071956
1107,12832.711346675376
1108,12801.571546971341
1109,12776.045759917522
1110,12966.922174859394
1111,12997.198286174107
1112,13008.63482128758
1113,12905.977834375955
1114,13045.124424032645
1115,12966.188613225364
1116,12972.422294210583
1117,13069.421559375332
1118,13101.280570466177
1119,13150.899255801603
1120,13110.713588049837
1121,13161.775080652133
1122,13026.248828046566
1123,13171.573770745836
1124,13178.35959333911
1125,13216.450858671895
1126,13239.659315491816
1127,13281.954371593083
1128,13296.648332496574
1129,13171.224160630496
1130,13081.15952134733
1131,13118.61163599655
1132,13110.25134877108
1133,13155.488899087211
1134,13121.509167820881
1135,13126.849252358503
1136,13113.980313080705
1137,13091.288557579013
1138,13078.99012820981
1139,12995.246201037848
1140,12847.222963707307
1141,12918.74018256543
1142,12969.043102176416
1143,12916.590786713481
1144,12915.042400729599
1145,12864.384808161783
1146,12832.354895055578
1147,12772.75111740938
1148,12646.324549462808
1149,12565.290006840016
1150,12248.16615296314
1151,12312.172535709144
1152,12282.04723999472
1153,12387.386938522632
1154,12222.976116348891
1155,12065.222459465549
1156,12194.508399448108
1157,12048.400484002135
1158,12033.208545855612
1159,12143.863156657371
1160,12339.43890244548
1161,12427.292243449729
1162,12420.055532520333
1163,12302.571250645276
1164,12067.872142075077
1165,12158.129545555734
1166,12164.343045562116
1167,12159.388338192939
1168,12244.88214421631
1169,12268.234987963324
1170,12216.51211137382
1171,12219.913562883425
1172,12281.43059285243
1173,12223.074331364132
1174,12294.070542399106
1175,12423.625454239918
1176,12522.196048018746
1177,12526.602164696484
1178,12471.636408182932
1179,12496.294559061203
1180,12394.858612164257
1181,12306.750535513605
1182,12310.176884103266
1183,12240.430695320616
1184,11972.914783973109
1185,11789.242165346643
1186,11868.644092947834
1187,11960.771002295001
1188,11792.010054322802
1189,11789.648612335599
1190,11700.828967956253
1191,11584.147740805598
1192,11603.31534669935
1193,11597.13045466916
1194,11479.772123620074
1195,11408.01625766703
1196,11440.37162156472
1197,11639.676476946424
1198,11712.160745809824
1199,11711.937782972773
1200,11839.546343278593
1201,11871.328065714488
1202,11884.243929991275
1203,11698.691546332728
1204,11724.88429157306
1205,11719.879927375263
1206,11774.735211311083
1207,11581.885308541141
1208,11557.500664063022
1209,11620.342729385617
1210,11557.395559059658
1211,11576.019568273414
1212,11594.349514421061
1213,11693.207558582508
1214,11843.749038085023
1215,11707.35692331558
1216,11679.274333216796
1217,12167.174662048421
1218,12243.273384452526
1219,12142.245219677556
1220,12133.02633141066
1221,12058.89506857688
1222,12051.866948930327
1223,11983.00121101552
1224,11999.36213934012
1225,12037.205796278202
1226,12003.46662043429
1227,12064.531740732255
1228,12087.421225559263
1229,12209.807512191597
1230,12066.425594733255
1231,12079.042953851313
1232,12143.719400441976
1233,12166.95304642141
1234,12066.532731495206
1235,12081.974100465044
1236,12194.258837061303
1237,12176.283732366624
1238,12094.355747982669
1239,12092.441935442857
1240,12155.49273565966
1241,12316.780848472543
1242,12278.447336227133
1243,12449.22427949053
1244,12487.916250102295
1245,12600.460384574833
1246,12653.085311229519
1247,12672.939037502721
1248,12652.436637174156
1249,12653.880747566298
1250,12649.628161255603
1251,12596.29854510826
1252,12608.72332925479
