,Profitloss
0,-0.5636685732918423
1,-0.5801847733016396
2,-0.12562989216367004
3,0.28594066672089635
4,-0.3983478249852235
5,-1.8666594799647829
6,-2.009991936952371
7,-2.5114613986962353
8,-2.4664709454772837
9,-2.4343505775179297
10,-2.2237087235136177
11,-1.1361629020101627
12,-0.957696960776655
13,-0.8833194589340398
14,-1.1973855105167464
15,-1.262136951391979
16,-2.464850627737236
17,-2.485409010780737
18,-2.7027494905544236
19,-2.6189572710866083
20,-2.3657967079717013
21,-2.1466590480876513
22,-1.9878865815882496
23,-2.1609599412760083
24,-1.7579752110189362
25,-0.9368345204886608
26,-2.0337775816034576
27,-2.455816097034891
28,-1.5092533017028509
29,-1.7675990892463855
30,-1.6572563045506583
31,-1.6782223269889984
32,-1.843727769427339
33,-2.085170388937274
34,-1.7335728297562136
35,-2.3053120966071927
36,-1.838663572135757
37,-1.8696385076889532
38,-1.7938474841079688
39,-1.1196716818010488
40,-0.9343660362176598
41,-0.0068578341479219596
42,-0.40951682519334565
43,-0.6210081543775336
44,-1.0062480024555676
45,-2.164416665010205
46,-2.228728664164692
47,-2.0414079395931095
48,-1.8712056227268126
49,-2.643405020422085
50,-1.3449765952987303
51,-1.419799879313799
52,-0.9619615036795981
53,-0.5845824884931683
54,-0.5275066867802214
55,-1.314647066295449
56,-1.490026260545585
57,-1.1098748666418468
58,-0.6004677277525516
59,-0.9547855423101548
60,-0.8056212061530177
61,-1.0800225031451949
62,-1.755793151721019
63,-1.6720795952828382
64,-1.138704484126507
65,-0.47870980965881715
66,-0.8319335116197202
67,-0.8037561394226622
68,-1.092528845858698
69,-1.5998811860620021
70,-2.2446405863262298
71,-2.157737478037769
72,-2.0997653635492775
73,-2.0227375736356135
74,-1.4351730518457728
75,-1.3565264861178705
76,-0.8220598450340177
77,0.05397427384092879
78,-0.2330662126923344
79,-0.24934900020044948
80,-1.7817981880283495
81,-1.456691106068042
82,-1.3199818766530869
83,-2.0135208374373437
84,-2.6164610243200714
85,-1.5982722666272209
86,-1.3614872864238792
87,-1.261182758892787
88,-1.775007691573982
89,-1.662128447490785
90,-1.5423015085400893
91,-1.0175467174909247
92,-1.3437969698316898
93,-1.1280518418494423
94,-0.880777605330485
95,1.2623576533042469
96,1.7655018513845544
97,1.3281882388773036
98,1.6121788783254765
99,1.314680429238968
100,1.1654100462398453
101,1.692119634999023
102,2.3512993598036935
103,2.9416589704959195
104,2.2223536625578966
105,2.0645147383212548
106,1.931187964831782
107,1.6001471611309492
108,2.1997711313860524
109,2.359640172404487
110,2.413979366072039
111,1.788916228170101
112,1.8725743842941123
113,2.8329882788829863
114,2.964334190661355
115,3.076989060801072
116,3.423511897086362
117,3.6824391554177716
118,3.086233120175197
119,2.5776487783715663
120,1.6637704279218957
121,0.9770856945408024
122,0.4810604320076406
123,0.9370372273961536
124,0.5052101318890223
125,-0.5878149912064479
126,-0.8247007854097488
127,-1.128693008092807
128,0.9122668934171463
129,1.1268833376552712
130,1.8119085039129068
131,1.4390709590529793
132,0.5295631185317173
133,1.6967360895979278
134,3.3977184293098706
135,3.569720081567085
136,4.2527037544768165
137,4.7674598628203
138,4.910342688221325
139,4.5882782406679645
140,2.8666313032235324
141,-1.7832072382139352
142,-1.445941043237342
143,-0.9068517885872152
144,-1.123858194594085
145,-1.7126188047559943
146,-1.4844070542405108
147,-1.6634533397586138
148,-1.6765662075220122
149,-1.8547520750877067
150,-1.3403654902356288
151,-2.604942932697163
152,-3.251474306217428
153,-2.71630054224552
154,-2.2604545981918633
155,-1.61281152753181
156,-1.8451356781127082
157,-3.320381307805431
158,-4.6434209991423
159,-5.519558941571445
160,-8.440719052061862
161,-9.777894086375394
162,-8.535011218867883
163,-6.221846336267845
164,-6.280313764477752
165,-7.857226907398918
166,-8.897832811393137
167,-8.51349541801768
168,-8.017146163384492
169,-9.068094065399567
170,-8.764371124348703
171,-8.347890318596473
172,-8.678284825266047
173,-9.063434090726242
174,-9.564615002431642
175,-9.45373414552597
176,-8.476058100045503
177,-9.007936889994838
178,-10.561731679801579
179,-10.923014873945647
180,-12.390506359221842
181,-13.05537994725966
182,-13.406754718270374
183,-13.030441093630696
184,-13.514781354892758
185,-12.293343299441528
186,-11.963496620512526
187,-12.731096395312791
188,-8.591255679700115
189,-8.30710088760579
190,-8.089894158946953
191,-8.589453921490065
192,-9.500292796609145
193,-9.12448797295885
194,-8.770184941430593
195,-8.40254622357326
196,-8.75484178070568
197,-8.170644193733189
198,-8.046058860761729
199,-7.82347286718843
200,-8.173129440118887
201,-9.052632287312246
202,-8.923340723307005
203,-8.397871104699284
204,-5.805051880945545
205,-4.321139560808507
206,-4.143158358591426
207,-5.442770955544862
208,-3.02359907680414
209,-2.272553482574946
210,-2.746946342022416
211,-1.918502946778211
212,-1.7970755387844761
213,-1.8451663721218536
214,-2.301035910333382
215,-2.1026109080749977
216,-1.7553240632609435
217,-2.1515359256499167
218,-3.1004880892616993
219,-2.1391273226632923
220,-2.21231672174943
221,-0.7787183012913257
222,0.3696772265497472
223,-0.17917148610276934
224,0.579172653452753
225,0.2500985033462966
226,-0.07975083864545374
227,0.8157963854659167
228,3.7208481250930125
229,3.4964435929431437
230,3.614751096856117
231,3.1071574624288
232,2.8900391511542667
233,2.711457360898395
234,2.0166767824394416
235,1.4526757581380112
236,1.3095610926200818
237,0.09629660147207897
238,-0.10438870120944577
239,0.7222543711874252
240,0.8521967044524015
241,0.3730797448719958
242,-0.6830330810491114
243,0.4962943411500387
244,0.7905878181931891
245,1.6585186689388243
246,1.0460722674592748
247,0.9469519632476109
248,1.3517140494713864
249,0.6999173473948073
250,0.2851179995248865
251,-0.6135561177123439
252,-0.34289080408881345
253,-0.7590511495343844
254,-3.925005627699618
255,-4.582179885756277
256,-4.487026527097249
257,-4.110535658503434
258,-6.055663141063484
259,-5.229172544703243
260,-8.484174189003568
261,-7.854350411838517
262,-8.580599653100174
263,-7.608846308237515
264,-7.193045877144366
265,-7.797977928406752
266,-7.749690620771544
267,-9.964940546065648
268,-10.134734524580868
269,-9.009842375311838
270,-9.03156596318171
271,-11.128514249987076
272,-12.261690441043049
273,-11.96338005535046
274,-13.032976435692989
275,-13.261376424768056
276,-13.95663765033185
277,-13.271166123847832
278,-13.90721346517141
279,-11.302785983568187
280,-10.772617097268967
281,-10.483480461610128
282,-9.936766890521831
283,-9.747364151724746
284,-8.667866955608128
285,-9.942043035620163
286,-9.680300716967572
287,-9.782464476451924
288,-8.128589956016974
289,-7.725253289645028
290,-6.250482417008108
291,-6.366940994147607
292,-5.900076167790758
293,-5.735073994976614
294,-5.786091655146275
295,-6.341101375449487
296,-4.790853648530025
297,-4.860014194790185
298,-3.501265602780401
299,-3.8846839253865117
300,-4.03609593462776
301,-3.6136784269341526
302,-3.585640224993747
303,-3.2272886487983876
304,-3.3314976956646203
305,-2.956901004493273
306,-3.396311651038997
307,-3.464217437220052
308,-3.4409645809186595
309,-2.255878138829881
310,-2.0578484099651018
311,-2.1933594551416857
312,-2.371491921159685
313,-2.5851875992418005
314,-3.5304884034535355
315,-2.9713946177648443
316,-3.6910962154014793
317,-2.986446250727237
318,-2.7875021862327265
319,-2.3498700128103955
320,-0.14016865159531822
321,-0.021408508855136343
322,-0.09118277481938719
323,-0.49707845769983994
324,0.9348484987594219
325,0.8112721139073464
326,0.6027891483149972
327,0.044455942981858065
328,-0.24876899768769833
329,-0.20496124799053161
330,-0.6519623531122343
331,-0.7706120332540811
332,1.6655344314199239
333,-0.10591743466830117
334,-0.927170752547346
335,-1.130058963156233
336,-1.5801774940338298
337,-2.4364138846041716
338,-3.114967254646306
339,-3.128594379824534
340,-3.8498712133373636
341,-4.397988961948885
342,-3.1711937019910375
343,-1.083750218750601
344,-0.7291014823478381
345,-1.2060090362385978
346,-2.026324905230814
347,-1.5793624513297244
348,-1.7262216198790759
349,-0.6522853109549587
350,-0.3888016690700935
351,0.27629382045151196
352,1.881083365558256
353,1.1801720439118535
354,0.4893236433243908
355,0.4922146295826657
356,0.29807093572609134
357,0.5896094911357341
358,-0.13455775702884143
359,-0.48016256823537606
360,-0.7289475196760598
361,-2.2034939291207256
362,-2.2559612608688884
363,-3.2429407254506826
364,-3.241446106528323
365,-2.6753531091637694
366,-2.755782552802122
367,-1.876706465933542
368,-2.694325817566945
369,-2.409222073126782
370,-2.0123158366948557
371,-3.928776624700292
372,-4.67030637067819
373,-3.605126676593029
374,-2.6243117715509467
375,-1.9158460785592357
376,-1.2402494296332445
377,-2.242429674290114
378,-2.7626828194113995
379,-2.5162439552433358
380,-3.3247291640735033
381,-1.3859993682433958
382,-1.5114975258354812
383,-1.7724622396130707
384,-1.9814659522151334
385,-1.9810281020879006
386,-1.9871295272038014
387,-2.643811189074763
388,-2.7876858643735014
389,-2.952764952362863
390,-3.133851321004555
391,-3.308046064673753
392,-2.3734359723965093
393,-2.104648611803983
394,-1.831781773055996
395,-2.7645014373926524
396,-2.525407367700383
397,-3.1189370556508056
398,-2.9747577126929436
399,-2.624284531905141
400,-2.1439351180912225
401,-2.3015363475033968
402,-1.0652178304010995
403,-0.604359800138865
404,-0.2935846476420312
405,-1.0058757239001404
406,-0.5975892702144825
407,-0.6222633100354535
408,-1.2672149963538049
409,-0.9110931811301293
410,-1.0869186830843924
411,-1.4110769620912844
412,-1.310884378361743
413,-1.7577666696247274
414,-1.6418980187266285
415,-1.447071613226636
416,-1.5115633787359029
417,-1.4034993083406389
418,-2.362046388407424
419,-1.8567515893363806
420,-1.1103169355788811
421,1.2433672941341678
422,1.5463423191358183
423,1.2910218118424632
424,0.8963755359533865
425,1.1312153507017308
426,0.777550669532534
427,0.7909323652834477
428,1.5534333252248622
429,0.8823705830020234
430,0.93570003560286
431,1.0501656766089607
432,2.2790255619390853
433,2.6799523904426747
434,2.2008132100794775
435,1.8202367136524122
436,2.090572199119345
437,1.9850719819537455
438,0.7525716693353779
439,0.9469083928544064
440,1.2082567896721796
441,1.4166066019083434
442,1.405343652551272
443,0.9439627668540451
444,0.6158107510697786
445,0.9253251895749104
446,-0.174954189361054
447,-0.6168180608476459
448,-0.8480298858882462
449,-0.888398117371858
450,-1.0694861853337345
451,-0.6341380547558839
452,-0.6180711448918963
453,-0.5602115152786746
454,-1.2512948584459394
455,-0.19367562381069625
456,-1.289800009610087
457,-2.96938734922666
458,-2.859966251272039
459,-1.7513340793595678
460,-1.7019445001416944
461,-2.5384013040010367
462,-3.8527769655280264
463,-3.8707556852892844
464,-4.054925783348507
465,-2.231246162946987
466,-2.7199248106527185
467,-3.068519622757171
468,-3.616713060117327
469,-4.574056908346725
470,-4.930243481700924
471,-4.568182013042699
472,-3.8009154655548327
473,-3.5840563320908236
474,-4.073377432012471
475,-3.111441796591996
476,-2.7366769651320566
477,-2.745951210106068
478,-2.6704346869882545
479,-2.450468889220514
480,-2.0248445510908097
481,-2.9830894151092524
482,-3.621644384263434
483,-3.9389315467123653
484,-3.079712084595032
485,-2.945279792183131
486,-2.0761463719687234
487,-2.231779418255886
488,-1.2621294551088513
489,-1.6441206911233297
490,-0.7384629477848348
491,-1.3590743439577224
492,-1.8670913435046455
493,-2.1538753821965684
494,-2.20514990102465
495,-1.7194613243327272
496,-1.7931991513912338
497,-1.9599530260765552
498,-1.6015799917017404
499,-1.4556413367120768
500,-1.772830092987776
501,-1.583804785856291
502,-2.039295210267422
503,-1.0500303548937162
504,0.33180959905700913
505,1.3715445646502955
506,1.115538171670738
507,1.597965056682904
508,2.1627960390042444
509,2.050479896908053
510,1.8301171234659686
511,2.203451108623322
512,2.1455608695794215
513,1.7503880726040588
514,1.6879814645117452
515,1.6127826944048351
516,1.6592412386931432
517,1.5543960674922364
518,1.5852763388857882
519,1.9393716915371284
520,1.6687267612347068
521,1.80044489634692
522,2.22012918942629
523,1.9056927817644675
524,1.9067324370028116
525,2.1499715471764436
526,2.554302198502989
527,2.729152081989583
528,4.013903349996517
529,4.110435444298122
530,4.612012601306437
531,4.81057382400123
532,4.985607578148832
533,4.965361525434786
534,5.227452649554487
535,4.994492885585511
536,5.223798803019619
537,5.228300116127027
538,4.808299116560577
539,3.445981505906115
540,3.2192523677727625
541,3.552661356843334
542,3.702907757570939
543,3.518005882492581
544,3.475926859962297
545,3.3534169332976704
546,3.3870174611833948
547,3.4036705471108597
548,3.3263712904184173
549,3.2867712316799746
550,3.335855809875099
551,3.438846440432619
552,3.676128622596564
553,4.278184288671416
554,4.441732208934024
555,4.383247357109354
556,3.379766887240354
557,3.3294026004997646
558,3.2847977869457035
559,3.0197926445304946
560,2.9242527971251597
561,3.0575500491502483
562,3.324089098569649
563,3.5370337291340537
564,3.587929128339473
565,3.751761650868235
566,3.6128352866819258
567,3.0841404545380424
568,2.401276232321359
569,2.191467912693934
570,2.4260140342057035
571,1.9852542286188601
572,1.9545394132394422
573,1.9480610715760793
574,2.176211743122902
575,2.159693206001956
576,2.6573062488187027
577,2.8252802876842953
578,2.7069639971347703
579,3.060742893548074
580,4.64911248550306
581,4.450256049651635
582,4.086712949943139
583,2.642557700957582
584,2.5970653100354957
585,3.0646078831701784
586,2.9316991659021463
587,1.9594430179758815
588,2.227320589040027
589,2.325888640704643
590,2.4226040752894473
591,2.32327547974307
592,3.084877170046796
593,3.3720664175548754
594,2.9831844800340734
595,4.10413666972842
596,3.3632887483823204
597,2.826144837645228
598,3.7096447548814027
599,4.8094315555579525
600,4.969021884807057
601,4.757727742052209
602,4.95445072753915
603,5.9929546770653985
604,5.952527019501419
605,5.050078719273876
606,5.220675914920614
607,5.3233234512872984
608,5.243572003673269
609,5.079376570698746
610,5.472419871487033
611,4.555159967126676
612,3.2199961832939827
613,3.1351814975741688
614,3.491860668909297
615,3.607858940588149
616,3.252372807456161
617,2.4490347614978036
618,3.024251634594455
619,3.177881819622441
620,2.7900761371494776
621,3.1932853982612475
622,3.3062055950866753
623,3.4033571872631008
624,2.9129511066181335
625,3.232653236132288
626,3.397222555602708
627,3.713748804750794
628,4.158646177894809
629,4.450528913102447
630,4.108521009283761
631,3.9617413732543127
632,4.358821892012554
633,4.551511768040473
634,5.0370253993406555
635,5.360452686802519
636,5.625979422278249
637,5.831213862979956
638,5.8046841207437305
639,6.044277238056828
640,5.815822643051005
641,6.583895002585183
642,6.348400716090441
643,6.197225510130155
644,6.824951540229529
645,6.794974137010623
646,10.565899140682312
647,11.403635128794587
648,11.215658936218297
649,11.035755094547106
650,11.546001247002359
651,11.39827982942785
652,11.541689194308379
653,11.843233951109466
654,12.01762696500628
655,11.10439767756446
656,10.936514601140225
657,11.188401398492264
658,11.418428951061067
659,11.376145007223881
660,10.424009181584148
661,10.011859675302981
662,10.162711093076805
663,10.8234381572206
664,10.627990340405136
665,11.069957902159189
666,12.395617174564876
667,11.635016437408519
668,11.670238235613816
669,12.31153557331397
670,13.20196734407566
671,14.068985589730243
672,13.312035548001067
673,13.3554244068951
674,14.073266965701992
675,13.959150476882254
676,15.318241699068103
677,16.57068542579385
678,16.180288008819655
679,17.16948362401871
680,18.285556074508904
681,18.473378942696716
682,18.139522444966683
683,18.101765500713853
684,17.741485184924557
685,17.904076984561314
686,17.200029389801543
687,16.830410897811166
688,17.151537811397954
689,17.181739138386853
690,17.5349653146474
691,17.699888257405718
692,17.937256511453214
693,17.421622545681892
694,17.48164190354473
695,17.55409876981069
696,18.325683473211217
697,19.682801811794516
698,19.53286330766353
699,19.211701281313132
700,18.805457177488183
701,20.471563193689835
702,20.295729963363527
703,20.151075904919182
704,19.8167407736068
705,19.904302067791612
706,20.884658446349146
707,20.64405354529335
708,19.94237286336853
709,19.86812455797804
710,18.34517786692873
711,18.203756613790567
712,19.348855981235747
713,19.506159580460224
714,18.951628189508885
715,18.934558069057374
716,19.447979813728256
717,19.277296223952114
718,18.723172100083318
719,18.387499314187437
720,18.244255304432812
721,17.412968408917816
722,16.959066386274223
723,16.68849300752211
724,17.704866171036283
725,17.74837748255802
726,18.674283918113765
727,18.682596681265153
728,19.27327002785486
729,18.770209135879124
730,18.38566759877327
731,18.24718947350039
732,18.868435010281416
733,18.420300315105887
734,18.08198723501806
735,18.444508721033138
736,17.62747623463028
737,18.321030561572194
738,19.20676594022579
739,18.945834128617722
740,19.008517943214876
741,18.87230715648367
742,18.503776826314187
743,18.336597004416966
744,20.443779921237315
745,19.86747607048709
746,19.456279205572603
747,19.822889458884685
748,19.878991572353687
749,19.784248517615445
750,19.470506898332562
751,19.35432985770966
752,19.342825286327447
753,20.102316213654237
754,20.434606921843155
755,21.213247130435043
756,21.49885358250483
757,21.84939033481641
758,22.58711534241684
759,21.61797052485488
760,22.273862871408245
761,22.79513993022824
762,23.601151367081876
763,23.149391779466267
764,23.040398202870826
765,22.914445890929347
766,22.994145575665147
767,24.588939822817068
768,24.158076891434142
769,24.29742576100249
770,25.644198874990742
771,24.309017636203944
772,22.479644658408926
773,22.955900814131013
774,22.1876003498473
775,20.398090746584185
776,18.44067147314852
777,19.11125667526168
778,18.972260428999842
779,17.165787841539903
780,15.861048123832
781,18.63793072038076
782,18.95100507069103
783,21.45325912970508
784,23.035431755130432
785,22.888969244067646
786,22.730994747307708
787,23.12567853770218
788,22.97914075430314
789,24.073942908645307
790,23.655184869063774
791,22.755760236425758
792,23.001544402533234
793,22.263557561441804
794,22.056235531137247
795,22.79893018585739
796,23.448475913796727
797,23.094128391311152
798,23.359435695235685
799,23.94687477372377
800,24.189858127627282
801,23.013306105855303
802,23.995920195109278
803,24.707338857796437
804,24.140835847133623
805,22.14349537887388
806,22.00522266238114
807,21.744407575903523
808,18.118928425812065
809,16.290507877669256
810,18.327909225182392
811,16.989884600547178
812,15.919312907724748
813,16.043113908971172
814,15.406985498941218
815,15.100676240311195
816,16.02160008886986
817,16.25299559783897
818,15.33436617652253
819,16.33064920059768
820,16.81628641534152
821,16.35902266160425
822,15.874250982070626
823,16.376348205007684
824,16.78199490390144
825,17.34049802485904
826,17.890880874703807
827,17.778417953640545
828,16.793360454406535
829,16.39588096182376
830,17.063881342714282
831,17.063881342714303
832,18.214934087199318
833,19.813129332015333
834,19.77800541857433
835,19.700167668458857
836,19.360425843970177
837,19.917613495743435
838,19.90291221012761
839,20.139024646051663
840,21.61927943255657
841,22.469200449999583
842,23.638967629426034
843,24.255194216100694
844,24.336087897114567
845,24.031646673308217
846,24.35802976186976
847,23.82194197779379
848,22.60878192229898
849,21.292753053620284
850,21.656577356689933
851,21.21801916537349
852,20.341067452023175
853,22.220256746506205
854,21.80411081662239
855,21.288247984124254
856,21.68232726680015
857,22.42328681110508
858,24.724448537310817
859,24.55617631231146
860,24.676230121535347
861,24.756825455604535
862,24.592874405162956
863,25.47343485463902
864,25.334449638504353
865,25.462652752647564
866,25.77636500872693
867,25.886623540062992
868,25.901237323599837
869,23.426769200248177
870,23.780353968365663
871,23.193985785638382
872,23.27103391932239
873,21.81185734116875
874,21.869581269998474
875,20.426190172726557
876,19.9170992564887
877,20.339274431821952
878,20.974911641162876
879,21.4920480524458
880,21.36212351529434
881,23.400772101278843
882,22.461059591840304
883,22.219265684686818
884,22.233144291003516
885,22.765809256333092
886,22.181371594572184
887,23.21991721873655
888,23.9362999890951
889,23.88958963086516
890,23.116767338979184
891,22.833357151243238
892,22.897332344368838
893,22.323359027060995
894,23.03035390626771
895,22.547580847927804
896,22.188816254041743
897,21.71639462377959
898,21.819194817025767
899,20.172371147807787
900,20.452559698119966
901,20.773121582634204
902,20.344196733966392
903,19.040769884538868
904,19.161904512329485
905,18.84537358853109
906,18.61472534624411
907,17.446274389686465
908,18.026382048174217
909,17.3348509685191
910,18.277705021311206
911,19.838026449529565
912,19.893257638956907
913,19.851584123040624
914,18.83784463935907
915,17.963448484386248
916,18.65122117160638
917,19.395192353613623
918,18.140333079878058
919,18.318866752010486
920,17.913515639960064
921,18.153257724113647
922,17.912166767291325
923,16.818171652863878
924,16.738404862330825
925,17.071340039862413
926,16.644720368855047
927,16.942932840464596
928,17.12793164336366
929,17.957589800418972
930,17.282559429794595
931,16.720371160018942
932,19.14517412494414
933,20.50643102088461
934,20.837867639345696
935,20.363951762092714
936,20.236120861537476
937,19.927553749607576
938,20.429400773008723
939,20.361156644947243
940,19.987613558789576
941,19.181968051946452
942,19.06310083219489
943,17.753872612481004
944,16.689846454469937
945,15.72005153446485
946,15.854181330938232
947,14.499152174364148
948,15.250341842983772
949,16.708222346193622
950,16.157396437905614
951,17.21018067712665
952,16.982659679102795
953,15.331857053992536
954,15.969209387907446
955,15.842629167936305
956,14.63793751085496
957,12.758038102843594
958,13.341697380983852
959,12.899772751485195
960,12.394966536543283
961,12.528818955863308
962,13.379628920899256
963,16.012912095417285
964,15.547500263903903
965,14.874673523107562
966,15.606117909052909
967,16.339092673085997
968,15.897955525884155
969,14.929280554640624
970,12.972800353270264
971,13.03000202670368
972,13.517619842861595
973,13.363117805571001
974,13.917515014606785
975,13.501250700667189
976,12.61874396093332
977,14.766808744928127
978,14.346224191950618
979,14.817258312710834
980,14.429505078023276
981,15.288055321886397
982,14.321225732491216
983,15.022416877455136
984,16.49113167929761
985,14.64248320702881
986,14.208695564961694
987,14.171265663304267
988,14.033908974055255
989,15.406958480883116
990,15.867744881910074
991,15.833586645320906
992,15.453984757269001
993,15.326834775136833
994,15.282704415420412
995,14.42182628642048
996,13.68279446368128
997,13.200738147646307
998,13.044244749556388
999,14.138414814290368
1000,12.58744838886856
1001,13.9741984957632
1002,14.736125215764083
1003,12.983070968044764
1004,15.495429416224393
1005,16.061925789929376
1006,16.249209064085115
1007,17.702334760418893
1008,18.32962379093541
1009,17.44585992786314
1010,18.083936463249593
1011,18.558707058393953
1012,19.102793123659325
1013,18.52891562425747
1014,19.408381673988995
1015,17.849755607601224
1016,17.906590518680776
1017,17.863441533458115
1018,18.97409134154957
1019,18.87258364993507
1020,18.457121163535774
1021,19.19608346089383
1022,18.752353320183303
1023,18.48907585982942
1024,18.918213059492395
1025,19.212210537245866
1026,18.505221420482478
1027,17.569396468717024
1028,17.843963297915224
1029,17.078180485137228
1030,17.256785533502917
1031,17.779400125018284
1032,17.151372866298864
1033,16.65662782466477
1034,17.054324016488344
1035,16.287242674204382
1036,17.45561781407483
1037,16.44521685094993
1038,16.203235033097307
1039,15.716570465896051
1040,15.737358261944646
1041,15.494950216459458
1042,15.050704285057748
1043,14.8203105719227
1044,16.454254122441682
1045,17.07168367071357
1046,15.65785882108306
1047,15.057088653783278
1048,15.843202283338155
1049,15.945744346718627
1050,16.224884675587425
1051,16.29944970329944
1052,18.02908853514551
1053,18.268986999592073
1054,17.34760755807463
1055,17.335480775850122
1056,17.21465686157393
1057,16.17421837317574
1058,16.008720303655544
1059,16.4125683214837
1060,15.73370066094213
1061,15.746435944149372
1062,16.083678298530057
1063,17.017259118987816
1064,17.191342699488565
1065,17.47470593843101
1066,18.12596912672926
1067,18.732629791820976
1068,19.153530303063505
1069,18.406031207098074
1070,17.832803842009092
1071,16.988727504645663
1072,17.381425815113328
1073,17.639724090791486
1074,18.045701137632907
1075,18.167222639260515
1076,17.840764745072345
1077,17.808115250815405
1078,18.637212179865315
1079,17.625218397136443
1080,17.179812998085197
1081,17.083745646763717
1082,17.599708649740897
1083,17.727766204361917
1084,17.556816829593203
1085,17.759701166579035
1086,17.408500262707815
1087,16.967894048911702
1088,16.653416779557606
1089,16.027071187110266
1090,15.558984880108383
1091,15.786043366931569
1092,14.715280759068028
1093,15.775156625592391
1094,15.866297842945688
1095,16.248730780282617
1096,11.44559640069116
1097,9.40844445753064
1098,9.431603989176086
1099,8.964762020659634
1100,7.605416834671441
1101,7.8326822603207
1102,7.536607283396735
1103,7.142511361332127
1104,6.987811671053934
1105,7.217642693970849
1106,6.168607983932972
1107,6.939261222294801
1108,6.679762891427843
1109,6.467047999312681
1110,8.057684790494957
1111,8.309985718117563
1112,8.405290177396507
1113,7.549815286466299
1114,8.709370200272048
1115,8.051571776878031
1116,8.10351911842153
1117,8.911846328127758
1118,9.177338087218146
1119,9.590827131680024
1120,9.255946567081974
1121,9.681459005434444
1122,8.55207356705472
1123,9.763114756215296
1124,9.819663277825907
1125,10.137090488932454
1126,10.330494295765135
1127,10.682953096609026
1128,10.805402770804772
1129,9.76020133858746
1130,9.009662677894426
1131,9.321763633304592
1132,9.252094573092329
1133,9.629074159060092
1134,9.345909731840685
1135,9.39041043632085
1136,9.283169275672542
1137,9.094071313158448
1138,8.991584401748431
1139,8.293718341982071
1140,7.060191364227553
1141,7.656168188045265
1142,8.075359184803466
1143,7.638256555945677
1144,7.625353339413321
1145,7.203206734681533
1146,6.936290792129807
1147,6.439592645078163
1148,5.386037912190078
1149,4.710750057000124
1150,2.068051274692828
1151,2.6014377975762004
1152,2.3503936666226632
1153,3.2282244876886024
1154,1.8581343029074215
1155,0.5435204955462458
1156,1.6209033287342356
1157,0.4033373666844531
1158,0.27673788213009587
1159,1.1988596388114336
1160,2.8286575203789965
1161,3.560768695414396
1162,3.500462771002777
1163,2.521427088710637
1164,0.5656011839589858
1165,1.3177462129644546
1166,1.369525379684311
1167,1.32823615160782
1168,2.040684535135906
1169,2.2352915663610418
1170,1.8042675947818276
1171,1.8326130240285288
1172,2.345254940436914
1173,1.8589527613677603
1174,2.4505878533258807
1175,3.5302121186659763
1176,4.351633733489546
1177,4.388351372470689
1178,3.9303034015244265
1179,4.135787992176687
1180,3.2904884347021435
1181,2.556254462613383
1182,2.58480736752722
1183,2.003589127671801
1184,-0.22571013355743297
1185,-1.7563152887779765
1186,-1.0946325587680494
1187,-0.32690831420831845
1188,-1.7332495473099896
1189,-1.7529282305366767
1190,-2.4930919336978885
1191,-3.4654354932866838
1192,-3.30570544417208
1193,-3.3572462110903256
1194,-4.335232303166048
1195,-4.933197852774751
1196,-4.663569820294001
1197,-3.0026960254464607
1198,-2.3986604515848
1199,-2.400518475226898
1200,-1.337113806011725
1201,-1.0722661190459393
1202,-0.9646339167393769
1203,-2.5109037805606027
1204,-2.292630903557835
1205,-2.334333938539479
1206,-1.8772065724076414
1207,-3.4842890954904893
1208,-3.6874944661414832
1209,-3.1638105884531975
1210,-3.6883703411695223
1211,-3.533170264388219
1212,-3.380420713157828
1213,-2.556603678479097
1214,-1.3020913492914787
1215,-2.438692305703505
1216,-2.6727138898600344
1217,1.393122183736839
1218,2.0272782037710435
1219,1.1853768306463008
1220,1.108552761755499
1221,0.4907922381406582
1222,0.432224574419382
1223,-0.1416565748706633
1224,-0.005315505498992845
1225,0.31004830231835534
1226,0.02888850361908446
1227,0.537764506102123
1228,0.7285102129938492
1229,1.7483959349299694
1230,0.5535466227771346
1231,0.6586912820942814
1232,1.1976616703498033
1233,1.39127538684507
1234,0.5544394291267185
1235,0.6831175038753745
1236,1.618823642177536
1237,1.4690311030552072
1238,0.7862978998555814
1239,0.7703494620238116
1240,1.295772797163841
1241,2.6398404039378542
1242,2.32039446855945
1243,3.7435356624210936
1244,4.065968750852456
1245,5.003836538123618
1246,5.442377593579328
1247,5.607825312522685
1248,5.436971976451299
1249,5.4490062297191555
1250,5.413568010463354
1251,4.969154542568832
1252,5.072694410456591
