,Portfolio Value
0,11960.856573708597
1,11962.058798395316
2,11982.821982691275
3,12037.580305939493
4,12009.062974467533
5,11928.896706496798
6,11922.954270218506
7,11884.858103506418
8,11883.271147469695
9,11904.932611774824
10,11915.660294500518
11,11973.277184758546
12,11985.55465857656
13,12022.849917678925
14,11979.363174669756
15,11954.756502267817
16,11896.235932889385
17,11895.80263674673
18,11868.31287567716
19,11873.0504027452
20,11879.927368726534
21,11895.367508697698
22,11903.690957284183
23,11892.679211799825
24,11894.98884212684
25,11931.248258755346
26,11858.585348761702
27,11798.479211972128
28,11829.461241295063
29,11804.846694127411
30,11796.575261202088
31,11792.919315965575
32,11799.925259774114
33,11765.967644742354
34,11772.718597661355
35,11751.258498547784
36,11767.58520647564
37,11764.670379511312
38,11766.631080506248
39,11780.455707385097
40,11801.872844323116
41,11842.266785464559
42,11832.774506233005
43,11825.801915911472
44,11796.741135443184
45,11770.550856446182
46,11763.56434441746
47,11766.14337250032
48,11767.214483867221
49,11762.433728412727
50,11789.615694935537
51,11809.436374746516
52,11816.934437460835
53,11871.439175597108
54,11872.23903781634
55,11831.55880162935
56,11816.420944593065
57,11826.24918493896
58,11864.570003685334
59,11859.178635900906
60,11863.07410574043
61,11857.203476712479
62,11789.904388033048
63,11797.30234644965
64,11804.60984133602
65,11910.294481318735
66,11882.041954432927
67,11885.110044126492
68,11873.999393562137
69,11867.360667963092
70,11847.393169482693
71,11853.230810099825
72,11883.246695890746
73,11886.180725909779
74,11962.795430733502
75,11995.334982393435
76,12060.486503950855
77,12069.546137469573
78,12048.487853218074
79,12046.204087825161
80,11979.795313925446
81,12018.4339297718
82,12028.78061062619
83,11931.694925502572
84,11901.949809791864
85,11924.20341364677
86,11938.136897446791
87,11955.345552263445
88,11929.625874522666
89,11924.61125701967
90,11928.75713979876
91,11961.885406346737
92,11900.48310444056
93,11901.09350438103
94,11922.24977421643
95,11964.765077734852
96,11993.258985848268
97,11983.08917527815
98,11995.358125802102
99,11982.882373191425
100,11976.260499124017
101,11998.645245980475
102,12008.37866429215
103,12021.042994097901
104,12011.694816558946
105,12017.226963241268
106,11996.151279054831
107,11974.026871413807
108,11987.261901626227
109,11994.692632682818
110,12005.031094555963
111,11921.002858831005
112,11921.239311515234
113,11970.18957866162
114,11976.498674603281
115,11979.05230731556
116,11980.297246272035
117,12006.96999310662
118,11972.732187146717
119,11962.244207915974
120,11946.407838793952
121,11931.84372143178
122,11911.283750992283
123,11909.786192008252
124,11889.895193463126
125,11808.276845466253
126,11792.66105902521
127,11764.727971211674
128,11814.573974124332
129,11825.6950505253
130,11879.1004450322
131,11864.126300059772
132,11837.346384849632
133,11871.330725031683
134,12033.156134562829
135,12039.759955497082
136,12058.97794122097
137,12070.413130506426
138,12082.040575952495
139,12074.236831582883
140,12004.341884428006
141,11792.144970142692
142,11810.003003308373
143,11837.53139832593
144,11842.896961461869
145,11839.025558710484
146,11841.82618230323
147,11856.737226648207
148,11866.902390244655
149,11860.99072562857
150,11897.654788296364
151,11809.594338629666
152,11812.35289279143
153,11829.061935660131
154,11852.240120484039
155,11854.801548706651
156,11842.092627795184
157,11749.036379194116
158,11725.317951690058
159,11705.099702247759
160,11546.564228176514
161,11460.459503759344
162,11572.913664282183
163,11627.666688656678
164,11626.111131030268
165,11612.727940667073
166,11512.756904166345
167,11534.323473100509
168,11563.716274834504
169,11507.693044848971
170,11550.453289155701
171,11587.202046254502
172,11491.231373946954
173,11479.002815589183
174,11459.78388290811
175,11462.453449027882
176,11520.633967877911
177,11494.796533878107
178,11438.799363481525
179,11420.143296916149
180,11304.543950152492
181,11276.097284493371
182,11257.832446908304
183,11294.364852657503
184,11279.58717184706
185,11315.690779631173
186,11341.286572057516
187,11341.390352460212
188,11450.222964646975
189,11461.908701671084
190,11465.968133748205
191,11419.539045659936
192,11383.387798112197
193,11410.37370734734
194,11421.303333606349
195,11447.373808030217
196,11419.041004195024
197,11483.616974658722
198,11491.17410041652
199,11508.605734853321
200,11500.34049460618
201,11411.767782361725
202,11400.414644593267
203,11481.714991072473
204,11520.514421178588
205,11602.629156209103
206,11595.00961290551
207,11574.511595716718
208,11817.05065144877
209,11903.9616097349
210,11885.706345454932
211,11918.042301772735
212,11920.745705842028
213,11923.476640541254
214,11884.252134115766
215,11893.11900861571
216,11918.606071601924
217,11908.538493479546
218,11850.594724840112
219,11902.666276348173
220,11894.728510217854
221,11971.06321367573
222,12003.797945379316
223,11989.324691375617
224,12029.407744379256
225,12021.291755307635
226,12002.254529148155
227,12055.88126985675
228,12122.031828217827
229,12092.18032573308
230,12127.448327456696
231,12127.72520836236
232,12126.839227131977
233,12124.683389896174
234,12099.04741718526
235,12078.141794456524
236,12057.00364189911
237,12019.29535726
238,12018.533700886144
239,12053.09838037623
240,12058.821284158012
241,12039.05950256362
242,11963.555306262051
243,12023.839392026648
244,12021.084155723565
245,12023.788324422
246,12021.999565394226
247,12014.767193177298
248,12047.372162862575
249,12008.327706413756
250,11995.08609158621
251,11923.371005401297
252,11928.521858607637
253,11911.466669664
254,11861.311082749697
255,11737.316282169417
256,11765.41861966333
257,11760.99779349805
258,11678.667619133184
259,11728.118149515723
260,11511.44663551255
261,11538.292070125688
262,11497.654510168915
263,11539.171834439127
264,11554.217203209522
265,11535.88970183407
266,11534.746620090007
267,11489.729684673797
268,11470.185096240926
269,11484.620540413813
270,11471.437283082487
271,11346.172351837933
272,11311.907732388943
273,11356.501721305985
274,11323.540545376194
275,11315.624313913835
276,11279.268542065995
277,11341.299887886144
278,11286.150206079066
279,11327.294307353059
280,11350.79306314246
281,11354.258587996172
282,11358.957084471122
283,11407.7153899817
284,11473.282378241196
285,11444.165804683866
286,11444.722128902158
287,11413.97749199137
288,11530.512147894699
289,11539.031403370247
290,11611.220701586986
291,11619.996277998302
292,11631.616618215598
293,11639.98166451283
294,11635.498149482159
295,11586.347565693275
296,11634.136563234595
297,11629.95799856022
298,11681.205215018417
299,11667.803452277574
300,11661.6842488067
301,11690.190163052586
302,11690.493732700605
303,11727.648897833044
304,11725.646395766342
305,11728.901058426383
306,11665.565316113501
307,11664.72849525464
308,11666.040186392222
309,11685.371494226529
310,11695.296206039735
311,11698.373382228976
312,11685.322479894829
313,11671.775808502945
314,11631.293604778864
315,11661.950527686593
316,11625.188811830183
317,11636.704382834163
318,11651.118262327262
319,11669.098338413249
320,11717.10487375017
321,11725.264571759786
322,11715.632988425852
323,11688.72600359095
324,11809.62418471408
325,11801.66316320057
326,11795.271623276909
327,11775.953823038968
328,11758.532932036129
329,11759.21231160484
330,11725.713868179402
331,11723.275842537203
332,11787.22463370623
333,11719.933375952374
334,11698.159484442851
335,11700.195220754664
336,11661.529350837332
337,11640.66025279023
338,11628.981560102315
339,11622.954466462601
340,11595.142841676288
341,11580.43978082777
342,11699.199116617854
343,11751.004054683972
344,11771.13638406916
345,11753.973127359524
346,11735.914423129425
347,11752.003435538269
348,11749.455013322675
349,11866.162163977428
350,11874.903224119094
351,11923.142735503292
352,11972.185201786897
353,11949.176531903593
354,11908.950693668432
355,11906.771518957461
356,11891.006587816424
357,11900.851094412861
358,11869.047752185266
359,11865.876646327217
360,11865.148896703551
361,11835.537981306568
362,11831.51580315256
363,11801.750959787802
364,11802.152925821949
365,11783.232809034698
366,11772.813474496883
367,11823.479933909286
368,11783.034919108719
369,11819.621703407243
370,11853.284687206567
371,11719.092988471577
372,11686.465699917017
373,11795.796631298776
374,11852.78906646683
375,11863.21203055477
376,11878.046766213298
377,11839.518838345331
378,11825.990151355338
379,11841.47791790178
380,11810.225483783173
381,11888.48582628082
382,11857.448840736613
383,11847.877783611326
384,11847.500397918275
385,11866.116610113557
386,11876.460068476497
387,11810.701081871126
388,11805.319712841772
389,11804.99363863113
390,11785.425099679469
391,11784.174693386896
392,11822.685983456227
393,11835.963525829593
394,11843.67315408737
395,11820.709715061583
396,11857.842578882777
397,11829.498176011053
398,11847.98058389161
399,11854.14022797507
400,11866.361555229061
401,11861.653684948524
402,11864.237273099814
403,11909.204789236628
404,11926.49635415899
405,11907.157510351337
406,11938.276450556134
407,11937.401277988114
408,11921.774721072521
409,11939.952806157367
410,11938.950359640023
411,11921.612488633811
412,11920.147629518962
413,11903.08949086569
414,11907.146809290154
415,11910.72045409434
416,11893.865454364117
417,11894.498875982004
418,11835.600911912283
419,11876.00490442008
420,11901.037539861938
421,11948.07885660676
422,11964.708083166115
423,11979.605525304305
424,11939.703019540684
425,11951.378664007992
426,11942.65234356222
427,11941.193248044812
428,11993.42282022954
429,11944.677105228775
430,11951.598842397447
431,11944.384679358987
432,12006.32025230211
433,12036.42142002105
434,12015.812845199236
435,11984.801377909325
436,12003.867873796742
437,11988.06603423666
438,11927.215176184069
439,11963.476147697145
440,11971.1286241394
441,12007.458586260547
442,12007.548398667408
443,11939.528389024337
444,11910.21444921586
445,11928.021825214715
446,11887.756601818604
447,11874.972858924306
448,11860.283089219007
449,11860.27332895268
450,11854.458376013747
451,11858.035497618604
452,11857.396413700097
453,11850.088945493591
454,11858.708283291768
455,11940.864941065
456,11933.004718492848
457,11813.806169241749
458,11817.52634678859
459,11817.28099116607
460,11779.351433132038
461,11761.488979464508
462,11697.928952107628
463,11695.748183729202
464,11685.68931175459
465,11740.334469929692
466,11690.545376289532
467,11664.344540007905
468,11615.72881441993
469,11578.817951710578
470,11564.227674531183
471,11583.82470409905
472,11604.411789705107
473,11612.852291437686
474,11596.522518501208
475,11631.527107824897
476,11630.761791998937
477,11622.679474745923
478,11620.886662880417
479,11608.586681414643
480,11631.394464854198
481,11603.544532617349
482,11584.739723447285
483,11575.450102864068
484,11641.169154455602
485,11655.127027853445
486,11685.592702136755
487,11672.950738460562
488,11695.92858356775
489,11665.394813055875
490,11698.260466687
491,11680.847517805067
492,11650.508157720504
493,11639.703451377687
494,11625.244332855862
495,11639.455659341163
496,11633.809261442015
497,11630.193059380415
498,11636.057642956474
499,11647.079437820823
500,11648.379346664098
501,11652.676536177942
502,11641.147824444048
503,11688.95929056112
504,11762.140951728185
505,11788.957760621168
506,11783.415897500368
507,11809.031162478619
508,11840.741335219545
509,11837.539903121702
510,11827.36322905011
511,11823.758066205355
512,11822.976400451565
513,11809.035458708518
514,11808.98292263574
515,11816.251007883484
516,11816.672504793723
517,11816.890249224703
518,11817.12432532468
519,11837.163668515363
520,11783.7638303086
521,11801.003387618468
522,11804.128707813243
523,11786.219682561132
524,11789.438585581109
525,11794.21311930582
526,11832.507878823159
527,11844.411739260522
528,11929.328197641404
529,11937.55805900522
530,11932.742194509345
531,11953.137814220267
532,11953.65933117423
533,11950.530468165263
534,11966.274494783092
535,11955.991645104083
536,11962.153250938258
537,11964.016422030933
538,11947.039347915192
539,11911.053362796427
540,11901.659576262811
541,11918.010700505305
542,11930.598629596361
543,11906.511282785179
544,11904.45946476562
545,11897.645403069515
546,11891.461941004278
547,11891.142684289673
548,11899.86220506322
549,11897.954983929523
550,11897.00283139188
551,11897.199278784727
552,11902.881910800239
553,11961.5963313958
554,11977.194436773063
555,11966.492453067069
556,11918.699156215165
557,11911.508368746572
558,11906.56766252738
559,11896.973998001138
560,11898.935299731485
561,11902.662566117788
562,11912.34649917249
563,11927.280082412173
564,11928.78134043507
565,11947.029848353459
566,11943.674684286429
567,11929.388991656517
568,11909.089666286218
569,11905.049701894532
570,11907.958764011793
571,11891.558274462037
572,11895.408324325148
573,11904.862054229152
574,11913.011882401726
575,11914.73472294265
576,11951.685514023873
577,11952.55302344606
578,11939.841657826524
579,11951.488565990461
580,11976.553928351843
581,11973.34555663662
582,11978.748518643444
583,11927.813316858374
584,11925.187715115779
585,11935.134936433506
586,11945.464380146623
587,11915.843609062716
588,11924.34068750542
589,11920.03860142572
590,11955.578846610866
591,11937.764435342075
592,11979.591527791237
593,11988.086255488945
594,11975.253811636976
595,12028.590334659215
596,12022.353751013434
597,12004.831337832788
598,12029.382997306735
599,12090.847269660668
600,12098.709726294215
601,12099.196532711392
602,12118.879545733482
603,12131.799542693298
604,12132.661563924265
605,12078.200021254537
606,12085.586380636607
607,12086.696378386685
608,12083.192474904246
609,12072.60122850187
610,12096.137338374021
611,12077.943091043799
612,12035.89042024592
613,12022.7396531626
614,12022.568273725212
615,12012.435037776282
616,12004.083762615379
617,11977.403305691798
618,11990.517477436777
619,12007.459528552998
620,12005.227241966797
621,12054.614719569667
622,12047.341592669638
623,12057.836940032359
624,12055.3260366055
625,12061.614807774957
626,12073.16154730789
627,12096.272840287022
628,12110.466312643626
629,12120.411932837185
630,12107.088962467711
631,12096.42757643579
632,12108.465611808639
633,12111.486326625529
634,12136.033879504685
635,12163.02880811441
636,12170.347241959917
637,12167.129119029945
638,12169.84017937785
639,12196.846880599362
640,12193.21336237098
641,12215.212100136367
642,12232.143896264204
643,12223.292584231984
644,12281.814562121817
645,12280.659724546558
646,12594.56046143944
647,12628.997446159568
648,12627.903392266091
649,12642.02827824052
650,12655.70062917288
651,12645.285169111301
652,12655.846034827795
653,12661.252353685994
654,12669.486437361604
655,12643.120586209725
656,12609.826985762542
657,12611.891492882338
658,12618.09727413057
659,12621.518390301033
660,12564.308430186202
661,12548.011198947097
662,12525.368855969977
663,12556.278906348643
664,12545.590278463802
665,12570.718982014421
666,12578.527053478765
667,12548.764541994293
668,12548.853621637625
669,12562.384179750554
670,12618.67638621276
671,12659.77079686364
672,12630.64222013954
673,12647.716944077236
674,12653.962341778133
675,12599.168882509868
676,12676.81387516127
677,12733.071391191488
678,12728.47953982081
679,12759.417229979219
680,12769.539382222105
681,12773.826996244898
682,12738.259454112846
683,12734.021148030512
684,12725.655888535315
685,12746.554583669204
686,12695.05338311531
687,12666.92114858237
688,12701.64253861228
689,12704.750271537047
690,12756.585280466299
691,12760.98214008592
692,12756.99240445192
693,12724.152398993267
694,12737.640327493076
695,12733.538110358237
696,12754.148899454558
697,12807.482356137081
698,12800.691904671123
699,12797.09261670551
700,12824.516237481555
701,12981.216439694992
702,12973.003208917626
703,12964.362883865184
704,12953.449691908354
705,12958.466172888211
706,13007.244820859241
707,13000.00293068814
708,12967.914633447885
709,12958.034469236292
710,12851.785607542719
711,12828.313519605283
712,12868.903142926843
713,12891.257494691068
714,12860.31517868753
715,12859.555588906307
716,12903.253814255017
717,12882.14843432518
718,12872.36685604061
719,12865.956390059431
720,12855.870604014755
721,12841.156209841454
722,12833.693634327265
723,12830.898624283633
724,12876.607250978017
725,12877.545846510386
726,12881.012793460588
727,12917.33841263996
728,12987.058462792398
729,12962.740760266846
730,12916.450038829516
731,12789.282156761721
732,12824.374552043397
733,12806.74513619262
734,12767.886337282001
735,12779.33445598348
736,12756.442053653469
737,12820.975936284682
738,12852.157773600324
739,12837.634209207228
740,12835.62852774403
741,12837.411127136022
742,12833.619708364797
743,12838.807759695956
744,12881.00343452118
745,12856.160883128601
746,12849.54706407489
747,12868.89536008035
748,12868.917986035643
749,12871.77447193159
750,12868.303771888293
751,12875.069541313782
752,12874.656483269002
753,12932.397476511811
754,12944.735423861941
755,12952.481720370943
756,12958.145507409856
757,12986.238170499308
758,13000.763121539036
759,12987.655563188973
760,13037.94166628992
761,13075.25696750189
762,13062.792200412056
763,13047.849883359355
764,13045.129999338282
765,13045.58235234728
766,13041.082832091606
767,13084.366555866003
768,13081.061224887497
769,13054.03384367304
770,13077.702591301551
771,13054.187250333001
772,13010.131500405325
773,13055.644266578947
774,13022.178499705748
775,12986.90817746517
776,12867.389787940381
777,12880.457420271852
778,12866.478071779598
779,12788.432136725693
780,12783.675966053896
781,12840.440396384782
782,12873.769938294578
783,12968.709029783713
784,13089.471078263114
785,13085.0549011164
786,13088.00327476524
787,13102.954194207492
788,13080.195619408552
789,13092.245978057099
790,13101.225405005656
791,13058.320802427967
792,13021.175480850547
793,13011.621603284686
794,13012.819411506509
795,13038.400739379918
796,13064.669008834779
797,13054.539508799557
798,13061.030977601518
799,13071.25444093257
800,13103.433132201824
801,13004.43533558166
802,13020.800890349428
803,13040.956340949202
804,13014.856854753814
805,12949.336827024874
806,12946.572119504825
807,12961.533493612213
808,12805.293035361166
809,12763.682501565647
810,12829.103027538153
811,12792.48923775915
812,12743.822983616748
813,12757.69291807672
814,12749.239852277135
815,12707.76343374954
816,12730.455640977365
817,12735.90343874486
818,12675.045938480378
819,12726.129783045835
820,12741.527569023103
821,12727.439957131312
822,12734.630983224668
823,12720.204370097124
824,12730.583552331078
825,12801.770777842907
826,12806.698015833454
827,12802.469572861553
828,12773.33954143526
829,12763.441831257618
830,12764.261408920676
831,12764.261408920678
832,12814.25357053892
833,12902.469577748903
834,12896.969064242909
835,12889.377710698447
836,12872.700801444034
837,12849.787212846606
838,12853.488952356642
839,12868.697504640484
840,12907.60506311643
841,12948.381628140454
842,13019.142752450387
843,13033.951198167571
844,13016.205400679766
845,13004.06838630145
846,12951.48211800036
847,12944.85315931115
848,12787.51831837322
849,12754.058200754193
850,12785.58323088234
851,12756.056878858628
852,12741.408108690752
853,12777.517983174257
854,12758.919494938149
855,12744.768605026049
856,12750.721902758818
857,12785.586915825774
858,12952.026931011349
859,12945.194238883149
860,12975.762563517877
861,12979.587798153676
862,12983.566193389326
863,12996.653507449864
864,12985.614664464638
865,13002.67502472822
866,13013.554783027155
867,13008.980431401249
868,12988.817829050253
869,12968.60976789742
870,12974.009372379165
871,12946.176151017444
872,12939.232706833252
873,12899.119055393032
874,12901.926928973035
875,12818.731620886187
876,12795.49338501748
877,12800.23048273458
878,12820.391910417648
879,12825.016465882782
880,12815.84005945501
881,12873.427411377314
882,13012.2892537535
883,13009.171608989816
884,13010.147258685294
885,13098.323795907267
886,13086.620775722855
887,13088.550011601801
888,13103.437936570544
889,13102.57129714119
890,13038.46239803212
891,13029.908525696532
892,13028.355172869276
893,13011.469911545053
894,13037.78868187559
895,13002.269368152589
896,12963.871878636295
897,12946.289256554137
898,12931.53362784696
899,12905.69456669714
900,12912.619620658865
901,13016.787848931199
902,12994.93630898975
903,12950.040776496593
904,12933.960305070057
905,12929.93466849338
906,12920.246193139737
907,12897.897026286922
908,12897.30855376184
909,12832.653771868243
910,12850.698272765036
911,12950.985885825387
912,12940.554611164804
913,12940.073862549785
914,12930.0486707112
915,12885.885094838786
916,12917.756556101964
917,12921.522723255732
918,12854.456652089717
919,12864.114966097259
920,12859.206458959408
921,12870.227346947811
922,12867.633920240236
923,12849.168606161413
924,12849.581307123819
925,12872.27931013071
926,12873.442306859073
927,12878.251082374387
928,12885.412792619018
929,12908.013713337192
930,12858.546565619097
931,12861.501778091484
932,12938.236760412306
933,12959.975711076977
934,12967.269310457006
935,12944.264319115433
936,12941.303977820395
937,12921.863205999563
938,12938.218644780709
939,12934.82909164686
940,12927.939129716364
941,12906.428261571302
942,12892.631948453905
943,12811.177683371372
944,12761.555522707155
945,12712.151488243444
946,12741.093531034485
947,12672.890316138542
948,12703.739616345785
949,12780.540444171633
950,12770.822961431253
951,12816.556022270004
952,12784.676698241528
953,12734.385168447876
954,12736.9824008402
955,12759.174270075291
956,12715.07314120968
957,12689.170523537568
958,12778.039969576866
959,12766.464394000925
960,12749.45511811337
961,12750.7093363903
962,12835.007137902656
963,13023.95188731596
964,12946.125088233204
965,12842.369211526724
966,12870.586730750552
967,12892.204067105027
968,12823.051826980329
969,12772.527906158815
970,12753.92340263966
971,12750.004410000687
972,12793.530059046712
973,12792.433531064795
974,12850.78784383705
975,12778.997554816973
976,12765.014525564226
977,12886.854378115077
978,12852.466976911794
979,12907.239390802804
980,12901.137189197223
981,12966.451559089932
982,12943.596186251052
983,12952.308816174424
984,12993.177529402055
985,12960.575444515522
986,12947.548184349354
987,12934.740455430812
988,12934.10565276061
989,12913.28778431912
990,12944.854182908912
991,12940.969770724065
992,12925.768294449665
993,12880.480067525958
994,12876.06107909188
995,12841.179692262562
996,12828.563924648164
997,12810.277929809294
998,12803.261566056215
999,12876.421450813195
1000,12799.662305173046
1001,12776.282184304335
1002,12797.459704005534
1003,12672.85059694192
1004,12729.541667903424
1005,12766.288313367348
1006,12779.938556873623
1007,12819.446055072289
1008,12844.958993043503
1009,12811.972287874492
1010,12837.896594875163
1011,12869.178774187862
1012,12921.9299039648
1013,12880.243525263384
1014,12912.483585646743
1015,12747.940899823163
1016,12756.83989247092
1017,12751.183679103011
1018,12785.129941594025
1019,12767.170570442198
1020,12754.886706835534
1021,12821.521521074224
1022,12855.402521331136
1023,12833.9916424151
1024,12856.625554266708
1025,12860.853022606118
1026,12836.43705608618
1027,12811.775176433655
1028,12843.733303468043
1029,12835.249695635133
1030,12840.195182096857
1031,12919.129813514193
1032,12921.05599399449
1033,12886.794248282744
1034,12888.632038232263
1035,12871.215502247751
1036,12890.466515397728
1037,12856.511914346309
1038,12836.393065706701
1039,12821.45401704175
1040,12821.117200590117
1041,12820.101836219528
1042,12798.947820685145
1043,12790.975011269955
1044,12832.613254585747
1045,12858.774000132667
1046,12807.944544097596
1047,12762.293988950352
1048,12791.438979205925
1049,12793.251007985753
1050,12795.216052271007
1051,12797.171075758146
1052,12818.522031201599
1053,12832.85247868203
1054,12815.452064348052
1055,12812.918960163915
1056,12812.997822148258
1057,12729.118564309925
1058,12728.318369978755
1059,12739.132004150659
1060,12727.80677548573
1061,12729.551754409085
1062,12733.9543486928
1063,12760.446117145744
1064,12764.561844504704
1065,12770.638930059518
1066,12794.962439367546
1067,12781.545841919462
1068,12801.27651213341
1069,12746.635873619865
1070,12710.933156001716
1071,12683.05503691916
1072,12692.707521461127
1073,12712.4487319309
1074,12743.499071945374
1075,12756.679510214715
1076,12753.66206340138
1077,12746.015617209643
1078,12611.296041677677
1079,12527.521701048167
1080,12519.097751012012
1081,12512.86139538815
1082,12508.881090682053
1083,12512.451070200235
1084,12497.84885592365
1085,12512.434205237954
1086,12507.222413312897
1087,12441.41904713279
1088,12425.85534471126
1089,12416.203969135975
1090,12394.884318756936
1091,12401.436946546362
1092,12279.216591213444
1093,12287.628753001058
1094,12293.124942243494
1095,12299.904491583588
1096,12218.964036969683
1097,12148.644599097077
1098,12152.500813408496
1099,12132.303203590152
1100,12061.83726942825
1101,12070.605621543617
1102,12061.445182863565
1103,12036.68214116085
1104,12022.3762591189
1105,12014.499565871478
1106,12001.168787316028
1107,12016.052601348216
1108,12008.047163526542
1109,11996.71512015309
1110,12011.780841726444
1111,12037.902966433207
1112,12027.174770487713
1113,11961.942677957008
1114,12042.944999540996
1115,12023.206454390565
1116,12034.014436821859
1117,12087.73113375332
1118,12118.839026125037
1119,12139.403838573631
1120,12116.042907166502
1121,12128.691645461364
1122,12064.439210246903
1123,12095.632551747596
1124,12094.42132600338
1125,12113.453016346619
1126,12117.678861221964
1127,12128.923253063453
1128,12133.184111042063
1129,12116.982357908977
1130,12103.97115858127
1131,12112.687815315005
1132,12111.750717129342
1133,12124.963277995303
1134,12114.373348363879
1135,12117.398367576128
1136,12109.776263966987
1137,12094.261548740917
1138,12081.487026408782
1139,12082.631822340352
1140,12037.778805447077
1141,12043.132945196996
1142,12066.310844482095
1143,12036.532149563927
1144,12032.438248015154
1145,12027.506423911716
1146,12005.279857849964
1147,11987.830957610282
1148,11925.545869122903
1149,11916.194794595123
1150,11829.710613365996
1151,11825.301146641716
1152,11819.456213379784
1153,11850.075085999473
1154,11773.98500062749
1155,11663.587876451555
1156,11695.657381451532
1157,11652.948839195486
1158,11649.375829317061
1159,11663.039033307712
1160,11812.850630688105
1161,11894.579156640135
1162,11891.40527353157
1163,11879.059069832236
1164,11863.14609042717
1165,11896.332482836982
1166,11905.654000578957
1167,11905.910583006329
1168,11922.936525199977
1169,11928.809974588094
1170,11891.883260721255
1171,11898.768050370178
1172,11946.777018056919
1173,11909.315111682034
1174,11908.267309712992
1175,11973.574292142515
1176,11993.82369647445
1177,11993.478110075248
1178,11979.097784876156
1179,12005.807043808854
1180,11959.254480123645
1181,11953.650469844833
1182,11974.04159964883
1183,11934.887339091243
1184,11883.99505384525
1185,11825.411009546784
1186,11849.040691390199
1187,11883.131256686063
1188,11864.90028671326
1189,11892.760965687161
1190,11827.828963210126
1191,11814.982519418463
1192,11824.655949401767
1193,11824.547906791258
1194,11805.383164049552
1195,11766.806207212148
1196,11809.96929132688
1197,11825.873650604588
1198,11833.388574588358
1199,11837.105497362518
1200,11893.45111307671
1201,11897.458391554748
1202,11894.97358655024
1203,11873.677711909915
1204,11888.52946524893
1205,11875.839353921829
1206,11888.085341806101
1207,11840.098881729697
1208,11780.73473036508
1209,11798.34287567081
1210,11771.772524510154
1211,11776.659624323163
1212,11778.566687367122
1213,11827.383068295594
1214,11860.967728002874
1215,11773.736788324843
1216,11764.34944647031
1217,11872.219678171115
1218,11885.39788054697
1219,11836.140230197694
1220,11838.15259740775
1221,11823.351905212681
1222,11806.967339369749
1223,11792.668089250432
1224,11790.464237755672
1225,11786.729902448544
1226,11842.895267465381
1227,11849.144041385265
1228,11872.728935193813
1229,11907.111471479888
1230,11879.557412234994
1231,11882.135845717647
1232,11971.050252325338
1233,11957.997444139215
1234,11915.219019663027
1235,11920.99902329769
1236,11955.510515732765
1237,11948.684239232727
1238,11935.549186730184
1239,11929.61054808401
1240,11952.932217687268
1241,12021.80957795053
1242,12002.799612609204
1243,12054.005777703393
1244,12082.239459094388
1245,12154.235792300602
1246,12165.200877696876
1247,12167.735174424392
1248,12167.138985406042
1249,12167.877564362216
1250,12152.961476648696
1251,12123.078481000597
1252,12128.895523487161
