,Profitloss
0,-0.3261952190950268
1,-0.31617668003903754
2,-0.1431501442393679
3,0.31316921616244553
4,0.07552478722945288
5,-0.5925274458600138
6,-0.6420477481791198
7,-0.9595158041131868
8,-0.9727404377525395
9,-0.792228235209802
10,-0.7028308791623528
11,-0.2226901270121151
12,-0.12037784519532968
13,0.19041598065769882
14,-0.17197354441870205
15,-0.3770291477681931
16,-0.8647005592551271
17,-0.8683113604439185
18,-1.0973927026903363
19,-1.0579133104566596
20,-1.0006052606122195
21,-0.871937427519176
22,-0.8025753559651405
23,-0.8943399016681286
24,-0.8750929822763265
25,-0.5729311770387824
26,-1.1784554269858138
27,-1.6793399002322684
28,-1.4211563225411394
29,-1.6262775489382375
30,-1.6952061566492649
31,-1.7256723669535456
32,-1.6672895018823852
33,-1.9502696271470499
34,-1.8940116861553835
35,-2.072845845435134
36,-1.9367899460363325
37,-1.9610801707390713
38,-1.944740995781269
39,-1.8295357717908578
40,-1.6510596306407055
41,-1.314443454462011
42,-1.3935457813916252
43,-1.4516507007377388
44,-1.6938238713067988
45,-1.91207619628182
46,-1.9702971298545036
47,-1.9488052291639968
48,-1.9398793011064952
49,-1.9797189298939477
50,-1.7532025422038577
51,-1.5880302104457011
52,-1.5255463544930348
53,-1.0713402033574293
54,-1.064674684863831
55,-1.403676653088759
56,-1.5298254617244655
57,-1.4479234588419931
58,-1.1285833026222214
59,-1.1735113674924524
60,-1.1410491188297511
61,-1.1899710273960085
62,-1.7507967663912605
63,-1.6891471129195867
64,-1.6282513221998363
65,-0.7475459890105451
66,-0.9829837130589381
67,-0.9574162989459012
68,-1.0500050536488614
69,-1.105327766974229
70,-1.2717235876442246
71,-1.223076582501459
72,-0.9729442009104528
73,-0.9484939507518497
74,-0.31003807722082
75,-0.038875146721373266
76,0.5040541995904535
77,0.5795511455797708
78,0.40406544348394746
79,0.3850340652096662
80,-0.16837238395461807
81,0.15361608143167338
82,0.23983842188493032
83,-0.5692089541452283
84,-0.8170849184011342
85,-0.6316382196102532
86,-0.5155258546100661
87,-0.3721203978046206
88,-0.5864510456444538
89,-0.6282395248360939
90,-0.5936905016770022
91,-0.317621613777197
92,-0.8293074629953323
93,-0.8242207968247484
94,-0.6479185481964134
95,-0.29362435220956495
96,-0.05617511793110097
97,-0.14092353934874735
98,-0.03868228498248305
99,-0.1426468900714517
100,-0.19782917396652389
101,-0.011289616829379678
102,0.06982220243458848
103,0.1753582841491852
104,0.09745680465786943
105,0.14355802701055964
106,-0.032072674543071056
107,-0.21644273821826987
108,-0.10615081978143648
109,-0.04422806097651444
110,0.04192578796635704
111,-0.658309509741628
112,-0.656339070706391
113,-0.24842017781983028
114,-0.1958443783059871
115,-0.17456410570366732
116,-0.16418961439970126
117,0.0580832758884986
118,-0.22723177377735881
119,-0.31463160070022145
120,-0.4466013433837346
121,-0.5679689880685013
122,-0.7393020750643076
123,-0.7517817332645671
124,-0.9175400544739531
125,-1.5976929544478935
126,-1.7278245081232546
127,-1.96060023990271
128,-1.545216882297229
129,-1.4525412456224962
130,-1.0074962913983354
131,-1.1322808328352307
132,-1.3554467929197345
133,-1.0722439580693077
134,0.2763011213569033
135,0.33133296247569444
136,0.49148284350808424
137,0.5867760875535533
138,0.6836714662707966
139,0.6186402631906951
140,0.03618237023337301
141,-1.7321252488109007
142,-1.5833083057635533
143,-1.3539050139505848
144,-1.3091919878177594
145,-1.3414536774126296
146,-1.3181151474730868
147,-1.1938564445982736
148,-1.1091467479612094
149,-1.1584106197619182
150,-0.8528767641969637
151,-1.586713844752785
152,-1.5637258934047438
153,-1.4244838694989048
154,-1.2313323292996725
155,-1.2099870941112423
156,-1.3158947683734712
157,-2.0913635067156933
158,-2.2890170692495104
159,-2.4575024812686808
160,-3.778631431862378
161,-4.496170802005461
162,-3.5590527976484765
163,-3.1027775945276836
164,-3.1157405747477718
165,-3.2272671611077275
166,-4.060359131947133
167,-3.880637724162428
168,-3.635697709712471
169,-4.102557959591913
170,-3.7462225903691637
171,-3.43998294787915
172,-4.239738550442052
173,-4.341643203423473
174,-4.501800975765747
175,-4.47955459143432
176,-3.9947169343507394
177,-4.210028884349104
178,-4.6766719709872895
179,-4.8321391923654256
180,-5.795467082062567
181,-6.032522629221903
182,-6.184729609097472
183,-5.8802928945207995
184,-6.003440234607826
185,-5.702576836406892
186,-5.489278566187372
187,-5.488413729498232
188,-4.5814752946085395
189,-4.484094152740969
190,-4.450265552098287
191,-4.837174619500528
192,-5.138435015731691
193,-4.913552438772162
194,-4.822472219947094
195,-4.605218266414857
196,-4.841324965041471
197,-4.3031918778439815
198,-4.240215829862337
199,-4.094952209555657
200,-4.163829211615166
201,-4.901935146985625
202,-4.996544628389444
203,-4.3190417410627235
204,-3.995713156845093
205,-3.3114236982574763
206,-3.374919892454087
207,-3.54573670236068
208,-1.5245779045935826
209,-0.8003199188758248
210,-0.9524471212088992
211,-0.6829808185605413
212,-0.66045245131644
213,-0.6376946621562185
214,-0.9645655490352789
215,-0.8906749282024173
216,-0.6782827366506372
217,-0.7621792210037892
218,-1.245043959665737
219,-0.8111143637652307
220,-0.8772624148512209
221,-0.24113988603557956
222,0.03164954482763882
223,-0.08896090520318367
224,0.24506453649379978
225,0.17743129423029025
226,0.018787742901293925
227,0.46567724880626216
228,1.0169319018152212
229,0.7681693811089962
230,1.0620693954724647
231,1.064376736353001
232,1.0569935594331392
233,1.0390282491347769
234,0.8253951432104945
235,0.6511816204710419
236,0.47503034915925557
237,0.16079464383333963
238,0.1544475073845364
239,0.4424865031352532
240,0.49017736798342426
241,0.3254958546968334
242,-0.3037057811495769
243,0.19866160022206092
244,0.17570129769637344
245,0.1982360368499858
246,0.18332971161854061
247,0.1230599431441437
248,0.3947680238547857
249,0.0693975534479696
250,-0.040949236781584464
251,-0.6385749549891906
252,-0.595651178269696
253,-0.7377777528000062
254,-1.1557409770858618
255,-2.189030981921525
256,-1.9548448361389137
257,-1.9916850541829123
258,-2.6777698405567985
259,-2.26568208736897
260,-4.0712780373954205
261,-3.847566082285936
262,-4.186212415259039
263,-3.8402347130072734
264,-3.7148566399206495
265,-3.8675858180494127
266,-3.877111499249941
267,-4.252252627718356
268,-4.415124197992282
269,-4.294828829884889
270,-4.404689307645948
271,-5.448563734683887
272,-5.734102230092142
273,-5.3624856557834555
274,-5.637162121865047
275,-5.703130717384708
276,-6.00609548278338
277,-5.489167600948807
278,-5.948748282674443
279,-5.605880772057848
280,-5.4100578071461625
281,-5.381178433365241
282,-5.342024296073989
283,-4.93570508348583
284,-4.389313514656701
285,-4.631951627634456
286,-4.6273155924820175
287,-4.883520900071914
288,-3.9123987675441785
289,-3.841404971914608
290,-3.2398274867751153
291,-3.166697683347486
292,-3.0698615148700203
293,-3.0001527957264185
294,-3.0375154209820066
295,-3.4471036192227023
296,-3.048861973045036
297,-3.0836833453315005
298,-2.6566232081798535
299,-2.768304564353552
300,-2.819297926610842
301,-2.581748641228443
302,-2.579218894161628
303,-2.2695925180579724
304,-2.2862800352804857
305,-2.259157846446802
306,-2.78695569905415
307,-2.793929206211332
308,-2.7829984467314883
309,-2.621904214778925
310,-2.5391982830022086
311,-2.5135551480918616
312,-2.622312667543092
313,-2.7352015958087894
314,-3.0725532935094613
315,-2.817078935945061
316,-3.1234265680818107
317,-3.027463476381975
318,-2.907347813939487
319,-2.7575138465562588
320,-2.3574593854152504
321,-2.289461902001777
322,-2.369725096451236
323,-2.5939499700754265
324,-1.5864651273826746
325,-1.65280697332858
326,-1.7060698060257562
327,-1.8670514746752631
328,-2.0122255663655886
329,-2.00656406995966
330,-2.2857177651716465
331,-2.3060346455233027
332,-1.7731280524480808
333,-2.3338885337302107
334,-2.515337629642911
335,-2.498373160377798
336,-2.8205887430222343
337,-2.9944978934147493
338,-3.0918203324807103
339,-3.1420461128116584
340,-3.3738096526976014
341,-3.496335159768582
342,-2.5066740281845523
343,-2.0749662109669
344,-1.9071967994236716
345,-2.0502239386706256
346,-2.2007131405881286
347,-2.06663803718109
348,-2.0878748889777143
349,-1.1153153001881022
350,-1.042473132340882
351,-0.6404772041392337
352,-0.23178998510918758
353,-0.4235289008033938
354,-0.75874421942973
355,-0.7769040086878287
356,-0.9082784348631301
357,-0.8262408798928256
358,-1.091268731789452
359,-1.117694613939857
360,-1.123759194137075
361,-1.3705168224452668
362,-1.4040349737286628
363,-1.6520753351016548
364,-1.6487256181504262
365,-1.806393258044181
366,-1.8932210458593057
367,-1.471000550755952
368,-1.8080423407606738
369,-1.503152471606306
370,-1.2226276066119368
371,-2.340891762736863
372,-2.6127858340248666
373,-1.7016947391768733
374,-1.2267577794430773
375,-1.1398997453769155
376,-1.0162769482225165
377,-1.3373430137889053
378,-1.4500820720388496
379,-1.3210173508184986
380,-1.5814543018068838
381,-0.929284780993167
382,-1.187926327194888
383,-1.267685136572283
384,-1.2708300173477127
385,-1.1156949157203555
386,-1.0294994293625237
387,-1.5774909844072815
388,-1.622335726318569
389,-1.6250530114072514
390,-1.788124169337757
391,-1.7985442217758663
392,-1.4776168045314342
393,-1.366970618086727
394,-1.3027237159385807
395,-1.4940857078201475
396,-1.1846451759768617
397,-1.4208485332412257
398,-1.2668284675699137
399,-1.215498100207757
400,-1.113653706424489
401,-1.1528859587623064
402,-1.1313560575015535
403,-0.7566267563614337
404,-0.6125303820084249
405,-0.773687413738855
406,-0.514362912032218
407,-0.5216560167657147
408,-0.6518773243956555
409,-0.5003932820219381
410,-0.5087470029998098
411,-0.6532292613849022
412,-0.6654364206753138
413,-0.8075875761192508
414,-0.7737765892487203
415,-0.7439962158804936
416,-0.8844545469656961
417,-0.8791760334832976
418,-1.3699924007309794
419,-1.0332924631659912
420,-0.8246871678171841
421,-0.4326761949436597
422,-0.2940993069490361
423,-0.16995395579745276
424,-0.50247483716096
425,-0.4051777999333983
426,-0.4778971369814977
427,-0.4900562662932262
428,-0.05480983142049922
429,-0.46102412309354524
430,-0.40334298002128177
431,-0.4634610053417698
432,0.05266876918426089
433,0.30351183350874056
434,0.13177370999364335
435,-0.12665518408895293
436,0.03223228163951042
437,-0.09944971469451058
438,-0.606540198466099
439,-0.3043654358571235
440,-0.240594798838345
441,0.06215488550456172
442,0.06290332222840256
443,-0.5039300914638556
444,-0.7482129232011636
445,-0.5998181232107047
446,-0.9353616515116348
447,-1.0418928422974538
448,-1.1643075898416066
449,-1.164388925394333
450,-1.2128468665521086
451,-1.183037519844965
452,-1.1883632191658555
453,-1.249258787553409
454,-1.177430972568605
455,-0.4927921577916661
456,-0.5582940125596014
457,-1.5516152563187613
458,-1.5206137767617478
459,-1.5226584069494176
460,-1.8387380572330136
461,-1.9875918377957658
462,-2.5172587324364337
463,-2.535431802256649
464,-2.619255735378423
465,-2.1638794172525677
466,-2.5787885309205616
467,-2.7971288332674593
468,-3.202259879833913
469,-3.5098504024118515
470,-3.6314360455734773
471,-3.468127465841253
472,-3.296568419124102
473,-3.226230904685945
474,-3.3623123458232707
475,-3.070607434792527
476,-3.0769850666755194
477,-3.14433771045064
478,-3.1592778093298524
479,-3.261777654877973
480,-3.0717127928816756
481,-3.3037955615220937
482,-3.4605023046059613
483,-3.5379158094660967
484,-2.990257046203315
485,-2.8739414345546277
486,-2.6200608155270366
487,-2.725410512828652
488,-2.5339284702687537
489,-2.788376557867711
490,-2.5144961109416775
491,-2.6596040182911063
492,-2.912432018995803
493,-3.0024712385192776
494,-3.122963892867814
495,-3.0045361721569686
496,-3.0515894879832084
497,-3.081724505163208
498,-3.032852975362721
499,-2.941004684826476
500,-2.930172111132512
501,-2.894362198517153
502,-2.9904347962996014
503,-2.592005911990658
504,-1.9821587355984605
505,-1.7586853281569392
506,-1.8048675208302667
507,-1.5914069793448449
508,-1.3271555398371215
509,-1.3538341406524879
510,-1.4386397579157495
511,-1.4686827816220438
512,-1.4751966629036217
513,-1.591371177429013
514,-1.5918089780355027
515,-1.5312416009709673
516,-1.5277291267189685
517,-1.5259145897941417
518,-1.5239639556276718
519,-1.3569694290386458
520,-1.8019680807616623
521,-1.658305103179436
522,-1.6322607682229817
523,-1.781502645323907
524,-1.7546784534907656
525,-1.7148906724515078
526,-1.3957676764736804
527,-1.2965688394956487
528,-0.5889316863216365
529,-0.5203495082898413
530,-0.5604817124221229
531,-0.3905182148311148
532,-0.38617224021474383
533,-0.4122460986228038
534,-0.2810458768075619
535,-0.3667362907993077
536,-0.3153895755145131
537,-0.29986314974222994
538,-0.4413387673734004
539,-0.7412219766964379
540,-0.8195035311432397
541,-0.6832441624557872
542,-0.5783447533636576
543,-0.7790726434568462
544,-0.7961711269531713
545,-0.8529549744207054
546,-0.9044838249643528
547,-0.90714429758606
548,-0.8344816244731601
549,-0.8503751339206445
550,-0.8583097384010085
551,-0.8566726767939459
552,-0.8093174099980116
553,-0.32003057170166826
554,-0.19004636022447174
555,-0.2792295577744297
556,-0.677507031540292
557,-0.7374302604452265
558,-0.7786028122718225
559,-0.858550016657178
560,-0.8422058355709527
561,-0.8111452823517662
562,-0.7304458402292435
563,-0.6059993132318864
564,-0.5934888297077445
565,-0.44141793038784405
566,-0.4693776309464326
567,-0.5884250695290305
568,-0.7575861142815166
569,-0.7912524842122348
570,-0.767010299901727
571,-0.9036810461496958
572,-0.8715972972904384
573,-0.7928162147570639
574,-0.7249009799856099
575,-0.7105439754779175
576,-0.40262071646772757
577,-0.39539147128283547
578,-0.5013195181122976
579,-0.4042619500794875
580,-0.19538393040130497
581,-0.2221203613615108
582,-0.1770956779712951
583,-0.601555692846889
584,-0.6234357073685137
585,-0.5405421963874502
586,-0.45446349877814596
587,-0.7013032578106926
588,-0.6304942707881622
589,-0.6663449881189942
590,-0.3701762782427842
591,-0.5186297054827094
592,-0.17007060173969135
593,-0.09928120425879428
594,-0.2062182363585352
595,0.23825278882678713
596,0.18628125844528665
597,0.040261148606557384
598,0.24485831088945087
599,0.7570605805055752
600,0.8225810524517874
601,0.8266377725949292
602,0.9906628811123586
603,1.0983295224441525
604,1.10551303270221
605,0.6516668437878126
606,0.7132198386383903
607,0.7224698198890378
608,0.6932706242020581
609,0.6050102375155797
610,0.8011444864501671
611,0.6495257586983216
612,0.299086835382667
613,0.18949710968834133
614,0.18806894771010718
615,0.10362531480234694
616,0.034031355128161245
617,-0.1883057859016879
618,-0.07902102136019273
619,0.06216273794164007
620,0.043560349723303915
621,0.4551226630805649
622,0.39451327224697685
623,0.48197450026965516
624,0.4610503050458403
625,0.513456731457973
626,0.609679560899079
627,0.8022736690585175
628,0.9205526053635449
629,1.0034327736432092
630,0.8924080205642504
631,0.8035631369649243
632,0.9038800984053186
633,0.9290527218793976
634,1.1336156625390448
635,1.3585734009534223
636,1.4195603496659714
637,1.3927426585828684
638,1.415334828148751
639,1.6403906716613514
640,1.6101113530915034
641,1.7934341678030652
642,1.9345324688683663
643,1.8607715352665366
644,2.3484546843484777
645,2.3388310378879895
646,4.9546705119953405
647,5.241645384663074
648,5.232528268884096
649,5.35023565200432
650,5.464171909773996
651,5.377376409260837
652,5.465383623564968
653,5.510436280716613
654,5.579053644680032
655,5.359338218414367
656,5.081891548021189
657,5.09909577401948
658,5.150810617754753
659,5.179319919175285
660,4.702570251551674
661,4.5667599912257995
662,4.378073799749815
663,4.635657552905359
664,4.54658565386501
665,4.7559915167868505
666,4.821058778989706
667,4.573037849952444
668,4.573780180313536
669,4.686534831254607
670,5.155636551773002
671,5.4980899738636735
672,5.255351834496169
673,5.3976412006436325
674,5.449686181484448
675,4.993074020915578
676,5.640115626343922
677,6.108928259929058
678,6.070662831840079
679,6.328476916493497
680,6.412828185184205
681,6.448558302040808
682,6.152162117607052
683,6.116842900254271
684,6.047132404460953
685,6.221288197243369
686,5.792111525960908
687,5.557676238186415
688,5.847021155102317
689,5.87291892947539
690,6.304877337219161
691,6.341517834049326
692,6.308270037099328
693,6.034603324943899
694,6.147002729108975
695,6.112817586318631
696,6.284574162121315
697,6.729019634475675
698,6.672432538926021
699,6.6424384725459085
700,6.87096864567962
701,8.176803664124943
702,8.108360074313548
703,8.0363573655432
704,7.945414099236281
705,7.98721810740175
706,8.393706840493675
707,8.333357755734516
708,8.065955278732373
709,7.983620576969108
710,7.0982133961893235
711,6.90261266337735
712,7.240859524390353
713,7.427145789092227
714,7.169293155729406
715,7.1629632408859
716,7.527115118791805
717,7.351236952709828
718,7.269723800338412
719,7.216303250495271
720,7.132255033456292
721,7.009635082012111
722,6.947446952727199
723,6.924155202363602
724,7.3050604248168005
725,7.3128820542532225
726,7.341773278838226
727,7.64448677199967
728,8.225487189936654
729,8.022839668890391
730,7.637083656912647
731,6.577351306347667
732,6.869787933694971
733,6.722876134938494
734,6.399052810683337
735,6.494453799862332
736,6.303683780445568
737,6.841466135705687
738,7.101314780002688
739,6.9802850767269
740,6.96357106453358
741,6.978426059466836
742,6.94683090303998
743,6.990064664132967
744,7.341695287676497
745,7.134674026071686
746,7.079558867290747
747,7.240794667336248
748,7.240983216963692
749,7.264787266096584
750,7.235864765735789
751,7.292246177614858
752,7.28880402724168
753,7.769978970931768
754,7.872795198849514
755,7.937347669757866
756,7.984545895082129
757,8.21865142082756
758,8.339692679491971
759,8.230463026574775
760,8.649513885749327
761,8.960474729182422
762,8.856601670100472
763,8.732082361327965
764,8.709416661152346
765,8.71318626956068
766,8.675690267430047
767,9.03638796555002
768,9.00884354072915
769,8.78361536394201
770,8.980854927512926
771,8.784893752775002
772,8.417762503377713
773,8.79703555482456
774,8.518154164214554
775,8.224234812209751
776,7.2282482328365205
777,7.337145168932091
778,7.220650598163325
779,6.570267806047436
780,6.5306330504491195
781,7.003669969873183
782,7.2814161524548116
783,8.0725752481976
784,9.078925652192616
785,9.042124175970013
786,9.066693956377003
787,9.191284951729095
788,9.001630161737939
789,9.102049817142488
790,9.176878375047126
791,8.819340020233057
792,8.50979567375456
793,8.43018002737239
794,8.440161762554244
795,8.653339494832647
796,8.872241740289821
797,8.787829239996302
798,8.84192481334598
799,8.927120341104743
800,9.19527610168187
801,8.370294463180494
802,8.506674086245237
803,8.674636174576689
804,8.457140456281786
805,7.9111402252072915
806,7.888100995873537
807,8.012779113435098
808,6.7107752946763854
809,6.364020846380392
810,6.909191896151268
811,6.604076981326257
812,6.198524863472898
813,6.314107650639333
814,6.243665435642787
815,5.898028614579509
816,6.087130341478031
817,6.13252865620717
818,5.625382820669822
819,6.051081525381963
820,6.17939640852585
821,6.061999642760929
822,6.121924860205574
823,6.0017030841426955
824,6.08819626942565
825,6.68142314869089
826,6.722483465278772
827,6.687246440512951
828,6.444496178627168
829,6.362015260480147
830,6.368845074338969
831,6.368845074338991
832,6.785446421157659
833,7.520579814574191
834,7.474742202024243
835,7.411480922487068
836,7.272506678700297
837,7.081560107055052
838,7.112407936305343
839,7.239145872004027
840,7.563375525970262
841,7.903180234503782
842,8.49285627041989
843,8.61625998472977
844,8.46837833899805
845,8.36723655251208
846,7.929017650003001
847,7.8737763275929185
848,6.562652653110179
849,6.283818339618263
850,6.546526924019491
851,6.300473990488564
852,6.178400905756254
853,6.47931652645215
854,6.324329124484573
855,6.206405041883745
856,6.2560158563234936
857,6.546557631881456
858,7.9335577584279005
859,7.87661865735958
860,8.131354695982317
861,8.163231651280633
862,8.196384944911062
863,8.30544589541553
864,8.213455537205316
865,8.355625206068495
866,8.44628985855962
867,8.408170261677084
868,8.240148575418772
869,8.071748065811835
870,8.11674476982638
871,7.884801258478702
872,7.826939223610441
873,7.492658794941942
874,7.5160577414419505
875,6.822763507384888
876,6.629111541812338
877,6.6685873561215026
878,6.836599253480391
879,6.875137215689842
880,6.798667162125072
881,7.278561761477609
882,8.435743781279182
883,8.40976340824846
884,8.417893822377454
885,9.152698299227225
886,9.055173131023796
887,9.071250096681682
888,9.195316138087861
889,9.188094142843251
890,8.653853316934335
891,8.582571047471088
892,8.569626440577306
893,8.428915929542114
894,8.648239015629922
895,8.352244734604897
896,8.032265655302462
897,7.885743804617817
898,7.762780232058009
899,7.547454722476177
900,7.605163505490542
901,8.473232074426651
902,8.291135908247927
903,7.917006470804933
904,7.783002542250483
905,7.749455570778174
906,7.668718276164488
907,7.482475219057694
908,7.477571281348672
909,6.938781432235364
910,7.089152273041965
911,7.924882381878229
912,7.837955093040039
913,7.833948854581552
914,7.75040558925999
915,7.382375790323215
916,7.6479713008496875
917,7.679356027131101
918,7.1204721007476435
919,7.200958050810491
920,7.1600538246617385
921,7.251894557898431
922,7.230282668668631
923,7.076405051345103
924,7.079844226031828
925,7.268994251089245
926,7.278685890492276
927,7.318759019786558
928,7.37843993849181
929,7.566780944476603
930,7.154554713492467
931,7.179181484095709
932,7.818639670102545
933,7.999797592308133
934,8.060577587141715
935,7.868869325961936
936,7.84419981516995
937,7.682193383329694
938,7.818488706505899
939,7.790242430390504
940,7.732826080969701
941,7.553568846427505
942,7.438599570449211
943,6.759814028094757
944,6.346296022559628
945,5.934595735362036
946,6.1757794252873754
947,5.607419301154515
948,5.864496802881547
949,6.504503701430275
950,6.423524678593773
951,6.804633518916692
952,6.538972485346073
953,6.119876403732305
954,6.141520007001655
955,6.3264522506274234
956,5.9589428434139835
957,5.743087696146398
958,6.483666413140554
959,6.387203283341036
960,6.245459317611424
961,6.255911136585834
962,6.958392815855463
963,8.532932394299664
964,7.884375735276694
965,7.019743429389358
966,7.2548894229212735
967,7.435033892541898
968,6.858765224836083
969,6.437732551323472
970,6.2826950219971645
971,6.2500367500057274
972,6.612750492055941
973,6.60361275887329
974,7.089898698642072
975,6.491646290141451
976,6.375121046368548
977,7.390453150958964
978,7.103891474264956
979,7.560328256690041
980,7.5094765766435145
981,8.053762992416091
982,7.863301552092095
983,7.9359068014535294
984,8.276479411683791
985,8.00479537096268
986,7.896234869577956
987,7.789503795256758
988,7.784213773005089
989,7.610731535992676
990,7.873784857574262
991,7.841414756033882
992,7.714735787080529
993,7.337333896049647
994,7.300508992432331
995,7.009830768854686
996,6.904699372068035
997,6.752316081744114
998,6.693846383801794
999,7.303512090109954
1000,6.663852543108706
1001,6.469018202536114
1002,6.645497533379441
1003,5.607088307849328
1004,6.07951389919521
1005,6.385735944727888
1006,6.49948797394686
1007,6.8287171256024015
1008,7.0413249420292034
1009,6.766435732287435
1010,6.982471623959685
1011,7.243156451565502
1012,7.682749199706662
1013,7.335362710528193
1014,7.604029880389529
1015,6.232840831859687
1016,6.306999103924338
1017,6.259863992525094
1018,6.54274951328353
1019,6.393088087018328
1020,6.290722556962791
1021,6.846012675618529
1022,7.1283543444261355
1023,6.949930353459166
1024,7.138546285555902
1025,7.173775188384313
1026,6.9703088007181835
1027,6.764793136947134
1028,7.0311108622336915
1029,6.96041413029278
1030,7.001626517473802
1031,7.659415112618273
1032,7.675466616620752
1033,7.389952069022865
1034,7.405266985268866
1035,7.260129185397934
1036,7.420554294981052
1037,7.137599286219243
1038,6.969942214222513
1039,6.845450142014586
1040,6.8426433382509755
1041,6.834181968496078
1042,6.657898505709547
1043,6.591458427249619
1044,6.938443788214554
1045,7.156450001105563
1046,6.732871200813295
1047,6.352449907919611
1048,6.595324826716031
1049,6.6104250665479425
1050,6.626800435591718
1051,6.643092297984543
1052,6.821016926680001
1053,6.940437322350257
1054,6.795433869567091
1055,6.7743246680326275
1056,6.774981851235484
1057,6.075988035916047
1058,6.069319749822966
1059,6.159433367922151
1060,6.065056462381069
1061,6.079597953409044
1062,6.116286239106672
1063,6.337050976214531
1064,6.371348704205859
1065,6.421991083829326
1066,6.624686994729556
1067,6.512882015995514
1068,6.677304267778417
1069,6.221965613498881
1070,5.924442966680976
1071,5.692125307659679
1072,5.772562678842719
1073,5.937072766090834
1074,6.195825599544791
1075,6.305662585122618
1076,6.2805171950115035
1077,6.216796810080361
1078,5.094133680647306
1079,4.396014175401386
1080,4.3258145917667745
1081,4.27384496156793
1082,4.240675755683765
1083,4.270425585001969
1084,4.148740466030421
1085,4.270285043649613
1086,4.226853444274137
1087,3.6784920594399084
1088,3.5487945392605136
1089,3.4683664094664612
1090,3.290702656307798
1091,3.345307887886362
1092,2.3268049267787028
1093,2.3969062750088144
1094,2.4427078520291134
1095,2.4992040965299056
1096,1.8247003080806845
1097,1.2387049924756477
1098,1.2708401117374812
1099,1.1025266965845937
1100,0.5153105785687506
1101,0.5883801795301347
1102,0.5120431905297096
1103,0.3056845096737648
1104,0.18646882599084869
1105,0.12082971559563838
1106,0.009739894300242469
1107,0.1337716779018061
1108,0.06705969605451667
1109,-0.027373998724244952
1110,0.09817368105369262
1111,0.3158580536100519
1112,0.22645642073093608
1113,-0.31714435035826716
1114,0.3578749961749672
1115,0.19338711992138435
1116,0.283453640182163
1117,0.7310927812776535
1118,0.9903252177086319
1119,1.1616986547802632
1120,0.967024226387525
1121,1.072430378844702
1122,0.5369934187241965
1123,0.7969379312299685
1124,0.7868443833614958
1125,0.9454418028884914
1126,0.9806571768496974
1127,1.0743604421954434
1128,1.1098675920171885
1129,0.9748529825748031
1130,0.8664263215105716
1131,0.9390651276250495
1132,0.9312559760778383
1133,1.041360649960854
1134,0.9531112363656558
1135,0.9783197298010693
1136,0.9148021997248845
1137,0.7855129061743016
1138,0.6790585534065086
1139,0.6885985195029365
1140,0.31482337872563715
1141,0.35944120997497553
1142,0.5525903706841362
1143,0.30443457969939747
1144,0.270318733459618
1145,0.2292201992643017
1146,0.04399881541636841
1147,-0.10140868658098379
1148,-0.620451090642471
1149,-0.6983767117073048
1150,-1.419078221950032
1151,-1.4558237779856986
1152,-1.5045315551684646
1153,-1.249374283337723
1154,-1.8834583281042483
1155,-2.8034343629037117
1156,-2.536188487903901
1157,-2.8920930067042883
1158,-2.921868089024493
1159,-2.8080080557690623
1160,-1.559578077599133
1161,-0.878507027998876
1162,-0.9049560539035717
1163,-1.0078410847313646
1164,-1.140449246440256
1165,-0.8638959763584753
1166,-0.7862166618420208
1167,-0.7840784749472585
1168,-0.6421956233335302
1169,-0.5932502117658833
1170,-0.9009728273228768
1171,-0.8435995802485219
1172,-0.4435248495256783
1173,-0.755707402649719
1174,-0.764439085725066
1175,-0.22021423214571012
1176,-0.05146919604624989
1177,-0.05434908270626204
1178,-0.17418512603203373
1179,0.04839203174045181
1180,-0.3395459989696259
1181,-0.3862460846263849
1182,-0.21632000292641784
1183,-0.5426055075729685
1184,-0.9667078846229082
1185,-1.4549082537767988
1186,-1.2579942384150056
1187,-0.9739061942828031
1188,-1.125830944056161
1189,-0.8936586192736629
1190,-1.434758639915612
1191,-1.5418123381794713
1192,-1.4612004216519425
1193,-1.4621007767395167
1194,-1.621806966253736
1195,-1.943281606565428
1196,-1.5835892389426731
1197,-1.4510529116284365
1198,-1.3884285450970202
1199,-1.3574541886456903
1200,-0.8879073910274204
1201,-0.8545134037104329
1202,-0.8752201120813319
1203,-1.0526857340840357
1204,-0.9289211229255856
1205,-1.0346720506514306
1206,-0.9326221516158251
1207,-1.332509318919195
1208,-1.8272105802909944
1209,-1.6804760360765725
1210,-1.901895629082051
1211,-1.8611697973069719
1212,-1.8452776052739872
1213,-1.4384744308700514
1214,-1.1586022666427165
1215,-1.885526763959644
1216,-1.9637546127474148
1217,-1.0648360152407
1218,-0.9550176621085815
1219,-1.3654980816858786
1220,-1.3487283549354134
1221,-1.4720674565609881
1222,-1.608605505252092
1223,-1.7277659229130715
1224,-1.7461313520360622
1225,-1.777250812928799
1226,-1.3092061044551628
1227,-1.2571329884561222
1228,-1.060592206718225
1229,-0.7740710710009369
1230,-1.003688231375055
1231,-0.9822012856862794
1232,-0.24124789728885432
1233,-0.3500212988398754
1234,-0.7065081694747732
1235,-0.6583414725192416
1236,-0.37074570222696
1237,-0.42763133972727463
1238,-0.5370901105817949
1239,-0.5865787659665833
1240,-0.39223151927276767
1241,0.18174648292108575
1242,0.023330105076690977
1243,0.45004814752827027
1244,0.6853288257865575
1245,1.2852982691716752
1246,1.376673980807297
1247,1.3977931202032723
1248,1.3928248783836805
1249,1.3989797030184548
1250,1.2746789720724738
1251,1.025654008338317
1252,1.074129362393017
