,Portfolio Value
0,11993.46981057818
1,11991.484040541209
2,11965.88160003215
3,12052.131132481987
4,12016.322311490318
5,11931.133056486895
6,11929.700129445153
7,11825.554059681774
8,11810.550632013747
9,11853.280544146208
10,11892.690507565798
11,11917.421786989713
12,11932.519378369643
13,11931.519359353839
14,11945.658868520373
15,11963.096592051525
16,11870.472794483168
17,11871.703674055283
18,11853.334683614177
19,11861.809020322575
20,11875.765164789696
21,11878.025832359755
22,11885.38148456722
23,11865.286585065976
24,11873.650243907507
25,11892.852622570826
26,11867.558674662707
27,11851.805139881675
28,11913.398577391985
29,11893.995900184376
30,11883.243497454108
31,11882.228941560996
32,11883.464787177678
33,11875.43684132352
34,11882.228054988675
35,11855.26087391209
36,11866.486540047164
37,11860.917604237857
38,11860.108963821658
39,11871.12211510981
40,11881.49781345284
41,11943.546889152907
42,11923.94601258487
43,11900.1480855361
44,11875.604012123544
45,11858.973214053123
46,11857.6294424209
47,11879.015381336554
48,11888.670224699134
49,11862.192047654022
50,11985.28409751658
51,11987.46357437245
52,12023.715579878828
53,12055.99023052153
54,12080.695943348428
55,12039.466163733317
56,12022.193964335565
57,12037.116490574075
58,12063.451676458326
59,12059.549812222316
60,12072.361793118285
61,12051.166664166985
62,12019.943186114437
63,12055.81079378218
64,12064.402172783084
65,12077.942950690516
66,12067.485195480098
67,12063.125736103311
68,12044.416585393232
69,12113.72325213632
70,12093.696769695029
71,12100.51391546554
72,12077.719322852667
73,12091.187551641562
74,12282.073131610974
75,12343.402752017357
76,12347.920832022706
77,12367.436035250685
78,12330.011057424976
79,12328.548219120406
80,12305.145757450911
81,12317.744606316772
82,12314.97856542135
83,12217.898321146327
84,12169.03814934578
85,12217.351434364284
86,12229.550133673198
87,12240.002128524415
88,12216.52108717932
89,12220.326444356659
90,12221.429509045694
91,12232.133314069215
92,12182.213883181776
93,12180.202331732458
94,12188.654855151708
95,12272.40328029921
96,12283.846044895416
97,12270.46171059322
98,12290.489603317603
99,12284.00511849898
100,12266.922641900517
101,12305.152266752239
102,12344.67784591278
103,12349.607023478744
104,12347.912998192061
105,12347.395231416367
106,12309.719351027605
107,12300.908646649883
108,12362.250499392416
109,12370.870112078377
110,12383.836719605331
111,12342.332698937234
112,12346.439557502063
113,12378.545345822691
114,12373.766637552366
115,12380.275188206839
116,12391.166566529557
117,12446.835428349234
118,12408.787943714251
119,12358.363567375874
120,12319.455136898676
121,12303.636406155323
122,12255.887546370821
123,12268.984096981418
124,12248.8686180474
125,12228.803507758501
126,12188.203870589397
127,12169.446427393837
128,12269.251552394748
129,12336.389246197043
130,12411.259160845775
131,12395.351438560992
132,12369.791033659696
133,12434.766177865167
134,12429.874705961918
135,12415.75050129605
136,12453.613193339886
137,12474.287455611628
138,12479.069296103513
139,12472.157840347507
140,12389.055456337723
141,12354.310490439038
142,12373.65337573866
143,12384.953411397872
144,12383.924084337525
145,12358.623770789829
146,12363.05153820942
147,12374.544173587137
148,12373.071740301966
149,12376.174462845433
150,12409.016869605797
151,12360.733332051654
152,12350.215107366423
153,12403.51717921512
154,12408.527657957433
155,12413.752733603438
156,12400.096982379213
157,12367.55936458907
158,12296.090010870894
159,12246.35569892785
160,12045.093298192849
161,11980.432612653243
162,12053.580388893639
163,12340.728891295823
164,12337.508351489641
165,12301.181617298362
166,12224.636934076689
167,12263.237881316463
168,12273.812606521235
169,12233.816969024607
170,12247.397160591083
171,12290.968362961861
172,12235.340385219393
173,12245.907586341267
174,12115.46261335915
175,12123.399357386079
176,12219.382686564804
177,12209.585012015978
178,12153.705825478513
179,12113.349420745746
180,12022.113795796004
181,11956.214454020277
182,11911.862873596016
183,11948.488571956179
184,11893.509090400163
185,11967.165042064062
186,12157.812320468754
187,12123.13111484538
188,12201.722497688788
189,12221.518279773214
190,12233.4348801831
191,12221.32650203378
192,12158.267495880029
193,12215.968848789384
194,12285.117451453389
195,12299.380117038067
196,12247.459840734584
197,12282.679029990344
198,12291.12614387578
199,12296.127755049753
200,12286.501318444754
201,12162.885207458872
202,12137.910824560151
203,12174.992156709113
204,12227.358837998723
205,12304.50961918869
206,12300.679789785845
207,12227.256781811302
208,12371.957211021552
209,12497.175046682274
210,12456.928783956506
211,12486.450928506463
212,12497.07529467914
213,12498.958275340745
214,12488.228995085881
215,12480.029511854671
216,12494.877481924577
217,12482.733674295445
218,12425.171522607014
219,12476.88058062754
220,12437.627223907173
221,12521.757401592118
222,12738.025852187075
223,12710.807192692702
224,12828.770873060656
225,12818.20214252045
226,12794.033745654944
227,12818.29551777908
228,12881.421426951867
229,12866.304794305433
230,12882.87483044569
231,12886.651601448912
232,12885.746298186476
233,12885.366433719946
234,12848.439967109858
235,12894.625330118517
236,12866.705271358096
237,12843.697551118068
238,12820.088997013958
239,12829.353419863068
240,12833.908195045155
241,12807.62346666175
242,12789.526750039917
243,12835.23145391232
244,12854.87627423738
245,12858.889588811799
246,12812.123892603364
247,12787.547956851664
248,12800.404721391124
249,12773.440054118688
250,12743.909868905663
251,12735.706955160473
252,12689.646721927815
253,12674.509134827125
254,12554.721534462436
255,12511.979249497115
256,12517.440699248711
257,12534.725601835722
258,12427.65914806882
259,12417.65878140416
260,12064.80322860412
261,12095.095925297861
262,12036.134165128191
263,12076.695699198312
264,12103.166108641626
265,12074.364293894187
266,12071.67996439134
267,11878.2534676277
268,11865.319235310102
269,11945.258749217126
270,11941.324768435637
271,11756.60536639363
272,11733.31866170083
273,11756.695502109098
274,11667.263379894372
275,11663.324343624492
276,11604.593312341703
277,11650.091699921795
278,11562.62611678717
279,11977.171140541486
280,12009.79082416952
281,12012.622626942724
282,12027.21619244616
283,12066.74427566368
284,12207.483475082301
285,12139.969264030806
286,12134.102786954803
287,12062.98795503774
288,12194.748791222037
289,12193.58968015831
290,12306.441048310766
291,12288.01221655614
292,12308.701502435913
293,12313.428699368116
294,12316.812154097122
295,12294.126205131482
296,12380.237451297284
297,12374.008792706407
298,12491.77863150651
299,12479.49879253302
300,12476.83413619834
301,12496.344025654866
302,12495.550453988584
303,12500.476254210307
304,12493.75750046486
305,12507.301456414594
306,12490.949592324101
307,12490.36199836213
308,12492.32757355076
309,12585.572346430525
310,12596.233260697798
311,12522.45151775983
312,12511.235638471506
313,12504.240961704056
314,12419.471067989109
315,12444.401318888522
316,12432.093910328571
317,12570.06835649271
318,12669.716389928111
319,12686.17975744001
320,12765.077454098931
321,12804.475494193706
322,12790.455993205263
323,12772.031929090634
324,12842.715270316381
325,12834.649535161276
326,12828.452734577362
327,12808.337353528132
328,12799.705458067043
329,12799.987190998929
330,12789.874667871127
331,12778.100759656221
332,12788.349449869193
333,12746.06558107703
334,12699.993731857568
335,12697.132444298357
336,12669.875171157406
337,12645.775123929598
338,12621.093804380163
339,12583.898734798011
340,12577.459761185153
341,12540.618687525583
342,12778.428595468702
343,12792.217601594402
344,12836.682775927366
345,12817.150103366386
346,12781.82783551307
347,12822.515504551644
348,12814.471361028875
349,12985.023971454099
350,13005.915491542115
351,13013.719218706321
352,13194.545954565705
353,13160.22673121171
354,13141.43701512848
355,13136.987236805518
356,13083.201231568686
357,13099.522553057388
358,13101.34607196504
359,13030.969202625816
360,13032.791929858
361,12906.53832960161
362,12903.477547437142
363,12867.12630316939
364,12864.368372973657
365,12774.752480498837
366,12737.339359863357
367,12781.810322088526
368,12853.199636062813
369,12892.037617676433
370,12934.600773207756
371,12806.73809544241
372,12779.978619057572
373,12832.663587470148
374,13007.128445534125
375,13029.28381666156
376,13079.954710065262
377,13034.463542017233
378,13001.693079231321
379,13009.255939078717
380,12992.486684928648
381,13034.800284694527
382,13029.672733836147
383,13022.735449791513
384,12973.777685537296
385,12972.551567287283
386,12981.490621856054
387,12941.379361504938
388,12938.849547160338
389,12935.688212516785
390,12887.381847373872
391,12901.247420677022
392,12907.447307672532
393,12919.75244248592
394,12927.06769561086
395,12866.744396129227
396,12858.827027292644
397,12833.036034513905
398,12871.774962542953
399,12897.810559954058
400,12953.885344155424
401,12948.386130500452
402,13002.547807986777
403,13017.590582998508
404,13052.136512225024
405,13027.667367453734
406,13037.950050219948
407,13034.178425533915
408,12996.503202129916
409,13001.595728797525
410,13018.613491934697
411,12958.47094984058
412,12962.110699305735
413,12943.96704774986
414,12958.232810457957
415,12962.158061486485
416,12957.624627961182
417,12954.285629763002
418,12917.337464713872
419,12940.02205733468
420,13003.527946027607
421,13004.549804626558
422,13040.934332852483
423,13080.351825970363
424,13044.7513412728
425,13046.731221682234
426,12969.23350322879
427,12969.050820264896
428,13001.541400944454
429,12962.696999522155
430,12967.292481598108
431,12948.812651157099
432,13039.571942114339
433,13061.695232972317
434,13044.069146024325
435,13030.553886174912
436,13013.586001767631
437,12982.680720347074
438,12959.778627168349
439,13005.166291112599
440,13023.303769710705
441,13101.129451684712
442,13101.83250589419
443,13058.51672294211
444,13041.48146229474
445,13055.674199932959
446,13000.375397844258
447,12987.705064001813
448,12978.297313317455
449,12937.331668308612
450,12921.571897064048
451,12937.796106310841
452,12922.268464347484
453,12917.463252604197
454,12929.855826421794
455,12990.892473530535
456,12979.382190614388
457,12917.775277876362
458,12856.603697480938
459,12844.87277677034
460,12861.019820605832
461,12822.897815815604
462,12774.2148928677
463,12772.916668695763
464,12752.315467619399
465,12862.55226684126
466,12755.67221752657
467,12691.824744967078
468,12576.126705599621
469,12571.088172152202
470,12537.83340501407
471,12560.230279229356
472,12582.348365090573
473,12633.725762017835
474,12627.63819266337
475,12709.717659938698
476,12727.65944048797
477,12738.65445805434
478,12747.423821651366
479,12752.114991579707
480,12792.556759378665
481,12714.603849408679
482,12642.004536408234
483,12639.533286058893
484,12673.254442203941
485,12676.297416940357
486,12761.660908474334
487,12755.098862049865
488,12782.588533869572
489,12739.353505072928
490,12775.09712297448
491,12750.108860132048
492,12700.973018740946
493,12590.849868078634
494,12615.739384817622
495,12636.375779623288
496,12651.149561407161
497,12638.272833268218
498,12647.591280361134
499,12662.56645060282
500,12646.832508105608
501,12658.382195931248
502,12630.483313051807
503,12788.37653222709
504,12876.166082523323
505,12901.08955023584
506,12885.29144852285
507,12940.595649244657
508,12985.188086909326
509,12980.33219223853
510,12972.377100899526
511,12975.35131711614
512,12965.470740065422
513,12939.640419952946
514,12931.149037222864
515,12950.237079138846
516,12947.851722661191
517,12944.467290803836
518,12942.363028425956
519,12945.331753619663
520,12914.521107298195
521,12933.881629135816
522,12963.755055738347
523,12952.399321939076
524,12957.556787810567
525,12967.389272609184
526,13016.121155651863
527,13073.558850416097
528,13120.15902444708
529,13147.881288627985
530,13174.09858188437
531,13183.193840242151
532,13213.3080595777
533,13216.433149349077
534,13236.199583148273
535,13230.861286323292
536,13238.855615148996
537,13238.5205833763
538,13205.419366776629
539,13179.587251710871
540,13165.516474859787
541,13185.016755034483
542,13204.826608824513
543,13198.465741021982
544,13198.783208016437
545,13194.84517889303
546,13184.404083209109
547,13184.299895218675
548,13195.666940372817
549,13197.48405624172
550,13190.737353409926
551,13188.667839305117
552,13185.980403432291
553,13305.010007436013
554,13313.546011316188
555,13311.303313848042
556,13259.293957401294
557,13256.963274342164
558,13253.642294732728
559,13239.770520888445
560,13240.021572680442
561,13241.249615839191
562,13253.919005748221
563,13254.177666044116
564,13256.468472270595
565,13301.379034782996
566,13281.136689283718
567,13269.008772119701
568,13273.941227608439
569,13258.811278920954
570,13287.611942309315
571,13273.595736392912
572,13273.750423358548
573,13260.356145809497
574,13270.509620210258
575,13275.790369714841
576,13330.323196310901
577,13334.054456950971
578,13315.04602811998
579,13337.21659544969
580,13350.226029024061
581,13331.461286834307
582,13328.339296014074
583,13305.581060346818
584,13300.434952252397
585,13371.187908683123
586,13392.994641859528
587,13274.57302331579
588,13285.885984059356
589,13286.202411019676
590,13302.388086757526
591,13240.96209271095
592,13291.998486673334
593,13344.221469337841
594,13336.289558688213
595,13389.674729309914
596,13370.998293184608
597,13345.873919630307
598,13358.786811109165
599,13435.341442697672
600,13449.411144171103
601,13446.919456158212
602,13455.489959053719
603,13523.0166255141
604,13524.01556619868
605,13444.71481328935
606,13460.43744237653
607,13462.083511626715
608,13458.12074087614
609,13432.258546100486
610,13446.558643265991
611,13396.246156462448
612,13308.214220409458
613,13296.080556419114
614,13284.11501818883
615,13319.538093693205
616,13309.2104632078
617,13286.111257471055
618,13354.97718487735
619,13376.008865200587
620,13399.156384086826
621,13441.669011535409
622,13443.41131144713
623,13468.035525113783
624,13454.702967423627
625,13401.26073654514
626,13423.77726151443
627,13455.813130988674
628,13472.46331167069
629,13535.391495130596
630,13499.786066121962
631,13490.186703286856
632,13505.287163818393
633,13519.165337761828
634,13539.358716083208
635,13584.75760150688
636,13593.627512121944
637,13609.030643924987
638,13609.788383011166
639,13640.562842730042
640,13568.611347470869
641,13646.609241561504
642,13577.081871992383
643,13570.858650047106
644,13593.48544878947
645,13593.75654247033
646,13972.232027999009
647,14020.94766564355
648,14020.367283640895
649,13989.145004068683
650,14007.439905549063
651,14001.143433568473
652,14021.090208794378
653,14065.033516718962
654,14071.973985670207
655,14066.854931014132
656,14061.480242052568
657,14076.600357321533
658,14076.941679871088
659,14079.096078316355
660,14019.304093781715
661,14012.454845661894
662,13995.6346785158
663,14013.175191834964
664,14000.176128982814
665,14058.308566515185
666,14102.028970439198
667,14079.784667472839
668,14082.066591920344
669,14098.265886966667
670,14176.761994143957
671,14232.110651450666
672,14198.01749243816
673,14188.078797304137
674,14210.44679878683
675,14300.991588318742
676,14361.657748872722
677,14398.928675443844
678,14381.83776818259
679,14393.951805367062
680,14475.310085465975
681,14497.968087178524
682,14479.121239468468
683,14464.239067758257
684,14457.494248431318
685,14474.395903516495
686,14430.189448722735
687,14419.028738469246
688,14445.763850411859
689,14444.695851101782
690,14477.000229440846
691,14479.716155264929
692,14493.135949320207
693,14451.063176651413
694,14451.519522857398
695,14432.109023361714
696,14459.14500732639
697,14651.736275997471
698,14617.608819688161
699,14612.43598363214
700,14589.982778807149
701,14686.24011482431
702,14675.293338929367
703,14651.675671186382
704,14558.603673279882
705,14560.666840752958
706,14566.062647846442
707,14555.775924902027
708,14494.126482907262
709,14519.911298617923
710,14502.313275012595
711,14487.562918267477
712,14533.474266900928
713,14539.876858567159
714,14538.57174205898
715,14537.718742268857
716,14549.201277690345
717,14535.914741820938
718,14503.658158816932
719,14480.321943675528
720,14483.065593450685
721,14450.8168595057
722,14428.879534333522
723,14391.368824958638
724,14495.378361941905
725,14502.37326763383
726,14518.93363185096
727,14485.098443595596
728,14537.917966893549
729,14515.925664936996
730,14498.5611660808
731,14446.609896164215
732,14486.318824588958
733,14467.738603333688
734,14438.41548911365
735,14452.906297112433
736,14309.80354371503
737,14419.057038004585
738,14480.189019281663
739,14425.340080169908
740,14415.025421561548
741,14402.152382641787
742,14355.566408344288
743,14354.734447321893
744,14431.459043249375
745,14378.64334878046
746,14379.447594323672
747,14390.34919075546
748,14406.278187424934
749,14395.31587869507
750,14389.069575067942
751,14369.584678245468
752,14371.162202050498
753,14392.640168547077
754,14417.876306113862
755,14443.277967130285
756,14469.108031451333
757,14472.366244446712
758,14502.387478155939
759,14471.812999897464
760,14506.206324784198
761,14537.462543221292
762,14604.447751937432
763,14600.384723850431
764,14590.075310243055
765,14597.283617891986
766,14603.667451533676
767,14637.365421206956
768,14560.916008747161
769,14552.734149705979
770,14585.860531201655
771,14540.22446123157
772,14457.63460462584
773,14478.847541265051
774,14426.07738919361
775,14383.66561421652
776,14217.039934261813
777,14243.880116495044
778,14172.712575247864
779,13940.786405204428
780,13873.142232999404
781,14095.523396913479
782,14123.746539662197
783,14284.241995299184
784,14330.654939628066
785,14312.783768289904
786,14309.40575399678
787,14318.267216161705
788,14304.140221652293
789,14350.391778766483
790,14377.849465164029
791,14263.29076408345
792,14247.004728846417
793,14174.05088293582
794,14166.261752615723
795,14249.0154968806
796,14307.682235266235
797,14293.777066023866
798,14322.815693002549
799,14362.168981718773
800,14407.81568827981
801,14355.782232986629
802,14394.28003773175
803,14442.015463261345
804,14426.92222232603
805,14304.10548280778
806,14270.813708216054
807,14268.879665981884
808,14158.250352848328
809,14134.734118443377
810,14175.20159338557
811,14118.391993243757
812,14054.236959648384
813,14071.104538286852
814,14055.621601682253
815,14029.119658272917
816,14012.046634741637
817,14013.680751740789
818,13988.660941951779
819,14075.28203730335
820,14049.059412075992
821,14021.212890555575
822,14016.327625347642
823,14091.831967313597
824,14119.82768884038
825,14142.782224068349
826,14148.80998536583
827,14146.165450726396
828,14134.34142351836
829,14119.169949392985
830,14141.438935105336
831,14141.438935105336
832,14266.438695530347
833,14306.767393921735
834,14293.447207308538
835,14297.397676185961
836,14280.902790644894
837,14259.142873971941
838,14260.222929043624
839,14260.975782117483
840,14388.331411532956
841,14417.567541760714
842,14431.006306410496
843,14462.680677275646
844,14453.869610383448
845,14431.67361897033
846,14640.070456455029
847,14572.649884294646
848,14209.955063567146
849,14155.035275146573
850,14175.266775328444
851,14111.023015108598
852,14090.850585324893
853,14193.982007654082
854,14156.671238866538
855,14138.731597766615
856,14146.959925589797
857,14213.95562370016
858,14252.99350773411
859,14246.882960310919
860,14199.950129130772
861,14196.59598625508
862,14237.785004576557
863,14286.86534565455
864,14252.75262433742
865,14265.163059463503
866,14275.053589735124
867,14283.54871877456
868,14324.504104648144
869,14229.621551999142
870,14236.284068442561
871,14229.26381058702
872,14248.110021210456
873,14199.610749829786
874,14202.97862722413
875,14165.571359350837
876,14156.36696115924
877,14169.90684042138
878,14201.991236710093
879,14224.875262690499
880,14231.770934667038
881,14397.002368877398
882,14538.351533771649
883,14535.050379878787
884,14540.280325319027
885,14516.393985989294
886,14495.949837015287
887,14524.780928315118
888,14528.011436548557
889,14529.352476905196
890,14528.012567940059
891,14572.748659297788
892,14572.021118342382
893,14558.274442118538
894,14672.559528845064
895,14659.132721543629
896,14632.458980110345
897,14630.638869379072
898,14636.093724254384
899,14606.314246418942
900,14617.55964214703
901,14572.60765388778
902,14572.740603276197
903,14527.77589762718
904,14519.171156771454
905,14511.22517146728
906,14489.063646311486
907,14349.984888285027
908,14353.098025674686
909,14252.108666731543
910,14267.339816080914
911,14318.818430439647
912,14307.489163320259
913,14315.293152933089
914,14308.1924775321
915,14226.941668559175
916,14288.709673844185
917,14283.185635815536
918,14205.96662108012
919,14213.42591834192
920,14206.769010719021
921,14210.772901320763
922,14207.363937211312
923,14098.182622827928
924,14094.624418716943
925,14109.703920173213
926,14087.695591318183
927,14102.73590084149
928,14105.461532396419
929,14134.72935668498
930,14049.490342798312
931,14105.133532740903
932,14210.79454614967
933,14310.503695238816
934,14313.543452433365
935,14289.836577638638
936,14288.484509823807
937,14289.959280565472
938,14345.080213935773
939,14340.524702869723
940,14329.1962715004
941,14217.5651871837
942,14201.367347418829
943,14086.088805726313
944,14028.942233001879
945,13993.862364691498
946,14111.489140320344
947,14096.087383470136
948,14120.38942422928
949,14200.701895181974
950,14204.01169983073
951,14336.409908652027
952,14345.72771740123
953,14335.92258401171
954,14367.998274379108
955,14377.99956213681
956,14235.25788023009
957,14230.442932999642
958,14145.44559783309
959,14105.607462383727
960,14017.728043434327
961,14043.773551312908
962,14054.400297104925
963,14172.91768176427
964,14106.32871926152
965,14094.743868098973
966,14148.493161927396
967,14186.405791000147
968,14135.940759592899
969,14122.182831619944
970,14099.505332407287
971,14090.176325877588
972,14113.148601733896
973,14135.38545373835
974,14259.840960945481
975,14254.022671324026
976,14146.198573092115
977,14189.287149217611
978,14178.721403955313
979,14267.879872459223
980,14258.620227676784
981,14295.143764082153
982,14234.415455658842
983,14260.74791036903
984,14290.626828474198
985,14162.1579351697
986,14146.453261401111
987,14129.13658255001
988,14126.675137924894
989,14114.199456503844
990,14185.532054797657
991,14160.71863880918
992,14130.972283636593
993,14100.307597687894
994,14175.805162919212
995,14167.269456425309
996,14142.848113178941
997,14088.682332948694
998,14068.830390350104
999,14093.440712884141
1000,14015.634678138556
1001,14074.431259511588
1002,14118.899243034462
1003,13980.262998919769
1004,14100.192080367977
1005,14182.03844317316
1006,14186.459486252517
1007,14269.579306108095
1008,14333.834051832015
1009,14263.632876952177
1010,14323.391195375283
1011,14294.165008602778
1012,14330.118828381965
1013,14313.59624121173
1014,14378.708481870943
1015,14239.312598970526
1016,14217.26832683438
1017,14212.80867626363
1018,14275.081862051135
1019,14229.392187268446
1020,14220.78599887616
1021,14303.967173099407
1022,14301.774593098653
1023,14307.3598039276
1024,14289.654219926157
1025,14304.2472524692
1026,14273.142126213746
1027,14248.637759863099
1028,14230.286261442983
1029,14216.642704133863
1030,14226.732212891782
1031,14295.924095814087
1032,14295.644383321223
1033,14280.527565463852
1034,14289.589047561203
1035,14243.209859708759
1036,14494.552578480665
1037,14461.288771988473
1038,14406.838934071933
1039,14395.195354122068
1040,14399.206696017593
1041,14391.095409550877
1042,14306.120247315084
1043,14302.545229303692
1044,14316.88521028599
1045,14375.0360638002
1046,14364.05349537876
1047,14301.660063999916
1048,14317.370416623235
1049,14321.408544434957
1050,14340.383904602997
1051,14366.557950234932
1052,14397.980793665361
1053,14401.907969756428
1054,14369.613681798059
1055,14372.084059605735
1056,14376.575318162499
1057,14345.782516761887
1058,14323.41956566077
1059,14352.762194601819
1060,14343.560167847534
1061,14346.139608534952
1062,14358.680272801663
1063,14365.060956506088
1064,14368.088844736056
1065,14369.797131626785
1066,14459.71664463196
1067,14461.65502691665
1068,14517.178459305855
1069,14466.074312432549
1070,14397.42513613616
1071,14413.95943128855
1072,14416.319481722203
1073,14414.644026244967
1074,14405.731121154746
1075,14420.869299545375
1076,14414.02325890876
1077,14417.660004851412
1078,14398.66523581024
1079,14296.16963470089
1080,14274.765576169173
1081,14257.824475272822
1082,14254.669650297581
1083,14258.211988598647
1084,14238.941841566128
1085,14245.047064089324
1086,14208.45718719605
1087,14133.972754762159
1088,14108.024717893744
1089,14081.679880252874
1090,14066.126786913419
1091,14035.051879611501
1092,13959.003989954534
1093,14060.253535331442
1094,14066.428914826909
1095,14095.068780613849
1096,13813.557259999016
1097,13663.102506734602
1098,13679.370145382436
1099,13706.397951983417
1100,13677.690609401323
1101,13687.885690999386
1102,13620.212702696723
1103,13603.75923756671
1104,13580.337257754865
1105,13551.042967771795
1106,13543.532092370544
1107,13428.865049235425
1108,13472.10128821668
1109,13456.492029900726
1110,13536.852276037607
1111,13542.558572779755
1112,13523.22647268232
1113,13498.846730195864
1114,13625.219253607971
1115,13520.268349614353
1116,13502.571085507743
1117,13528.724826101112
1118,13547.845480252072
1119,13580.95605916297
1120,13553.975211648447
1121,13554.955125088141
1122,13434.7612239813
1123,13468.28412727275
1124,13468.907873344946
1125,13471.775598471011
1126,13494.790008654645
1127,13529.570466333444
1128,13553.285675013864
1129,13481.763475379168
1130,13443.701794972094
1131,13460.00451169843
1132,13477.336471468238
1133,13488.822155414253
1134,13486.827923652649
1135,13485.16988406016
1136,13482.174874348892
1137,13465.167671251074
1138,13430.394063291678
1139,13404.279453845713
1140,13369.955057092255
1141,13361.614804926541
1142,13377.00720160821
1143,13352.129604945334
1144,13346.542881004752
1145,13300.224310287602
1146,13280.571653435909
1147,13241.255820930584
1148,13173.714064839762
1149,13144.81931631998
1150,13066.68181893537
1151,13130.923780538766
1152,13102.599124777267
1153,13275.60012115465
1154,13242.399937237384
1155,13207.158446736887
1156,13205.622687430761
1157,13173.253663130921
1158,13165.215570823237
1159,13155.662915780373
1160,13415.092490781766
1161,13477.782137748192
1162,13476.848064771879
1163,13425.432253595265
1164,13387.250392753165
1165,13427.801338875091
1166,13457.105889697208
1167,13458.201860478392
1168,13467.716286166375
1169,13473.579741747835
1170,13398.544658732872
1171,13424.744635717407
1172,13460.587038711052
1173,13415.972740943082
1174,13418.541242459136
1175,13426.515935236715
1176,13442.239498782936
1177,13427.368119574296
1178,13393.211503505214
1179,13418.394375421009
1180,13295.573362054483
1181,13238.632032416512
1182,13264.208679030511
1183,13233.920649370617
1184,13136.623225599675
1185,13095.58619442888
1186,13150.574331266924
1187,13157.145776619722
1188,13103.018162362325
1189,13098.542362678365
1190,13056.864960604362
1191,13064.696421475983
1192,13055.970925969923
1193,13037.81304822417
1194,13026.976006489254
1195,12977.727158989232
1196,13015.3334886882
1197,13070.565226149109
1198,13095.798795568715
1199,13102.998796179465
1200,13135.552274745054
1201,13154.039366467081
1202,13161.021492783137
1203,13078.72039792402
1204,13097.933548875644
1205,13096.364844748126
1206,13105.895903754847
1207,13026.017241960217
1208,12996.66233676709
1209,13045.290893497673
1210,12988.174632404258
1211,13003.075688668847
1212,13082.737807579279
1213,13112.630289834222
1214,13282.562136718476
1215,13176.568477995828
1216,13170.112627001226
1217,13218.911903474418
1218,13220.058001445954
1219,13100.689644599133
1220,13084.581784836277
1221,13094.790235560005
1222,13052.07553785078
1223,13036.763992328619
1224,13124.096621402829
1225,13245.781493018581
1226,13254.808823060821
1227,13273.233679276495
1228,13267.878051544467
1229,13332.94515797183
1230,13290.698909348854
1231,13279.292914349693
1232,13335.185283103212
1233,13318.927154160932
1234,13265.826713683571
1235,13320.776182637059
1236,13366.485558377986
1237,13356.879837394126
1238,13320.523376832738
1239,13321.269541625701
1240,13333.790992234823
1241,13335.355003763396
1242,13277.345783489025
1243,13390.541146673251
1244,13415.516526976087
1245,13487.235789763947
1246,13528.184666382029
1247,13521.01428139627
1248,13514.691119222382
1249,13520.281387829884
1250,13507.533868259678
1251,13491.609700265915
1252,13502.520065282322
