,Profitloss
0,-0.054418245181830915
1,-0.07096632882326315
2,-0.28431999973208555
3,0.4344261040165609
4,0.13601926241930684
5,-0.5738911959425441
6,-0.5858322546237305
7,-1.453716169318553
8,-1.5787447332187843
9,-1.2226621321149378
10,-0.8942457702850182
11,-0.6881517750857213
12,-0.5623385135863024
13,-0.5706720053846759
14,-0.4528427623302189
15,-0.3075283995706335
16,-1.0793933793069255
17,-1.0691360495393099
18,-1.222210969881854
19,-1.1515914973118768
20,-1.0352902934191999
21,-1.0164513970020383
22,-0.955154295273164
23,-1.1226117911168676
24,-1.0529146341041073
25,-0.8928948119097835
26,-1.1036777111441132
27,-1.234957167652706
28,-0.7216785217334598
29,-0.8833674984635276
30,-0.9729708545490934
31,-0.981425486991705
32,-0.9711267735193485
33,-1.0380263223039976
34,-0.981432875094379
35,-1.206159384065919
36,-1.11261216627363
37,-1.1590199646845267
38,-1.1657586348195137
39,-1.0739823740849141
40,-0.9875182212263356
41,-0.4704425903924392
42,-0.633783228459428
43,-0.8320992871991617
44,-1.0366332323038074
45,-1.175223216223975
46,-1.1864213131591583
47,-1.0082051555287186
48,-0.9277481275072219
49,-1.1483996028831545
50,-0.12263252069516506
51,-0.10447021356291275
52,0.1976298323235648
53,0.4665852543460858
54,0.6724661945702426
55,0.32888469777765383
56,0.18494970279638867
57,0.3093040881172904
58,0.5287639704860458
59,0.4962484351859642
60,0.6030149426523801
61,0.42638886805821397
62,0.16619321762030292
63,0.46508994818483806
64,0.5366847731923752
65,0.6495245890876244
66,0.5623766290008048
67,0.5260478008609182
68,0.3701382116102714
69,0.9476937678026598
70,0.7808064141252347
71,0.8376159622128343
72,0.647661023772228
73,0.7598962636796935
74,2.3506094300914437
75,2.8616896001446346
76,2.8993402668558765
77,3.06196696042238
78,2.7500921452081384
79,2.737901826003397
80,2.5428813120909277
81,2.647871719306427
82,2.624821378511255
83,1.8158193428860603
84,1.4086512445481647
85,1.8112619530356922
86,1.9129177806099795
87,2.0000177377034634
88,1.804342393161007
89,1.8360537029721513
90,1.8452459087141104
91,1.9344442839101195
92,1.5184490265147899
93,1.5016860977704827
94,1.5721237929309018
95,2.270027335826752
96,2.365383707461799
97,2.253847588276825
98,2.420746694313358
99,2.3667093208248335
100,2.224355349170981
101,2.542935556268655
102,2.872315382606505
103,2.913391862322867
104,2.899274984933853
105,2.89496026180307
106,2.5809945918967125
107,2.5075720554156966
108,3.018754161603465
109,3.090584267319807
110,3.1986393300444282
111,2.852772491143618
112,2.886996312517187
113,3.15454454852242
114,3.1147219796030523
115,3.168959901723656
116,3.259721387746306
117,3.7236285695769533
118,3.4065661976187656
119,2.9863630614656245
120,2.6621261408223074
121,2.5303033846276968
122,2.132396219756849
123,2.241534141511825
124,2.0739051503950057
125,1.9066958979875093
126,1.5683655882449798
127,1.4120535616153118
128,2.243762936622895
129,2.80324371830869
130,3.427159673714786
131,3.294595321341598
132,3.0815919471641307
133,3.623051482209738
134,3.5822892163493103
135,3.46458751080041
136,3.780109944499044
137,3.952395463430225
138,3.9922441341959436
139,3.934648669562568
140,3.242128802814359
141,2.9525874203253144
142,3.113778131155498
143,3.2079450949822563
144,3.1993673694793667
145,2.988531423248575
146,3.02542948507849
147,3.121201446559474
148,3.108931169183049
149,3.1347871903786073
150,3.4084739133816377
151,3.006111100430453
152,2.918459228053516
153,3.362643160126
154,3.4043971496452663
155,3.447939446695325
156,3.334141519826783
157,3.062994704908917
158,2.467416757257457
159,2.0529641577320845
160,0.3757774849403983
161,-0.16306156122297688
162,0.4465032407803271
163,2.8394074274652015
164,2.8125695957470054
165,2.5098468108196714
166,1.871974450639069
167,2.193649010970522
168,2.281771721010295
169,1.9484747418717197
170,2.061643004925684
171,2.4247363580155
172,1.9611698768282837
173,2.0492298861772174
174,0.9621884446595841
175,1.028327978217325
176,1.828189054706697
177,1.7465417667998029
178,1.2808818789876053
179,0.944578506214544
180,0.18428163163335398
181,-0.3648795498310209
182,-0.7344760533665395
183,-0.4292619003651743
184,-0.8874242466653137
185,-0.27362464946615317
186,1.315102670572954
187,1.0260926237114942
188,1.6810208140732419
189,1.8459856647767836
190,1.945290668192512
191,1.844387516948176
192,1.3188957990002415
193,1.7997404065781986
194,2.3759787621115747
195,2.494834308650562
196,2.062165339454869
197,2.355658583252862
198,2.426051198964818
199,2.4677312920812655
200,2.3875109870396205
201,1.3573767288239447
202,1.1492568713345808
203,1.4582679725759329
204,1.8946569833226956
205,2.53758015990575
206,2.5056649148820442
207,1.8938065150941874
208,3.09964342517961
209,4.143125389018953
210,3.807739866304205
211,4.053757737553854
212,4.142294122326162
213,4.157985627839533
214,4.068574959049021
215,4.000245932122248
216,4.123979016038137
217,4.022780619128707
218,3.5430960217251117
219,3.974004838562828
220,3.6468935325597807
221,4.347978346600989
222,6.150215434892292
223,5.923393272439181
224,6.906423942172135
225,6.818351187670402
226,6.616947880457857
227,6.819129314825667
228,7.345178557932219
229,7.2192066192119375
230,7.357290253714077
231,7.38876334540759
232,7.381219151553964
233,7.37805361433288
234,7.070333059248823
235,7.455211084320967
236,7.2225439279841375
237,7.030812925983909
238,6.834074975116322
239,6.911278498858908
240,6.949234958709627
241,6.730195555514573
242,6.579389583665973
243,6.960262115935989
244,7.123968951978177
245,7.1574132400983315
246,6.7676991050280355
247,6.562899640430531
248,6.6700393449260265
249,6.4453337843223935
250,6.199248907547195
251,6.130891293003948
252,5.747056016065133
253,5.620909456892709
254,4.62267945385364
255,4.266493745809297
256,4.312005827072585
257,4.456046681964354
258,3.5638262339068305
259,3.480489845034662
260,0.5400269050343409
261,0.7924660441488429
262,0.3011180427349158
263,0.6391308266525897
264,0.8597175720135519
265,0.6197024491182201
266,0.5973330365945051
267,-1.0145544364358439
268,-1.1223397057491535
269,-0.4561770898572792
270,-0.4889602630363532
271,-2.0282886133864086
272,-2.2223444858264108
273,-2.02753748242418
274,-2.772805167546899
275,-2.8056304697958945
276,-3.2950557304858075
277,-2.9159025006517014
278,-3.644782360106913
279,-0.19024049548761468
280,0.08159020141267348
281,0.10518855785603964
282,0.2268016037179965
283,0.5562022971973279
284,1.7290289590191854
285,1.1664105335900565
286,1.1175232246233513
287,0.5248996253145011
288,1.6229065935169817
289,1.6132473346525789
290,2.5536754025897057
291,2.4001018046345024
292,2.572512520299286
293,2.611905828067629
294,2.640101284142693
295,2.4510517094290307
296,3.168645427477368
297,3.116739939220059
298,4.098155262554237
299,3.9958232711085007
300,3.97361780165284
301,4.136200213790553
302,4.1295871165715425
303,4.170635451752558
304,4.114645837207176
305,4.227512136788292
306,4.091246602700838
307,4.08634998635109
308,4.102729779589653
309,4.8797695535877095
310,4.968610505814985
311,4.3537626479985825
312,4.260296987262557
313,4.2020080142004534
314,3.4955922332425615
315,3.703344324071023
316,3.600782586071416
317,4.75056963743925
318,5.580969916067602
319,5.718164645333412
320,6.37564545082443
321,6.70396245161422
322,6.587133276710522
323,6.433599409088608
324,7.022627252636515
325,6.95541279301064
326,6.903772788144691
327,6.73614461273444
328,6.6642121505587015
329,6.666559924991078
330,6.5822888989260475
331,6.484172997135174
332,6.569578748909932
333,6.217213175641922
334,5.83328109881307
335,5.809437035819642
336,5.582293092978374
337,5.381459366079988
338,5.175781703168036
339,4.8658227899834205
340,4.8121646765429515
341,4.505155729379862
342,6.486904962239182
343,6.601813346620022
344,6.97235646606138
345,6.8095841947198865
346,6.515231962608903
347,6.854295871263694
348,6.78726134190728
349,8.208533095450822
350,8.382629096184303
351,8.447660155886005
352,9.95454962138087
353,9.668556093430913
354,9.51197512607067
355,9.47489364004599
356,9.026676929739041
357,9.162687942144899
358,9.177883933041997
359,8.591410021881796
360,8.606599415483341
361,7.554486080013412
362,7.528979561976179
363,7.226052526411597
364,7.203069774780468
365,6.456270670823638
366,6.1444946655279775
367,6.515086017404381
368,7.109996967190102
369,7.433646813970274
370,7.788339776731301
371,6.722817462020081
372,6.499821825479768
373,6.938863228917902
374,8.392737046117716
375,8.577365138846327
376,8.999622583877187
377,8.620529516810272
378,8.347442326927679
379,8.410466158989305
380,8.270722374405404
381,8.623335705787728
382,8.580606115301226
383,8.522795414929284
384,8.114814046144136
385,8.104596394060692
386,8.179088515467114
387,7.844828012541161
388,7.823746226336148
389,7.797401770973211
390,7.3948487281155995
391,7.510395172308515
392,7.5620608972710945
393,7.664603687382665
394,7.72556413009049
395,7.22286996774355
396,7.156891894105355
397,6.941966954282552
398,7.264791354524602
399,7.481754666283824
400,7.949044534628524
401,7.903217754170444
402,8.354565066556475
403,8.479921524987555
404,8.767804268541868
405,8.563894728781118
406,8.649583751832889
407,8.61815354611597
408,8.304193351082635
409,8.346631073312704
410,8.488445766122465
411,7.987257915338164
412,8.017589160881112
413,7.866392064582173
414,7.985273420482986
415,8.0179838457207
416,7.980205233009863
417,7.952380248025026
418,7.64447887261559
419,7.8335171444556595
420,8.362732883563396
421,8.371248371887985
422,8.67445277377068
423,9.002931883086362
424,8.706261177273333
425,8.722760180685274
426,8.076945860239926
427,8.075423502207467
428,8.346178341203792
429,8.022474996017959
430,8.06077067998423
431,7.906772092975833
432,8.663099517619477
433,8.847460274769304
434,8.700576216869372
435,8.587949051457588
436,8.44655001473027
437,8.189006002892295
438,7.998155226402903
439,8.376385759271665
440,8.527531414255861
441,9.176078764039275
442,9.181937549118246
443,8.820972691184249
444,8.679012185789503
445,8.797284999441324
446,8.336461648702143
447,8.230875533348447
448,8.152477610978792
449,7.811097235905096
450,7.679765808867067
451,7.814967552590346
452,7.685570536229025
453,7.645527105034966
454,7.748798553514957
455,8.25743727942112
456,8.161518255119905
457,7.648127315636355
458,7.138364145674481
459,7.040606473086175
460,7.175165171715259
461,6.857481798463372
462,6.451790773897503
463,6.4409722391313595
464,6.269295563494981
465,7.187935557010494
466,6.297268479388074
467,5.765206208058982
468,4.801055879996841
469,4.75906810126836
470,4.481945041783919
471,4.66858566024464
472,4.85290304242143
473,5.281048016815304
474,5.230318272194756
475,5.914313832822482
476,6.063828670733096
477,6.155453817119505
478,6.228531847094709
479,6.267624929830884
480,6.604639661488876
481,5.955032078405664
482,5.3500378034019525
483,5.329444050490784
484,5.610453685032835
485,5.6358118078362995
486,6.347174237286124
487,6.292490517082205
488,6.521571115579761
489,6.161279208941073
490,6.459142691454001
491,6.250907167767061
492,5.841441822841209
493,4.923748900655278
494,5.131161540146856
495,5.303131496860725
496,5.426246345059682
497,5.318940277235162
498,5.396594003009447
499,5.521387088356833
500,5.3902709008800676
501,5.486518299427057
502,5.254027608765055
503,6.569804435225746
504,7.30138402102769
505,7.5090795852986725
506,7.377428737690428
507,7.838297077038803
508,8.20990072424439
509,8.169434935321075
510,8.103142507496063
511,8.127927642634504
512,8.04558950054519
513,7.830336832941209
514,7.759575310190536
515,7.918642326157044
516,7.898764355509935
517,7.87056075669863
518,7.85302523688296
519,7.877764613497185
520,7.621009227484965
521,7.782346909465132
522,8.0312921311529
523,7.936661016158975
524,7.979639898421387
525,8.061577271743193
526,8.467676297098858
527,8.946323753467468
528,9.334658537059015
529,9.565677405233197
530,9.784154849036408
531,9.85994866868458
532,10.110900496480824
533,10.136942911242318
534,10.301663192902266
535,10.257177386027427
536,10.32379679290829
537,10.321004861469163
538,10.045161389805246
539,9.82989376425727
540,9.712637290498227
541,9.875139625287366
542,10.04022174020427
543,9.987214508516518
544,9.989860066803647
545,9.957043157441925
546,9.87003402674258
547,9.869165793488953
548,9.963891169773476
549,9.979033802014325
550,9.922811278416056
551,9.905565327542632
552,9.88317002860244
553,10.8750833953001
554,10.94621676096823
555,10.927527615400345
556,10.494116311677448
557,10.474693952851366
558,10.447019122772726
559,10.33142100740372
560,10.333513105670345
561,10.343746798659925
562,10.449325047901837
563,10.45148055036762
564,10.47057060225496
565,10.844825289858306
566,10.676139077364311
567,10.575073100997523
568,10.616176896736995
569,10.490093991007953
570,10.730099519244284
571,10.613297803274268
572,10.61458686132124
573,10.502967881745807
574,10.587580168418809
575,10.63158641429034
576,11.086026635924174
577,11.117120474591434
578,10.958716900999832
579,11.143471628747426
580,11.251883575200505
581,11.095510723619228
582,11.069494133450618
583,10.87984216955682
584,10.836957935436642
585,11.426565905692687
586,11.608288682162726
587,10.62144186096492
588,10.715716533827969
589,10.718353425163961
590,10.853234056312711
591,10.341350772591241
592,10.766654055611124
593,11.20184557781534
594,11.135746322401774
595,11.580622744249292
596,11.42498577653841
597,11.215615996919226
598,11.3232234259097
599,11.961178689147278
600,12.078426201425852
601,12.057662134651759
602,12.129082992114327
603,12.691805212617503
604,12.700129718322328
605,12.039290110744583
606,12.170312019804408
607,12.184029263555951
608,12.151006173967826
609,11.935487884170715
610,12.054655360549926
611,11.635384637187073
612,10.901785170078826
613,10.800671303492626
614,10.70095848490691
615,10.996150780776714
616,10.910087193398343
617,10.717593812258785
618,11.291476540644595
619,11.466740543338227
620,11.659636534056883
621,12.013908429461729
622,12.028427595392754
623,12.233629375948185
624,12.122524728530237
625,11.677172804542835
626,11.864810512620249
627,12.131776091572277
628,12.270527597255754
629,12.794929126088306
630,12.498217217683028
631,12.418222527390466
632,12.54405969848662
633,12.65971114801523
634,12.8279893006934
635,13.206313345890663
636,13.280229267682863
637,13.40858869937489
638,13.41490319175971
639,13.671357022750353
640,13.071761228923906
641,13.7217436796792
642,13.142348933269865
643,13.09048875039256
644,13.279045406578916
645,13.28130452058609
646,16.435266899991753
647,16.841230547029596
648,16.836394030340784
649,16.576208367239033
650,16.728665879575534
651,16.67619527973727
652,16.84241840661982
653,17.208612639324695
654,17.266449880585057
655,17.223791091784424
656,17.17900201710474
657,17.30500297767945
658,17.307847332259072
659,17.325800652636293
660,16.82753411484763
661,16.770457047182454
662,16.63028898763166
663,16.776459931958023
664,16.668134408190106
665,17.152571387626537
666,17.51690808699331
667,17.33153889560699
668,17.350554932669525
669,17.48554905805555
670,18.13968328453297
671,18.600922095422213
672,18.316812436984662
673,18.23398997753447
674,18.42038998989026
675,19.17492990265619
676,19.680481240606017
677,19.991072295365363
678,19.848648068188247
679,19.94959837805885
680,20.627584045549785
681,20.816400726487693
682,20.659343662237227
683,20.53532556465214
684,20.47911873692765
685,20.619965862637457
686,20.251578739356123
687,20.15857282057705
688,20.38136542009883
689,20.372465425848183
690,20.64166857867371
691,20.6643012938744
692,20.77613291100173
693,20.4255264720951
694,20.429329357144987
695,20.267575194680944
696,20.49287506105324
697,22.09780229997893
698,21.81340683073467
699,21.770299863601174
700,21.583189823392914
701,22.385334290202575
702,22.294111157744712
703,22.097297259886517
704,21.32169727733235
705,21.338890339607985
706,21.383855398720343
707,21.298132707516903
708,20.78438735756052
709,20.999260821816023
710,20.85261062510495
711,20.7296909855623
712,21.112285557507725
713,21.165640488059644
714,21.154764517158164
715,21.147656185573815
716,21.243343980752872
717,21.132622848507808
718,20.863817990141097
719,20.6693495306294
720,20.692213278755702
721,20.423473829214167
722,20.240662786112694
723,19.92807354132198
724,20.794819682849198
725,20.853110563615253
726,20.991113598758005
727,20.70915369662998
728,21.14931639077957
729,20.966047207808302
730,20.821343050673335
731,20.388415801368453
732,20.71932353824131
733,20.564488361114066
734,20.32012907594707
735,20.44088580927028
736,19.248362864291924
737,20.158808650038207
738,20.668241827347188
739,20.211167334749234
740,20.125211846346236
741,20.01793652201489
742,19.62972006953574
743,19.622787061015767
744,20.26215869374479
745,19.82202790650385
746,19.828729952697266
747,19.91957658962884
748,20.05231822854112
749,19.96096565579224
750,19.908913125566198
751,19.746538985378905
752,19.75968501708749
753,19.938668071225642
754,20.14896921761551
755,20.36064972608571
756,20.575900262094436
757,20.603052037055924
758,20.85322898463282
759,20.598441665812196
760,20.885052706534978
761,21.145521193510763
762,21.703731266145265
763,21.6698726987536
764,21.583960918692124
765,21.64403014909988
766,21.69722876278064
767,21.978045176724635
768,21.340966739559676
769,21.272784580883155
770,21.548837760013797
771,21.168537176929746
772,20.480288371882004
773,20.65706284387543
774,20.21731157661342
775,19.863880118471002
776,18.475332785515096
777,18.699000970792024
778,18.105938127065535
779,16.17322004337023
780,15.609518608328376
781,17.462694974278993
782,17.69788783051831
783,19.035349960826544
784,19.42212449690055
785,19.273198069082543
786,19.24504794997317
787,19.31889346801421
788,19.20116851376912
789,19.586598156387367
790,19.815412209700245
791,18.860756367362086
792,18.72503940705348
793,18.117090691131832
794,18.052181271797686
795,18.741795807338324
796,19.230685293885298
797,19.11480888353221
798,19.356797441687903
799,19.68474151432311
800,20.065130735665093
801,19.6315186082219
802,19.952333647764586
803,20.350128860511198
804,20.224351852716914
805,19.200879023398155
806,18.92344756846711
807,18.907330549849032
808,17.98541960706941
809,17.789450987028133
810,18.126679944879754
811,17.65326661036464
812,17.118641330403193
813,17.259204485723778
814,17.13018001401878
815,16.909330485607633
816,16.767055289513632
817,16.780672931173246
818,16.572174516264827
819,17.294016977527924
820,17.075495100633265
821,16.84344075462978
822,16.802730211230354
823,17.431933060946637
824,17.6652307403365
825,17.85651853390291
826,17.90674987804859
827,17.884712089386625
828,17.786178529319674
829,17.659749578274877
830,17.84532445921114
831,17.84532445921114
832,18.88698912941955
833,19.22306161601446
834,19.11206006090449
835,19.144980634883012
836,19.007523255374114
837,18.826190616432847
838,18.835191075363532
839,18.841464850979015
840,19.902761762774634
841,20.146396181339288
842,20.258385886754127
843,20.52233897729705
844,20.44891341986206
845,20.263946824752743
846,22.00058713712525
847,21.438749035788707
848,18.41629219639289
849,17.958627292888107
850,18.127223127737025
851,17.591858459238317
852,17.42375487770744
853,18.28318339711734
854,17.972260323887813
855,17.82276331472179
856,17.89133271324832
857,18.44963019750132
858,18.774945897784256
859,18.724024669257666
860,18.33291774275643
861,18.304966552125677
862,18.64820837147132
863,19.057211213787916
864,18.77293853614517
865,18.876358828862514
866,18.958779914459356
867,19.02957265645466
868,19.370867538734537
869,18.580179599992853
870,18.635700570354686
871,18.577198421558492
872,18.734250176753807
873,18.330089581914887
874,18.358155226867765
875,18.04642799459031
876,17.969724676327004
877,18.08255700351149
878,18.349926972584107
879,18.540627189087488
880,18.598091122225323
881,19.975019740644996
882,21.15292944809708
883,21.12541983232323
884,21.16900271099189
885,20.96994988324412
886,20.79958197512739
887,21.039841069292642
888,21.06676197123798
889,21.077937307543305
890,21.06677139950048
891,21.43957216081489
892,21.43350931951984
893,21.31895368432115
894,22.271329407042195
895,22.15943934619691
896,21.93715816758621
897,21.921990578158933
898,21.96744770211987
899,21.719285386824527
900,21.812997017891924
901,21.4383971157315
902,21.439505027301653
903,21.064799146893165
904,20.99309297309544
905,20.92687642889399
906,20.742197052595724
907,19.583207402375223
908,19.60915021395573
909,18.767572222762862
910,18.89449846734095
911,19.32348692033039
912,19.22907636100215
913,19.294109607775734
914,19.234937312767507
915,18.55784723799312
916,19.072580615368206
917,19.026546965129466
918,18.38305517566767
919,18.445215986182674
920,18.38974175599184
921,18.423107511006354
922,18.394699476760934
923,17.48485519023273
924,17.45520348930787
925,17.58086600144344
926,17.397463260984857
927,17.522799173679072
928,17.545512769970163
929,17.78941130570817
930,17.079086189985926
931,17.542779439507527
932,18.423287884580585
933,19.254197460323464
934,19.27952877027803
935,19.08197148032198
936,19.070704248531722
937,19.082994004712273
938,19.542335116131436
939,19.50437252391435
940,19.409968929169995
941,18.479709893197494
942,18.344727895156907
943,17.384073381052612
944,16.907851941682317
945,16.615519705762495
946,17.59574283600287
947,17.46739486225113
948,17.669911868577337
949,18.33918245984978
950,18.36676416525609
951,19.47008257210023
952,19.54773097834359
953,19.46602153343091
954,19.73331895315924
955,19.816663017806757
956,18.62714900191742
957,18.58702444166369
958,17.878713315275753
959,17.546728853197724
960,16.81440036195272
961,17.031446260940907
962,17.120002475874372
963,18.107647348035584
964,17.552739327179335
965,17.45619890082477
966,17.904109682728308
967,18.220048258334565
968,17.79950632994083
969,17.68485693016619
970,17.49587777006072
971,17.418136048979903
972,17.60957168111579
973,17.79487878115291
974,18.832008007879008
975,18.783522261033546
976,17.884988109100952
977,18.24405957681343
978,18.156011699627616
979,18.898998937160204
980,18.82183523063987
981,19.12619803401794
982,18.620128797157022
983,18.83956591974192
984,19.08855690395166
985,18.017982793080844
986,17.887110511675928
987,17.742804854583415
988,17.722292816040785
989,17.61832880419869
990,18.21276712331381
991,18.005988656743167
992,17.758102363638262
993,17.50256331406579
994,18.131709690993425
995,18.060578803544235
996,17.857067609824504
997,17.405686107905783
998,17.240253252917537
999,17.44533927403451
1000,16.796955651154644
1001,17.286927162596566
1002,17.657493691953864
1003,16.50219165766473
1004,17.501600669733143
1005,18.183653693109658
1006,18.22049571877098
1007,18.913160884234117
1008,19.44861709860013
1009,18.863607307934814
1010,19.361593294794034
1011,19.118041738356496
1012,19.417656903183044
1013,19.279968676764405
1014,19.822570682257854
1015,18.660938324754373
1016,18.477236056953174
1017,18.44007230219693
1018,18.95901551709278
1019,18.57826822723705
1020,18.506549990634657
1021,19.199726442495056
1022,19.181454942488774
1023,19.227998366063325
1024,19.080451832717984
1025,19.20206043724333
1026,18.94285105178122
1027,18.738647998859157
1028,18.5857188453582
1029,18.47202253444886
1030,18.556101774098188
1031,19.13270079845073
1032,19.130369861010198
1033,19.00439637886544
1034,19.07990872967669
1035,18.693415497572996
1036,20.78793815400555
1037,20.51073976657061
1038,20.056991117266108
1039,19.95996128435056
1040,19.993389133479944
1041,19.925795079590646
1042,19.217668727625693
1043,19.187876910864098
1044,19.307376752383256
1045,19.791967198335
1046,19.700445794822997
1047,19.180500533332623
1048,19.31142013852696
1049,19.34507120362463
1050,19.50319920502497
1051,19.721316251957766
1052,19.983173280544687
1053,20.015899747970245
1054,19.7467806816505
1055,19.767367163381124
1056,19.804794318020825
1057,19.54818763968238
1058,19.36182971383975
1059,19.606351621681828
1060,19.52966806539611
1061,19.551163404457927
1062,19.655668940013847
1063,19.708841304217394
1064,19.734073706133803
1065,19.74830943022321
1066,20.49763870526633
1067,20.513791890972065
1068,20.97648716088212
1069,20.55061927027124
1070,19.97854280113467
1071,20.11632859407124
1072,20.135995681018358
1073,20.122033552041387
1074,20.04775934295622
1075,20.173910829544784
1076,20.11686049090635
1077,20.14716670709511
1078,19.988876965085332
1079,19.134746955840743
1080,18.956379801409785
1081,18.81520396060685
1082,18.788913752479843
1083,18.818433238322065
1084,18.657848679717738
1085,18.708725534077697
1086,18.403809893300416
1087,17.783106289684646
1088,17.56687264911454
1089,17.347332335440612
1090,17.21772322427848
1091,16.958765663429176
1092,16.325033249621114
1093,17.16877946109534
1094,17.220240956890898
1095,17.45890650511541
1096,15.112977166658471
1097,13.859187556121677
1098,13.994751211520295
1099,14.219982933195151
1100,13.980755078344353
1101,14.065714091661551
1102,13.501772522472688
1103,13.364660313055921
1104,13.16947714795722
1105,12.925358064764957
1106,12.862767436421208
1107,11.907208743628539
1108,12.267510735138988
1109,12.137433582506052
1110,12.807102300313389
1111,12.854654773164631
1112,12.69355393901932
1113,12.490389418298875
1114,13.543493780066429
1115,12.668902913452929
1116,12.521425712564515
1117,12.739373550842604
1118,12.898712335433938
1119,13.174633826358084
1120,12.949793430403723
1121,12.957959375734518
1122,11.956343533177517
1123,12.235701060606253
1124,12.240898944541211
1125,12.264796653925103
1126,12.456583405455369
1127,12.746420552778703
1128,12.944047291782201
1129,12.348028961493075
1130,12.030848291434125
1131,12.166704264153584
1132,12.311137262235317
1133,12.40685129511878
1134,12.390232697105397
1135,12.376415700501342
1136,12.351457286240763
1137,12.20973059375896
1138,11.919950527430645
1139,11.7023287820476
1140,11.416292142435447
1141,11.3467900410545
1142,11.47506001340175
1143,11.26774670787778
1144,11.221190675039594
1145,10.83520258573001
1146,10.671430445299235
1147,10.343798507754865
1148,9.780950540331347
1149,9.540160969333167
1150,8.889015157794766
1151,9.424364837823052
1152,9.188326039810569
1153,10.630001009622081
1154,10.353332810311521
1155,10.059653722807393
1156,10.046855728589676
1157,9.777113859424347
1158,9.710129756860297
1159,9.630524298169775
1160,11.79243742318139
1161,12.314851147901607
1162,12.307067206432333
1163,11.87860211329388
1164,11.560419939609702
1165,11.898344490625767
1166,12.142549080810072
1167,12.151682170653256
1168,12.230969051386452
1169,12.27983118123197
1170,11.654538822773919
1171,11.872871964311727
1172,12.17155865592543
1173,11.799772841192357
1174,11.82117702049279
1175,11.887632793639291
1176,12.018662489857789
1177,11.894734329785805
1178,11.610095862543446
1179,11.81995312850841
1180,10.796444683787353
1181,10.321933603470935
1182,10.535072325254259
1183,10.282672078088485
1184,9.471860213330618
1185,9.129884953574008
1186,9.588119427224374
1187,9.64288147183101
1188,9.19181801968605
1189,9.154519688986372
1190,8.807208005036337
1191,8.87247017896653
1192,8.799757716416035
1193,8.648442068534745
1194,8.55813338741045
1195,8.147726324910254
1196,8.461112405734994
1197,8.921376884575904
1198,9.131656629739293
1199,9.191656634828881
1200,9.462935622875456
1201,9.616994720559013
1202,9.675179106526134
1203,8.98933664936683
1204,9.149446240630365
1205,9.13637370623439
1206,9.215799197957054
1207,8.5501436830018
1208,8.305519473059086
1209,8.710757445813933
1210,8.234788603368814
1211,8.358964072240394
1212,9.02281506316065
1213,9.27191908195184
1214,10.688017805987293
1215,9.804737316631895
1216,9.750938558343547
1217,10.15759919562016
1218,10.16715001204962
1219,9.172413704992778
1220,9.038181540302315
1221,9.123251963000033
1222,8.76729614875651
1223,8.639699936071832
1224,9.367471845023578
1225,10.381512441821506
1226,10.456740192173509
1227,10.61028066063745
1228,10.565650429537232
1229,11.10787631643191
1230,10.755824244573775
1231,10.660774286247431
1232,11.126544025860108
1233,10.991059618007771
1234,10.548555947363102
1235,11.006468188642149
1236,11.387379653149887
1237,11.307331978284395
1238,11.00436147360615
1239,11.010579513547514
1240,11.114924935290183
1241,11.127958364694956
1242,10.644548195741876
1243,11.587842888943767
1244,11.795971058134057
1245,12.393631581366215
1246,12.734872219850235
1247,12.675119011635584
1248,12.622425993519837
1249,12.669011565249022
1250,12.562782235497316
1251,12.430080835549283
1252,12.521000544019344
