,Portfolio Value
0,11969.972379723791
1,11965.187135072974
2,11925.005985304118
3,11933.478431724483
4,11880.421441848925
5,11820.352484530556
6,11825.92196460074
7,11795.114755415398
8,11801.624101523937
9,11790.038917904385
10,11807.537517945762
11,11823.164257183857
12,11829.300023133825
13,11825.707348085814
14,11833.621909750298
15,11831.129468186344
16,11793.742744897527
17,11786.344413732713
18,11777.676352234343
19,11778.630414311068
20,11785.40098747546
21,11831.944324502294
22,11874.331002958499
23,11867.461150672223
24,11870.498114932103
25,11888.44309651656
26,11844.599729511223
27,11855.600325120962
28,11879.409144748759
29,11875.478407422466
30,11883.268131198452
31,11880.584445158225
32,11886.376536491618
33,11864.912850112061
34,11871.148431123993
35,11858.620764933174
36,11865.439238055134
37,11865.857266398856
38,11876.38648076179
39,11913.214307940472
40,11915.765917261684
41,11917.972911342797
42,11875.920772225865
43,11861.969241325061
44,11763.409429623916
45,11688.476216938674
46,11687.135360685385
47,11691.481791718672
48,11696.840804317791
49,11658.879197124368
50,11754.330741585238
51,11747.091290142536
52,11812.977357201446
53,11826.374091403719
54,11837.752669730095
55,11821.699299362655
56,11813.988920493086
57,11820.959268937599
58,11839.054493740425
59,11865.168275593476
60,11846.570540686247
61,11812.65989609532
62,11800.030974312558
63,11803.007002911781
64,11797.21698900068
65,11827.613480912822
66,11820.818299444096
67,11818.517033338905
68,11811.600742032042
69,11822.572732114291
70,11787.077322416897
71,11792.879769942865
72,11780.114387366606
73,11783.306633598175
74,11936.361685813587
75,11977.311567447237
76,12039.518417695705
77,12047.378897946886
78,12019.18515290034
79,12017.7352269073
80,12009.387687556049
81,12016.687175977106
82,12027.644352920277
83,11982.088008665367
84,11966.055896553433
85,11975.827997807039
86,11996.06025077085
87,11998.097537313653
88,11966.194358205325
89,11967.204013356688
90,11967.321287675975
91,11981.75447995184
92,11954.406668713662
93,11943.144855307995
94,11946.274545315397
95,12038.290125628851
96,12093.93859455431
97,12092.245283200577
98,12117.742121270496
99,12109.927670127736
100,12112.704997064096
101,12106.284276639357
102,12133.449970604595
103,12161.216793335818
104,12118.111826520304
105,12107.685932303064
106,12089.297360475655
107,12066.603969727415
108,12093.508545776504
109,12095.250398328044
110,12091.586601330286
111,12030.726500349501
112,12043.213092474412
113,12072.203544985692
114,12070.696929968854
115,12075.278502954323
116,12082.746439618819
117,12077.7215996508
118,12031.442437608783
119,12018.959504110435
120,11977.702233058157
121,11960.886564991719
122,11951.849570597029
123,11986.201526494506
124,11952.547731363911
125,11867.742010283842
126,11859.53421078008
127,11846.05962898144
128,11909.61288450822
129,11966.957613313472
130,12006.236547121944
131,11994.176171339554
132,11934.60393182432
133,11954.5923392904
134,11984.606989794253
135,11982.887029688529
136,12015.039405295427
137,12024.525118658705
138,12020.598093067367
139,12008.803530985593
140,11992.65680779425
141,11945.891409249698
142,11950.379055187
143,12011.818807100597
144,12008.74582611647
145,11973.62126962029
146,11980.892290678958
147,11941.801736761534
148,11938.887419292441
149,11920.138836250617
150,11953.41878343632
151,11938.62301478498
152,11939.675794036411
153,11948.287131255358
154,11956.050054861298
155,11949.144842047832
156,11921.99485176715
157,11872.665938014072
158,11826.168371904532
159,11756.801845244288
160,11618.098708110327
161,11508.230523180093
162,11589.590075581551
163,11759.700846960226
164,11753.313621597505
165,11798.138133121154
166,11740.453608481099
167,11739.812265907183
168,11758.97857222205
169,11746.982214600861
170,11754.601455821794
171,11789.559049033713
172,11737.993116794452
173,11735.337236159688
174,11690.742810500673
175,11698.562665266767
176,11784.569532208287
177,11760.266252826985
178,11725.318119678454
179,11706.682647974727
180,11634.219058191855
181,11625.47337221342
182,11591.630922804761
183,11618.062936353257
184,11599.280104965012
185,11640.023390864499
186,11688.785553060656
187,11644.29588674408
188,11670.027560481289
189,11675.633735462661
190,11694.218369713939
191,11725.229356082755
192,11637.645310794607
193,11676.475689836174
194,11702.842969236981
195,11715.93628551258
196,11604.389750780756
197,11614.441246755077
198,11617.161604614674
199,11601.948493766633
200,11592.63000587242
201,11551.424986749094
202,11483.11297110829
203,11494.192408823783
204,11516.560472232519
205,11588.759543991562
206,11615.781501828496
207,11573.997712679857
208,11815.536300148347
209,11820.516981306704
210,11793.559842262559
211,11795.449819961792
212,11790.276780210601
213,11785.703353680074
214,11764.573596876817
215,11747.5092325909
216,11752.541173579819
217,11745.76135771909
218,11586.939982108266
219,11606.952594177665
220,11606.065908402737
221,11711.820116945859
222,11785.27938261268
223,11775.895919232327
224,11870.003891268267
225,11861.300607528447
226,11840.93589937639
227,11888.360725261473
228,11897.23411083863
229,11906.156660930146
230,11952.50522217895
231,11968.049601508734
232,11962.665594143113
233,11957.226914254503
234,11918.532435797437
235,11911.843607072518
236,11892.585738225303
237,11834.161248915078
238,11803.86225989696
239,11807.670095280619
240,11817.024284669978
241,11788.84157079902
242,11744.250582956549
243,11767.194251460887
244,11785.440048841772
245,11826.459491511749
246,11822.179745806634
247,11819.089325471306
248,11844.025804193285
249,11807.758862182196
250,11799.477499712892
251,11764.706333250648
252,11729.65019541173
253,11692.853281605352
254,11644.853994843686
255,11539.803245349243
256,11585.781795257553
257,11584.638402636017
258,11531.519058042755
259,11561.731990383018
260,11447.729909398915
261,11464.49024065404
262,11287.467207815876
263,11320.6729615534
264,11345.56054003224
265,11331.406555358268
266,11340.083832772349
267,11276.917429765734
268,11279.212139587951
269,11311.69464015576
270,11316.761004788785
271,11177.67842515266
272,11125.997203944655
273,11216.216445714143
274,11215.370433230633
275,11203.830149647225
276,11105.442775859115
277,11156.22877735416
278,11120.487823294305
279,11156.208687940674
280,11186.822178693985
281,11196.29577679559
282,11253.98513247588
283,11251.703217273902
284,11299.697074776486
285,11258.693650591644
286,11228.664936426223
287,11242.17104035156
288,11315.592725098555
289,11318.685293624414
290,11418.508765758135
291,11412.416815445771
292,11467.513053867895
293,11487.436705977405
294,11503.297177881082
295,11495.220240748922
296,11538.068783996101
297,11536.245193496075
298,11589.461283514662
299,11580.75229494388
300,11585.325871527652
301,11596.839830627692
302,11596.769163954235
303,11599.68314357887
304,11603.945313897575
305,11619.528901801994
306,11616.718789188237
307,11578.841925803057
308,11579.49705566148
309,11606.622162086902
310,11630.261150877257
311,11629.081021114904
312,11608.224247209337
313,11603.90718023785
314,11569.983535838868
315,11605.608322696859
316,11550.698950594717
317,11617.038341668233
318,11643.65166502785
319,11663.669713252813
320,11720.754447436988
321,11725.770490577577
322,11733.266555985854
323,11714.410917930332
324,11807.063462028635
325,11803.203839941101
326,11799.916351604648
327,11767.773224795805
328,11766.896886620438
329,11767.762007956797
330,11740.523093669646
331,11749.091098464474
332,11730.74104071486
333,11755.46867103589
334,11666.03120419359
335,11673.220824321252
336,11638.868413132466
337,11592.640718796123
338,11570.18874910848
339,11556.646553113376
340,11532.913765838624
341,11515.619716503505
342,11666.087608372509
343,11691.98624886073
344,11698.804377710432
345,11685.01652300691
346,11606.229323607207
347,11623.733101115437
348,11619.91265487604
349,11673.060347131308
350,11690.018108097818
351,11724.191699819934
352,11800.419550273447
353,11803.945156737562
354,11753.354778791312
355,11796.931684264006
356,11800.786754076385
357,11823.380873789572
358,11825.729972981346
359,11826.94144276746
360,11799.977469579093
361,11767.790332000131
362,11778.628958243617
363,11748.778533866416
364,11745.07179665343
365,11731.441046528664
366,11738.771962191582
367,11814.718270685658
368,11815.632696788907
369,11863.479905298058
370,11905.409682956088
371,11729.62438186897
372,11693.635569233973
373,11740.291533415288
374,11858.20689412117
375,11905.20150106038
376,11925.221899087388
377,11876.540955614619
378,11860.12106473865
379,11854.339899853107
380,11829.937337766813
381,11891.714874328918
382,11884.997794516335
383,11874.719676841858
384,11846.825445889877
385,11915.729217399701
386,11894.43470745471
387,11862.115027312153
388,11841.3549684882
389,11799.416042450503
390,11786.111486870906
391,11793.36948559915
392,11781.589153697369
393,11791.182326733839
394,11839.128023415396
395,11831.059726559546
396,11827.455887150918
397,11815.82088544649
398,11820.240716856451
399,11841.140035727167
400,11915.006473045314
401,11906.016216418444
402,11990.151329937775
403,11998.736079963863
404,11990.410812678198
405,11974.658218898318
406,11984.394724103098
407,11981.541736914787
408,11952.32351284041
409,11965.3454549429
410,11952.627929676426
411,11898.689287982927
412,11898.658037855585
413,11887.266421555129
414,11883.849934034468
415,11896.652744488987
416,11889.552903918966
417,11894.371782695553
418,11863.286777084952
419,11868.79574441535
420,11905.41654959556
421,11969.074523956908
422,11992.062203231486
423,11995.184574712468
424,11967.46632461508
425,11958.435982347768
426,11923.431499589924
427,11912.522772788687
428,11930.072153300665
429,11894.006728829818
430,11916.581363058373
431,11901.923093329038
432,11961.43854932799
433,12035.98884939327
434,12027.152222181401
435,12018.715200524946
436,11998.315443811513
437,12001.761009404569
438,11966.064062691335
439,11989.012666907745
440,11987.940629317403
441,12031.862172798532
442,12031.828989960792
443,11995.643453406112
444,11979.920748403225
445,11972.571580526772
446,11932.45159262206
447,11930.105481108221
448,11893.587952850083
449,11875.222049316875
450,11823.809774971267
451,11839.780640536841
452,11833.591617353299
453,11831.331062543208
454,11806.297001960676
455,11834.105376497537
456,11843.09121252635
457,11747.26113854811
458,11740.340141009565
459,11743.523364317225
460,11764.784712008386
461,11747.96604768788
462,11707.546015202906
463,11707.272914163234
464,11693.9486694037
465,11777.323085216512
466,11747.923685300657
467,11715.656284963827
468,11677.568619589078
469,11653.426136064565
470,11640.422324826812
471,11650.49052816691
472,11671.954933877665
473,11701.691692879425
474,11694.81966087753
475,11752.208270913174
476,11768.487039863008
477,11778.601945926399
478,11747.030042860115
479,11742.763950119292
480,11765.575636558813
481,11713.799405557833
482,11647.154189959847
483,11633.114870147365
484,11650.804801143837
485,11657.42757767421
486,11696.706769317336
487,11685.784336646235
488,11704.246007624695
489,11691.544339114507
490,11721.635319144189
491,11683.351570093495
492,11660.11146645381
493,11624.41867494213
494,11646.053694296465
495,11650.96666319222
496,11660.950381109715
497,11646.579583395172
498,11684.70214120636
499,11693.493932793499
500,11657.97610911766
501,11668.29878056057
502,11635.925207948598
503,11713.334991642914
504,11772.074227998706
505,11833.72904022332
506,11818.901427004637
507,11866.842582081325
508,11904.798931355592
509,11905.61152591797
510,11896.286162754399
511,11909.762742384883
512,11906.320063478823
513,11898.750153211395
514,11899.673905770807
515,11903.624539898841
516,11909.04483010761
517,11907.017539375767
518,11895.968584900225
519,11898.13112135903
520,11886.405713311224
521,11893.19439977869
522,11902.759934889958
523,11889.103341801936
524,11897.498433418374
525,11913.941606759678
526,11886.836399818245
527,11905.459737701767
528,11983.552072965915
529,12032.587305746696
530,12035.378930460069
531,12057.47987286828
532,12067.094589681743
533,12064.547207126274
534,12075.206490968892
535,12054.929580985565
536,12090.155651338602
537,12089.391688162097
538,12077.06842098642
539,12025.081888757693
540,12009.483829060959
541,12024.605954854222
542,12029.530840649015
543,12021.104387803136
544,12047.980910652459
545,12044.222060350148
546,12036.63187585989
547,12036.45401529732
548,12052.343411148991
549,12047.525617239913
550,12046.43144839755
551,12056.843528676472
552,12064.740039454296
553,12100.319656711321
554,12112.549228088466
555,12106.822003740455
556,12031.284120684311
557,12045.015048165496
558,12039.445484681744
559,12039.676977500134
560,12021.44447580892
561,12026.166240896613
562,12032.874525392966
563,12022.12922535693
564,12025.041801972458
565,12036.072206585839
566,12017.4146578991
567,12008.8342979212
568,11979.792744002254
569,11965.248324977489
570,11964.17917320998
571,11949.149218991974
572,11935.752953504989
573,11950.84188481325
574,11953.014731144935
575,11948.725443478808
576,11979.25063137402
577,11982.878311314958
578,11969.3292681433
579,12016.458412207357
580,12040.787491880295
581,12035.385846125122
582,11973.068511169338
583,11969.768951847993
584,11967.6489891618
585,11978.82967626034
586,11991.938400714043
587,11934.757114119275
588,11943.50059284241
589,11947.129877708396
590,11952.978468776873
591,11921.149029485521
592,11949.310465128909
593,11983.487782520095
594,11950.18282910873
595,11984.051851064874
596,11960.413912167536
597,11913.777338450196
598,11911.954663120894
599,11973.220532142848
600,11998.047592315304
601,11993.966518941565
602,11994.730177740212
603,12027.961325616523
604,12030.62351554703
605,11947.219050137324
606,11953.261655944536
607,11953.222894576847
608,11952.32003077222
609,11945.932475810825
610,11959.084842135522
611,11880.379654919925
612,11861.747906069835
613,11863.773376654466
614,11917.8300335778
615,11928.656118330944
616,11921.013721139732
617,11883.20131042029
618,11898.066332905017
619,11904.12092176937
620,11893.863698323545
621,11906.295947331108
622,11906.011377613351
623,11920.153604127834
624,11903.129502067923
625,11807.610137972333
626,11813.33483933571
627,11876.848654729169
628,11896.263385609103
629,11898.307762197112
630,11895.168025801057
631,11881.409162045707
632,11902.53390904369
633,11912.105226140662
634,11922.049980287378
635,11958.802509895431
636,11976.20250715282
637,11978.242489212278
638,11968.099075616614
639,12008.356312070946
640,11942.420649883516
641,12053.663813930243
642,12021.775929392335
643,12012.85586574776
644,12059.195343825864
645,12059.536803188486
646,12128.743130193583
647,12138.244497149204
648,12136.49919746354
649,12195.033064851856
650,12201.85951793036
651,12196.388759054558
652,12204.535964511582
653,12169.461688742229
654,12174.121506383324
655,12152.495015208295
656,12124.871787384902
657,12136.521243815292
658,12132.725074559441
659,12131.76977180743
660,12059.805391593405
661,12040.411774255856
662,12021.252146520801
663,12041.420058810065
664,12033.261388936216
665,12084.05928677485
666,12119.383877895423
667,12103.72141518477
668,12102.574068337995
669,12096.850743533547
670,12134.626164404543
671,12183.399663488
672,12208.688966931228
673,12206.483703642596
674,12237.777680102472
675,12318.431774907996
676,12332.981691231422
677,12342.655359942617
678,12329.233982551024
679,12399.98019575191
680,12436.493762696053
681,12446.481330960693
682,12389.003354282573
683,12384.128080878063
684,12351.232071900207
685,12355.777123672102
686,12351.880449899038
687,12344.020403825169
688,12348.216752033768
689,12346.321773977283
690,12359.586375341967
691,12362.865132083723
692,12379.500275609855
693,12330.998419731031
694,12330.76458504682
695,12301.390127810144
696,12325.037192694806
697,12357.626263385762
698,12352.067726995267
699,12338.988517721224
700,12302.523001863494
701,12347.739474626896
702,12347.416299212642
703,12349.821765850389
704,12327.238417659588
705,12331.2776113515
706,12386.621131360798
707,12382.476791228346
708,12323.546043462884
709,12326.736049912866
710,12292.166495959433
711,12265.948804602509
712,12299.045583220523
713,12309.585080938425
714,12302.941121126249
715,12301.738908990197
716,12315.16404989691
717,12310.270723609297
718,12293.666337569166
719,12279.161226111128
720,12278.769597080423
721,12234.298366755314
722,12222.041532053023
723,12193.417512551092
724,12258.214923989
725,12262.224669693027
726,12334.20179126631
727,12386.736653496633
728,12395.244005384006
729,12368.30811933226
730,12353.403340042481
731,12331.902783299709
732,12355.932440442813
733,12351.358163333069
734,12346.856535896863
735,12360.381425188107
736,12334.061481076511
737,12382.565080232356
738,12432.130557736804
739,12425.464210218826
740,12433.661675750782
741,12430.646718564749
742,12418.84599333007
743,12397.211860461766
744,12464.982762767131
745,12443.393827905269
746,12439.286274223728
747,12456.712667228494
748,12467.815539862524
749,12466.578119940319
750,12464.494775744954
751,12468.479655829624
752,12469.053872667437
753,12484.504295826162
754,12515.617508921721
755,12568.643739400672
756,12599.574279845789
757,12592.49402407528
758,12598.769113652552
759,12591.03073815461
760,12611.345673566768
761,12666.97646397109
762,12665.95582528705
763,12669.211722225598
764,12666.595289097535
765,12657.279125574776
766,12658.189093640567
767,12694.660963054817
768,12649.902005448572
769,12636.231418796135
770,12702.234532535274
771,12680.72938578411
772,12646.970217410837
773,12672.098863131765
774,12652.441943492786
775,12544.026594695437
776,12435.872101467221
777,12443.401748837776
778,12436.428707313935
779,12315.14400126124
780,12275.6576494979
781,12422.029597108018
782,12426.079557247911
783,12510.19484250267
784,12564.445006734788
785,12567.610043841241
786,12563.549854997862
787,12576.270652789826
788,12515.464814519817
789,12533.708849814415
790,12520.462560612688
791,12492.561902064435
792,12470.593766861994
793,12413.817157409043
794,12409.0531080658
795,12454.319796196756
796,12478.313464492128
797,12475.162142533429
798,12532.649204457988
799,12542.322480012845
800,12605.991803191295
801,12579.221642913302
802,12671.197187647882
803,12699.073427651732
804,12678.999050693235
805,12600.306328239845
806,12591.705787484725
807,12653.740052785264
808,12626.913657593257
809,12587.888979931457
810,12658.423038063569
811,12610.847351115439
812,12603.732033030947
813,12640.737503350987
814,12653.993925003779
815,12615.520084133557
816,12619.526554197573
817,12618.593597880565
818,12603.71484177788
819,12677.567390383685
820,12721.064978930177
821,12699.523477359335
822,12685.977207284875
823,12715.101826264325
824,12720.70256087767
825,12719.837749169697
826,12720.352699074207
827,12718.666166364192
828,12713.171811591863
829,12703.141225444308
830,12731.559558565075
831,12731.559558565075
832,12791.74048068295
833,12851.530523753947
834,12855.590983469107
835,12847.208264342791
836,12829.34902637867
837,12794.38245145159
838,12805.587769584366
839,12815.158705558611
840,12837.009311711738
841,12847.353883304117
842,12929.548972554798
843,12958.688905493882
844,12931.650840235658
845,12900.541535996015
846,12933.948614172192
847,12910.583709123714
848,12807.85282753118
849,12760.455558210306
850,12787.98805013262
851,12758.708393981933
852,12727.228227665975
853,12813.527621761019
854,12796.975166720758
855,12767.088093175635
856,12803.815164990825
857,12856.986479382209
858,13019.338286956645
859,13013.623081490063
860,12995.190794153947
861,12982.372746935302
862,13001.752462288325
863,12995.148690463679
864,12980.727928792501
865,12997.507783047564
866,13000.646448567366
867,12973.193292300593
868,13013.948550953708
869,12987.445645055588
870,12997.869792503367
871,12970.547328724102
872,12982.893769659411
873,12937.829291395861
874,12938.43832891737
875,12888.695751005258
876,12838.138753490126
877,12855.47620899203
878,12869.815017097539
879,12895.270882697134
880,12922.511373149564
881,12963.860069345927
882,12941.8374582295
883,12919.156107236322
884,12919.913127475833
885,12899.362189205685
886,12870.380763004636
887,12880.901286772867
888,12904.100858619868
889,12904.876073886246
890,12891.829842029616
891,12905.605796101165
892,12903.31606942143
893,12895.214324691879
894,12972.69056871484
895,12963.477758525487
896,12944.267897819936
897,12945.173990149602
898,12954.259593968583
899,12914.703427226314
900,12895.341456664251
901,12887.460624991974
902,12879.972116961786
903,12858.85390659435
904,12894.604628009252
905,12880.347231942458
906,12855.60857930958
907,12798.29191931085
908,12842.322790427354
909,12774.50240231489
910,12783.685188829746
911,12850.593419090326
912,12821.71341617144
913,12853.09310090631
914,12810.624523800292
915,12787.00948358625
916,12801.655795361927
917,12809.652258754553
918,12797.68743814069
919,12816.543368615788
920,12806.31178498212
921,12812.396095452537
922,12826.20207190943
923,12720.777011601012
924,12726.487020549479
925,12743.43128544086
926,12740.625403084648
927,12740.934783085575
928,12790.388802756766
929,12827.027478639751
930,12779.62812496759
931,12789.875324096136
932,12849.202994731748
933,12889.552738742335
934,12911.828120143517
935,12845.860833565494
936,12840.156370136789
937,12840.079498031757
938,12867.950181275328
939,12877.806959329973
940,12869.693200393935
941,12857.937174860816
942,12856.968454201971
943,12822.316616700178
944,12805.93450550859
945,12794.816526118017
946,12792.870721160412
947,12679.092978848126
948,12690.342222877065
949,12747.260852121146
950,12753.918857502262
951,12819.851135784324
952,12818.535470616838
953,12768.14929852648
954,12804.106139076272
955,12791.317128282983
956,12734.535593937511
957,12729.907170409302
958,12718.316995089453
959,12700.093784687713
960,12670.118703641896
961,12656.155807056775
962,12684.731909441623
963,12799.39534252245
964,12765.65613535581
965,12738.569069876297
966,12791.686539752529
967,12804.368996809926
968,12792.299345503128
969,12783.55611534852
970,12740.133440276764
971,12669.592717034451
972,12727.33731354785
973,12693.960084208355
974,12796.505254380218
975,12788.74695684021
976,12748.503068495633
977,12852.040780963202
978,12829.905186691258
979,12926.2297064264
980,12922.973451414302
981,12928.499537279988
982,12889.095735297984
983,12911.738992774883
984,12961.265130930955
985,12934.079669581992
986,12928.735566616537
987,12930.793803848215
988,12926.27649751955
989,12970.995375991286
990,13011.406908866456
991,12992.83564428625
992,12987.216631848907
993,12974.172040064055
994,13020.1757486679
995,12937.259242713026
996,12926.342673484261
997,12920.184316949742
998,12911.11752241759
999,12943.520534187093
1000,12934.913499899314
1001,13185.239065916909
1002,13195.537902025311
1003,12991.884317521964
1004,13018.27115912599
1005,13043.520148604955
1006,13058.02857345018
1007,13104.174895734484
1008,13139.740783808986
1009,13118.050991434613
1010,13209.722391859234
1011,13216.074591488417
1012,13234.50072636273
1013,13212.173471100086
1014,13240.456800672087
1015,13225.451393631036
1016,13095.251228132005
1017,13095.310882030299
1018,13079.719455812918
1019,13058.975406219228
1020,13053.750369415418
1021,13071.061934463101
1022,13054.198787113854
1023,13063.363838755287
1024,13032.395805528795
1025,13019.68931979635
1026,12976.348612003154
1027,12925.635517950384
1028,12944.369071783358
1029,12937.9806872637
1030,12942.074651740535
1031,12967.38328440016
1032,12961.201265605974
1033,12973.941048998446
1034,12980.793046736875
1035,12963.707413248454
1036,13101.112280712336
1037,13062.69324152894
1038,12990.479935484522
1039,13024.597036670979
1040,13017.867465041503
1041,13002.762028958283
1042,12942.897306963287
1043,12938.881244663316
1044,12996.89440684409
1045,13032.375429193038
1046,12990.120047391782
1047,12906.322985610443
1048,12929.017743386328
1049,12944.002214174623
1050,12948.9991506126
1051,12979.613278459976
1052,13048.884564154183
1053,13058.54538141724
1054,13029.885024240788
1055,13035.282671961859
1056,13025.311908034351
1057,13011.164186483327
1058,13007.992788499338
1059,13030.38383723386
1060,13015.90948657878
1061,13021.010601393544
1062,13057.609376112654
1063,13077.275776286884
1064,13081.00367015211
1065,13090.429004507796
1066,13109.787017419618
1067,13087.491130017173
1068,13109.10434537272
1069,13083.162918015561
1070,13027.929254893754
1071,12994.758440194286
1072,12986.425916060503
1073,12976.03102468792
1074,12974.26312196392
1075,12990.283217761667
1076,12941.180106496795
1077,12938.114627558069
1078,12895.60246458625
1079,12865.83873029252
1080,12836.897789607188
1081,12837.991153800573
1082,12847.4291757158
1083,12850.626846328461
1084,12835.89408749439
1085,12843.803548084772
1086,12784.290431156125
1087,12768.60340774367
1088,12755.252930932638
1089,12731.439230017344
1090,12673.79323331839
1091,12670.973637671992
1092,12595.925547940451
1093,12622.451322304298
1094,12625.250958950157
1095,12636.344643238102
1096,12455.158773049614
1097,12426.256807466316
1098,12415.661537554159
1099,12429.701749288282
1100,12332.480072890718
1101,12349.01319321583
1102,12295.10266627227
1103,12275.75561634245
1104,12252.68813143403
1105,12271.411221658142
1106,12268.780556984868
1107,12275.92001460499
1108,12261.072200507031
1109,12252.581265383933
1110,12302.089510773636
1111,12293.480084317487
1112,12231.004680599553
1113,12189.44035747516
1114,12360.92808923782
1115,12339.347288885314
1116,12326.377713458769
1117,12351.531767059694
1118,12363.250202065552
1119,12389.009801675724
1120,12381.02335592199
1121,12413.848390815303
1122,12400.244526366196
1123,12438.091264232426
1124,12418.657521281195
1125,12441.071037226404
1126,12456.186347010385
1127,12459.297631594487
1128,12476.090831669211
1129,12453.196139391323
1130,12453.445470460018
1131,12464.402049091776
1132,12474.789316575017
1133,12495.414488565897
1134,12480.457899776118
1135,12468.918661670357
1136,12467.798760469115
1137,12451.90785133268
1138,12458.392424079559
1139,12427.206758495557
1140,12344.195348364941
1141,12343.720309313328
1142,12350.89877649732
1143,12350.988177510271
1144,12359.749108233204
1145,12350.88387280453
1146,12341.602585107954
1147,12314.959439625347
1148,12251.656755402046
1149,12240.925750229224
1150,12192.35497851545
1151,12287.837581578093
1152,12282.64022199701
1153,12319.788818318655
1154,12247.943615839426
1155,12223.020811841947
1156,12248.564166219507
1157,12226.478238172478
1158,12228.81130210201
1159,12235.537083621468
1160,12307.712108466332
1161,12315.705430183949
1162,12322.708262205379
1163,12285.474003203679
1164,12255.935135155476
1165,12281.191439984148
1166,12315.579596406267
1167,12314.35967923835
1168,12319.850316077853
1169,12369.555722812456
1170,12362.993545967596
1171,12365.349722902554
1172,12398.883846441711
1173,12376.239742673888
1174,12360.751629234295
1175,12377.72480749317
1176,12438.72901966813
1177,12443.91369468424
1178,12421.958774841756
1179,12436.303678971777
1180,12360.492332151218
1181,12321.633643115842
1182,12345.583606872515
1183,12341.374199279373
1184,12311.848109621806
1185,12266.777873597739
1186,12281.802786723645
1187,12287.486452581867
1188,12240.402643644158
1189,12239.540270193673
1190,12173.662778722655
1191,12172.500854579956
1192,12168.224631657611
1193,12155.290399647156
1194,12145.883701783401
1195,12051.801012652606
1196,12080.329028251435
1197,12198.212096610396
1198,12239.827092212287
1199,12235.548043118397
1200,12330.271304492566
1201,12337.19319360223
1202,12360.357211359664
1203,12343.805529852885
1204,12347.069274322474
1205,12344.196258862663
1206,12358.129775306137
1207,12223.506263044106
1208,12188.500467180771
1209,12220.33467483589
1210,12199.213964024219
1211,12217.168038288539
1212,12243.562315848509
1213,12331.30862458385
1214,12367.968111853033
1215,12299.593827392828
1216,12297.895116606269
1217,12350.913305537351
1218,12377.472999097137
1219,12333.613112401446
1220,12288.016069455416
1221,12302.41487363323
1222,12280.42542727147
1223,12240.334591041928
1224,12285.861836977894
1225,12340.412736738655
1226,12344.149626885483
1227,12379.243025365111
1228,12401.22299739972
1229,12421.633346851864
1230,12377.67944886903
1231,12367.75223142078
1232,12388.244628839544
1233,12450.25625107038
1234,12417.359571699522
1235,12438.146884968335
1236,12486.211279068782
1237,12491.789971603699
1238,12425.501461967078
1239,12424.411640839571
1240,12456.911563093312
1241,12463.866356595903
1242,12453.354239343733
1243,12512.559678066827
1244,12541.977633621791
1245,12568.15533935567
1246,12576.678818838738
1247,12592.735555646921
1248,12573.32860510707
1249,12579.745692353195
1250,12583.792744602984
1251,12534.919589335712
1252,12539.139525741273
