,Profitloss
0,-0.25023016896840167
1,-0.2901072077252098
2,-0.6249501224656839
3,-0.5543464022959799
4,-0.996487984592298
5,-1.497062628912027
6,-1.4506502949938271
7,-1.7073770382050157
8,-1.6531324873005238
9,-1.7496756841301253
10,-1.6038540171186444
11,-1.4736311901345278
12,-1.422499807218125
13,-1.452438765951547
14,-1.3864840854141858
15,-1.4072544317804692
16,-1.718810459187281
17,-1.7804632188940572
18,-1.8526970647138152
19,-1.8447465474077607
20,-1.788325104371169
21,-1.4004639624808801
22,-1.0472416420125086
23,-1.1044904110648068
24,-1.0791823755658125
25,-0.9296408623620023
26,-1.295002254073141
27,-1.2033306239919828
28,-1.0049237937603372
29,-1.0376799381461188
30,-0.9727655733462348
31,-0.9951296236814566
32,-0.9468621959031864
33,-1.1257262490661613
34,-1.073763073966727
35,-1.1781602922235512
36,-1.1213396828738786
37,-1.1178561133428633
38,-1.0301126603184163
39,-0.7232141004960613
40,-0.701950689485964
41,-0.6835590721433582
42,-1.0339935647844523
43,-1.1502563222911544
44,-1.9715880864673685
45,-2.5960315255110444
46,-2.6072053276217977
47,-2.570985069011067
48,-2.526326630685072
49,-2.842673357296932
50,-2.0472438201230236
51,-2.107572582145534
52,-1.5585220233212849
53,-1.446882571635677
54,-1.3520610855825455
55,-1.4858391719778763
56,-1.550092329224284
57,-1.4920060921866818
58,-1.341212552163129
59,-1.123597703387702
60,-1.278578827614607
61,-1.5611675325389984
62,-1.6664085473953483
63,-1.6416083090684874
64,-1.6898584249943283
65,-1.4365543257264912
66,-1.4931808379658684
67,-1.512358055509122
68,-1.5699938163996507
69,-1.4785605657142376
70,-1.7743556465258603
71,-1.7260019171427943
72,-1.8323801052782862
73,-1.805778053348539
74,-0.5303192848867821
75,-0.18907027127301745
76,0.3293201474642071
77,0.3948241495573823
78,0.15987627416949035
79,0.1477935575608269
80,0.07823072963373257
81,0.1390597998092158
82,0.23036960766897874
83,-0.14926659445527735
84,-0.28286752872139775
85,-0.2014333516080158
86,-0.03283124357624789
87,-0.01585385571954978
88,-0.2817136816222976
89,-0.27329988869426725
90,-0.2723226027002035
91,-0.1520460004013291
92,-0.3799444273861474
93,-0.4737928724333762
94,-0.44771212237169067
95,0.31908438024041974
96,0.782821621285934
97,0.7687106933381482
98,0.9811843439208046
99,0.9160639177311358
100,0.9392083088674674
101,0.8857023053279844
102,1.1120830883716293
103,1.3434732777984904
104,0.9842652210025227
105,0.897382769192201
106,0.7441446706304644
107,0.5550330810617954
108,0.7792378814708734
109,0.7937533194003699
110,0.7632216777523793
111,0.2560541695791674
112,0.3601091039534321
113,0.6016962082141086
114,0.5891410830737742
115,0.6273208579526957
116,0.68955366349015
117,0.6476799970900116
118,0.2620203134065191
119,0.1579958675869575
120,-0.18581472451536518
121,-0.3259452917356742
122,-0.40125357835809616
123,-0.11498727921245289
124,-0.3954355719674063
125,-1.1021499143013092
126,-1.1705482434993253
127,-1.2828364251546653
128,-0.753225962431503
129,-0.27535322238773086
130,0.05197122601618975
131,-0.04853190550372366
132,-0.5449672347973333
133,-0.3783971725799917
134,-0.12827508504789087
135,-0.14260808592893026
136,0.1253283774618863
137,0.20437598882254715
138,0.17165077556138275
139,0.07336275821328009
140,-0.06119326838124328
141,-0.45090492291918194
142,-0.4135078734416653
143,0.09849005917164089
144,0.0728818843039214
145,-0.21982275316425604
146,-0.1592309110086898
147,-0.48498552698721387
148,-0.5092715058963249
149,-0.665509697911526
150,-0.3881768046973266
151,-0.5114748767918287
152,-0.5027017163632408
153,-0.43094057287201837
154,-0.36624954282251654
155,-0.4237929829347342
156,-0.6500429019404286
157,-1.0611171832160649
158,-1.4485969007955624
159,-2.026651289630932
160,-3.1825107657472818
161,-4.098078973499231
162,-3.4200827034870707
163,-2.002492941998113
164,-2.055719820020796
165,-1.6821822239903805
166,-2.1628865959908428
167,-2.1682311174401447
168,-2.0085118981495897
169,-2.108481544992824
170,-2.0449878681517153
171,-1.7536745913857232
172,-2.183390693379561
173,-2.2055230320025987
174,-2.577143245827729
175,-2.511977789443609
176,-1.7952538982642818
177,-1.9977812264417971
178,-2.289015669346217
179,-2.444311266877275
180,-3.0481745150678807
181,-3.1210552315548257
182,-3.4030756432936515
183,-3.1828088637228524
184,-3.3393324586248996
185,-2.9998050761291806
186,-2.593453724494532
187,-2.9642009437993444
188,-2.7497703293225984
189,-2.7030522044778182
190,-2.548180252383847
191,-2.289755365977042
192,-3.019622410044942
193,-2.6960359180318805
194,-2.4763085896918224
195,-2.3671976207285006
196,-3.2967520768270364
197,-3.2129896103743505
198,-3.1903199615443856
199,-3.317095885278054
200,-3.3947499510631696
201,-3.7381251104242175
202,-4.3073919074309135
203,-4.21506325980181
204,-4.028662731395672
205,-3.4270038000703162
206,-3.2018208180958685
207,-3.5500190610011972
208,-1.537197498763776
209,-1.495691822444134
210,-1.7203346478120052
211,-1.7045848336517344
212,-1.7476934982449954
213,-1.7858053859993839
214,-1.9618866926931933
215,-2.104089728409164
216,-2.0621568868348428
217,-2.1186553523409257
218,-3.442166815764447
219,-3.2753950485194583
220,-3.2827840966438537
221,-2.4014990254511703
222,-1.7893384782276645
223,-1.8675340063972756
224,-1.0833009060977727
225,-1.155828270596282
226,-1.3255341718634073
227,-0.9303272894877312
228,-0.8563824096780803
229,-0.78202782558211
230,-0.395789815175418
231,-0.26625332076055663
232,-0.3111200488073895
233,-0.35644238121247396
234,-0.6788963683546978
235,-0.7346366077290112
236,-0.895118848122467
237,-1.3819895923743553
238,-1.6344811675253368
239,-1.6027492059948467
240,-1.5247976277501851
241,-1.7596535766748245
242,-2.1312451420287593
243,-1.9400479044926033
244,-1.7879995929852344
245,-1.4461709040687665
246,-1.4818354516113796
247,-1.5075889544057808
248,-1.2997849650559612
249,-1.6020094818150366
250,-1.6710208357259004
251,-1.9607805562446012
252,-2.252915038235581
253,-2.559555986622064
254,-2.9595500429692834
255,-3.8349729554229772
256,-3.451818372853721
257,-3.4613466446998586
258,-3.904007849643709
259,-3.652233413474859
260,-4.602250755009041
261,-4.462581327882997
262,-5.937773268201029
263,-5.661058653721662
264,-5.453662166397999
265,-5.571612038681106
266,-5.49930139356376
267,-6.025688085285552
268,-6.006565503433736
269,-5.735877998702
270,-5.693658293426795
271,-6.8526797903945
272,-7.283356633794547
273,-6.531529619048815
274,-6.538579723078053
275,-6.63474875293979
276,-7.454643534507365
277,-7.031426855382006
278,-7.329268139214129
279,-7.031594267161045
280,-6.776481844216797
281,-6.697535193370074
282,-6.216790562701002
283,-6.23580652271748
284,-5.835857710195946
285,-6.177552911736306
286,-6.427792196448145
287,-6.315241330403665
288,-5.703393957512038
289,-5.677622553129879
290,-4.845760285348877
291,-4.896526537951907
292,-4.437391217767539
293,-4.271360783521628
294,-4.139190184324315
295,-4.206497993758984
296,-3.849426800032496
297,-3.8646233875327063
298,-3.421155970711154
299,-3.49373087546766
300,-3.4556177372695673
301,-3.3596680781025623
302,-3.3602569670480364
303,-3.3359738035094177
304,-3.300455717520212
305,-3.170592484983381
306,-3.1940100900980317
307,-3.509650618307858
308,-3.5041912028209943
309,-3.278148649275814
310,-3.0811570760228557
311,-3.0909914907091385
312,-3.2647979399221927
313,-3.300773498017917
314,-3.583470534676103
315,-3.286597310859507
316,-3.744175411710693
317,-3.191347152764734
318,-2.969569458101251
319,-2.8027523895598927
320,-2.327046271358435
321,-2.2852459118535284
322,-2.222778700117878
323,-2.379909017247228
324,-1.6078044830947102
325,-1.6399680004908213
326,-1.667363736627936
327,-1.935223126701624
328,-1.9425259448296872
329,-1.9353166003600264
330,-2.162307552752951
331,-2.0909075127960475
332,-2.2438246607095036
333,-2.037761074700928
334,-2.783073298386751
335,-2.723159797322905
336,-3.009429890562776
337,-3.3946606766989795
338,-3.5817604240960033
339,-3.6946120573885355
340,-3.892385284678135
341,-4.036502362470795
342,-2.782603263562422
343,-2.566781259493911
344,-2.5099635190797276
345,-2.624862308275744
346,-3.2814223032732737
347,-3.135557490704699
348,-3.1673945426996752
349,-2.724497107239099
350,-2.583182432518183
351,-2.2984025015005516
352,-1.6631704143879378
353,-1.6337903605203152
354,-2.055376843405732
355,-1.6922359644666152
356,-1.660110382696789
357,-1.4718260517535664
358,-1.4522502251554492
359,-1.4421546436044985
360,-1.6668544201742241
361,-1.9350805666655702
362,-1.8447586813031935
363,-2.0935122177798693
364,-2.124401694554745
365,-2.237991278927798
366,-2.1769003150701516
367,-1.544014410952843
368,-1.5363941934257719
369,-1.1376674558495226
370,-0.7882526420326053
371,-2.253130151091909
372,-2.5530369230502226
373,-2.164237221539267
374,-1.1816092156569202
375,-0.7899874911634908
376,-0.6231508409384356
377,-1.0288253698781724
378,-1.1656577938445767
379,-1.2138341678907816
380,-1.4171888519432296
381,-0.9023760472590125
382,-0.9583517123638696
383,-1.0440026929845136
384,-1.276454617584355
385,-0.7022565216691534
386,-0.879710771210751
387,-1.1490414390653902
388,-1.3220419292649943
389,-1.671532979579149
390,-1.7824042760757774
391,-1.7219209533404056
392,-1.8200903858552664
393,-1.740147277218007
394,-1.3405998048717005
395,-1.4078356120037827
396,-1.4378676070756824
397,-1.5348259546125842
398,-1.4979940261962366
399,-1.3238330356069472
400,-0.7082793912890462
401,-0.7831981965129686
402,-0.08207225051853895
403,-0.010532666967810744
404,-0.07990989434835116
405,-0.21118150918069123
406,-0.13004396580751365
407,-0.15381885904344195
408,-0.39730405966325044
409,-0.2887878754758266
410,-0.3947672526964485
411,-0.8442559334756128
412,-0.8445163512034615
413,-0.9394464870405961
414,-0.9679172163794325
415,-0.8612271292584461
416,-0.9203924673419461
417,-0.8802351442037337
418,-1.1392768576254042
419,-1.0933687965387406
420,-0.7881954200369967
421,-0.2577123003591031
422,-0.06614830640427893
423,-0.040128544062767446
424,-0.271113961541003
425,-0.3463668137685949
426,-0.6380708367506371
427,-0.7289768934276131
428,-0.5827320558277838
429,-0.8832772597515137
430,-0.6951553078468953
431,-0.8173075555913512
432,-0.32134542226675
433,0.2999070782772506
434,0.22626851817835192
435,0.1559600043745446
436,-0.014037968237390341
437,0.014675078371406691
438,-0.28279947757220425
439,-0.0915611091021229
440,-0.10049475568830735
441,0.26551810665442765
442,0.2652415830066035
443,-0.0363045549490737
444,-0.16732709663979106
445,-0.22857016227689764
446,-0.5629033948161721
447,-0.5824543240981583
448,-0.8867670595826493
449,-1.0398162556927049
450,-1.4682518752394458
451,-1.3351613288596575
452,-1.3867365220558425
453,-1.4055744788066038
454,-1.614191650327701
455,-1.38245519585386
456,-1.3075732289470898
457,-2.106157178765744
458,-2.1638321582536313
459,-2.137305297356462
460,-1.9601273999301116
461,-2.100282935934339
462,-2.437116539975781
463,-2.439392381973049
464,-2.5504277549691645
465,-1.8556409565290588
466,-2.1006359558278564
467,-2.36953095863478
468,-2.6869281700910186
469,-2.888115532795288
470,-2.996480626443232
471,-2.912578931942411
472,-2.7337088843527924
473,-2.4859025593381268
474,-2.5431694926872472
475,-2.064931075723553
476,-1.9292746678082673
477,-1.8449837839466743
478,-2.108082976165704
479,-2.143633749005902
480,-1.953536362009889
481,-2.3850049536847218
482,-2.9403817503346086
483,-3.0573760821052898
484,-2.909959990468025
485,-2.85477018604825
486,-2.5274435890222047
487,-2.6184638612813727
488,-2.464616603127534
489,-2.5704638407124447
490,-2.3197056737984334
491,-2.6387369158875407
492,-2.8324044462182396
493,-3.129844375482249
494,-2.949552547529466
495,-2.908611140064843
496,-2.825413490752382
497,-2.945170138373565
498,-2.6274821566136586
499,-2.554217226720845
500,-2.8501990906861563
501,-2.764176828661913
502,-3.033956600428356
503,-2.388875069642382
504,-1.8993814333441161
505,-1.3855913314723356
506,-1.509154774961352
507,-1.1096451493222914
508,-0.7933422387033984
509,-0.7865706173502574
510,-0.864281977046677
511,-0.7519771467926484
512,-0.7806661376764779
513,-0.84374872323838
514,-0.8360507852432697
515,-0.8031288341763254
516,-0.757959749103243
517,-0.7748538385352721
518,-0.8669284591647841
519,-0.8489073220080745
520,-0.9466190557398058
521,-0.8900466685109243
522,-0.8103338759170131
523,-0.9241388183171995
524,-0.8541797215135483
525,-0.7171532770026912
526,-0.943030001514622
527,-0.787835519151936
528,-0.13706605861737442
529,0.2715608812224657
530,0.29482442050057234
531,0.4789989405689976
532,0.5591215806811878
533,0.5378933927189467
534,0.6267207580741063
535,0.45774650821304164
536,0.7512970944883568
537,0.744930734684135
538,0.6422368415534896
539,0.20901573964744458
540,0.0790319088413316
541,0.20504962378518066
542,0.24609033874178898
543,0.17586989835947087
544,0.3998409221038335
545,0.36851716958457015
546,0.3052656321657521
547,0.3037834608110135
548,0.43619509290826475
549,0.39604681033260647
550,0.3869287366462526
551,0.47369607230394184
552,0.5395003287858025
553,0.8359971392610133
554,0.9379102340705492
555,0.8901833645037938
556,0.26070100570259047
557,0.3751254013791394
558,0.3287123723478613
559,0.3306414791677925
560,0.17870396507433384
561,0.21805200747178066
562,0.27395437827471003
563,0.1844102113077506
564,0.2086816831038174
565,0.3006017215486656
566,0.14512214915916033
567,0.07361914934331804
568,-0.16839379998121462
569,-0.28959729185426
570,-0.2985068899168386
571,-0.4237565084002193
572,-0.5353920541250945
573,-0.4096509598895848
574,-0.39154390712554665
575,-0.42728797100992644
576,-0.1729114052165026
577,-0.1426807390420115
578,-0.2555894321391694
579,0.13715343506131017
580,0.33989576566912927
581,0.2948820510426886
582,-0.2244290735888499
583,-0.25192540126672824
584,-0.26959175698499926
585,-0.1764193644971601
586,-0.06717999404963759
587,-0.5436907156727067
588,-0.4708283929799162
589,-0.4405843524300401
590,-0.39184609352606037
591,-0.6570914209539924
592,-0.4224127905924302
593,-0.13760181233254398
594,-0.41514309076058353
595,-0.13290124112604884
596,-0.32988406527053593
597,-0.7185221795817043
598,-0.7337111406592212
599,-0.22316223214292608
600,-0.016270064039125565
601,-0.050279008820297566
602,-0.04391518549823337
603,0.23301104680435447
604,0.2551959628919187
605,-0.43984124885563247
606,-0.38948620046219684
607,-0.38980921185960415
608,-0.3973330768981653
609,-0.4505627015764624
610,-0.34095964887065344
611,-0.9968362090006289
612,-1.1521007827513752
613,-1.1352218612127873
614,-0.6847497201849961
615,-0.5945323472421271
616,-0.6582189905022351
617,-0.973322413164246
618,-0.8494472257915331
619,-0.7989923185885761
620,-0.8844691806371263
621,-0.7808671055741012
622,-0.7832385198887404
623,-0.6653866322680502
624,-0.807254149433978
625,-1.6032488502305542
626,-1.5555430055357533
627,-1.0262612105902624
628,-0.8644717865908036
629,-0.8474353150240699
630,-0.873599784991197
631,-0.9882569829524401
632,-0.8122174246359193
633,-0.7324564488278118
634,-0.6495834976051773
635,-0.3433124175380775
636,-0.19831244039316687
637,-0.1813125898976864
638,-0.2658410365282138
639,0.06963593392455003
640,-0.47982791763736543
641,0.44719844941869535
642,0.18146607826945438
643,0.10713221456466471
644,0.4932945318822046
645,0.49614002657072387
646,1.072859418279859
647,1.1520374762433727
648,1.1374933121961694
649,1.625275540432125
650,1.6821626494196718
651,1.6365729921213212
652,1.7044663709298469
653,1.4121807395185648
654,1.4510125531943752
655,1.2707917934024593
656,1.0405982282075232
657,1.1376770317941043
658,1.1060422879953347
659,1.0980814317285814
660,0.4983782632783873
661,0.33676478546547095
662,0.17710122100667025
663,0.34516715675054765
664,0.27717824113513423
665,0.7004940564570683
666,0.9948656491285179
667,0.864345126539745
668,0.854783902816636
669,0.8070895294462144
670,1.1218847033711787
671,1.5283305290666682
672,1.7390747244268923
673,1.7206975303549754
674,1.9814806675205965
675,2.653598124233314
676,2.774847426928506
677,2.855461332855147
678,2.7436165212585406
679,3.333168297932576
680,3.6374480224671046
681,3.720677758005775
682,3.24169461902144
683,3.201067340650532
684,2.9269339325017185
685,2.9648093639341733
686,2.932337082491987
687,2.8668366985430627
688,2.9018062669480704
689,2.886014783144031
690,2.9965531278497215
691,3.0238761006976977
692,3.1625022967487926
693,2.758320164425254
694,2.7563715420568347
695,2.5115843984178765
696,2.7086432724567233
697,2.980218861548023
698,2.9338977249605547
699,2.8249043143435237
700,2.5210250155291103
701,2.8978289552241465
702,2.8951358267720106
703,2.9151813820865735
704,2.7269868138299014
705,2.7606467612624863
706,3.221842761339988
707,3.187306593569539
708,2.6962170288573617
709,2.7228004159405517
710,2.434720799661938
711,2.2162400383542336
712,2.492046526837677
713,2.5798756744868756
714,2.524509342718728
715,2.514490908251643
716,2.626367082474257
717,2.585589363410823
718,2.4472194797430458
719,2.326343550926069
720,2.323079975670206
721,1.9524863896276168
722,1.8503461004418575
723,1.611812604592422
724,2.151791033241679
725,2.185205580775218
726,2.7850149272192537
727,3.2228054458052657
728,3.2937000448667098
729,3.0692343277688217
730,2.9450278336873525
731,2.7658565274975677
732,2.966103670356768
733,2.9279846944422427
734,2.8904711324738486
735,3.0031785432342195
736,2.7838456756375862
737,3.1880423352696363
738,3.6010879811400276
739,3.5455350851568923
740,3.6138472979231784
741,3.5887226547062445
742,3.490383277750575
743,3.3100988371813855
744,3.874856356392753
745,3.694948565877243
746,3.6607189518643946
747,3.8059388935707927
748,3.89846283218771
749,3.8881509995026597
750,3.8707897978746075
751,3.903997131913539
752,3.908782272228639
753,4.0375357985513505
754,4.296812574347686
755,4.738697828338934
756,4.99645233204824
757,4.937450200627347
758,4.989742613771275
759,4.925256151288426
760,5.094547279723072
761,5.558137199759083
762,5.5496318773920805
763,5.5767643518799925
764,5.554960742479453
765,5.477326046456477
766,5.484909113671388
767,5.788841358790142
768,5.415850045404769
769,5.3019284899678
770,5.85195443779396
771,5.672744881534264
772,5.391418478423637
773,5.60082385943137
774,5.437016195773214
775,4.533554955795305
776,3.63226751222685
777,3.6950145736481366
778,3.6369058942827825
779,2.6262000105103267
780,2.2971470791491644
781,3.5169133092334715
782,3.5506629770659215
783,4.251623687522255
784,4.703708389456573
785,4.730083698677001
786,4.696248791648849
787,4.802255439915215
788,4.295540120998487
789,4.447573748453459
790,4.337188005105741
791,4.104682517203617
792,3.9216147238499532
793,3.4484763117420325
794,3.408775900548333
795,3.785998301639637
796,3.98594553743441
797,3.959684521111906
798,4.438743370483245
799,4.519354000107034
800,5.049931693260801
801,4.826847024277514
802,5.593309897065679
803,5.82561189709776
804,5.658325422443622
805,5.002552735332033
806,4.930881562372713
807,5.447833773210542
808,5.22428047994381
809,4.899074832762129
810,5.486858650529736
811,5.090394592628655
812,5.031100275257883
813,5.339479194591568
814,5.449949375031493
815,5.129334034446309
816,5.162721284979788
817,5.15494664900471
818,5.030957014815662
819,5.646394919864051
820,6.008874824418142
821,5.829362311327779
822,5.716476727373965
823,5.959181885536036
824,6.005854673980582
825,5.998647909747468
826,6.0029391589517145
827,5.988884719701604
828,5.943098429932192
829,5.859510212035901
830,6.096329654708965
831,6.096329654708965
832,6.597837339024593
833,7.09608769794956
834,7.129924862242554
835,7.060068869523262
836,6.911241886488906
837,6.619853762096595
838,6.713231413203058
839,6.792989212988432
840,6.975077597597812
841,7.061282360867649
842,7.746241437956658
843,7.98907421244901
844,7.763757001963811
845,7.5045127999668
846,7.782905118101602
847,7.588197576030953
848,6.73210689609316
849,6.337129651752549
850,6.566567084438502
851,6.3225699498494325
852,6.060235230549793
853,6.779396848008501
854,6.641459722672982
855,6.392400776463614
856,6.698459708256865
857,7.141553994851746
858,8.49448572463871
859,8.446859012417196
860,8.293256617949552
861,8.18643955779419
862,8.347937185736033
863,8.292905753863987
864,8.172732739937505
865,8.31256485872971
866,8.33872040472805
867,8.10994410250494
868,8.449571257947564
869,8.228713708796565
870,8.315581604194723
871,8.087894406034192
872,8.190781413828429
873,7.815244094965501
874,7.820319407644738
875,7.405797925043811
876,6.98448961241771
877,7.128968408266911
878,7.248458475812813
879,7.4605906891427765
880,7.687594776246365
881,8.032167244549381
882,7.848645485245842
883,7.6596342269693585
884,7.66594272896528
885,7.494684910047389
886,7.253173025038628
887,7.340844056440554
888,7.534173821832235
889,7.540633949052045
890,7.431915350246809
891,7.546714967509716
892,7.527633911845255
893,7.460119372432317
894,8.105754739290315
895,8.028981321045725
896,7.868899148499464
897,7.876449917913342
898,7.952163283071534
899,7.622528560219277
900,7.461178805535429
901,7.395505208266462
902,7.333100974681561
903,7.157115888286247
904,7.455038566743766
905,7.336226932853829
906,7.130071494246515
907,6.652432660923746
908,7.0193565868946095
909,6.45418668595743
910,6.530709906914556
911,7.088278492419375
912,6.847611801428677
913,7.1091091742192525
914,6.755204365002432
915,6.558412363218746
916,6.680464961349397
917,6.747102156287954
918,6.647395317839089
919,6.804528071798233
920,6.719264874850994
921,6.769967462104476
922,6.88501726591193
923,6.006475096675112
924,6.054058504578985
925,6.195260712007156
926,6.1718783590387405
927,6.1744565257131345
928,6.586573356306391
929,6.891895655331259
930,6.496901041396597
931,6.5822943674678
932,7.076691622764564
933,7.412939489519466
934,7.5985676678626435
935,7.048840279712443
936,7.001303084473243
937,7.000662483597964
938,7.23291817729439
939,7.315057994416452
940,7.247443336616111
941,7.149476457173454
942,7.14140378501642
943,6.852638472501482
944,6.716120879238252
945,6.623471050983465
946,6.607256009670093
947,5.659108157067716
948,5.752851857308872
949,6.2271737676762084
950,6.2826571458521885
951,6.8320927982026936
952,6.821128921806996
953,6.40124415438732
954,6.7008844923022615
955,6.594309402358189
956,6.121129949479265
957,6.082559753410854
958,5.985974959078777
959,5.8341148723976
960,5.584322530349128
961,5.467965058806468
962,5.706099245346863
963,6.661627854353758
964,6.38046779463175
965,6.154742248969147
966,6.597387831271084
967,6.7030749734160455
968,6.602494545859394
969,6.529634294571007
970,6.167778668973045
971,5.5799393086204185
972,6.061144279565411
973,5.783000701736296
974,6.637543786501809
975,6.57289130700176
976,6.237525570796931
977,7.100339841360004
978,6.915876555760492
979,7.718580886886661
980,7.691445428452526
981,7.7374961439999
982,7.409131127483204
983,7.597824939790687
984,8.010542757757966
985,7.783997246516594
986,7.739463055137796
987,7.756615032068459
988,7.718970812662906
989,8.09162813326072
990,8.428390907220473
991,8.273630369052087
992,8.226805265407556
993,8.11810033386713
994,8.501464572232509
995,7.810493689275222
996,7.719522279035518
997,7.6682026412478566
998,7.592646020146576
999,7.862671118225784
1000,7.790945832494289
1001,9.876992215974244
1002,9.962815850210927
1003,8.26570264601636
1004,8.485592992716583
1005,8.69600123837464
1006,8.8169047787515
1007,9.201457464454045
1008,9.497839865074887
1009,9.31709159528844
1010,10.081019932160284
1011,10.133954929070143
1012,10.287506053022755
1013,10.101445592500724
1014,10.33714000560073
1015,10.212094946925298
1016,9.127093567766709
1017,9.127590683585819
1018,8.997662131774309
1019,8.824795051826895
1020,8.781253078461827
1021,8.925516120525835
1022,8.784989892615446
1023,8.861365322960735
1024,8.603298379406631
1025,8.497410998302923
1026,8.136238433359622
1027,7.713629316253212
1028,7.8697422648613236
1029,7.816505727197498
1030,7.8506220978378005
1031,8.061527370001343
1032,8.010010546716462
1033,8.116175408320391
1034,8.173275389473966
1035,8.03089511040378
1036,9.175935672602797
1037,8.85577701274116
1038,8.25399946237102
1039,8.538308638924818
1040,8.482228875345864
1041,8.35635024131902
1042,7.857477558027393
1043,7.824010372194312
1044,8.307453390367424
1045,8.603128576608654
1046,8.251000394931518
1047,7.552691546753687
1048,7.741814528219404
1049,7.866685118121852
1050,7.908326255105003
1051,8.163443987166463
1052,8.740704701284852
1053,8.821211511810322
1054,8.582375202006576
1055,8.62735559968215
1056,8.544265900286252
1057,8.426368220694403
1058,8.399939904161148
1059,8.58653197694883
1060,8.465912388156504
1061,8.508421678279522
1062,8.813411467605459
1063,8.977298135724032
1064,9.008363917934247
1065,9.086908370898295
1066,9.248225145163481
1067,9.06242608347645
1068,9.242536211439333
1069,9.026357650129668
1070,8.566077124114614
1071,8.289653668285712
1072,8.220215967170862
1073,8.133591872399325
1074,8.118859349699337
1075,8.252360148013892
1076,7.843167554139963
1077,7.817621896317228
1078,7.463353871552081
1079,7.215322752437658
1080,6.974148246726575
1081,6.9832596150047666
1082,7.0619097976316825
1083,7.088557052737188
1084,6.965784062453251
1085,7.031696234039764
1086,6.535753592967719
1087,6.405028397863921
1088,6.293774424438658
1089,6.095326916811206
1090,5.6149436109866
1091,5.591446980599923
1092,4.966046232837096
1093,5.187094352535815
1094,5.210424657917967
1095,5.3028720269841845
1096,3.7929897754134467
1097,3.552140062219289
1098,3.463846146284655
1099,3.580847910735696
1100,2.7706672740893223
1101,2.908443276798578
1102,2.4591888856022592
1103,2.2979634695204254
1104,2.1057344286169233
1105,2.2617601804845178
1106,2.239837974873904
1107,2.2993334550415856
1108,2.1756016708919246
1109,2.104843878199447
1110,2.51741258978031
1111,2.4456673693123987
1112,1.9250390049962762
1113,1.5786696456263405
1114,3.0077340769818273
1115,2.8278940740442904
1116,2.719814278823085
1117,2.929431392164128
1118,3.027085017212938
1119,3.2417483472976905
1120,3.1751946326832536
1121,3.4487365901275213
1122,3.335371053051639
1123,3.6507605352702033
1124,3.4888126773432893
1125,3.675591976886694
1126,3.8015528917532126
1127,3.827480263287386
1128,3.9674235972434246
1129,3.7766344949276887
1130,3.7787122538334827
1131,3.870017075764798
1132,3.956577638125136
1133,4.12845407138247
1134,4.00381583146765
1135,3.90765551391965
1136,3.8983230039092875
1137,3.7658987611056682
1138,3.819936867329665
1139,3.560056320796301
1140,2.868294569707852
1141,2.8643359109443933
1142,2.9241564708110124
1143,2.924901479252262
1144,2.9979092352766967
1145,2.92403227337108
1146,2.8466882092329504
1147,2.6246619968778973
1148,2.0971396283503863
1149,2.0077145852435363
1150,1.6029581542954086
1151,2.3986465131507817
1152,2.3553351833084157
1153,2.6649068193221215
1154,2.06619679866189
1155,1.8585067653495546
1156,2.0713680518292144
1157,1.8873186514373197
1158,1.9067608508500866
1159,1.9628090301788914
1160,2.5642675705527695
1161,2.6308785848662364
1162,2.6892355183781635
1163,2.378950026697324
1164,2.1327927929623014
1165,2.343261999867896
1166,2.629829970052233
1167,2.619663993652921
1168,2.6654193006487636
1169,3.079631023437135
1170,3.02494621639664
1171,3.0445810241879423
1172,3.3240320536809254
1173,3.1353311889490643
1174,3.0062635769524615
1175,3.147706729109756
1176,3.6560751639010736
1177,3.699280789035342
1178,3.5163231236813086
1179,3.635863991431476
1180,3.0041027679268195
1181,2.6802803592986812
1182,2.879863390604287
1183,2.8447849939947645
1184,2.5987342468483776
1185,2.223148946647835
1186,2.3483565560303843
1187,2.395720438182214
1188,2.003355363701309
1189,1.9961689182806053
1190,1.447189822688788
1191,1.437507121499637
1192,1.401871930480092
1193,1.2940866637263015
1194,1.21569751486168
1195,0.4316751054383783
1196,0.6694085687619644
1197,1.651767471753307
1198,1.9985591017690485
1199,1.9629003593199634
1200,2.7522608707713836
1201,2.8099432800185786
1202,3.0029767613305225
1203,2.865046082107381
1204,2.892243952687279
1205,2.868302157188851
1206,2.9844147942178045
1207,1.862552192034217
1208,1.5708372265064163
1209,1.8361222902990804
1210,1.6601163668684915
1211,1.8097336524044882
1212,2.0296859654042487
1213,2.760905204865405
1214,3.066400932108615
1215,2.4966152282735576
1216,2.4824593050522425
1217,2.9242775461445936
1218,3.145608325809479
1219,2.7801092700120433
1220,2.400133912128477
1221,2.5201239469435865
1222,2.33687856059559
1223,2.0027882586827417
1224,2.382181974815789
1225,2.836772806155463
1226,2.8679135573790315
1227,3.160358544709263
1228,3.3435249783309917
1229,3.513611223765545
1230,3.1473287405752615
1231,3.064601928506505
1232,3.2353719069962095
1233,3.7521354255865003
1234,3.4779964308293554
1235,3.6512240414027897
1236,4.051760658906511
1237,4.09824976336417
1238,3.545845516392321
1239,3.5367636736630903
1240,3.807596359110943
1241,3.8655529716325354
1242,3.7779519945311035
1243,4.271330650556893
1244,4.5164802801815895
1245,4.734627827963922
1246,4.805656823656146
1247,4.939462963724339
1248,4.77773837589226
1249,4.831214102943293
1250,4.864939538358204
1251,4.4576632444642605
1252,4.492829381177277
