,Portfolio Value
0,11946.025715310952
1,11940.051917874422
2,11764.81270272932
3,11786.855241991303
4,11718.548319257734
5,11642.397759612406
6,11649.617186468671
7,11550.188428623462
8,11551.294025476242
9,11569.161289667594
10,11588.288963352603
11,11674.023270971682
12,11684.203319233133
13,11699.147005178625
14,11654.011505049039
15,11670.300115912814
16,11648.549970727065
17,11629.472579751557
18,11599.29439489344
19,11629.090666809687
20,11649.037368204901
21,11705.33891155334
22,11755.673486609441
23,11734.431780918461
24,11776.72526564915
25,11844.716816950422
26,11819.664583323243
27,11691.85157982619
28,11739.644195741781
29,11719.263970206086
30,11688.284963675247
31,11687.03661634963
32,11741.793995461105
33,11689.58498180762
34,11713.556061355648
35,11651.577082011638
36,11677.63627793163
37,11666.039773919812
38,11663.603919919951
39,11708.96020109113
40,11716.463171835047
41,11746.708514863312
42,11658.422695200934
43,11625.725819122246
44,11519.660286605205
45,11455.60349861228
46,11451.922599243326
47,11466.204521416326
48,11484.649451190178
49,11412.537167619646
50,11676.089381988879
51,11696.602146234121
52,11764.129299935765
53,11783.83680072561
54,11745.917273988625
55,11661.395339827475
56,11646.046540566122
57,11669.82751302109
58,11696.894858941667
59,11696.956331828553
60,11686.239889755267
61,11664.192345397685
62,11650.146635834772
63,11670.543808975175
64,11792.834200181747
65,11907.89379396091
66,11885.071120333308
67,11892.107322658623
68,11865.783838768046
69,11909.708141965453
70,11819.0897278854
71,11825.731497913599
72,11829.131582450651
73,11843.546189516026
74,12002.927676732812
75,12012.42964193302
76,12092.176892709038
77,12117.019408724811
78,12081.504886964394
79,12078.423539889942
80,11945.24922925079
81,11955.50396416371
82,11962.553456278829
83,11778.173994201057
84,11740.08546393981
85,11738.311727870157
86,11777.969238622154
87,11767.677795245685
88,11704.383227548065
89,11739.201963430698
90,11745.859587331484
91,11791.45338173304
92,11737.294736923002
93,11733.583762369035
94,11757.974988015983
95,11981.495901614528
96,12041.128360868637
97,11992.604035133596
98,12016.272236223427
99,11996.05516632274
100,11994.625738725199
101,12092.652208928333
102,12167.897451588353
103,12281.850080496364
104,12275.239314711798
105,12239.494135246268
106,12182.938591228885
107,12170.670225114443
108,12220.829520128726
109,12227.626990755516
110,12200.550474987987
111,12078.16426673291
112,12070.708458447662
113,12117.713086907079
114,12117.15905610946
115,12126.052417844738
116,12146.837387712578
117,12188.217436952424
118,12148.20209888439
119,12117.168402637077
120,11965.630190981397
121,11941.298126355157
122,11897.928785298904
123,11926.874958790588
124,11903.535140522039
125,11705.90283475745
126,11661.852666266266
127,11614.44644085686
128,11730.409923677937
129,11764.154858653897
130,11879.058312613732
131,11828.448515313547
132,11721.65164659529
133,11840.99300337253
134,11846.065922125368
135,11846.671553786182
136,11873.252773812075
137,11936.548221342362
138,11938.288753395374
139,11906.74767164649
140,11763.598419137696
141,10931.314743347544
142,10947.713000115076
143,10975.020452900264
144,10968.60530825291
145,10893.747779454
146,10905.40851907367
147,10884.067447034264
148,10878.552311151885
149,10859.62707458239
150,10904.874901572482
151,10828.840590430484
152,10814.2624258912
153,10837.017968503354
154,10871.504654469034
155,10882.486778130336
156,10835.419437796405
157,10697.763450804236
158,10542.800904297397
159,10456.085214263408
160,10275.508000500735
161,10214.096075743177
162,10345.839139566719
163,10578.815853265742
164,10571.80333462512
165,10517.076048148148
166,10418.80214949893
167,10506.715186784379
168,10534.03783251343
169,10499.410696414317
170,10561.195810612524
171,10611.674302312029
172,10487.329870741643
173,10450.307779542223
174,10418.592207856536
175,10421.999985018147
176,10585.791293992965
177,10569.855533726379
178,10488.420103443183
179,10443.359032622107
180,10312.879133687758
181,10274.225713638658
182,10167.995685556616
183,10195.044169090925
184,10170.22345048074
185,10216.889475785476
186,10351.55018750918
187,10252.191073965281
188,10524.996287483697
189,10539.392817722326
190,10582.521038613142
191,10639.991740252994
192,10571.123171512383
193,10678.056150375143
194,10720.123899825008
195,10845.857211501108
196,10749.750313364344
197,10800.753941096726
198,10804.71838141309
199,10793.266191440553
200,10766.136509260497
201,10669.861569394527
202,10611.976237367893
203,10652.699448187368
204,10703.162870044735
205,10851.825613880372
206,10934.837913285637
207,10808.42742748305
208,11059.487270897564
209,11149.854322713667
210,11102.65832380861
211,11148.065752112996
212,11155.792380871428
213,11162.061366888647
214,11090.214381178248
215,11120.035286453236
216,11141.421195276911
217,11117.216298139409
218,11061.09813464402
219,11099.326847752847
220,11071.745323379491
221,11225.912057293097
222,11477.63637619506
223,11448.486369432965
224,11512.076937445187
225,11485.804962595072
226,11437.176027631043
227,11522.903829389294
228,11609.095239536686
229,11613.119139854422
230,11599.371498859047
231,11659.578208604808
232,11665.964318161838
233,11662.092948391299
234,11584.87665172437
235,11596.500779570451
236,11577.163935026238
237,11537.780368654774
238,11447.761858514
239,11474.820805253925
240,11482.536218487849
241,11398.940287025845
242,11322.324738454066
243,11432.841120341118
244,11477.154656551944
245,11535.072374177296
246,11501.631941851514
247,11493.386564083878
248,11537.966627210055
249,11479.66439853881
250,11452.121311225692
251,11349.350100736798
252,11373.217041731938
253,11314.371405568956
254,11243.951553807137
255,11171.273888942917
256,11258.808645571484
257,11348.749362248745
258,11214.370145766818
259,11308.167255929744
260,10866.090697241827
261,10915.280720578685
262,10833.906137860546
263,10879.159614407126
264,10971.178849346254
265,10953.403665086367
266,10967.084615504175
267,10834.616134756532
268,10845.321728292412
269,10905.002904799292
270,10890.785985369917
271,10560.547601388284
272,10486.294289750023
273,10608.173303295807
274,10499.020746523263
275,10437.372871217529
276,10362.050195495338
277,10439.874388823873
278,10346.023460253495
279,10556.243022700808
280,10647.09268965658
281,10704.105308756909
282,10819.420829152044
283,10824.3165384737
284,10941.12416441356
285,10835.051454210767
286,10863.787764572224
287,10875.859213296819
288,11103.44846115128
289,11126.268239690118
290,11198.572451974995
291,11222.627898959538
292,11280.513830068241
293,11307.077422648308
294,11310.349056051593
295,11234.958840644173
296,11381.131052605375
297,11373.238033529764
298,11517.240273657873
299,11498.627888696927
300,11464.372166810492
301,11518.616161389795
302,11517.177333767144
303,11567.43276080089
304,11561.389738695205
305,11573.654260688705
306,11513.723391948144
307,11517.84162087227
308,11519.932998969618
309,11566.460706482509
310,11590.167765582002
311,11575.587805840667
312,11564.79705295805
313,11533.89303115238
314,11350.021109346793
315,11374.509560554952
316,11243.346348926563
317,11314.644113272005
318,11372.642365170883
319,11437.310133937137
320,11494.474319963128
321,11506.004803854721
322,11495.908503168564
323,11470.263143327798
324,11577.827292616535
325,11574.89289393248
326,11556.818956177984
327,11530.768761710515
328,11547.126894857553
329,11551.067984655228
330,11525.375122379473
331,11508.975243518757
332,11582.763418219985
333,11578.264521440055
334,11416.065184441388
335,11419.195782152605
336,11375.425750981249
337,11287.864505687689
338,11210.740231454743
339,11154.288772904907
340,11107.211811775349
341,11050.09284925009
342,11162.235101735467
343,11342.142435330008
344,11422.103585651412
345,11389.01068816649
346,11345.625352248731
347,11372.091575181286
348,11346.029564371958
349,11403.506631631322
350,11426.358895502635
351,11462.434963323365
352,11617.240513427188
353,11539.776283410198
354,11465.75239447803
355,11492.01815380778
356,11465.228136633901
357,11492.881764396472
358,11498.715984208215
359,11484.630521722493
360,11482.660665385272
361,11382.115181761716
362,11393.05113876471
363,11238.830711774957
364,11236.624027321343
365,11299.850176978667
366,11314.14679773969
367,11363.864567282237
368,11385.52365185736
369,11384.70897946313
370,11438.180597768125
371,11338.673659244636
372,11257.624969191093
373,11348.432370537721
374,11508.735647496576
375,11584.348039532335
376,11618.654511966359
377,11548.872542539286
378,11524.696295369915
379,11571.123965662635
380,11467.719588027285
381,11563.377048324779
382,11516.821395127941
383,11494.516123097981
384,11473.068798435252
385,11534.436265308732
386,11540.82020637913
387,11453.488632575687
388,11434.973907468438
389,11431.303427049697
390,11414.494225772192
391,11419.377088669527
392,11435.798049540692
393,11464.582030127638
394,11483.52438662506
395,11339.258395553064
396,11396.65868742926
397,11330.63035637444
398,11351.985425350347
399,11380.221645517551
400,11487.521884249218
401,11466.564669381609
402,11575.7179453034
403,11647.484078044792
404,11683.62014413399
405,11640.22155194588
406,11685.43746416909
407,11674.247071356209
408,11613.44223484169
409,11658.784410918513
410,11583.281387074117
411,11524.03815993817
412,11537.615930624397
413,11493.79049700027
414,11510.55755328619
415,11519.33208609089
416,11518.377302041188
417,11518.971511240385
418,11408.914520511622
419,11438.684537521634
420,11537.18061556709
421,11653.720414211517
422,11693.80768369321
423,11714.46263247166
424,11602.771551591833
425,11593.313420244704
426,11543.933031241098
427,11537.765980334625
428,11683.10662312238
429,11633.230609893066
430,11653.628880033464
431,11667.28858680277
432,11812.74380645827
433,11850.118909297988
434,11780.988002913953
435,11741.462555232683
436,11793.801818484091
437,11774.056015424234
438,11715.229151487463
439,11733.376830513556
440,11729.468887698225
441,11774.845733482434
442,11775.3318733571
443,11757.638037916675
444,11734.643840214094
445,11743.625986071938
446,11607.769737439909
447,11605.520375877823
448,11577.364173319698
449,11530.188126765488
450,11525.9248065879
451,11534.285264589054
452,11480.731496045633
453,11494.958334946328
454,11423.874978934497
455,11528.37455014502
456,11442.401849489728
457,11364.222225540116
458,11345.403986963605
459,11350.123412505187
460,11319.185186041203
461,11287.613684371983
462,11212.350523263198
463,11210.289367159767
464,11188.388530403208
465,11335.404495703147
466,11291.70521884074
467,11250.634637817206
468,11137.36243900049
469,11123.89051215795
470,11057.677529926365
471,11128.756962685875
472,11208.706259546449
473,11257.508875923128
474,11192.147545296972
475,11286.696723280395
476,11394.919523599787
477,11431.47765778309
478,11425.034261121567
479,11425.724096415115
480,11478.594092943064
481,11429.896638784994
482,11362.77301338382
483,11334.833233759276
484,11411.252392884038
485,11420.492015405252
486,11482.65242999246
487,11468.646018675507
488,11497.244060193556
489,11411.960447495356
490,11478.464304046354
491,11450.43818200536
492,11361.25924583687
493,11342.343800242936
494,11355.816493208766
495,11374.874176678892
496,11338.827990518901
497,11301.35104684356
498,11343.184645118976
499,11361.673487602595
500,11343.410263209931
501,11370.337526243078
502,11330.466590983238
503,11389.088769336382
504,11470.898682385287
505,11592.852303981785
506,11570.027310824014
507,11697.726702765975
508,11812.140192745243
509,11803.259104247643
510,11789.637202708273
511,11822.279617060181
512,11816.593597980023
513,11794.168677323152
514,11793.9435883315
515,11778.192181994777
516,11746.147747336676
517,11746.211626265751
518,11753.786612633328
519,11724.842647372914
520,11688.230752807398
521,11712.331130562965
522,11782.966429558543
523,11753.05100634444
524,11773.205539241138
525,11796.152601650028
526,11824.043703899719
527,11859.703468623236
528,12109.169740063408
529,12203.752748564988
530,12212.656610554246
531,12259.501297557166
532,12312.210224307455
533,12283.368314293664
534,12314.406222835356
535,12259.756779236084
536,12272.890557649984
537,12267.973727514025
538,12248.787801499806
539,12083.713320477997
540,12042.265796271127
541,12074.841928862992
542,12085.578812736243
543,12073.205419036465
544,12074.512598882968
545,12070.628467754339
546,12074.960332899656
547,12075.218568230695
548,12085.94539421391
549,12088.673922033413
550,12087.184101018047
551,12107.410305153682
552,12110.032591497387
553,12175.590210552238
554,12201.910987205438
555,12195.979935132715
556,12078.81556176693
557,12052.605831023528
558,12052.761240657812
559,12029.339860331853
560,12015.001017046958
561,12047.068790214576
562,12077.159307062913
563,12056.18231315175
564,12060.878383561801
565,12050.393879913765
566,12054.99361256315
567,12027.832783090142
568,12007.091533024282
569,11963.096889215552
570,12000.429482338004
571,11977.085043123028
572,11970.117950682921
573,11983.617727102177
574,11998.692067348647
575,11986.257699912285
576,12036.937475801176
577,12041.604989031177
578,12030.287270395691
579,12091.181415624196
580,12195.309785015234
581,12184.238530116738
582,12188.21349743526
583,12205.133315254714
584,12202.292555478296
585,12221.125165904974
586,12238.295864825717
587,12171.626284202292
588,12209.532297934009
589,12224.295381840519
590,12221.078258247404
591,12216.434420412807
592,12243.70482481013
593,12321.691493739023
594,12307.849035220708
595,12527.362447370393
596,12475.472021058298
597,12444.902523882312
598,12462.515586330004
599,12651.094552531898
600,12666.362990418373
601,12638.443537894636
602,12657.364349180283
603,12685.95927132008
604,12686.312541752115
605,12585.936017950684
606,12608.130050458807
607,12612.118372743349
608,12611.045594103154
609,12587.372274438763
610,12623.755270215033
611,12593.126271260166
612,12505.738466353594
613,12504.018044492785
614,12569.469023486768
615,12583.401068538795
616,12578.529606596405
617,12500.895386221699
618,12583.256947657253
619,12599.349529085586
620,12582.391872309392
621,12602.699872551724
622,12598.699191033518
623,12612.199017088042
624,12615.538330342646
625,12578.92373648296
626,12605.568140487168
627,12659.11566254928
628,12716.362275963596
629,12921.608737150207
630,12892.48333716935
631,12871.395925997105
632,12913.118707308156
633,12924.725803590718
634,12995.886935688086
635,13056.911952345632
636,13083.259481963318
637,13089.92661611061
638,13116.988414180996
639,13184.862491393083
640,13016.516323122356
641,13187.286048414582
642,13151.742009472317
643,13106.300460512086
644,13254.416510669744
645,13253.327098695741
646,13345.586035310145
647,13544.12445844631
648,13532.71664079437
649,13532.903749143146
650,13547.1687228307
651,13542.78532103991
652,13550.183514398916
653,13529.519850712753
654,13554.98332403995
655,13389.694569346151
656,13364.00355897402
657,13372.107582113284
658,13371.002733818485
659,13364.664266158039
660,13291.136506167708
661,13284.975066112953
662,13280.032053562378
663,13309.787461265234
664,13288.958149149881
665,13308.291297019317
666,13343.010922011057
667,13238.076954505535
668,13237.690284862434
669,13269.54842100401
670,13348.234149710619
671,13485.362034644313
672,13515.887221919622
673,13509.583314616228
674,13602.548756018401
675,13684.552684774164
676,13786.842824984391
677,13900.217954939748
678,13888.934705272926
679,13996.232296627639
680,14015.084088997362
681,14020.004592648605
682,13992.527772531774
683,13981.21699517813
684,13980.520328679464
685,13990.015875960857
686,13945.59644014604
687,13918.601619877327
688,13978.623616621433
689,13958.094398890913
690,13989.194805681323
691,14006.10435405792
692,14039.89032240163
693,13988.12701338253
694,13944.155305128685
695,13991.799288191858
696,14049.724685170577
697,14134.640692427227
698,14131.249974729299
699,14100.038431728157
700,14081.084074549213
701,14211.051175039522
702,14179.722956596233
703,14167.535831927375
704,14119.094221570522
705,14128.09950262885
706,14246.290627062488
707,14218.654891869246
708,14156.256018237513
709,14205.822462313003
710,13692.285060370325
711,13636.410943614057
712,13750.79994388326
713,13789.268976225318
714,13780.680181623338
715,13777.284388112372
716,13869.171672281464
717,13853.23585334238
718,13828.155130203839
719,13794.848961491803
720,13784.666152465228
721,13776.511838780956
722,13737.23979656093
723,13722.028423697046
724,13857.650918397809
725,13873.895194275909
726,13906.476373206213
727,13889.70388507853
728,13995.86940710098
729,13932.598284042971
730,13872.740801386833
731,13807.472099003448
732,13888.848716267388
733,13863.103625046355
734,13831.873852542394
735,13877.110038285742
736,13829.686248858037
737,13884.986198366481
738,14029.255007892234
739,13976.447733333556
740,13979.377011828836
741,13978.488771445407
742,13912.486153002032
743,13928.18024215719
744,14085.885522321434
745,13913.972481216359
746,13894.197266879744
747,13955.355223538909
748,13977.645717715419
749,13979.001214217213
750,13936.908383091077
751,13973.747364227222
752,13977.692195985366
753,14042.986726148914
754,14083.425867400845
755,14171.790572365664
756,14201.646670188262
757,14277.53611659495
758,14315.556818818543
759,14273.731156903174
760,14325.63833267081
761,14428.380330038937
762,14467.53357629608
763,14448.701404653926
764,14437.573434425227
765,14435.30962714722
766,14461.937426838744
767,14619.112872972159
768,14531.979016792833
769,14521.873774889367
770,14606.947004739426
771,14514.485146619132
772,14357.589287491264
773,14448.18367421459
774,14391.19736994343
775,14301.380857104445
776,14053.267148149544
777,14095.281880789978
778,13969.877511024202
779,13906.759409102653
780,13839.690608530593
781,14011.862996601247
782,14110.914867759919
783,14150.868177446197
784,14307.92646032654
785,14301.274837127869
786,14281.358204350458
787,14316.053229935145
788,14322.611661208975
789,14437.598471513082
790,14445.261149460017
791,14371.781565308056
792,14366.301421578022
793,14273.728891394938
794,14284.310393485182
795,14399.995689234012
796,14429.817088328939
797,14409.430527941551
798,14478.328814569093
799,14549.92286913541
800,14619.438581107672
801,14540.130731767122
802,14730.012526275426
803,14833.10572150003
804,14802.956453043065
805,14694.486501607635
806,14658.170591093383
807,14732.055039871366
808,14458.039953909614
809,14381.070285594596
810,14498.419931149778
811,14409.686037664178
812,14239.851732591816
813,14265.893648826986
814,14235.452025434004
815,14193.106674005177
816,14182.030580122298
817,14188.384083284112
818,14085.439585010736
819,14140.100812943117
820,14267.485420517318
821,14220.010328461458
822,14213.643948163906
823,14221.97528331535
824,14243.287368848018
825,14319.014543902542
826,14324.161222684012
827,14321.808820394335
828,14288.665010448085
829,14262.945809155919
830,14268.17458751382
831,14268.17458751382
832,14357.712155536889
833,14378.275177002693
834,14384.557414884224
835,14390.34992445898
836,14366.507273372872
837,14228.784433236024
838,14266.09745645484
839,14306.372607987116
840,14370.981893356584
841,14378.589066055456
842,14528.983169490617
843,14621.716735900503
844,14616.802992526085
845,14530.92528792297
846,14781.408010161378
847,14735.403532090742
848,14580.500098465214
849,14413.509002620009
850,14524.627351383519
851,14519.529661660705
852,14452.928653409856
853,14579.578853059867
854,14508.521651032825
855,14378.159874463105
856,14486.34227650307
857,14510.860796193838
858,14667.53027575539
859,14654.343926759788
860,14621.402840855375
861,14573.569259565034
862,14595.350419507757
863,14650.805555456323
864,14620.025901501933
865,14632.46023999799
866,14669.241296161063
867,14604.472396401336
868,14787.12552636379
869,14685.055591434377
870,14725.919559971702
871,14683.042409614383
872,14771.036084536743
873,14720.191547131908
874,14726.628099032985
875,14650.29739177369
876,14516.664362410249
877,14528.86654834664
878,14559.001626250756
879,14663.515644232388
880,14680.134512783592
881,14844.710056253865
882,15196.744070578163
883,15164.241476171419
884,15174.717593414913
885,15218.952868420783
886,15192.56220142298
887,15225.804034750898
888,15254.37636937442
889,15254.642200584607
890,15117.49909804976
891,15132.040802359139
892,15127.781913128752
893,15111.018499531292
894,15137.958337513053
895,15105.935649267034
896,15074.770371882923
897,15082.273811699444
898,15074.803723173309
899,14906.799346591817
900,14910.556827903985
901,14882.302224388788
902,14828.294303355959
903,14778.089823389157
904,14721.191761547352
905,14694.469820072194
906,14660.118851610963
907,14579.548090835398
908,14708.846066180393
909,14561.929407464155
910,14579.356377083486
911,14690.102244978714
912,14668.181612759521
913,14681.683016510597
914,14648.994102266195
915,14551.578299643876
916,14691.030197715376
917,14720.362412875827
918,14613.342664325633
919,14624.549378048867
920,14605.915619204927
921,14636.640552042352
922,14588.13793255556
923,14361.81840998838
924,14363.49667222927
925,14410.203949925046
926,14369.270441502318
927,14430.021912913291
928,14491.107819745945
929,14564.92695717826
930,14508.150137912788
931,14526.486461657534
932,14597.497202712419
933,14734.072086399858
934,14784.218644255012
935,14759.305376918703
936,14732.659890284787
937,14668.301641068527
938,14692.043201764085
939,14699.620884345562
940,14640.35427683928
941,14613.290074480856
942,14633.329010097405
943,14537.051745865301
944,14448.951440141414
945,14339.76756728458
946,14458.268811944254
947,14390.964505139911
948,14428.73581040126
949,14504.590886474321
950,14500.110729258893
951,14591.242699516053
952,14643.507668074739
953,14466.203914460317
954,14529.962273232606
955,14514.660935525977
956,14269.867629256198
957,14178.91675975281
958,14229.751440173213
959,14205.433240625753
960,14150.039789981607
961,14206.4007193412
962,14210.611126037813
963,14417.120327370409
964,14337.066190072232
965,14266.673532424204
966,14337.627702838243
967,14374.015668426731
968,14238.46357923873
969,14169.533064767133
970,14099.468952510913
971,14080.859442368932
972,14155.255798653057
973,14123.129687420182
974,14265.719280623729
975,14153.13018460833
976,14031.006322064593
977,14222.559599692158
978,14152.531741024653
979,14432.202260763099
980,14373.492375011716
981,14452.752692525324
982,14326.354974673446
983,14452.982336534547
984,14532.034592720918
985,14397.923613028333
986,14343.419552819467
987,14346.441476008287
988,14339.466853985145
989,14336.967031959279
990,14392.025381382022
991,14382.026616322995
992,14373.194043983562
993,14331.041608118592
994,14285.548972637263
995,14055.972261552462
996,13998.284845757807
997,13936.052263922502
998,13911.897361458476
999,13998.352512183417
1000,13932.565548927154
1001,14203.05111794581
1002,14242.203835334927
1003,13943.667821932957
1004,14029.776903693686
1005,14112.54721037584
1006,14158.87553022725
1007,14405.353784941017
1008,14475.044195882405
1009,14446.427143668936
1010,14433.927117743151
1011,14685.479447610225
1012,14726.33499323301
1013,14657.168708924677
1014,14702.83127319208
1015,14342.153274071428
1016,14366.697746701582
1017,14360.27192367477
1018,14475.742426030476
1019,14442.831199960392
1020,14416.594105587477
1021,14520.278321730273
1022,14409.187187635496
1023,14438.480014555053
1024,14495.715120047367
1025,14494.221614584802
1026,14461.49189151817
1027,14347.129113664036
1028,14324.60370325079
1029,14316.819001236885
1030,14361.634598744036
1031,14479.455277561097
1032,14415.076837045828
1033,14344.975594543701
1034,14352.756429784942
1035,14261.763283327473
1036,14450.115218907791
1037,14337.237196284146
1038,14311.664441762565
1039,14351.555655837961
1040,14314.691794549324
1041,14295.521783239634
1042,14244.558684571377
1043,14223.11979868928
1044,14382.815320033234
1045,14520.626431515393
1046,14456.529411477492
1047,14396.20429246003
1048,14450.64809152884
1049,14485.774060663181
1050,14509.44998680161
1051,14552.245777090686
1052,14688.921490120867
1053,14709.23896067199
1054,14498.932604659642
1055,14546.037011070643
1056,14518.804194128492
1057,14408.427522894426
1058,14359.63651760669
1059,14380.598585975358
1060,14283.62582871388
1061,14285.884406477031
1062,14348.982808368983
1063,14450.13927232329
1064,14477.246257127812
1065,14516.468709989169
1066,14590.772810959983
1067,14538.921590571668
1068,14580.131566254004
1069,14478.095593400583
1070,14423.117653695077
1071,14303.238694970249
1072,14299.424786999974
1073,14266.318299129658
1074,14269.405602163544
1075,14366.443678327087
1076,14344.110638594166
1077,14357.68632106478
1078,14332.26845641746
1079,14236.96151999132
1080,14195.961021482708
1081,14137.860901371563
1082,14150.759060245657
1083,14164.925983994279
1084,14130.802090613053
1085,14142.451704010247
1086,14089.019343055517
1087,14034.679770544952
1088,13978.506783777546
1089,13943.027760417895
1090,13860.682528591722
1091,13963.571990218166
1092,13763.557045621465
1093,13786.711680969825
1094,13806.044764118164
1095,13837.849163698782
1096,13497.403366159953
1097,13387.672067435173
1098,13414.453070175794
1099,13354.464158941037
1100,13203.310903575923
1101,13220.73306699086
1102,13171.945015596644
1103,13123.839476961288
1104,13115.197352376534
1105,13140.74164395176
1106,13102.082774877565
1107,13170.96703700066
1108,13178.363583256121
1109,13150.191007028665
1110,13220.86102723942
1111,13276.408542746802
1112,13185.846882317
1113,13119.5126079897
1114,13206.995878828404
1115,13036.278398370185
1116,13023.477650488267
1117,13080.45752812995
1118,13126.700071686046
1119,13190.828593846483
1120,13149.796552215463
1121,13183.30549933547
1122,13093.909551585955
1123,13142.435125742097
1124,13132.956554180437
1125,13147.423829316625
1126,13185.629958409121
1127,13230.638682294297
1128,13273.528326338046
1129,13272.04026688441
1130,13247.549055740656
1131,13311.114816120556
1132,13355.815309936843
1133,13387.536672932702
1134,13349.872439969038
1135,13359.380065775526
1136,13327.467149995115
1137,13295.475434400092
1138,13283.88482822189
1139,13237.907641585754
1140,13205.007491489998
1141,13193.18808389091
1142,13213.653126744006
1143,13196.073758158416
1144,13195.007361134365
1145,13173.248924875395
1146,13118.469509308203
1147,13023.071687191103
1148,12976.38706143093
1149,12943.226049773239
1150,12849.942918554367
1151,12891.878463466273
1152,12870.705399607117
1153,12905.553317366983
1154,12720.123183167485
1155,12680.248489645866
1156,12748.289336818134
1157,12583.037669400408
1158,12576.769261143916
1159,12591.651578557747
1160,12826.506849801259
1161,13037.122383870696
1162,13023.891093535409
1163,12952.777849599519
1164,12821.317509895242
1165,12831.059700402204
1166,12904.882753128048
1167,12900.523709377158
1168,12925.97098507237
1169,12960.80622799424
1170,12821.15494701816
1171,12841.77012210146
1172,12886.750920659324
1173,12825.270149712434
1174,12946.896624914632
1175,13204.972536479512
1176,13258.707362853522
1177,13284.194376104173
1178,13245.883055006121
1179,13294.063415812729
1180,13211.175853180075
1181,13175.405592128924
1182,13225.595230568917
1183,13189.116382395765
1184,13062.575621351565
1185,12890.356241218075
1186,12958.229068586641
1187,13038.707231313907
1188,12856.520623855868
1189,12872.801808020586
1190,12796.966790950182
1191,12758.529148676138
1192,12771.96143090753
1193,12747.32703734836
1194,12722.87244177903
1195,12659.650201062144
1196,12679.020841822196
1197,12790.263876102808
1198,12858.235696184587
1199,12830.29610563384
1200,12984.689856458603
1201,12989.220379795517
1202,12997.961947682217
1203,12833.784143869536
1204,12868.407460607754
1205,12872.64209527186
1206,12970.809314194357
1207,12843.156253576384
1208,12843.042302038004
1209,12876.642756948793
1210,12821.592663018408
1211,12829.386142649197
1212,12845.234496672463
1213,12872.229517483873
1214,13027.428753768487
1215,12968.996888602638
1216,12960.33413736185
1217,13012.532350591324
1218,13103.673751823499
1219,13016.300071076235
1220,13000.949906778455
1221,12976.89353992648
1222,12945.798739946173
1223,12888.950815567441
1224,12938.016336016804
1225,13081.132436406533
1226,13103.833220357043
1227,13172.240339478374
1228,13181.793444741807
1229,13284.41819650631
1230,13154.550054782236
1231,13132.018279553607
1232,13119.223482736283
1233,13145.295462226184
1234,13043.887514740067
1235,13047.829591092435
1236,13162.23645821079
1237,13168.036461775902
1238,13064.361568665823
1239,13066.521542251188
1240,13134.654936607294
1241,13199.850729184815
1242,13136.556133814109
1243,13262.523596151928
1244,13322.209374922659
1245,13399.102616064574
1246,13458.225779462358
1247,13517.52195260833
1248,13519.10682886835
1249,13547.320642311535
1250,13540.48535789706
1251,13516.022857312255
1252,13518.748776795766
