,Profitloss
0,-0.44978570574206733
1,-0.49956735104648153
2,-1.959894143922336
3,-1.7762063167391373
4,-2.3454306728522223
5,-2.9800186698966225
6,-2.919856779427743
7,-3.7484297614711504
8,-3.7392164543646578
9,-3.5903225861033783
10,-3.4309253053949718
11,-2.7164727419026535
12,-2.6316390063905626
13,-2.507108290178117
14,-2.883237457924681
15,-2.747499034059875
16,-2.928750243941125
17,-3.0877285020703638
18,-3.339213375887995
19,-3.090911109919281
20,-2.924688598292491
21,-2.4555090703888394
22,-2.036054278254662
23,-2.2130684923461597
24,-1.8606227862570934
25,-1.29402652541315
26,-1.5027951389729677
27,-2.5679035014484097
28,-2.1696317021518197
29,-2.339466914949284
30,-2.5976253027062746
31,-2.6080281970864205
32,-2.1517167044907914
33,-2.586791818269829
34,-2.3870328220362613
35,-2.9035243165696834
36,-2.6863643505697588
37,-2.783001884001568
38,-2.8033006673337413
39,-2.425331657573926
40,-2.3628069013746145
41,-2.1107623761390637
42,-2.8464775399922204
43,-3.1189515073146157
44,-4.002830944956626
45,-4.536637511564335
46,-4.567311672972285
47,-4.4482956548639425
48,-4.294587906748514
49,-4.895523603169616
50,-2.699255150092672
51,-2.52831544804899
52,-1.9655891672019643
53,-1.8013599939532443
54,-2.1173560500947874
55,-2.82170550143771
56,-2.949612161948989
57,-2.7514373914909185
58,-2.525876175486108
59,-2.5253639014287232
60,-2.6146675853727763
61,-2.7983971216859582
62,-2.9154447013769014
63,-2.745468258540207
64,-1.7263816651521102
65,-0.7675517169924206
66,-0.9577406638890951
67,-0.8991056445114776
68,-1.1184680102662825
69,-0.752432150287885
70,-1.507585600954997
71,-1.4522375173866786
72,-1.4239034795779038
73,-1.3037817540331176
74,0.024397306106771488
75,0.10358034944184524
76,0.7681407725753209
77,0.9751617393734202
78,0.6792073913699515
79,0.6535294990828389
80,-0.45625642291008406
81,-0.3708002986357428
82,-0.31205453100976444
83,-1.8485500483245265
84,-2.165954467168252
85,-2.180735601082018
86,-1.850256344815382
87,-1.9360183729526192
88,-2.463473103766123
89,-2.1733169714108547
90,-2.1178367722376357
91,-1.7378884855580035
92,-2.1892105256416494
93,-2.220135313591376
94,-2.0168750998667995
95,-0.15420081987893575
96,0.34273634057198077
97,-0.06163304055336605
98,0.13560196852855366
99,-0.032873613977169036
100,-0.04478551062334635
101,0.7721017410694531
102,1.399145429902937
103,2.3487506708030237
104,2.2936609559316423
105,1.9957844603855746
106,1.5244882602407195
107,1.422251875953684
108,1.8402460010727095
109,1.8968915896292904
110,1.6712539582332209
111,0.6513688894409286
112,0.5892371537305152
113,0.9809423908923254
114,0.9763254675788424
115,1.0504368153728239
116,1.2236448976048253
117,1.5684786412701879
118,1.2350174907032496
119,0.9764033553089746
120,-0.28641507515502207
121,-0.48918228037369005
122,-0.8505934558424744
123,-0.6093753434117666
124,-0.8038738289830039
125,-2.4508097103545845
126,-2.8178944477811108
127,-3.2129463261928337
128,-2.246583969350524
129,-1.9653761778841927
130,-1.0078473948855637
131,-1.4295957057204434
132,-2.3195696117059184
133,-1.32505830522891
134,-1.2827839822885934
135,-1.2777370517818132
136,-1.0562268848993694
137,-0.5287648221469876
138,-0.5142603883718788
139,-0.777102736279256
140,-1.9700131738525362
141,-8.9057104721038
142,-8.76905833237437
143,-8.541496225831136
144,-8.594955764559076
145,-9.218768504550013
146,-9.121595674386086
147,-9.29943794138114
148,-9.345397407067624
149,-9.503107711813419
150,-9.12604248689598
151,-9.75966174641264
152,-9.881146450906664
153,-9.69151692913871
154,-9.404127879424717
155,-9.312610182247195
156,-9.704838018363294
157,-10.851971243298042
158,-12.143325797521687
159,-12.865956547804924
160,-14.370766662493873
161,-14.882532702140194
162,-13.784673836944016
163,-11.843201222785481
164,-11.901638878123999
165,-12.357699598765425
166,-13.176648754175591
167,-12.444040110130183
168,-12.216351395721414
169,-12.504910863214025
170,-11.990034911562297
171,-11.56938081406642
172,-12.605584410486303
173,-12.91410183714814
174,-13.178398267862201
175,-13.150000124848782
176,-11.78507255005863
177,-11.917870552280174
178,-12.596499137973483
179,-12.972008061482443
180,-14.059340552602018
181,-14.381452386344517
182,-15.266702620361528
183,-15.041298590908958
184,-15.248137912660498
185,-14.859254368454366
186,-13.737081770756843
187,-14.565074383622656
188,-12.29169760430253
189,-12.17172651898062
190,-11.812324678223817
191,-11.333402164558382
192,-11.907306904063475
193,-11.016198746873807
194,-10.665634168124926
195,-9.617856570824102
196,-10.418747388630468
197,-9.993717157527282
198,-9.960680154890921
199,-10.05611507132873
200,-10.282195756162526
201,-11.084486921712278
202,-11.566864688600887
203,-11.227504598438598
204,-10.806976082960551
205,-9.56811988433024
206,-8.876350722619685
207,-9.929771437641255
208,-7.837606075853632
209,-7.084547310719447
210,-7.47784730159492
211,-7.099452065725032
212,-7.035063492738103
213,-6.982821942594608
214,-7.5815468235145955
215,-7.333039279556363
216,-7.154823372692409
217,-7.356530848838261
218,-7.824182211299835
219,-7.505609602059604
220,-7.735455638504241
221,-6.450732855890862
222,-4.353030198374508
223,-4.595946921391958
224,-4.0660255212901175
225,-4.284958645041071
226,-4.6901997697413105
227,-3.975801421755887
228,-3.2575396705276205
229,-3.2240071678798166
230,-3.338570842841271
231,-2.836848261626601
232,-2.7836306819846834
233,-2.815892096739181
234,-3.459361235630254
235,-3.3624935035795667
236,-3.523633874781351
237,-3.8518302612102207
238,-4.6019845123833285
239,-4.376493289550631
240,-4.312198179267924
241,-5.008830941451292
242,-5.647293846216117
243,-4.726323997157356
244,-4.3570445287338
245,-3.8743968818558683
246,-4.153067151237377
247,-4.221778632634354
248,-3.8502781065828717
249,-4.336130012176587
250,-4.5656557397859014
251,-5.422082493860014
252,-5.223191318900522
253,-5.713571620258695
254,-6.30040371827385
255,-6.906050925475693
256,-6.17659462023763
257,-5.427088647927125
258,-6.546915451943192
259,-5.765272867252136
260,-9.44924418965144
261,-9.03932732851096
262,-9.717448851162125
263,-9.340336546607276
264,-8.573509588781224
265,-8.721636124280273
266,-8.607628204131878
267,-9.711532210362229
268,-9.622318930896567
269,-9.12497579333923
270,-9.243450121917352
271,-11.995436655097635
272,-12.614214252083134
273,-11.598555805868271
274,-12.508160445639472
275,-13.021892739853925
276,-13.649581704205517
277,-13.00104675980106
278,-13.783137831220882
279,-12.031308144159937
280,-11.274227586195174
281,-10.799122427025754
282,-9.8381597570663
283,-9.797362179385827
284,-8.82396529655366
285,-9.707904548243606
286,-9.468435295231469
287,-9.367839889193174
288,-7.471262823739333
289,-7.281098002582354
290,-6.678562900208373
291,-6.478100842003853
292,-5.995718082764656
293,-5.774354811264104
294,-5.747091199570054
295,-6.375342994631894
296,-5.1572412282885445
297,-5.223016387251967
298,-4.0229977195177185
299,-4.178100927525607
300,-4.46356527657924
301,-4.0115319884183815
302,-4.023522218607134
303,-3.604726993325913
304,-3.6550855108732905
305,-3.552881160927457
306,-4.052305067098794
307,-4.017986492731085
308,-4.000558341919847
309,-3.6128274459790943
310,-3.4152686201499804
311,-3.536768284661107
312,-3.6266912253495764
313,-3.8842247403968355
314,-5.416490755443393
315,-5.212420328708733
316,-6.305447092278637
317,-5.711299056066633
318,-5.227980290242639
319,-4.689082217190521
320,-4.21271400030726
321,-4.116626634543996
322,-4.200762473595299
323,-4.414473805601682
324,-3.5181058948622
325,-3.542559217229335
326,-3.6931753651834653
327,-3.9102603190790397
328,-3.7739425428537254
329,-3.741100127873098
330,-3.955207313504383
331,-4.091872970677024
332,-3.47697151483346
333,-3.5144623213328785
334,-4.866123462988437
335,-4.840035148728294
336,-5.204785408489599
337,-5.934462452602595
338,-6.577164737877139
339,-7.047593559125776
340,-7.439901568538754
341,-7.915892922915924
342,-6.981374152204445
343,-5.48214637224993
344,-4.815803452904898
345,-5.091577598612574
346,-5.453122064593908
347,-5.232570206822618
348,-5.449753630233678
349,-4.970778069738979
350,-4.7803425374780435
351,-4.479708638971958
352,-3.189662388106762
353,-3.8351976382483555
354,-4.452063379349758
355,-4.233182051601836
356,-4.456432194717486
357,-4.2259852966960665
358,-4.177366798264881
359,-4.294745652312559
360,-4.3111611217893975
361,-5.149040151985707
362,-5.057907176960752
363,-6.343077401875352
364,-6.361466438988817
365,-5.834581858511112
366,-5.715443352169258
367,-5.301128605981365
368,-5.120636234522003
369,-5.127425171140587
370,-4.681828351932293
371,-5.511052839628039
372,-6.186458590074229
373,-5.429730245518993
374,-4.093869604195199
375,-3.463766337230545
376,-3.177879066947009
377,-3.759395478839289
378,-3.9608642052507137
379,-3.5739669528113804
380,-4.435670099772626
381,-3.638524597293513
382,-4.026488373933823
383,-4.212365640850157
384,-4.391093346372898
385,-3.8796977890939055
386,-3.826498280173918
387,-4.554261395202608
388,-4.708550771096343
389,-4.739138107919194
390,-4.879214785231733
391,-4.838524261087274
392,-4.701682920494232
393,-4.461816415603015
394,-4.303963444791159
395,-5.506180037057796
396,-5.027844271422833
397,-5.578080363546334
398,-5.4001214554137755
399,-5.164819620687078
400,-4.2706509645898505
401,-4.4452944218199235
402,-3.535683789138333
403,-2.9376326829600674
404,-2.636498798883413
405,-2.9981537337843256
406,-2.621354465257586
407,-2.7146077386982603
408,-3.2213147096525785
409,-2.843463242345723
410,-3.472655107715683
411,-3.966348667181907
412,-3.8532005781300227
413,-4.2184125249977615
414,-4.078687055948427
415,-4.005565949242584
416,-4.013522482990095
417,-4.0085707396634636
418,-4.92571232906982
419,-4.677628853986382
420,-3.8568282036075874
421,-2.885663214904022
422,-2.5516026358899158
423,-2.3794780627361733
424,-3.310237070068056
425,-3.389054831294136
426,-3.800558072990845
427,-3.851950163878126
428,-2.640778140646838
429,-3.05641158422445
430,-2.8864259997211317
431,-2.7725951099769164
432,-1.5604682795144265
433,-1.2490090891834393
434,-1.8250999757170594
435,-2.1544787063943027
436,-1.7183181792992386
437,-1.8828665381313892
438,-2.3730904042711387
439,-2.221859745720367
440,-2.2544259358481256
441,-1.8762855543130508
442,-1.872234388690841
443,-2.0196830173610403
444,-2.2113013315492203
445,-2.136450116067179
446,-3.2685855213340997
447,-3.287330201018146
448,-3.5219652223358433
449,-3.9150989436209316
450,-3.9506266117674937
451,-3.880956128424551
452,-4.327237532953054
453,-4.20868054211393
454,-4.801041842212528
455,-3.93021208212484
456,-4.646651254252266
457,-5.298148120499036
458,-5.454966775303294
459,-5.415638229123443
460,-5.673456782989983
461,-5.9365526302334715
462,-6.563745639473351
463,-6.5809219403352825
464,-6.763428913306601
465,-5.538295869140441
466,-5.902456509660503
467,-6.244711351523291
468,-7.188646341662586
469,-7.300912398683746
470,-7.8526872506136325
471,-7.26035864428437
472,-6.594114503779592
473,-6.187426033973942
474,-6.7321037891919016
475,-5.944193972663381
476,-5.04233730333511
477,-4.737686185140911
478,-4.791381157320274
479,-4.785632529874039
480,-4.345049225474473
481,-4.750861343458379
482,-5.3102248884681735
483,-5.543056385339362
484,-4.906230059299677
485,-4.829233204956229
486,-4.311229750062829
487,-4.427949844370782
488,-4.189632831720369
489,-4.900329604205367
490,-4.346130799613713
491,-4.579681816621994
492,-5.322839618026077
493,-5.480468331308874
494,-5.368195889926952
495,-5.209381861009232
496,-5.509766745675826
497,-5.822074609637006
498,-5.473461290675196
499,-5.319387603311709
500,-5.4715811399172365
501,-5.247187281307686
502,-5.579445075139677
503,-5.0909269221968145
504,-4.409177646789275
505,-3.3928974668184564
506,-3.583105743133208
507,-2.5189441436168747
508,-1.5654983937896438
509,-1.639507464602974
510,-1.753023310764401
511,-1.4810031911651533
512,-1.528386683499805
513,-1.7152610223070686
514,-1.7171367639041701
515,-1.8483984833768674
516,-2.1154354388610352
517,-2.1149031144520714
518,-2.0517782280556007
519,-2.2929779385590487
520,-2.598077059938353
521,-2.397240578641957
522,-1.8086130870121453
523,-2.0579082804630056
524,-1.889953839657177
525,-1.6987283195830982
526,-1.466302467502345
527,-1.169137761473027
528,0.9097478338617293
529,1.6979395713748957
530,1.7721384212853852
531,2.1625108129763815
532,2.6017518692287966
533,2.3614026191138615
534,2.620051856961303
535,2.164639826967374
536,2.274087980416528
537,2.2331143959502198
538,2.073231679165044
539,0.6976110039833117
540,0.35221496892605675
541,0.6236827405249334
542,0.713156772802015
543,0.6100451586372069
544,0.6209383240247224
545,0.588570564619495
546,0.6246694408304609
547,0.6268214019224505
548,0.7162116184492584
549,0.7389493502784505
550,0.726534175150384
551,0.8950858762806879
552,0.9169382624782285
553,1.4632517546019796
554,1.68259156004531
555,1.633166126105956
556,0.6567963480577532
557,0.4383819251960741
558,0.4396770054817756
559,0.2444988360987832
560,0.12500847539131943
561,0.39223991845480644
562,0.6429942255242738
563,0.46818594293125404
564,0.5073198630150211
565,0.4199489992813721
566,0.4582801046929097
567,0.23193985908451786
568,0.05909610853569447
569,-0.30752592320373306
570,0.0035790194833573707
571,-0.1909579739747591
572,-0.24901707764232173
573,-0.136518940815189
574,-0.010899438761269309
575,-0.1145191673976309
576,0.3078122983431353
577,0.3467082419264855
578,0.2523939199641001
579,0.7598451302016418
580,1.6275815417936101
581,1.5353210843061404
582,1.568445811960495
583,1.709444293789275
584,1.6857712956524606
585,1.8427097158747907
586,1.9857988735476395
587,1.430219035019098
588,1.7461024827834182
589,1.8691281820043315
590,1.8423188187283612
591,1.8036201701067123
592,2.030873540084399
593,2.68076244782518
594,2.5654086268392273
595,4.394687061419944
596,3.9622668421524843
597,3.707521032352612
598,3.854296552750025
599,5.425787937765825
600,5.553024920153105
601,5.320362815788626
602,5.478036243169027
603,5.716327261000664
604,5.719271181267627
605,4.882800149589039
606,5.067750420490058
607,5.100986439527899
608,5.092046617526291
609,4.89476895365637
610,5.197960585125272
611,4.942718927168044
612,4.214487219613283
613,4.200150370773215
614,4.745575195723073
615,4.861675571156621
616,4.821080054970039
617,4.17412821851415
618,4.860474563810446
619,4.994579409046551
620,4.853265602578261
621,5.02249893793103
622,4.9891599252793295
623,5.1016584757336725
624,5.129486086188728
625,4.824364470691345
626,5.046401170726411
627,5.492630521244002
628,5.969685633029975
629,7.68007280958507
630,7.437361143077914
631,7.261632716642552
632,7.609322560901299
633,7.706048363255991
634,8.299057797400721
635,8.807599602880266
636,9.027162349694319
637,9.082721800921757
638,9.308236784841629
639,9.87385409494237
640,8.470969359352964
641,9.894050403454857
642,9.597850078935966
643,9.219170504267392
644,10.453470922247865
645,10.444392489131182
646,11.213216960917883
647,12.867703820385913
648,12.77263867328642
649,12.77419790952623
650,12.893072690255835
651,12.856544341999253
652,12.918195953324307
653,12.745998755939603
654,12.958194366999587
655,11.580788077884584
656,11.36669632478351
657,11.434229850944021
658,11.425022781820715
659,11.372202217983652
660,10.759470884730904
661,10.708125550941272
662,10.666933779686483
663,10.914895510543609
664,10.74131790958235
665,10.90242747516097
666,11.191757683425486
667,10.317307954212795
668,10.314085707186948
669,10.579570175033414
670,11.235284580921823
671,12.378016955369286
672,12.632393515996853
673,12.579860955135235
674,13.354572966820012
675,14.037939039784696
676,14.890356874869926
677,15.835149624497902
678,15.741122543941044
679,16.635269138563658
680,16.79236740831136
681,16.833371605405056
682,16.60439810443144
683,16.510141626484433
684,16.50433607232886
685,16.583465633007144
686,16.21330366788367
687,15.988346832311052
688,16.488530138511948
689,16.317453324090934
690,16.57662338067769
691,16.717536283816003
692,16.999086020013586
693,16.56772511152107
694,16.201294209405702
695,16.598327401598812
696,17.081039043088133
697,17.78867243689355
698,17.760416456077486
699,17.500320264401314
700,17.342367287910122
701,18.425426458662674
702,18.16435797163527
703,18.062798599394792
704,17.65911851308768
705,17.73416252190707
706,18.719088558854068
707,18.488790765577058
708,17.96880015197928
709,18.381853852608355
710,14.10237550308604
711,13.636757863450466
712,14.589999532360487
713,14.910574801877651
714,14.839001513527815
715,14.810703234269763
716,15.576430602345525
717,15.443632111186488
718,15.234626085031987
719,14.957074679098369
720,14.87221793721023
721,14.804265323174626
722,14.476998304674416
723,14.350236864142051
724,15.480424319981733
725,15.615793285632563
726,15.887303110051775
727,15.747532375654426
728,16.63224505917482
729,16.1049857003581
730,15.606173344890273
731,15.06226749169539
732,15.7404059688949
733,15.525863542052964
734,15.265615437853274
735,15.64258365238118
736,15.247385407150315
737,15.708218319720668
738,16.910458399101948
739,16.47039777777963
740,16.49480843190696
741,16.487406428711715
742,15.937384608350257
743,16.068168684643247
744,17.382379352678612
745,15.949770676802988
746,15.784977223997876
747,16.294626862824234
748,16.48038098096183
749,16.49167678514345
750,16.140903192425647
751,16.447894701893517
752,16.480768299878058
753,17.024889384574294
754,17.361882228340384
755,18.098254769713872
756,18.347055584902172
757,18.979467638291258
758,19.296306823487864
759,18.947759640859772
760,19.3803194389234
761,20.23650275032447
762,20.562779802467347
763,20.40584503878271
764,20.31311195354355
765,20.294246892893497
766,20.51614522365619
767,21.825940608101323
768,21.099825139940286
769,21.01561479074472
770,21.72455837282856
771,20.954042888492765
772,19.646577395760545
773,20.40153061845491
774,19.926644749528588
775,19.178173809203702
776,17.11055956791285
777,17.460682339916488
778,16.415645925201684
779,15.88966174252211
780,15.330755071088277
781,16.76552497167705
782,17.59095723133266
783,17.923901478718296
784,19.232720502721158
785,19.1772903093989
786,19.011318369587137
787,19.30044358279288
788,19.355097176741467
789,20.31332059594235
790,20.377176245500152
791,19.764846377567125
792,19.719178513150194
793,18.947740761624488
794,19.035919945709857
795,19.999964076950107
796,20.24847573607449
797,20.078587732846252
798,20.652740121409117
799,21.249357242795085
800,21.82865484256393
801,21.167756098059343
802,22.750104385628546
803,23.609214345833585
804,23.357970442025543
805,22.454054180063633
806,22.151421592444855
807,22.767125332261372
808,20.483666282580117
809,19.84225237995496
810,20.820166092914818
811,20.080716980534817
812,18.665431104931795
813,18.882447073558218
814,18.628766878616698
815,18.27588895004315
816,18.183588167685816
817,18.2365340273676
818,17.378663208422807
819,17.834173441192647
820,18.895711837644313
821,18.500086070512147
822,18.44703290136589
823,18.51646069429458
824,18.69406140706682
825,19.325121199187855
826,19.368010189033424
827,19.348406836619468
828,19.072208420400717
829,18.857881742965986
830,18.9014548959485
831,18.9014548959485
832,19.64760129614074
833,19.818959808355775
834,19.871311790701874
835,19.919582703824833
836,19.72089394477394
837,18.573203610300194
838,18.884145470457003
839,19.219771733225954
840,19.758182444638205
841,19.821575550462136
842,21.074859745755138
843,21.84763946583752
844,21.806691604384042
845,21.091044066024757
846,23.178400084678152
847,22.795029434089507
848,21.50416748721011
849,20.11257502183341
850,21.03856126152932
851,20.99608051383921
852,20.44107211174879
853,21.496490442165573
854,20.904347091940203
855,19.817998953859206
856,20.719518970858907
857,20.923839968281975
858,22.229418964628266
859,22.119532722998226
860,21.845023673794795
861,21.44641049637528
862,21.627920162564628
863,22.090046295469357
864,21.833549179182764
865,21.93716866664992
866,22.243677468008862
867,21.703936636677803
868,23.22604605303158
869,22.375463261953144
870,22.71599633309751
871,22.35868674678654
872,23.09196737113952
873,22.66826289276589
874,22.721900825274876
875,22.08581159811409
876,20.972203020085402
877,21.073887902888664
878,21.325013552089644
879,22.19596370193657
880,22.334454273196602
881,23.70591713544887
882,26.63953392148468
883,26.36867896809516
884,26.455979945124277
885,26.82460723683986
886,26.60468501185815
887,26.881700289590803
888,27.119803078120164
889,27.122018338205066
890,25.979159150414667
891,26.100340019659484
892,26.064849276072934
893,25.925154162760776
894,26.14965281260877
895,25.882797077225273
896,25.623086432357688
897,25.68561509749536
898,25.623364359777568
899,24.223327888265132
900,24.25464023253321
901,24.01918520323989
902,23.569119194632982
903,23.15074852824297
904,22.676598012894612
905,22.453915167268292
906,22.16765709675803
907,21.496234090294998
908,22.573717218169943
909,21.34941172886795
910,21.494636475695717
911,22.41751870815596
912,22.234846772996008
913,22.34735847092164
914,22.07495085221829
915,21.2631524970323
916,22.42525164762814
917,22.669686773965235
918,21.777855536046943
919,21.871244817073897
920,21.71596349337439
921,21.972004600352935
922,21.567816104629678
923,19.681820083236513
924,19.69580560191058
925,20.085032916042046
926,19.74392034585266
927,20.250182607610757
928,20.759231831216198
929,21.37439130981884
930,20.901251149273236
931,21.054053847146115
932,21.645810022603484
933,22.783934053332146
934,23.20182203545844
935,22.994211474322523
936,22.77216575237322
937,22.235847008904397
938,22.433693348034044
939,22.496840702879695
940,22.002952306994004
941,21.777417287340462
942,21.94440841747838
943,21.14209788221084
944,20.40792866784511
945,19.49806306070483
946,20.485573432868787
947,19.924704209499254
948,20.23946508667718
949,20.87159072061935
950,20.834256077157455
951,21.59368916263378
952,22.029230567289492
953,20.551699287169313
954,21.083018943605047
955,20.9555077960498
956,18.915563577134975
957,18.15763966460675
958,18.581262001443456
959,18.37861033854793
960,17.916998249846717
961,18.38667266117666
962,18.42175938364845
963,20.142669394753398
964,19.475551583935257
965,18.88894610353502
966,19.480230856985358
967,19.783463903556097
968,18.653863160322757
969,18.07944220639277
970,17.495574604257612
971,17.340495353074424
972,17.96046498877548
973,17.692747395168173
974,18.88099400519774
975,17.942751538402746
976,16.925052683871613
977,18.521329997434655
978,17.93776450853879
979,20.26835217302583
980,19.77910312509763
981,20.439605771044377
982,19.38629145561206
983,20.44151947112123
984,21.100288272674316
985,19.98269677523612
986,19.528496273495556
987,19.55367896673572
988,19.495557116542873
989,19.47472526632732
990,19.93354484485017
991,19.850221802691625
992,19.776617033196352
993,19.425346734321593
994,19.04624143864386
995,17.133102179603842
996,16.652373714648405
997,16.133768866020848
998,15.932478012153961
999,16.652937601528485
1000,16.10471290772628
1001,18.35875931621509
1002,18.685031961124388
1003,16.19723184944131
1004,16.914807530780717
1005,17.604560086465337
1006,17.990629418560424
1007,20.044614874508483
1008,20.625368299020042
1009,20.386892863907804
1010,20.282725981192918
1011,22.378995396751876
1012,22.71945827694175
1013,22.14307257437231
1014,22.52359394326733
1015,19.517943950595228
1016,19.72248122251319
1017,19.668932697289755
1018,20.631186883587294
1019,20.356926666336594
1020,20.138284213228985
1021,21.002319347752273
1022,20.076559896962465
1023,20.320666787958764
1024,20.79762600039472
1025,20.78518012154
1026,20.512432429318082
1027,19.559409280533636
1028,19.371697527089914
1029,19.30682501030738
1030,19.680288322866968
1031,20.662127313009137
1032,20.12564030871524
1033,19.54146328786417
1034,19.606303581541184
1035,18.84802736106228
1036,20.417626824231583
1037,19.476976635701227
1038,19.26387034802137
1039,19.596297131983007
1040,19.28909828791103
1041,19.12934819366361
1042,18.704655704761475
1043,18.525998322410665
1044,19.856794333610296
1045,21.005220262628278
1046,20.471078428979105
1047,19.968369103833595
1048,20.422067429406997
1049,20.71478383885985
1050,20.912083223346745
1051,21.26871480908905
1052,22.407679084340558
1053,22.57699133893325
1054,20.824438372163677
1055,21.216975092255353
1056,20.99003495107077
1057,20.07022935745355
1058,19.66363764672241
1059,19.838321549794657
1060,19.030215239282345
1061,19.049036720641933
1062,19.574856736408197
1063,20.417827269360743
1064,20.643718809398436
1065,20.97057258324306
1066,21.589773424666525
1067,21.15767992143056
1068,21.501096385450037
1069,20.65079661167153
1070,20.19264711412565
1071,19.193655791418742
1072,19.16187322499978
1073,18.885985826080475
1074,18.911713351362856
1075,19.720363986059052
1076,19.534255321618055
1077,19.64738600887317
1078,19.435570470145503
1079,18.641345999927662
1080,18.299675179022557
1081,17.815507511429686
1082,17.922992168713805
1083,18.041049866618984
1084,17.75668408844211
1085,17.853764200085397
1086,17.408494525462647
1087,16.955664754541267
1088,16.48755653147955
1089,16.191898003482464
1090,15.505687738264351
1091,16.363099918484725
1092,14.696308713512195
1093,14.88926400808188
1094,15.05037303431802
1095,15.315409697489857
1096,12.47836138466627
1097,11.563933895293111
1098,11.787108918131617
1099,11.287201324508644
1100,10.027590863132696
1101,10.172775558257175
1102,9.76620846330536
1103,9.36532897467739
1104,9.293311269804438
1105,9.506180366264672
1106,9.184023123979701
1107,9.758058641672163
1108,9.819696527134347
1109,9.584925058572203
1110,10.173841893661839
1111,10.636737856223345
1112,9.88205735264167
1113,9.329271733247491
1114,10.058298990236691
1115,8.635653319751535
1116,8.528980420735554
1117,9.00381273441624
1118,9.389167264050391
1119,9.923571615387349
1120,9.58163793512885
1121,9.86087916112892
1122,9.115912929882963
1123,9.520292714517463
1124,9.4413046181703
1125,9.561865244305201
1126,9.880249653409345
1127,10.255322352452477
1128,10.612736052817052
1129,10.6003355573701
1130,10.39624213117214
1131,10.925956801004633
1132,11.298460916140352
1133,11.56280560777252
1134,11.248936999741987
1135,11.328167214796036
1136,11.062226249959295
1137,10.795628620000763
1138,10.699040235182423
1139,10.315897013214625
1140,10.041729095749986
1141,9.943234032424254
1142,10.113776056200052
1143,9.96728131798681
1144,9.95839467611972
1145,9.777074373961625
1146,9.320579244235017
1147,8.525597393259199
1148,8.136558845257746
1149,7.860217081443666
1150,7.082857654619734
1151,7.432320528885605
1152,7.255878330059318
1153,7.546277644724864
1154,6.001026526395714
1155,5.668737413715563
1156,6.23574447348445
1157,4.8586472450034
1158,4.806410509532633
1159,4.9304298213145525
1160,6.887557081677165
1161,8.642686532255794
1162,8.53242577946174
1163,7.939815413329332
1164,6.8443125824603435
1165,6.925497503351696
1166,7.540689609400397
1167,7.504364244809647
1168,7.7164248756030895
1169,8.006718566618677
1170,6.842957891817991
1171,7.014751017512166
1172,7.389591005494367
1173,6.877251247603611
1174,7.8908052076219315
1175,10.041437803995933
1176,10.48922802377934
1177,10.701619800868102
1178,10.382358791717671
1179,10.783861798439398
1180,10.093132109833958
1181,9.795046601074354
1182,10.2132935880743
1183,9.90930318663137
1184,8.854796844596379
1185,7.419635343483955
1186,7.985242238222012
1187,8.65589359428256
1188,7.137671865465567
1189,7.273348400171553
1190,6.641389924584851
1191,6.3210762389678266
1192,6.433011924229404
1193,6.227725311236321
1194,6.023937014825265
1195,5.497085008851199
1196,5.658507015184955
1197,6.585532300856745
1198,7.151964134871558
1199,6.919134213615341
1200,8.205748803821699
1201,8.24350316496265
1202,8.316349564018477
1203,6.948201198912796
1204,7.236728838397943
1205,7.272017460598823
1206,8.090077618286307
1207,7.026302113136529
1208,7.025352516983374
1209,7.3053563079066075
1210,6.846605525153393
1211,6.9115511887433145
1212,7.043620805603856
1213,7.268579312365597
1214,8.561906281404053
1215,8.074974071688645
1216,8.002784478015412
1217,8.437769588261034
1218,9.197281265195812
1219,8.469167258968625
1220,8.34124922315378
1221,8.140779499387317
1222,7.881656166218098
1223,7.407923463062005
1224,7.8168028001400325
1225,9.009436970054452
1226,9.19861016964203
1227,9.768669495653114
1228,9.848278706181723
1229,10.703484970885913
1230,9.621250456518627
1231,9.433485662946728
1232,9.32686235613569
1233,9.54412885188487
1234,8.699062622833885
1235,8.73191325910363
1236,9.685303818423252
1237,9.733637181465848
1238,8.869679738881864
1239,8.887679518759906
1240,9.455457805060785
1241,9.998756076540127
1242,9.47130111511758
1243,10.521029967932737
1244,11.018411457688826
1245,11.659188467204796
1246,12.151881495519646
1247,12.646016271736071
1248,12.6592235739029
1249,12.894338685929462
1250,12.837377982475505
1251,12.633523810935454
1252,12.656239806631397
