,Portfolio Value
0,11984.743618574967
1,11982.353322678626
2,11976.151611801053
3,11993.858228927498
4,11952.025637811998
5,11856.363241383731
6,11848.238719762938
7,11761.243083908674
8,11759.215491056875
9,11807.690270813926
10,11809.342585101376
11,11900.623038026522
12,11907.272639200704
13,11913.892055107744
14,11927.009699008224
15,11924.67708169539
16,11844.301641958788
17,11838.453165933572
18,11822.27497084057
19,11848.90455525192
20,11875.339664675568
21,11884.973260952578
22,11933.57633490129
23,11903.909865036854
24,11907.16412713193
25,11939.450736467807
26,11870.970225516161
27,11841.6292638856
28,11879.514564002628
29,11874.820108164695
30,11888.735920280431
31,11878.18414022092
32,11895.579685407916
33,11885.860145282273
34,11891.717930992349
35,11860.035598740453
36,11880.026303820023
37,11887.78309361548
38,11896.707994606306
39,11925.165039492615
40,11949.068635131924
41,11953.325610626664
42,11940.789717327922
43,11929.169790296493
44,11886.860679056954
45,11861.720329557233
46,11858.960054752077
47,11871.120654734561
48,11875.258207352896
49,11811.408563374838
50,11890.616646332519
51,11899.165319627431
52,11926.119891920931
53,11943.84892272779
54,11942.537402360373
55,11896.944663759577
56,11887.061870229314
57,11892.134935267377
58,11936.951031735804
59,11930.049309741773
60,11907.084422385793
61,11872.16373324842
62,11858.751760262894
63,11872.0915693454
64,11991.935626693994
65,12040.053162849628
66,12021.212685624561
67,12018.082295263264
68,11988.773957767757
69,11972.161310385341
70,11912.838784759751
71,11916.748213643827
72,11921.058518632817
73,11927.904883514351
74,11954.701921010641
75,11969.911950399726
76,11971.430224928548
77,11995.712536251756
78,11986.34013625783
79,11984.825484105633
80,11927.970027562938
81,11951.624653519157
82,11949.283362124854
83,11882.478806062163
84,11853.038112875936
85,11855.033642461838
86,11869.793942897137
87,11839.345852116207
88,11814.370515312406
89,11825.543361683634
90,11827.161864899665
91,11837.29481286486
92,11815.435895055492
93,11797.455383669643
94,11814.304693260776
95,11842.581116266354
96,11846.261125788633
97,11824.42947216406
98,11839.126174213112
99,11828.6477231328
100,11823.161569564507
101,11811.10314452875
102,11840.317814712149
103,11864.268450719164
104,11861.331904805955
105,11865.199025425107
106,11843.4867447717
107,11830.233172296863
108,11839.54699194692
109,11842.608570263752
110,11839.623950760224
111,11804.195629247615
112,11801.17783758098
113,11863.493454483907
114,11858.897920619467
115,11865.425217070275
116,11862.10623866824
117,11877.596617352367
118,11833.320086068901
119,11811.19431324532
120,11791.13979499121
121,11755.415718868726
122,11751.682379494077
123,11783.542503004539
124,11767.062722650413
125,11724.121542190886
126,11707.790512537596
127,11697.79104586254
128,11770.694116183373
129,11871.652872953677
130,11919.328960856708
131,11908.65070391008
132,11813.73990256675
133,11854.971515804456
134,11907.43470360036
135,11901.027552422109
136,11919.0994067667
137,11928.340850914436
138,11929.294328328444
139,11926.832956315766
140,11833.601569498825
141,11288.942705267937
142,11292.282855574485
143,11323.432919765193
144,11341.22848886268
145,11309.317174235977
146,11302.215745498184
147,11272.038345506413
148,11282.020989973431
149,11278.410143793064
150,11304.663104387915
151,11137.81138265436
152,11059.071150846077
153,11065.6245211465
154,11066.109344048047
155,11075.614330758513
156,11031.568090103832
157,11015.026395465831
158,10968.880238853902
159,10896.999973167232
160,10831.43051686452
161,10749.221655945708
162,10804.79019889079
163,10902.209485202604
164,10898.570920488914
165,10841.007365857296
166,10755.171937035168
167,10768.308195312373
168,10784.814758879314
169,10737.848817510516
170,10768.266886631489
171,10831.21181533822
172,10754.634074964744
173,10730.260515917544
174,10629.045829971974
175,10631.862111500905
176,10737.597223523913
177,10689.85056101715
178,10637.933327109658
179,10611.98830066731
180,10571.468266699336
181,10542.641448308545
182,10521.9197126245
183,10549.932544527923
184,10534.022648924329
185,10550.567745573615
186,10620.671715829107
187,10618.420393840788
188,10675.694577291872
189,10693.794259871926
190,10738.190268484908
191,10701.227699914742
192,10651.538845671788
193,10687.348570571734
194,10775.996603824837
195,10792.876015402438
196,10751.651642895215
197,10755.45172382016
198,10765.199476193431
199,10806.211525427609
200,10793.667779756215
201,10690.657742721185
202,10669.755019861777
203,10729.84889424009
204,10798.454835989052
205,10983.485454833328
206,10977.746759358253
207,10899.426464009184
208,10942.554427142717
209,10981.237714100476
210,10927.353236860276
211,11007.520271148966
212,11006.508783566038
213,11008.37011762735
214,10979.809761714674
215,10966.679564444285
216,10984.871287685237
217,10974.302024464352
218,10887.10700242626
219,10930.401895431818
220,10919.246454767046
221,11094.695900731356
222,11273.779020157828
223,11264.842051752436
224,11279.068386012119
225,11267.533929094536
226,11237.843559721794
227,11324.180935235076
228,11386.424248642206
229,11367.635158982685
230,11349.509261021874
231,11314.589128048749
232,11317.3087606809
233,11305.653242145168
234,11243.561224773015
235,11230.173390952568
236,11226.304746730559
237,11202.11351586311
238,11176.687194524704
239,11228.757259250731
240,11239.080141659328
241,11210.82468752585
242,11166.540434309409
243,11185.717773430473
244,11193.554795924832
245,11203.369868365064
246,11182.365683089547
247,11179.331560745028
248,11199.913858053202
249,11158.615729860356
250,11140.16407693268
251,11095.26246888132
252,11101.57275780307
253,11054.220501056152
254,10920.990822018379
255,10854.403874696083
256,10879.26721767185
257,10920.947847308857
258,10754.705285289514
259,10792.128350112596
260,10651.953724986908
261,10662.30203055765
262,10610.584352643142
263,10625.003433975393
264,10635.960847439308
265,10631.528260242438
266,10631.753099432422
267,10587.147558068405
268,10556.205147051493
269,10577.003611062068
270,10557.389827236062
271,10379.818211324919
272,10363.33641177919
273,10419.208941789138
274,10396.003130914236
275,10384.450147536238
276,10345.407168530894
277,10387.22613721832
278,10346.167308889513
279,10511.031690725491
280,10543.066721872221
281,10545.973286931023
282,10609.638696997716
283,10577.105975180184
284,10644.032384772787
285,10575.660196144392
286,10584.650939659454
287,10581.384909046337
288,10834.433797161464
289,10848.12025612111
290,10976.817740368524
291,11013.44801159006
292,11030.766231527363
293,11048.4908690196
294,11050.978059453946
295,11022.644933324462
296,11080.27212047465
297,11078.186705968206
298,11090.06286477461
299,11069.837351790171
300,11071.418193536863
301,11081.17808796266
302,11081.425101786861
303,11090.982824690484
304,11088.364017873193
305,11095.025579269297
306,11030.972100440456
307,11018.310911303874
308,11019.355569262561
309,11041.973322093421
310,11074.627657586405
311,11070.046953000481
312,11055.255372677175
313,11051.109052752368
314,10979.531907400791
315,11010.940909437435
316,10953.66237041717
317,11042.966482282032
318,11062.858374632091
319,11088.614380771993
320,11130.469166917848
321,11154.685540208573
322,11172.60507894285
323,11130.607595066966
324,11211.441964768292
325,11205.890572857097
326,11200.7214067306
327,11190.620617147899
328,11189.215538428196
329,11195.59768287321
330,11177.804135978911
331,11165.938271511292
332,11291.804320781139
333,11246.356232215789
334,11217.686533095768
335,11221.10187761128
336,11205.663713410533
337,11156.173818966485
338,11121.02433974008
339,11122.634661246337
340,11112.185116649156
341,11089.224762843964
342,11174.276359277908
343,11294.076183743413
344,11329.36752384366
345,11311.06094498581
346,11287.4234019767
347,11304.034946979342
348,11302.279833808268
349,11339.404315269576
350,11358.49097786268
351,11374.815050626214
352,11436.538539217821
353,11401.330216358905
354,11310.307140762561
355,11293.314093009172
356,11253.055000712284
357,11269.905973015957
358,11310.20920005389
359,11298.793193180825
360,11283.888376151017
361,11236.748554240665
362,11226.533436515601
363,11164.258550271908
364,11161.517912961299
365,11197.565169268597
366,11185.398759526348
367,11227.413705515111
368,11177.277750356205
369,11211.253151841238
370,11258.755321952587
371,11042.008392840915
372,10974.378885340037
373,11010.442842591345
374,11166.804649048509
375,11184.540936737812
376,11224.57776978387
377,11158.3868824218
378,11141.275648617893
379,11165.703157640086
380,11086.811437617109
381,11169.554821951057
382,11152.319393285608
383,11139.816143422215
384,11119.411991983907
385,11102.244946286826
386,11079.54954797623
387,11040.73231929583
388,11025.835156810512
389,10985.66523715503
390,10981.337676971263
391,10982.064862628367
392,10960.454164048513
393,10978.4060705468
394,11006.011825457954
395,10991.97696257852
396,10984.172013441323
397,10965.810526438241
398,10975.594320150096
399,11015.285998221629
400,11039.17425602476
401,11035.156278786028
402,11088.922239641299
403,11106.371527822987
404,11122.27225125559
405,11037.5645530431
406,11042.481170114293
407,11042.468658507436
408,11029.792390959794
409,11063.122893445983
410,11079.303312789843
411,11050.328829043065
412,11050.099592851991
413,11035.070240244599
414,11034.012031586275
415,11037.228131424708
416,11032.754805188246
417,11035.163257898881
418,11020.141371488236
419,11038.268526739728
420,11066.388705984937
421,11416.467635983325
422,11449.814655444372
423,11479.974627933761
424,11444.633845247836
425,11449.113376745547
426,11421.014186616903
427,11415.27764772173
428,11461.314723570278
429,11429.333340284747
430,11430.16431058056
431,11437.478922360162
432,11727.01491746273
433,11756.507895663397
434,11704.655937455473
435,11691.105045296415
436,11694.275911069592
437,11682.23352259187
438,11678.750616439565
439,11697.534971615676
440,11699.560458472988
441,11724.884621700732
442,11724.692411598087
443,11673.732909616509
444,11670.636544883628
445,11658.990400964874
446,11621.693301294838
447,11619.761865428723
448,11572.733951218826
449,11576.54545764166
450,11557.760440069163
451,11561.60508180005
452,11555.565276271043
453,11553.07670822724
454,11517.184667933196
455,11593.55883771058
456,11590.514219509278
457,11543.156074663184
458,11519.960579473629
459,11581.278365083785
460,11614.412723456322
461,11542.634109300607
462,11506.51992459515
463,11505.793688457203
464,11495.034826299525
465,11580.162901652853
466,11545.47438013589
467,11526.719983080584
468,11506.93930612699
469,11460.601934610599
470,11437.647050148553
471,11453.779482689513
472,11487.757211015898
473,11560.92597387038
474,11553.144631586396
475,11603.095216338457
476,11605.34675618729
477,11625.812366643071
478,11611.437124572685
479,11604.080548379967
480,11614.871181074708
481,11595.65942011636
482,11544.382494483742
483,11514.987450100689
484,11573.65523435376
485,11577.073821716916
486,11621.44229035276
487,11603.818937263315
488,11628.290451146473
489,11610.346180024553
490,11630.674870814151
491,11584.486765135545
492,11540.11703838806
493,11520.101076080937
494,11504.516757605194
495,11528.877027095878
496,11535.082069843893
497,11522.96593306144
498,11546.55034834471
499,11552.750539380026
500,11540.278081729111
501,11554.859853164859
502,11545.471186248931
503,11616.608852659636
504,11665.421805522174
505,11725.185738290822
506,11720.978912481873
507,11765.45110629046
508,11805.00036346633
509,11795.662522045079
510,11794.59696200939
511,11803.738083542596
512,11811.90962146252
513,11804.878754942758
514,11804.897715969033
515,11813.055973361617
516,11837.171045456918
517,11837.881456018229
518,11841.464451533062
519,11834.605341889232
520,11826.106379882063
521,11835.466713336125
522,11857.888688622294
523,11830.621631490023
524,11847.130619196418
525,11862.350413571352
526,11888.703873144637
527,11896.410334645063
528,11932.62837596692
529,11946.391347383156
530,11925.642950467129
531,11961.194794826868
532,12002.541535506283
533,12000.621206010188
534,12018.303761435252
535,12018.938339921982
536,12036.029465780608
537,12029.612594944147
538,12020.329161573187
539,12013.87726704465
540,11993.158155041725
541,12008.51196184734
542,12020.700275185258
543,12012.344996290434
544,12023.251354103992
545,12018.007728647994
546,12009.555961596292
547,12007.347940434693
548,12018.254608836982
549,12034.88703555751
550,12021.72347346819
551,12031.965036360805
552,12055.681080231074
553,12169.187615754667
554,12180.083508249974
555,12177.334160069122
556,12147.954115067902
557,12109.113882868292
558,12104.29169719213
559,12084.087179359016
560,12088.385217480805
561,12093.95688557882
562,12119.962511508922
563,12133.753693904131
564,12138.039467297785
565,12119.622956465815
566,12098.576307551724
567,12066.973897171893
568,12055.946997762494
569,12050.057342006712
570,12085.50063756891
571,12079.428046665387
572,12076.192337652188
573,12066.454555509881
574,12074.5966857945
575,12077.02088427391
576,12104.879778154764
577,12108.677817877122
578,12099.956361737568
579,12170.49523088702
580,12195.971215588885
581,12183.921101370019
582,12164.664275717305
583,12095.040851127675
584,12093.861945343446
585,12109.892165550638
586,12141.687601874666
587,12131.004784618357
588,12141.77848107481
589,12134.96710026388
590,12159.396883279478
591,12151.319550634471
592,12191.2676708722
593,12206.226431653738
594,12198.83040012721
595,12240.965264770011
596,12183.396043260454
597,12108.667924826173
598,12316.204544573855
599,12332.348311748392
600,12343.93505947843
601,12343.557262539738
602,12356.044635501743
603,12383.331429249401
604,12383.766185764183
605,12338.327266311426
606,12341.301817240783
607,12345.135217250296
608,12343.927394128936
609,12337.704933053248
610,12372.559999342475
611,12314.220467460618
612,12282.469157969686
613,12255.24041914001
614,12320.493795841767
615,12352.534387685992
616,12345.75986409712
617,12334.364641721246
618,12353.057771012134
619,12362.583694958103
620,12343.854971401306
621,12400.042796788372
622,12384.187046879724
623,12423.930224584788
624,12394.864903962723
625,12395.023459405222
626,12411.02028157545
627,12525.636634839217
628,12542.706593254945
629,12605.640836920422
630,12579.758120277473
631,12569.86732539917
632,12592.259860516619
633,12608.68915807915
634,12643.235517116143
635,12661.231123030195
636,12707.535010417805
637,12704.170913594642
638,12710.529151398629
639,12720.661149318421
640,12650.059993526336
641,12678.60768901859
642,12689.525184881208
643,12666.029067431848
644,12718.81217458226
645,12719.228567312724
646,12751.426305982603
647,12779.466045171108
648,12778.170010796946
649,12823.438386547929
650,12895.2378963175
651,12885.053662590683
652,12898.767018690158
653,12886.85905338791
654,12897.543891348003
655,12807.130670666034
656,12790.696732720531
657,12802.503587598363
658,12803.679971349158
659,12804.05431971778
660,12770.348833378155
661,12759.855327393194
662,12742.516064685684
663,12763.644109853632
664,12691.764813640379
665,12779.783264536274
666,12805.10832627979
667,12740.221092037818
668,12744.838677180134
669,12734.648559812604
670,12791.458332213258
671,12851.142134703747
672,12806.696747803746
673,12832.353092940222
674,12843.472730436617
675,12863.585942910235
676,12940.673117212165
677,12956.45563326338
678,12948.005181586652
679,13023.082546862262
680,13071.237556506465
681,13098.373312116872
682,13072.411360543007
683,13070.93376281737
684,13080.543956752948
685,13095.685102827203
686,13028.552507289605
687,13001.175065015777
688,12990.54708573234
689,12998.044858410987
690,13022.22417034515
691,13025.93699235687
692,13011.622829615973
693,12981.437377928996
694,12981.917388903912
695,12919.055271138066
696,12959.795039273442
697,12999.40944182304
698,12997.341974146186
699,12989.821535859255
700,12960.083684832245
701,13104.54840824172
702,13098.356741206875
703,13092.777943077519
704,13062.539757225513
705,13065.169571152815
706,13078.97206526048
707,13071.250464073002
708,13041.619971287375
709,13065.208037794924
710,13048.12472057931
711,13032.19461482769
712,13090.799867936566
713,13099.913271178128
714,13078.48322941307
715,13075.965953094
716,13105.303981526728
717,13091.345831213413
718,13079.672665815817
719,13067.491173642034
720,13044.037540239691
721,13032.65855328176
722,12995.650531613348
723,12985.002447631043
724,13006.840488840653
725,13007.24695655319
726,13026.330016748216
727,13024.540170455748
728,13136.14655744089
729,13098.705013696625
730,13070.42335460265
731,12991.127255524902
732,13033.732138769199
733,13028.335773829047
734,12962.753635190507
735,12985.502895585689
736,12961.869588234344
737,13033.9520470953
738,13066.101040093956
739,13054.208983709988
740,13054.7307004911
741,13053.691983152004
742,13025.484344771865
743,13011.739376752163
744,13033.782264906387
745,12987.156054444982
746,12961.697642711297
747,13026.686722835286
748,13047.990373435707
749,13046.971625841315
750,13041.216285133438
751,13039.654445358956
752,13041.255433223017
753,13060.557734286254
754,13072.919300899017
755,13115.713092171183
756,13168.407810712773
757,13167.178725083057
758,13215.536841224008
759,13158.175939095496
760,13177.757590311377
761,13207.89753430881
762,13213.997290601728
763,13216.037317042526
764,13211.931577743695
765,13207.936231751017
766,13207.496256453625
767,13322.915346937087
768,13296.055206345463
769,13288.88771734569
770,13328.323589978972
771,13311.141080051679
772,13238.942476211327
773,13258.412306974435
774,13173.244402290384
775,13062.291095813098
776,12983.050410261243
777,12992.724749280382
778,12866.71250064392
779,12699.32721025812
780,12657.914860845613
781,12704.415617529847
782,12729.777465768686
783,12817.94582898465
784,12851.82425024536
785,12825.810903932354
786,12828.022371929532
787,12833.836019003278
788,12878.217854615992
789,12956.736795815179
790,12968.06513164202
791,12950.80513673511
792,12903.342679283012
793,12846.422552178716
794,12832.382090057039
795,12849.406282188284
796,12882.464539314418
797,12874.562712197394
798,12907.51607826637
799,12960.460167787718
800,13031.79376994301
801,12868.562520885926
802,12953.978880623334
803,13016.598276175277
804,13014.282165230296
805,12965.932794503202
806,12955.610222294208
807,12938.630830163289
808,12765.083513943431
809,12734.118514900012
810,12817.8114562098
811,12729.887726949499
812,12687.461927615204
813,12699.047771651298
814,12697.282319898184
815,12694.59074230634
816,12748.28344244072
817,12749.943338777928
818,12676.707281839366
819,12687.056375910766
820,12659.202632527877
821,12634.513792859068
822,12638.097981929626
823,12616.326924515692
824,12627.993921553574
825,12638.367685052142
826,12635.391592704651
827,12624.680135638007
828,12558.142461153999
829,12551.298463582114
830,12552.887721307497
831,12552.887721307497
832,12660.105694719925
833,12711.071393845748
834,12717.438875083306
835,12700.193740371828
836,12674.207104681142
837,12695.875850189548
838,12689.310998680841
839,12689.722194942253
840,12775.217065681398
841,12773.965538999131
842,12855.07558496583
843,12877.885794932241
844,12886.411778509932
845,12856.530420965502
846,12859.524957509164
847,12835.032131487364
848,12746.110428491033
849,12729.72109350037
850,12772.555730093973
851,12766.07736523515
852,12742.375452731321
853,12783.913744485166
854,12761.955336114313
855,12727.916986651202
856,12748.564408592096
857,12773.118785321352
858,12829.987121174123
859,12827.546276511224
860,12737.915240196906
861,12713.740635329495
862,12773.146352865626
863,12821.037980334517
864,12793.968626167696
865,12828.661760430843
866,12832.868015955488
867,12819.282127851502
868,12816.941879512755
869,12646.48583782994
870,12657.064746253964
871,12607.424217321746
872,12609.123348331977
873,12541.970349436811
874,12541.857876719738
875,12514.508292475535
876,12501.394205713104
877,12513.893316073998
878,12546.115628726782
879,12600.051622932704
880,12602.095613708132
881,12673.918900415785
882,12634.129954246066
883,12622.931770370924
884,12624.532901874223
885,12767.372602504296
886,12752.885102493843
887,12759.374822110838
888,12771.01962989821
889,12770.861149171511
890,12739.233023983956
891,12747.029252576132
892,12746.880153696251
893,12736.920334376302
894,12776.701749295858
895,12750.017311886182
896,12745.997130202832
897,12757.331177224529
898,12748.183855274028
899,12700.704346064844
900,12686.451824610489
901,12691.605272757117
902,12683.059358752527
903,12661.926331587161
904,12655.480425723483
905,12651.176391726343
906,12643.867648827962
907,12587.2602268272
908,12594.404404989235
909,12553.946173209632
910,12572.794375572119
911,12627.82352553224
912,12611.24400462571
913,12631.061192560868
914,12618.97484485847
915,12573.563770913377
916,12592.15937077881
917,12622.099089181873
918,12552.737039337557
919,12555.545662832345
920,12535.038539311803
921,12544.81411625621
922,12511.101863734795
923,12444.071713651214
924,12445.845559551053
925,12464.90635375784
926,12460.639035774999
927,12486.34148455581
928,12498.752622296233
929,12517.481830704348
930,12509.057869648092
931,12508.653926390041
932,12612.19878363901
933,12657.213451491756
934,12633.6340225361
935,12585.010852931835
936,12579.658699428172
937,12519.724008735004
938,12535.260497042964
939,12531.924000668558
940,12521.661745770407
941,12426.78297969048
942,12419.196119173252
943,12370.639812765638
944,12300.708409429346
945,12257.913887838988
946,12374.509540532195
947,12261.618541257907
948,12282.222582351062
949,12356.579027698632
950,12345.16561302333
951,12447.27654983795
952,12436.66071308744
953,12398.510026189097
954,12466.482988681866
955,12538.360358705559
956,12387.346655680452
957,12352.024771929315
958,12344.886116041738
959,12303.611132169393
960,12300.959008402075
961,12302.740302007775
962,12310.862407625933
963,12416.845894282837
964,12345.237570997235
965,12302.486736480967
966,12328.877123469632
967,12338.141862860828
968,12287.110742901816
969,12246.488245281053
970,12187.36660344573
971,12159.674923537592
972,12179.956860716246
973,12240.185051802637
974,12328.010490585339
975,12302.80434825941
976,12237.999277988201
977,12285.078772926126
978,12272.898401802548
979,12316.73071878907
980,12267.046648532825
981,12374.006595575607
982,12339.560086747957
983,12347.086118841617
984,12424.677268549469
985,12379.368054067183
986,12366.510769555363
987,12363.137340266712
988,12361.258813190825
989,12453.385032703594
990,12499.720931373351
991,12496.81072525998
992,12476.312580955697
993,12498.724013076466
994,12566.794661873875
995,12555.226672084096
996,12527.196881870339
997,12486.415587135429
998,12461.040676356646
999,12483.357686171586
1000,12470.880044082056
1001,12486.323090260585
1002,12591.421838768834
1003,12385.07939410751
1004,12597.96430633532
1005,12696.865475096993
1006,12703.72201831825
1007,12849.793121989978
1008,12877.573753028464
1009,12849.418264869308
1010,12855.058804787202
1011,12936.309010625178
1012,12971.667048214644
1013,12952.158995217607
1014,12977.240965312169
1015,12897.76940551615
1016,12878.399138307092
1017,12870.309707786288
1018,12894.114273779996
1019,12900.058392757994
1020,12886.650617999678
1021,12925.174337766559
1022,12974.58464443477
1023,12969.710211969956
1024,13018.005984270081
1025,13017.537120342373
1026,12974.966310725405
1027,12927.431218182901
1028,12902.975422495809
1029,12874.877537149085
1030,12891.262710979914
1031,12941.818010560079
1032,12925.009667364262
1033,12929.888433006054
1034,12930.619912890323
1035,12903.30705004946
1036,12940.12206077904
1037,12868.288445105307
1038,12838.07323318708
1039,12830.116635903358
1040,12807.767242217033
1041,12802.773804178003
1042,12799.092977140712
1043,12797.590701131154
1044,12875.163041073827
1045,12926.01699592947
1046,12918.571753447828
1047,12880.898424646959
1048,12891.276070900785
1049,12897.026874118044
1050,12898.10413144218
1051,12957.292014381817
1052,12990.556580573004
1053,12996.89269840705
1054,12935.261842025124
1055,12951.966080044469
1056,12980.440647696305
1057,12930.582919930399
1058,12928.925049968015
1059,12937.449483055023
1060,12931.613999000052
1061,12931.58461789382
1062,12961.863544163887
1063,13038.619902489256
1064,13047.99415286231
1065,13054.675420325619
1066,13083.132444953475
1067,13117.467438381766
1068,13151.907566176327
1069,13124.92225012089
1070,13120.200283942699
1071,13113.063286816358
1072,13118.822244803598
1073,13064.561467172733
1074,13067.0864471384
1075,13073.73220723166
1076,13054.89397834504
1077,13028.771159416945
1078,13003.065398071874
1079,12964.914907665427
1080,12944.470279618945
1081,12914.700342242766
1082,12932.57792239603
1083,12937.377163922003
1084,12930.087391542958
1085,12940.1352928675
1086,12930.708572561613
1087,12892.16430139911
1088,12862.543862118291
1089,12848.30929782302
1090,12836.501618786775
1091,12846.27501701346
1092,12679.709196599495
1093,12720.527812412009
1094,12725.11564251613
1095,12737.766974539134
1096,12675.873523625327
1097,12587.391993172767
1098,12578.178683721888
1099,12595.434766168975
1100,12495.404972832295
1101,12514.117124820843
1102,12497.862372533256
1103,12486.394956097438
1104,12478.368510041757
1105,12543.882472142177
1106,12537.83919427333
1107,12548.732933486706
1108,12592.592755938802
1109,12586.535833318414
1110,12674.434479883135
1111,12668.640637779581
1112,12375.537075236103
1113,12337.561718519411
1114,12585.105651855047
1115,12506.231622651703
1116,12497.869739255904
1117,12538.953819160024
1118,12560.992445310956
1119,12593.431628386887
1120,12578.110771002564
1121,12582.264451040073
1122,12505.696993099147
1123,12516.471273904684
1124,12514.031759167628
1125,12545.961283687955
1126,12568.324828334713
1127,12580.01308594135
1128,12603.278623826205
1129,12605.54792908188
1130,12528.346375770174
1131,12537.296991134137
1132,12537.74487615673
1133,12547.529193137902
1134,12538.217176317812
1135,12532.614510300038
1136,12526.826660537252
1137,12507.221139709027
1138,12460.02684306195
1139,12439.447726616576
1140,12424.556837332577
1141,12494.005229690587
1142,12534.810349525113
1143,12488.451440308683
1144,12491.74318770769
1145,12473.255124162179
1146,12456.666666525867
1147,12428.360986245829
1148,12404.145222922003
1149,12357.926145259622
1150,12216.35409752923
1151,12270.946755657398
1152,12256.4589985769
1153,12305.05286460081
1154,12209.305806717479
1155,12193.91521063566
1156,12208.962978567251
1157,12189.44785590131
1158,12187.415013015114
1159,12202.719925713915
1160,12299.905518809548
1161,12450.306289132883
1162,12451.658002459566
1163,12402.42363122857
1164,12389.114333018719
1165,12409.74715455858
1166,12449.118120512681
1167,12446.280086676255
1168,12456.171938913547
1169,12474.05176018596
1170,12463.73932153642
1171,12478.150665912286
1172,12512.138288004271
1173,12491.913272266493
1174,12490.864726172336
1175,12516.21761044644
1176,12535.456250905765
1177,12542.51537901471
1178,12517.660813927338
1179,12528.949502560748
1180,12278.845274172541
1181,12256.046544901948
1182,12259.294089905392
1183,12250.76404427009
1184,12193.647816929993
1185,12179.971659887065
1186,12242.292032284102
1187,12275.594025464516
1188,12222.55100931381
1189,12212.46634762837
1190,12195.964289406851
1191,12183.85802561366
1192,12257.978977567553
1193,12241.74134485756
1194,12170.211825292456
1195,12125.162872782577
1196,12146.52462702099
1197,12220.471438924407
1198,12243.119335700612
1199,12246.946710106418
1200,12306.728587923368
1201,12317.557972491466
1202,12320.199688403905
1203,12248.671956531358
1204,12275.67490391086
1205,12248.982555062343
1206,12286.51243414355
1207,11863.620201651558
1208,11843.944681119092
1209,11906.286516314341
1210,11890.431443504796
1211,11894.99517747444
1212,11867.897558718427
1213,11930.274127897681
1214,11986.670799429328
1215,11951.607303683799
1216,11948.31926163888
1217,12329.792148721386
1218,12386.612667276011
1219,12307.968853029979
1220,12298.916837500703
1221,12281.008494074089
1222,12274.25359463558
1223,12177.362899124177
1224,12200.55180533628
1225,12206.387715332497
1226,12219.29038136568
1227,12238.332034165041
1228,12250.095218459493
1229,12313.241695253078
1230,12278.34695660209
1231,12258.41462182871
1232,12328.135103651377
1233,12310.472403653555
1234,12259.777987515885
1235,12304.110847829626
1236,12390.637880752181
1237,12394.12674674197
1238,12387.507018407425
1239,12385.988344276784
1240,12419.912627865278
1241,12438.936767117439
1242,12431.935946129526
1243,12481.04398243301
1244,12531.566459899226
1245,12576.61345371515
1246,12592.622996121478
1247,12586.474509390851
1248,12551.691772276123
1249,12553.543195867736
1250,12542.175919505484
1251,12523.461447608854
1252,12525.575854692594
