,Profitloss
0,-0.12713651187528097
1,-0.14705564434478458
2,-0.19873656832455344
3,-0.05118142560418537
4,-0.39978635156668885
5,-1.1969729884689029
6,-1.2646773353088503
7,-1.9896409674277193
8,-2.006537574526035
9,-1.6025810765506132
10,-1.5888117908218646
11,-0.8281413497789769
12,-0.7727280066607944
13,-0.7175662074354605
14,-0.608252508264806
15,-0.6276909858717428
16,-1.2974863170100992
17,-1.3462236172202324
18,-1.4810419096619176
19,-1.2591287062340029
20,-1.0388361277036018
21,-0.9585561587285185
22,-0.5535305424892445
23,-0.8007511246928778
24,-0.773632273900593
25,-0.5045771961016077
26,-1.0752481206986575
27,-1.319756134286676
28,-1.0040452999781069
29,-1.0431657652942072
30,-0.9272006643297415
31,-1.0151321648256717
32,-0.870169288267364
33,-0.9511654559810623
34,-0.9023505750637595
35,-1.1663700104962316
36,-0.9997808014998055
37,-0.9351408865376665
38,-0.8607667116141138
39,-0.6236246708948734
40,-0.424428040567304
41,-0.388953244777801
42,-0.49341902226731627
43,-0.5902517475292246
44,-0.9428276745253816
45,-1.152330587023065
46,-1.1753328770660265
47,-1.0739945438786536
48,-1.0395149387258718
49,-1.5715953052096832
50,-0.9115279472290072
51,-0.8402890031047439
52,-0.6156675673255729
53,-0.4679256439350854
54,-0.47885498033022333
55,-0.8587944686701876
56,-0.9411510814223867
57,-0.8988755394385262
58,-0.5254080688683049
59,-0.5829224188185544
60,-0.7742964801183971
61,-1.0653022229298315
62,-1.1770686644758777
63,-1.0659035887883306
64,-0.06720311088338482
65,0.3337763570802288
66,0.17677238020468167
67,0.15068579386052772
68,-0.09355035193535644
69,-0.23198908012215247
70,-0.7263434603354102
71,-0.6937648863014401
72,-0.657845678059854
73,-0.6007926373804096
74,-0.37748399157798707
75,-0.2507337466689519
76,-0.23808145892876276
77,-0.03572886456869595
78,-0.11383219785141563
79,-0.12645429911972705
80,-0.6002497703088472
81,-0.40312788734035987
82,-0.42263864895955017
83,-0.9793432828153037
84,-1.2246823927005268
85,-1.2080529794846862
86,-1.0850504758571966
87,-1.338784565698281
88,-1.5469123723966138
89,-1.4538053193030476
90,-1.4403177925027988
91,-1.3558765594595013
92,-1.5380342078708975
93,-1.6878718027529716
94,-1.5474608894935349
95,-1.3118240311137175
96,-1.281157285094725
97,-1.4630877319661728
98,-1.340615214890739
99,-1.4279356405599963
100,-1.4736535869624423
101,-1.5741404622604205
102,-1.3306848773987578
103,-1.1310962440069683
104,-1.1555674599503796
105,-1.1233414547907716
106,-1.3042771269024978
107,-1.4147235641928102
108,-1.3371084004423328
109,-1.3115952478020665
110,-1.336467076998138
111,-1.6317030896032092
112,-1.6568513534918283
113,-1.1375545459674452
114,-1.1758506615044406
115,-1.121456524414377
116,-1.1491146777646621
117,-1.020028188730282
118,-1.3889992827591513
119,-1.573380722955664
120,-1.7405017084065832
121,-2.03820234276062
122,-2.0693135042160193
123,-1.8038124749621742
124,-1.941143977913229
125,-2.2989871484092927
126,-2.435079062186696
127,-2.518407951145507
128,-1.9108823651385554
129,-1.0695593920526991
130,-0.6722586595274249
131,-0.7612441340826726
132,-1.5521674786104223
133,-1.20857070162953
134,-0.7713774699970033
135,-0.8247703964824216
136,-0.6741716102775075
137,-0.5971595757130355
138,-0.5892139305962996
139,-0.6097253640352851
140,-1.3866535875097896
141,-5.925477456100525
142,-5.897642870212616
143,-5.638059001956719
144,-5.489762592810998
145,-5.755690214700193
146,-5.814868787515126
147,-6.066347120779891
148,-5.983158416888079
149,-6.013248801724469
150,-5.794474130100702
151,-7.184905144547004
152,-7.841073742949356
153,-7.786462323779175
154,-7.782422132932942
155,-7.703213910345719
156,-8.0702659158014
157,-8.208113371118076
158,-8.592664676217476
159,-9.191666890273066
160,-9.738079026128998
161,-10.4231528671191
162,-9.960081675910082
163,-9.148254289978297
164,-9.178575662592392
165,-9.658271951189201
166,-10.373567191373601
167,-10.26409837239689
168,-10.126543676005717
169,-10.517926520745702
170,-10.264442611404256
171,-9.739901538848173
172,-10.378049375293797
173,-10.581162367353802
174,-11.424618083566884
175,-11.4011490708258
176,-10.520023137300727
177,-10.917911991523743
178,-11.35055560741951
179,-11.566764161105747
180,-11.904431110838864
181,-12.144654597428794
182,-12.317335728129164
183,-12.083895462267314
184,-12.216477925630597
185,-12.078602120219873
186,-11.494402368090773
187,-11.513163384660096
188,-11.035878522567732
189,-10.885047834400618
190,-10.5150810959591
191,-10.82310250071049
192,-11.23717628606843
193,-10.938761911902217
194,-10.200028301459696
195,-10.059366538313007
196,-10.402902975873207
197,-10.371235634831999
198,-10.290004365054738
199,-9.948237288103257
200,-10.05276850203154
201,-10.91118547732346
202,-11.085374834485185
203,-10.58459254799924
204,-10.012876366757894
205,-8.470954543055598
206,-8.51877700534789
207,-9.1714461332568
208,-8.812046440477362
209,-8.489685715829365
210,-8.938723026164375
211,-8.270664407091955
212,-8.279093470283016
213,-8.263582353105415
214,-8.50158531904438
215,-8.611003629630964
216,-8.459405935956354
217,-8.547483129463728
218,-9.274108313114493
219,-8.913317538068188
220,-9.006279543607953
221,-7.544200827238701
222,-6.051841498684762
223,-6.126316235396367
224,-6.007763449899006
225,-6.103883924212205
226,-6.351303668985054
227,-5.631825539707702
228,-5.113131261314951
229,-5.269707008477631
230,-5.4207561581510415
231,-5.711757266260431
232,-5.689093660992494
233,-5.786222982123601
234,-6.303656460224872
235,-6.415221742061927
236,-6.4474604439120125
237,-6.649054034474089
238,-6.860940045627462
239,-6.427022839577234
240,-6.3409988195056055
241,-6.576460937284578
242,-6.945496380754923
243,-6.785685221412718
244,-6.720376700626396
245,-6.638584430291139
246,-6.813619307587104
247,-6.838903660458106
248,-6.6673845162233185
249,-7.011535584497031
250,-7.165299358894329
251,-7.539479425989004
252,-7.486893684974428
253,-7.88149582453207
254,-8.991743149846842
255,-9.546634377532637
256,-9.339439852734587
257,-8.9921012724262
258,-10.377455955920711
259,-10.065597082395028
260,-11.233718958442429
261,-11.14748307868625
262,-11.57846372797382
263,-11.458304716871726
264,-11.36699293800577
265,-11.403931164646352
266,-11.402057504729813
267,-11.773770349429958
268,-12.0316237745709
269,-11.858303241149438
270,-12.021751439699479
271,-13.501514905625678
272,-13.638863235173416
273,-13.17325881842385
274,-13.366640575714705
275,-13.46291543719802
276,-13.788273595575884
277,-13.439782189847326
278,-13.781939092587391
279,-12.408069243954245
280,-12.141110651064825
281,-12.116889275574804
282,-11.586344191685704
283,-11.8574502068318
284,-11.299730126893447
285,-11.869498365463404
286,-11.79457550283789
287,-11.821792424613854
288,-9.713051690321128
289,-9.59899786565741
290,-8.526518830262297
291,-8.22126657008283
292,-8.076948070605305
293,-7.9292427581699965
294,-7.9085161712171175
295,-8.144625555629482
296,-7.664398996044586
297,-7.681777450264948
298,-7.582809460211582
299,-7.751355401748572
300,-7.738181720526138
301,-7.656849266977828
302,-7.654790818442825
303,-7.5751431275793095
304,-7.596966517723391
305,-7.541453506089191
306,-8.075232496329532
307,-8.180742405801055
308,-8.172036922811987
309,-7.983555649221485
310,-7.711436186779963
311,-7.749608724995993
312,-7.872871894356881
313,-7.907424560396925
314,-8.503900771660078
315,-8.242159088021372
316,-8.719480246523581
317,-7.975279314316397
318,-7.809513544732571
319,-7.594880160233397
320,-7.246090275684603
321,-7.044287164928553
322,-6.894957675476254
323,-7.244936707775285
324,-6.571316960264239
325,-6.617578559524196
326,-6.66065494391167
327,-6.744828190434172
328,-6.756537179765032
329,-6.703352642723259
330,-6.8516322001757395
331,-6.950514404072572
332,-5.901630660157176
333,-6.280364731535093
334,-6.519278890868597
335,-6.49081768657267
336,-6.619469054912219
337,-7.031884841945956
338,-7.324797168832664
339,-7.311377822947196
340,-7.398457361257038
341,-7.589793642966969
342,-6.881030339350769
343,-5.882698468804892
344,-5.5886039679694965
345,-5.741158791784917
346,-5.938138316860842
347,-5.799708775172152
348,-5.8143347182644245
349,-5.5049640394202015
350,-5.345908517810994
351,-5.209874578114881
352,-4.695512173184824
353,-4.988914863675786
354,-5.747440493645328
355,-5.88904922492357
356,-6.2245416607309645
357,-6.084116891533686
358,-5.748256666217577
359,-5.8433900568264585
360,-5.967596865408186
361,-6.360428714661126
362,-6.445554695703326
363,-6.964512081067431
364,-6.987350725322505
365,-6.686956922761689
366,-6.788343670613772
367,-6.4382191207074
368,-6.856018747031623
369,-6.572890401323017
370,-6.177038983728444
371,-7.983263392992379
372,-8.546842622166363
373,-8.246309645072126
374,-6.943294591262427
375,-6.79549219385156
376,-6.461851918467754
377,-7.013442646484991
378,-7.156036261517551
379,-6.952473686332617
380,-7.609904686524094
381,-6.920376483741197
382,-7.06400505595326
383,-7.168198804814874
384,-7.338233400134109
385,-7.4812921142764495
386,-7.670420433531411
387,-7.993897339201417
388,-8.118040359912404
389,-8.45278969037475
390,-8.488852691906146
391,-8.482792811430272
392,-8.662881966262393
393,-8.513282745443329
394,-8.283234787850379
395,-8.40019197851234
396,-8.465233221322311
397,-8.618245613014652
398,-8.536713998749201
399,-8.205950014819763
400,-8.006881199793659
401,-8.040364343449768
402,-7.592314669655842
403,-7.4469039348084465
404,-7.314397906203418
405,-8.020295391307508
406,-7.979323582380893
407,-7.97942784577137
408,-8.08506340866838
409,-7.807309221283476
410,-7.672472393417973
411,-7.913926424641127
412,-7.915836726233405
413,-8.041081331295008
414,-8.049899736781041
415,-8.023098904794102
416,-8.060376623431287
417,-8.040306184175993
418,-8.165488570931368
419,-8.014428943835593
420,-7.780094116792191
421,-4.8627697001389585
422,-4.5848778712969
423,-4.333544767218656
424,-4.628051289601364
425,-4.5907218604537725
426,-4.824881778192469
427,-4.872686268985582
428,-4.489043970247685
429,-4.755555497627107
430,-4.748630745162008
431,-4.687675646998645
432,-2.2748756878105847
433,-2.0291008694716894
434,-2.4612005212043986
435,-2.574124622529872
436,-2.5477007410867336
437,-2.648053978401077
438,-2.677078196336957
439,-2.5205419032027
440,-2.50366284605843
441,-2.292628152493903
442,-2.2942299033492763
443,-2.7188924198624287
444,-2.7446954593031037
445,-2.841746658626043
446,-3.152555822543024
447,-3.1686511214273017
448,-3.560550406509777
449,-3.5287878529861705
450,-3.685329666090309
451,-3.653290984999591
452,-3.7036226977413045
453,-3.724360764773005
454,-4.023461100556702
455,-3.387009685745168
456,-3.412381504089357
457,-3.8070327111401348
458,-4.00032850438643
459,-3.489346957635131
460,-3.2132273045306525
461,-3.8113824224949466
462,-4.1123339617070815
463,-4.118385929523316
464,-4.208043114170623
465,-3.498642486226222
466,-3.787713498867573
467,-3.9440001409951297
468,-4.10883911560842
469,-4.494983878245007
470,-4.686274582095395
471,-4.551837644254054
472,-4.268689908200852
473,-3.658950217746826
474,-3.7237947367800395
475,-3.3075398638461873
476,-3.288777031772583
477,-3.1182302779744098
478,-3.2380239618942874
479,-3.2993287635002755
480,-3.2094068243774365
481,-3.3695048323636567
482,-3.7968125459688196
483,-4.041771249160931
484,-3.5528730470519965
485,-3.5243848190256943
486,-3.154647580393677
487,-3.301508856139046
488,-3.0975795737793965
489,-3.2471151664620557
490,-3.077709409882068
491,-3.462610290537127
492,-3.832358013432835
493,-3.9991576993255284
494,-4.129027019956721
495,-3.92602477420102
496,-3.8743160846342217
497,-3.9752838911546684
498,-3.7787470971274106
499,-3.7270788384997866
500,-3.8310159855907355
501,-3.709501223626177
502,-3.787740114592242
503,-3.19492622783637
504,-2.788151620648549
505,-2.2901188475764833
506,-2.32517572931773
507,-1.954574114246166
508,-1.6249969711139123
509,-1.7028123162910136
510,-1.7116919832550925
511,-1.635515970478374
512,-1.5674198211456658
513,-1.626010375477016
514,-1.6258523669247293
515,-1.5578668886531921
516,-1.3569079545256768
517,-1.3509878665147523
518,-1.3211295705578219
519,-1.3782888175897345
520,-1.4491135009828016
521,-1.3711107221989538
522,-1.1842609281475514
523,-1.4114864042498065
524,-1.2739115066965234
525,-1.1470798869054
526,-0.9274677237946838
527,-0.8632472112911405
528,-0.5614302002756588
529,-0.4467387718070315
530,-0.6196420794405966
531,-0.323376709776102
532,0.021179462552356476
533,0.005176716751575938
534,0.15253134529376045
535,0.15781949934985384
536,0.3002455481717403
537,0.24677162453454748
538,0.1694096797765665
539,0.11564389203875258
540,-0.05701537465229167
541,0.07093301539449204
542,0.17250229321048582
543,0.10287496908694127
544,0.19376128419992256
545,0.15006440539995225
546,0.079633013302427
547,0.06123283695578241
548,0.15212174030818648
549,0.29072529631259947
550,0.18102894556824012
551,0.2663753030067051
552,0.4640090019256249
553,1.4098967979555566
554,1.5006959020831268
555,1.4777846672426875
556,1.2329509588991705
557,0.9092823572357744
558,0.8690974766010884
559,0.7007264946584657
560,0.7365434790067127
561,0.7829740464901702
562,0.9996875959076945
563,1.1146141158677514
564,1.1503288941482115
565,0.9968579705484704
566,0.8214692295976933
567,0.558115809765769
568,0.46622498135411305
569,0.41714451672261177
570,0.712505313074252
571,0.6619003888782338
572,0.6349361471015724
573,0.5537879625823416
574,0.6216390482875145
575,0.6418407022825923
576,0.873998151289701
577,0.9056484823093403
578,0.8329696811463894
579,1.4207935907251557
580,1.633093463240698
581,1.5326758447501643
582,1.3722022976442094
583,0.7920070927306178
584,0.7821828778620477
585,0.9157680462553275
586,1.1807300156222222
587,1.0917065384863145
588,1.1814873422900884
589,1.1247258355323364
590,1.3283073606623175
591,1.2609962552872611
592,1.5938972572683285
593,1.7185535971144805
594,1.6569200010600804
595,2.0080438730834205
596,1.5283003605037981
597,0.9055660402181198
598,2.6350378714487865
599,2.7695692645699266
600,2.866125495653593
601,2.8629771878311505
602,2.9670386291811957
603,3.1944285770783454
604,3.1980515480348526
605,2.819393885928556
606,2.844181810339852
607,2.876126810419133
608,2.8660616177411224
609,2.8142077754437445
610,3.104666661187294
611,2.618503895505153
612,2.3539096497473766
613,2.1270034928334125
614,2.6707816320147293
615,2.9377865640499268
616,2.881332200809328
617,2.7863720143437076
618,2.9421480917677822
619,3.021530791317528
620,2.8654580950108866
621,3.33368997323642
622,3.2015587239976995
623,3.5327518715398964
624,3.2905408663560287
625,3.2918621617101795
626,3.425169013128748
627,4.3803052903268025
628,4.522554943791213
629,5.047006974336843
630,4.8313176689789294
631,4.748894378326418
632,4.935498837638486
633,5.072409650659582
634,5.360295975967855
635,5.510259358584957
636,5.896125086815052
637,5.868090946622018
638,5.921076261655234
639,6.005509577653512
640,5.417166612719471
641,5.655064075154925
642,5.746043207343399
643,5.550242228598723
644,5.99010145485217
645,5.993571394272701
646,6.261885883188345
647,6.495550376425907
648,6.484750089974556
649,6.8619865545660685
650,7.460315802645834
651,7.3754471882556905
652,7.489725155751326
653,7.390492111565927
654,7.479532427900026
655,6.726088922216955
656,6.589139439337766
657,6.687529896653022
658,6.697333094576319
659,6.700452664314827
660,6.419573611484619
661,6.332127728276626
662,6.1876338723807045
663,6.363700915446935
664,5.764706780336493
665,6.498193871135616
666,6.70923605233158
667,6.168509100315145
668,6.2069889765011155
669,6.122071331771695
670,6.595486101777159
671,7.0928511225312185
672,6.72247289836454
673,6.936275774501843
674,7.028939420305136
675,7.1965495242519495
676,7.838942643434721
677,7.970463610528178
678,7.900043179888772
679,8.525687890518864
680,8.926979637553867
681,9.153110934307263
682,8.936761337858389
683,8.924448023478092
684,9.004532972941238
685,9.130709190226693
686,8.571270894080051
687,8.343125541798146
688,8.254559047769504
689,8.31704048675823
690,8.51853475287625
691,8.549474936307245
692,8.430190246799786
693,8.178644816074975
694,8.182644907532598
695,7.658793926150542
696,7.99829199394535
697,8.328412015191988
698,8.31118311788488
699,8.248512798827123
700,8.000697373602051
701,9.204570068681006
702,9.152972843390629
703,9.106482858979327
704,8.854497976879273
705,8.876413092940139
706,8.991433877170651
707,8.927087200608351
708,8.680166427394798
709,8.876733648291024
710,8.734372671494238
711,8.601621790230741
712,9.089998899471396
713,9.165943926484399
714,8.98736024510891
715,8.966382942450002
716,9.210866512722738
717,9.094548593445118
718,8.997272215131801
719,8.895759780350287
720,8.70031283533077
721,8.605487944014678
722,8.297087763444576
723,8.2083537302587
724,8.390337407005433
725,8.393724637943256
726,8.552750139568467
727,8.537834753797902
728,9.467887978674083
729,9.155875114138535
730,8.92019462168876
731,8.259393796040836
732,8.614434489743328
733,8.56946478190872
734,8.022946959920896
735,8.212524129880737
736,8.015579901952874
737,8.616267059127502
738,8.884175334116296
739,8.785074864249909
740,8.789422504092492
741,8.780766526266714
742,8.545702873098882
743,8.43116147293468
744,8.614852207553225
745,8.22630045370818
746,8.01414702259413
747,8.555722690294054
748,8.733253111964224
749,8.72476354867764
750,8.676802376111992
751,8.663787044657955
752,8.677128610191808
753,8.837981119052118
754,8.94099417415848
755,9.297609101426518
756,9.736731755939786
757,9.726489375692138
758,10.129473676866741
759,9.651466159129129
760,9.814646585928145
761,10.065812785906747
762,10.116644088347737
763,10.133644308687728
764,10.099429814530803
765,10.066135264591814
766,10.062468803780211
767,11.024294557809068
768,10.800460052878869
769,10.740730977880752
770,11.069363249824772
771,10.926175667097326
772,10.324520635094391
773,10.48676922478695
774,9.777036685753204
775,8.852425798442475
776,8.192086752177019
777,8.272706244003182
778,7.222604172032665
779,5.827726752150997
780,5.482623840380096
781,5.870130146082064
782,6.081478881405711
783,6.816215241538748
784,7.098535418711327
785,6.881757532769606
786,6.900186432746103
787,6.94863349169399
788,7.31848212179993
789,7.972806631793161
790,8.067209430350175
791,7.9233761394592594
792,7.527855660691762
793,7.053521268155971
794,6.936517417141985
795,7.078385684902355
796,7.353871160953496
797,7.288022601644939
798,7.56263398555308
799,8.003834731564318
800,8.598281416191744
801,7.238021007382711
802,7.949824005194439
803,8.47165230146063
804,8.452351376919133
805,8.049439954193339
806,7.963418519118393
807,7.821923584694068
808,6.375695949528604
809,6.117654290833441
810,6.815095468414989
811,6.082397724579147
812,5.728849396793367
813,5.825398097094148
814,5.8106859991515325
815,5.788256185886165
816,6.2356953536726545
817,6.249527823149403
818,5.63922734866138
819,5.7254697992563885
820,5.4933552710656475
821,5.287614940492236
822,5.317483182746896
823,5.1360577042974365
824,5.233282679613116
825,5.319730708767856
826,5.294929939205417
827,5.205667796983393
828,4.651187176283322
829,4.5941538631842915
830,4.607397677562486
831,4.607397677562486
832,5.500880789332707
833,5.925594948714563
834,5.978657292360889
835,5.834947836431903
836,5.618392539009509
837,5.798965418246227
838,5.744258322340334
839,5.747684957852117
840,6.460142214011655
841,6.449712824992759
842,7.125629874715256
843,7.315714957768682
844,7.386764820916092
845,7.137753508045863
846,7.162707979243033
847,6.958601095728034
848,6.217586904091932
849,6.0810091125030885
850,6.437964417449771
851,6.383978043626248
852,6.186462106094348
853,6.532614537376391
854,6.349627800952606
855,6.065974888760017
856,6.238036738267461
857,6.442656544344594
858,6.916559343117701
859,6.896218970926871
860,6.149293668307543
861,5.947838627745794
862,6.442886273880211
863,6.841983169454302
864,6.616405218064125
865,6.905514670257018
866,6.9405667996290665
867,6.827351065429177
868,6.807848995939625
869,5.387381981916173
870,5.475539552116371
871,5.0618684776812195
872,5.076027902766489
873,4.516419578640085
874,4.515482305997809
875,4.287569103962796
876,4.178285047609198
877,4.282444300616639
878,4.550963572723177
879,5.000430191105876
880,5.0174634475677715
881,5.615990836798201
882,5.284416285383875
883,5.191098086424373
884,5.204440848951863
885,6.394771687535794
886,6.2740425207820305
887,6.328123517590312
888,6.425163582485083
889,6.423842909762589
890,6.160275199866305
891,6.225243771467781
892,6.224001280802094
893,6.141002786469185
894,6.4725145774654935
895,6.250144265718194
896,6.216642751690271
897,6.311093143537749
898,6.234865460616912
899,5.839202883873695
900,5.720431871754084
901,5.763377272975978
902,5.692161322937728
903,5.516052763226353
904,5.462336881029017
905,5.426469931052869
906,5.365563740233004
907,4.893835223559995
908,4.9533700415769655
909,4.616218110080261
910,4.773286463101001
911,5.2318627127686534
912,5.093700038547588
913,5.258843271340563
914,5.1581237071539165
915,4.779698090944806
916,4.93466142315675
917,5.184159076515615
918,4.60614199447964
919,4.629547190269534
920,4.458654494265035
921,4.540117635468421
922,4.259182197789957
923,3.700597613760115
924,3.715379662925433
925,3.8742196146486663
926,3.8386586314583138
927,4.052845704631758
928,4.156271852468607
929,4.312348589202908
930,4.2421489137340895
931,4.238782719917
932,5.101656530325083
933,5.476778762431311
934,5.280283521134166
935,4.875090441098617
936,4.83048916190143
937,4.33103340612504
938,4.460504142024702
939,4.432700005571322
940,4.347181214753393
941,3.5565248307540154
942,3.4933009931104264
943,3.088665106380306
944,2.5059034119112145
945,2.1492823986582366
946,3.120912837768297
947,2.180154510482568
948,2.3518548529255057
949,2.9714918974885984
950,2.876380108527754
951,3.7273045819829154
952,3.638839275728656
953,3.320916884909142
954,3.887358239015559
955,4.486336322546314
956,3.2278887973371084
957,2.9335397660776197
958,2.8740509670144743
959,2.5300927680782737
960,2.5079917366839455
961,2.5228358500647863
962,2.5905200635494507
963,3.4737157856903123
964,2.876979758310294
965,2.5207228040080576
966,2.7406426955802754
967,2.817848857173577
968,2.3925895241817985
969,2.0540687106754385
970,1.5613883620477331
971,1.3306243628132597
972,1.4996405059687135
973,2.0015420983553023
974,2.7334207548778133
975,2.5233695688284152
976,1.9833273165683396
977,2.375656441051044
978,2.2741533483545684
979,2.639422656575574
980,2.225388737773537
981,3.116721629796726
982,2.829667389566315
983,2.8923843236801305
984,3.538977237912233
985,3.161400450559859
986,3.0542564129613536
987,3.0261445022226052
988,3.010490109923536
989,3.778208605863287
990,4.164341094777924
991,4.1400893771665
992,3.969271507964134
993,4.156033442303886
994,4.72328884894897
995,4.626888934034135
996,4.393307348919495
997,4.053463226128562
998,3.84200563630539
999,4.027980718096558
1000,3.9240003673504775
1001,4.052692418838211
1002,4.928515323073612
1003,3.208994950895905
1004,4.983035886127674
1005,5.807212292474939
1006,5.864350152652098
1007,7.0816093499164845
1008,7.313114608570537
1009,7.078485540577573
1010,7.125490039893356
1011,7.802575088543162
1012,8.097225401788698
1013,7.934658293480057
1014,8.143674710934734
1015,7.481411712634589
1016,7.3199928192257735
1017,7.252580898219074
1018,7.450952281499967
1019,7.500486606316614
1020,7.388755149997306
1021,7.709786148054665
1022,8.121538703623088
1023,8.080918433082962
1024,8.483383202250682
1025,8.479476002853104
1026,8.124719256045054
1027,7.728593484857504
1028,7.524795187465072
1029,7.290646142909041
1030,7.427189258165945
1031,7.848483421333996
1032,7.708413894702182
1033,7.749070275050451
1034,7.755165940752695
1035,7.5275587504121555
1036,7.834350506491994
1037,7.2357370425442324
1038,6.98394360989234
1039,6.917638632527989
1040,6.731393685141929
1041,6.689781701483355
1042,6.659108142839254
1043,6.646589176092954
1044,7.293025342281889
1045,7.716808299412259
1046,7.6547646120652235
1047,7.34082020539133
1048,7.427300590839869
1049,7.4752239509837
1050,7.484201095351506
1051,7.977433453181804
1052,8.254638171441698
1053,8.307439153392071
1054,7.793848683542692
1055,7.933050667037245
1056,8.170338730802552
1057,7.754857666086656
1058,7.741042083066785
1059,7.812079025458529
1060,7.763449991667093
1061,7.763205149115171
1062,8.015529534699063
1063,8.65516585407713
1064,8.73328460718592
1065,8.788961836046827
1066,9.026103707945632
1067,9.312228653181375
1068,9.59922971813607
1069,9.374352084340742
1070,9.33500236618916
1071,9.275527390136308
1072,9.323518706696653
1073,8.87134555977278
1074,8.892387059486651
1075,8.947768393597165
1076,8.790783152875337
1077,8.573092995141218
1078,8.358878317265628
1079,8.040957563878548
1080,7.870585663491214
1081,7.622502852023061
1082,7.771482686633591
1083,7.81147636601669
1084,7.7507282628579866
1085,7.834460773895846
1086,7.755904771346778
1087,7.434702511659252
1088,7.187865517652425
1089,7.069244148525167
1090,6.970846823223131
1091,7.05229180844551
1092,5.664243304995797
1093,6.004398436766745
1094,6.042630354301082
1095,6.148058121159461
1096,5.632279363544401
1097,4.894933276439728
1098,4.8181556976824025
1099,4.961956384741462
1100,4.128374773602461
1101,4.284309373507034
1102,4.148853104443795
1103,4.053291300811979
1104,3.9864042503479746
1105,4.532353934518141
1106,4.481993285611097
1107,4.572774445722549
1108,4.938272966156676
1109,4.887798610986782
1110,5.620287332359464
1111,5.572005314829842
1112,3.129475626967526
1113,2.8130143209950997
1114,4.87588043212539
1115,4.218596855430867
1116,4.148914493799194
1117,4.4912818263335375
1118,4.674937044257965
1119,4.945263569890712
1120,4.817589758354712
1121,4.852203758667284
1122,4.214141609159561
1123,4.303927282539033
1124,4.28359799306357
1125,4.549677364066285
1126,4.736040236122618
1127,4.833442382844577
1128,5.02732186521837
1129,5.0462327423490105
1130,4.402886464751443
1131,4.477474926117808
1132,4.481207301306078
1133,4.562743276149184
1134,4.485143135981762
1135,4.438454252500312
1136,4.390222171143776
1137,4.22684283090855
1138,3.8335570255162654
1139,3.6620643884714754
1140,3.5379736444381304
1141,4.116710247421551
1142,4.456752912709261
1143,4.070428669239035
1144,4.097859897564082
1145,3.9437927013514784
1146,3.805555554382223
1147,3.5696748853819127
1148,3.3678768576833606
1149,2.98271787716351
1150,1.8029508127435978
1151,2.257889630478327
1152,2.137158321474164
1153,2.5421072050067384
1154,1.7442150559789926
1155,1.615960088630497
1156,1.7413581547270907
1157,1.5787321325109183
1158,1.5617917751259425
1159,1.6893327142826209
1160,2.4992126567462414
1161,3.7525524094406792
1162,3.7638166871630574
1163,3.35353026023808
1164,3.2426194418226473
1165,3.414559621321489
1166,3.742651004272335
1167,3.719000722302135
1168,3.8014328242795603
1169,3.950431334882998
1170,3.8644943461368486
1171,3.98458888260238
1172,4.267819066702261
1173,4.099277268887436
1174,4.090539384769465
1175,4.301813420387002
1176,4.462135424214719
1177,4.520961491789244
1178,4.313840116061152
1179,4.407912521339563
1180,2.323710618104502
1181,2.133721207516226
1182,2.160784082544942
1183,2.0897003689174243
1184,1.6137318077499518
1185,1.4997638323922091
1186,2.0191002690341797
1187,2.2966168788709718
1188,1.8545917442817528
1189,1.7705528969030881
1190,1.6330357450570876
1191,1.5321502134471698
1192,2.1498248130629394
1193,2.01451120714633
1194,1.4184318774371318
1195,1.0430239398548036
1196,1.2210385585082584
1197,1.8372619910367316
1198,2.0259944641717764
1199,2.057889250886813
1200,2.556071566028062
1201,2.646316437428875
1202,2.6683307366992093
1203,2.072266304427983
1204,2.297290865923829
1205,2.074854625519529
1206,2.387603617862921
1207,-1.1364983195703449
1208,-1.3004609906742348
1209,-0.7809456973804862
1210,-0.9130713041267002
1211,-0.8750401877129943
1212,-1.1008536773464472
1213,-0.5810489341859904
1214,-0.11107667142226108
1215,-0.40327246930167426
1216,-0.43067281967599236
1217,2.748267906011548
1218,3.2217722273000904
1219,2.5664071085831575
1220,2.4909736458391896
1221,2.3417374506174093
1222,2.285446621963172
1223,1.4780241593681298
1224,1.6712650444689947
1225,1.7198976277708056
1226,1.8274198447139955
1227,1.9861002847086695
1228,2.0841268204957686
1229,2.6103474604423305
1230,2.319557971684083
1231,2.1534551819059056
1232,2.7344591970948073
1233,2.587270030446298
1234,2.1648165626323657
1235,2.534257065246881
1236,3.2553156729348443
1237,3.284389556183087
1238,3.22922515339521
1239,3.2165695356398682
1240,3.4992718988773097
1241,3.657806392645324
1242,3.59946621774605
1243,4.008699853608411
1244,4.429720499160217
1245,4.805112114292909
1246,4.93852496767897
1247,4.8872875782570935
1248,4.597431435634358
1249,4.612859965564464
1250,4.518132662545704
1251,4.362178730073785
1252,4.3797987891049495
