,Portfolio Value
0,11979.840116976298
1,11978.046556544396
2,11957.765444215798
3,11968.297821341173
4,11922.418638362946
5,11855.978375199116
6,11853.23087683342
7,11827.163488832928
8,11826.759144534939
9,11849.888269652469
10,11859.769108105354
11,11884.398171598214
12,11892.843904004681
13,11896.60773680788
14,11901.045097220791
15,11920.062363667956
16,11902.939521410643
17,11895.143609350247
18,11887.015912386134
19,11890.180171122076
20,11895.660910858
21,11921.089088443923
22,11940.172035404277
23,11934.655781415588
24,11940.98855968854
25,11965.83661651304
26,11925.693022946185
27,11911.087844159192
28,11948.656280460165
29,11939.197143318788
30,11948.822766697882
31,11946.888928845516
32,11949.68514276682
33,11944.634034208337
34,11947.484937154471
35,11902.463169654508
36,11910.84850606295
37,11910.158172241572
38,11906.10125390875
39,11917.067005195915
40,11921.965400371364
41,11934.477510551716
42,11921.070816490408
43,11911.35027336075
44,11879.39840241381
45,11855.909003025501
46,11850.131009115641
47,11857.906827048235
48,11867.535624963972
49,11822.078131733462
50,11896.914074723734
51,11898.18717075615
52,11955.89328839858
53,11968.124250246683
54,11982.580117569314
55,11976.028036805099
56,11975.006783756015
57,11988.862220865341
58,12010.509846794885
59,12018.427675037303
60,12021.585483924933
61,12019.687097683884
62,12011.167160938749
63,12017.113925336183
64,12029.168205730051
65,12056.957555106968
66,12047.037241956941
67,12046.57596492999
68,12034.789132997412
69,12050.510106671658
70,12017.345770483964
71,12020.244861809892
72,12049.08115726522
73,12055.214277760695
74,12098.874950924854
75,12108.729255694316
76,12109.174537018678
77,12118.53814460643
78,12078.465121183392
79,12077.404745325057
80,12016.185792845466
81,12027.832169180194
82,12024.312106843821
83,11976.839927268435
84,11951.63881067411
85,11956.76424514841
86,11968.779263487671
87,11976.520042845677
88,11927.0362454272
89,11927.365361737835
90,11928.785588091996
91,11947.073599208474
92,11941.042580088757
93,11940.218922579468
94,11941.923242854216
95,12001.73153950177
96,11999.484962442166
97,11997.484193161044
98,12006.994383644393
99,12001.228307541242
100,11997.516603075355
101,11994.32078075434
102,12006.10082650549
103,12020.5291867214
104,12016.76803834027
105,12009.976230622415
106,11960.019458503448
107,11948.770807602927
108,11966.705967728498
109,11967.895056542264
110,11958.6068722039
111,11930.28458357723
112,11955.276702770241
113,11981.206480023988
114,11987.031976131502
115,11989.701779104176
116,11994.65906117441
117,12005.099013752904
118,11990.291964492773
119,11984.414016301884
120,11938.80697027011
121,11911.394701263986
122,11898.051388175863
123,11923.974164268533
124,11903.959076143572
125,11780.467654143082
126,11769.339739149027
127,11754.104146302776
128,11791.983401024654
129,11815.647790387913
130,11835.807957219191
131,11830.369037124803
132,11798.304328292032
133,11820.59461878678
134,11836.293723011726
135,11834.85020830209
136,11864.936581483704
137,11873.690315902268
138,11870.680951993112
139,11868.329980442051
140,11846.20328994451
141,11805.981722474891
142,11809.005575384586
143,11817.248271431237
144,11853.720577731197
145,11839.47904313326
146,11839.213472739832
147,11803.010224336527
148,11774.367376156666
149,11755.851170272095
150,11766.989186449433
151,11731.89628830115
152,11716.742251039886
153,11768.425165585857
154,11764.12184920243
155,11766.476926306826
156,11752.747711780057
157,11711.4571495172
158,11694.605053015504
159,11649.910245582003
160,11564.137915604759
161,11509.572635564553
162,11527.853381283645
163,11585.535603553071
164,11582.483291109216
165,11562.51898672873
166,11500.255570426001
167,11509.438317286918
168,11523.586932535545
169,11517.153126057474
170,11535.135320015475
171,11542.046026437472
172,11519.384753693475
173,11515.117329421624
174,11480.135134560622
175,11487.255661029494
176,11506.742701818801
177,11503.296133516675
178,11424.394323773467
179,11413.20409408181
180,11364.490336035366
181,11355.078711726937
182,11242.600051628177
183,11266.504331358849
184,11258.545566418294
185,11344.738441054991
186,11372.649392381734
187,11320.482645354316
188,11349.198260917992
189,11351.493668428411
190,11369.6416410392
191,11379.920832404356
192,11375.439462054688
193,11406.922216637133
194,11417.726231536408
195,11399.232146650902
196,11380.57105814259
197,11425.830882581726
198,11429.423482314098
199,11425.144571729825
200,11414.510903814795
201,11340.92667279457
202,11335.037783129772
203,11344.945663090113
204,11377.579002851953
205,11397.501764333567
206,11405.290914166999
207,11344.502198597162
208,11486.083697213602
209,11490.556800047794
210,11483.243240482965
211,11483.850380022428
212,11485.448208551403
213,11480.90830909579
214,11455.186434045292
215,11463.720406455497
216,11463.575675825428
217,11463.010601961472
218,11441.456342281841
219,11461.054760230414
220,11454.935140553724
221,11580.308838837454
222,11675.230654675699
223,11634.055551606682
224,11691.7754103741
225,11685.118885648419
226,11663.733501269844
227,11700.835113919116
228,11706.899215615846
229,11705.667177203333
230,11725.717475634783
231,11735.897541707549
232,11711.381876086783
233,11695.482561726512
234,11680.663506970412
235,11684.011086554678
236,11672.84952495499
237,11670.242623671229
238,11629.622766701877
239,11636.761302344261
240,11654.074788091966
241,11642.103401096376
242,11599.064343549342
243,11614.768782536386
244,11632.859226991575
245,11643.565897886423
246,11638.640393704292
247,11634.619009891507
248,11649.97973845457
249,11639.593802816536
250,11629.296544294817
251,11614.80305547071
252,11596.12732467302
253,11566.79270457002
254,11532.773676689721
255,11472.948378370314
256,11480.143814066403
257,11478.978531927793
258,11386.418602387817
259,11410.23432410471
260,11286.087904258799
261,11291.32513687475
262,11242.460820782257
263,11261.025286521168
264,11268.701701371121
265,11262.13883303001
266,11262.537360906794
267,11186.04076163459
268,11176.570885875102
269,11208.992465514388
270,11198.318622191246
271,11119.052898582051
272,11105.765802312339
273,11167.99683529764
274,11125.56585863214
275,11109.144078390027
276,11091.817907800227
277,11184.051598012875
278,11132.291467999263
279,11232.474100900285
280,11270.055207460717
281,11271.03397753867
282,11298.867723854677
283,11268.923909060944
284,11308.829033362581
285,11266.5004437555
286,11257.381259886395
287,11262.238644419012
288,11300.686563438454
289,11304.703809908115
290,11374.559763175055
291,11382.855942328
292,11445.799458563513
293,11451.265328503065
294,11454.205366001606
295,11433.264331015202
296,11461.938196135465
297,11456.539885532968
298,11473.566525364266
299,11458.622804057177
300,11452.480235881501
301,11474.167500899375
302,11475.761855892391
303,11497.90841040421
304,11496.007146897276
305,11501.575103606716
306,11492.893410071638
307,11478.597531488018
308,11479.242792743435
309,11568.42385169208
310,11579.70743257395
311,11581.814016985905
312,11571.036589552808
313,11562.921544088973
314,11502.106187377853
315,11513.546904964634
316,11478.975177920565
317,11498.469403263742
318,11517.4618020626
319,11533.76901607799
320,11595.71145118245
321,11589.207091964625
322,11589.222645230664
323,11550.04834927492
324,11563.64718009379
325,11562.478392523024
326,11558.764621532253
327,11543.888128371593
328,11562.148696638915
329,11564.057792997723
330,11555.591714498716
331,11568.415241647368
332,11587.269976876287
333,11525.912785012413
334,11494.452347875416
335,11491.480177780928
336,11482.490825872821
337,11468.321287346072
338,11463.097516809461
339,11466.029798046387
340,11459.310609970138
341,11444.914426200416
342,11484.81908842261
343,11500.374594685767
344,11517.799323257334
345,11508.331332780914
346,11467.917572122633
347,11478.31064083232
348,11473.96989964502
349,11523.755800175208
350,11534.918450204055
351,11552.66845447674
352,11603.309146782298
353,11606.538447764166
354,11552.493141346518
355,11567.705815817631
356,11570.67299824022
357,11574.547967997132
358,11576.710844793779
359,11575.401929919544
360,11573.494193477585
361,11528.349174596357
362,11530.991244716504
363,11514.297445448223
364,11513.124791253917
365,11440.72078715253
366,11436.356783715246
367,11521.008267835361
368,11510.917427839799
369,11536.840919061175
370,11551.476194963392
371,11454.279058383207
372,11432.013959630702
373,11500.975949743612
374,11638.412676669568
375,11676.902063303385
376,11683.44597739831
377,11603.024489457282
378,11589.738416708471
379,11586.409852573966
380,11540.893161709208
381,11592.495769419429
382,11586.070536053501
383,11574.63585652712
384,11557.38858624135
385,11592.484691519205
386,11580.516249462198
387,11562.430404213883
388,11551.644193789234
389,11545.67594331224
390,11525.56461759518
391,11539.62606807424
392,11536.477811046623
393,11548.120208289267
394,11581.060052516737
395,11572.81947327075
396,11591.818950442708
397,11588.074256062553
398,11605.486411521564
399,11611.444567912959
400,11629.835355638379
401,11622.745330627577
402,11624.22167441883
403,11651.53548033687
404,11657.458688839699
405,11610.647827474984
406,11620.834833182185
407,11614.677843222296
408,11592.219009512526
409,11608.884892932787
410,11596.374678137952
411,11560.573873663003
412,11565.697061935476
413,11553.051328919244
414,11551.625096050482
415,11560.301506659589
416,11553.505429428951
417,11560.17328058183
418,11513.798085480274
419,11535.371183713025
420,11555.788577573383
421,11561.740954078625
422,11602.058791390153
423,11611.76195375004
424,11599.631918849373
425,11610.03083469321
426,11593.142522802451
427,11592.893576200888
428,11615.201232248242
429,11579.451332836401
430,11589.492224339661
431,11573.697898132996
432,11610.651499311802
433,11623.455701859211
434,11596.930591943357
435,11560.398129430872
436,11542.262089106945
437,11535.047348988872
438,11516.386658010386
439,11525.312786710347
440,11525.782474198226
441,11544.737897352703
442,11544.42107848966
443,11526.243712643338
444,11518.985850380188
445,11530.717245524685
446,11492.60774287956
447,11486.541261279732
448,11467.834370713785
449,11455.06406100572
450,11443.875806358436
451,11450.282961050645
452,11436.767257812513
453,11453.039399041421
454,11440.916604835043
455,11463.400748603985
456,11455.654597529207
457,11408.483562783083
458,11398.321507829032
459,11385.558533894056
460,11389.016520636742
461,11380.416719668376
462,11360.301567322183
463,11360.43925104825
464,11345.810869768282
465,11414.806893123827
466,11366.243916196003
467,11342.019738582121
468,11319.097923815158
469,11309.40395833894
470,11296.624395925879
471,11312.551060334896
472,11368.622661033129
473,11386.52159579456
474,11384.576006827354
475,11396.633961962649
476,11396.000061457868
477,11395.210940784838
478,11383.23123681887
479,11379.607875173651
480,11396.357264998685
481,11360.523509151939
482,11341.634022711447
483,11321.917849969586
484,11367.912590419575
485,11369.873320098402
486,11403.96411272997
487,11396.414098737481
488,11406.83201557808
489,11401.626269695791
490,11432.05436448453
491,11410.124794148178
492,11396.411115462657
493,11351.314527115086
494,11359.654980665393
495,11370.524129922742
496,11368.677875269455
497,11356.534935394422
498,11391.200924625255
499,11392.848834255406
500,11389.003604108695
501,11399.770185632467
502,11376.857136397037
503,11426.396588746784
504,11466.602262061539
505,11490.189092159026
506,11484.449364289714
507,11498.739127182784
508,11518.641649488309
509,11513.6359831743
510,11519.912824309196
511,11526.2138218399
512,11520.590661255881
513,11512.147712970367
514,11514.816964925252
515,11517.793258159136
516,11513.34815420828
517,11511.110224581278
518,11511.990709400718
519,11525.766926736524
520,11520.373659905492
521,11524.67442238789
522,11548.298899148285
523,11542.544929527394
524,11555.166985622463
525,11558.720130540793
526,11558.644762335392
527,11567.577012215565
528,11675.474050308105
529,11680.29162376232
530,11669.856834018236
531,11688.313556832461
532,11683.656086587123
533,11681.57746565145
534,11696.911778337055
535,11687.07921850287
536,11708.441024623962
537,11707.61055757253
538,11689.964731622285
539,11662.973196239709
540,11654.007738183564
541,11668.411418159227
542,11677.429866026057
543,11666.711551197539
544,11672.064457819202
545,11669.416930415613
546,11651.650845421109
547,11651.474201231165
548,11654.456386519596
549,11661.52032649064
550,11655.627315923957
551,11662.68864837809
552,11681.892692031839
553,11704.3987795396
554,11717.86704270091
555,11714.77481483882
556,11678.582251498456
557,11677.804002107303
558,11673.262853988526
559,11667.06065324853
560,11664.705794533491
561,11669.204143833518
562,11673.996450158613
563,11662.592638736996
564,11666.077091254538
565,11672.06606679525
566,11663.96905040162
567,11660.23165594527
568,11646.805956127064
569,11624.672467357419
570,11627.212819846647
571,11613.822688690952
572,11603.752660575392
573,11613.239345001919
574,11615.36841403293
575,11614.69398036991
576,11643.278727349796
577,11645.13759710153
578,11640.403333853243
579,11647.498377076277
580,11664.009192505542
581,11659.790011963632
582,11639.017716064263
583,11625.855448167657
584,11624.991065737962
585,11643.894378119514
586,11659.919963652123
587,11604.177907399175
588,11615.142057202453
589,11619.146763912053
590,11639.90847115443
591,11635.623322377984
592,11665.597068711435
593,11690.348361149234
594,11679.807541423559
595,11725.17812593719
596,11719.547387181421
597,11714.764748895095
598,11692.33142521083
599,11733.642471852416
600,11745.267942400158
601,11745.897367194066
602,11746.652076367478
603,11769.516649408166
604,11768.90409109101
605,11739.736550107968
606,11741.052850129732
607,11741.360950272465
608,11740.562304440466
609,11736.8272746679
610,11778.635592354354
611,11751.052487629842
612,11722.06618232379
613,11722.496571985132
614,11744.950463717174
615,11748.413815329755
616,11744.142599001565
617,11719.7683370802
618,11736.69522640275
619,11742.812686894918
620,11725.921383565052
621,11726.664739799893
622,11740.329358520847
623,11756.089726847664
624,11745.018981288722
625,11698.673305466953
626,11709.759877120174
627,11721.115746687552
628,11737.118908486882
629,11739.400912017984
630,11728.811920191254
631,11725.420308700961
632,11740.078723218128
633,11742.44548058813
634,11745.133757805426
635,11754.327353846556
636,11771.183550836244
637,11780.096716296359
638,11769.619670589442
639,11776.69374333615
640,11747.092057257285
641,11786.111255053129
642,11797.567424966786
643,11791.870962023004
644,11842.389260976497
645,11842.329879360424
646,11933.54626757167
647,11953.068141863345
648,11951.315787065396
649,11971.051168485774
650,11973.503539686099
651,11971.152491093255
652,11978.071002542858
653,11967.271732747704
654,11972.376210948212
655,11947.442083018344
656,11939.85656647175
657,11944.985365422599
658,11946.591763895634
659,11946.94338828408
660,11908.387543123794
661,11890.054911045114
662,11888.57526506858
663,11895.786094600746
664,11884.19710183188
665,11907.165362100259
666,11976.000065661294
667,11966.374048652746
668,11967.128279606526
669,11963.851942485924
670,11987.054092855946
671,12043.91031686675
672,12045.34225495138
673,12036.23244764528
674,12060.430995480625
675,12062.390412827295
676,12079.305473340373
677,12096.02640226051
678,12085.336043983449
679,12108.769099704674
680,12172.962702031455
681,12169.607275473403
682,12159.1504013449
683,12157.19159695339
684,12137.605060808379
685,12139.878462716211
686,12116.436406212268
687,12096.320323581596
688,12104.405282468364
689,12101.518535991978
690,12110.940052630225
691,12113.460304611064
692,12126.112080680725
693,12105.329816469142
694,12102.585394194637
695,12091.667980865375
696,12110.56829737463
697,12138.523631200836
698,12131.673633592698
699,12123.360280757257
700,12080.719428748593
701,12110.775823125023
702,12106.944019431425
703,12103.22826961824
704,12082.107155746198
705,12086.248974472226
706,12128.739882247179
707,12120.275136370117
708,12068.080932936891
709,12073.69322322169
710,11983.731970062603
711,11960.60298429287
712,11994.435206074802
713,11998.384915697703
714,11995.300174642074
715,11993.02641360034
716,12005.811372531478
717,12001.020301681685
718,11985.382026939553
719,11972.204714059526
720,11968.232151090007
721,11960.317747891468
722,11940.072272155165
723,11920.014951104953
724,11954.744040928928
725,11957.01736787824
726,12009.365318328866
727,12013.004238670179
728,12031.894916972775
729,12025.85524364451
730,12007.842090282833
731,11991.087983677211
732,12005.539777722606
733,12010.388829716683
734,11968.17545320445
735,11981.112850482705
736,11953.058796591726
737,11998.876847889764
738,12065.039405170503
739,12049.836314822216
740,12052.851792575266
741,12042.19212511402
742,12038.120641413254
743,12027.887621733977
744,12067.756355780168
745,12054.083897168803
746,12043.285649045329
747,12053.625262662363
748,12077.434224970046
749,12078.528400250856
750,12074.623577282175
751,12099.543483361382
752,12100.022495263536
753,12153.289265814741
754,12164.409407403986
755,12199.91885975199
756,12203.873739402254
757,12209.357627829924
758,12214.69910526116
759,12193.865434270207
760,12215.236747055638
761,12228.604108602072
762,12214.179058147109
763,12213.740361424567
764,12209.13395057727
765,12205.45121465354
766,12208.136757463031
767,12246.500058395264
768,12232.638400141057
769,12232.70083339186
770,12251.672942753845
771,12199.848840515086
772,12170.184942162134
773,12195.508016689173
774,12182.708536628546
775,12144.789498999582
776,12049.210343407442
777,12065.202047689756
778,12031.61843751245
779,11991.823718242951
780,11975.086471610502
781,11992.642150263788
782,11992.617675014666
783,12022.78847090892
784,12089.191971629805
785,12094.153956432467
786,12090.381071494725
787,12097.377144785029
788,12062.011251673857
789,12084.350344215798
790,12086.90039733654
791,12070.54767446379
792,12052.504602652238
793,12031.83910917005
794,12027.206494455328
795,12045.229412416205
796,12055.780772363363
797,12053.073961493163
798,12097.537140694953
799,12120.187252470949
800,12164.077402499253
801,12134.174186809338
802,12236.360307355331
803,12258.16851378623
804,12253.502145036284
805,12227.471560911059
806,12223.528804193753
807,12223.29367598925
808,12187.78380833513
809,12178.780622618764
810,12206.66089788196
811,12160.54051595132
812,12144.342104797204
813,12162.890395640361
814,12156.368422091173
815,12119.221975750383
816,12155.227236831077
817,12166.902108824557
818,12105.604358694367
819,12120.433569836898
820,12122.835767266044
821,12115.333945965082
822,12110.30322003431
823,12140.797919405815
824,12156.743679323929
825,12161.988203429286
826,12169.93754662465
827,12167.404727323097
828,12162.158953954975
829,12155.78851523658
830,12159.24874148972
831,12159.24874148972
832,12213.707653788402
833,12218.042925181819
834,12222.04756984198
835,12219.939114936584
836,12211.449189782033
837,12169.099307700784
838,12174.75910699471
839,12181.974323096074
840,12215.904664022039
841,12225.421297823988
842,12271.267730010497
843,12277.451615818229
844,12265.408098069507
845,12243.044187966294
846,12262.810022474552
847,12252.605673891081
848,12126.639180534701
849,12086.550309368897
850,12143.190757637834
851,12137.37091480906
852,12119.530176129701
853,12181.657592378868
854,12174.832093695437
855,12167.681740362461
856,12210.879750665355
857,12228.286043102982
858,12255.838325187533
859,12252.931975630449
860,12242.671915535046
861,12241.259151470802
862,12269.666597297097
863,12273.393410467152
864,12259.693413461177
865,12261.809098098442
866,12273.01800844308
867,12255.287785762945
868,12241.957469835794
869,12138.111561426582
870,12148.025690865903
871,12138.296778295435
872,12140.29557076438
873,12113.390722564525
874,12112.008838446578
875,12079.1048617247
876,12071.376354369342
877,12088.18325337357
878,12105.10052649441
879,12115.552971440187
880,12113.070172511709
881,12135.23505650013
882,12124.97382886972
883,12109.877851920208
884,12112.401085877429
885,12128.290608154315
886,12120.502624123179
887,12135.419631370769
888,12167.981020427937
889,12167.146102949546
890,12140.416767281225
891,12151.363096079614
892,12150.626463455248
893,12138.483398917555
894,12160.947045075976
895,12147.934138614673
896,12143.472645228076
897,12145.571009195217
898,12145.412599112082
899,12142.367594348898
900,12161.961507376325
901,12180.88589969671
902,12178.830248583245
903,12168.420915782206
904,12172.55063946586
905,12169.091913712124
906,12150.378193682232
907,12110.762696863663
908,12111.978032287501
909,12070.290264720654
910,12087.016744966244
911,12104.56397236904
912,12093.427302132399
913,12108.125508130384
914,12088.120816537456
915,11994.228822744648
916,12033.59329105552
917,12043.987750596487
918,11992.245591867024
919,12006.034035252738
920,12000.845934839199
921,12007.488435968557
922,12015.795564482123
923,11953.36706496281
924,11956.352501850375
925,11970.013933421784
926,11968.575791855737
927,11981.572454490479
928,11989.642209323712
929,12005.668330767803
930,11989.458409279987
931,11996.517921807732
932,12029.770062315325
933,12054.524871717944
934,12078.155199317576
935,12061.052310823245
936,12052.310531217216
937,12030.799947683645
938,12043.120768369366
939,12049.33207742183
940,12042.154661974668
941,12038.942198958599
942,12033.788790512353
943,12011.60768739901
944,11928.19721658509
945,11895.7669196387
946,11950.51140015914
947,11922.9790331415
948,11925.681846454512
949,11973.27613604329
950,11957.962728171695
951,11992.371628587534
952,11999.632560526508
953,11949.773672849098
954,11983.954401011368
955,11994.41987972121
956,11982.85016540878
957,11997.070187318235
958,12019.942816967867
959,12001.038248116372
960,11980.617442091714
961,11994.032015737259
962,11996.841907215468
963,12074.179007717348
964,12046.901118497888
965,12018.946529700583
966,12066.06796257282
967,12076.831434329511
968,12017.898969323762
969,11993.3090715432
970,11947.331960996593
971,11941.070518465473
972,11967.096396486979
973,11950.749708701293
974,11966.709167183719
975,11965.165251972458
976,11924.462257156487
977,11962.537521162889
978,11947.584270538104
979,11969.050671731598
980,11959.095437610638
981,11977.953647592483
982,11956.63889172034
983,11969.950136811385
984,11995.02305448477
985,11978.074177568602
986,11973.577753813617
987,11971.426690085229
988,11968.915323628224
989,11990.152850733999
990,12014.241881415339
991,12000.731686925548
992,11993.013378347863
993,11976.175262417533
994,11993.026928900541
995,11984.690173894465
996,11951.843721027446
997,11932.196827744003
998,11926.867854305678
999,11953.286658994422
1000,11921.90045204598
1001,12008.375575244856
1002,12017.342919181487
1003,11931.6902596672
1004,11951.86052296164
1005,11974.89305464412
1006,11982.357421322917
1007,12046.878724263453
1008,12065.015110431612
1009,12043.53111060575
1010,12089.219744162392
1011,12072.7552372486
1012,12091.256460718103
1013,12072.627567136558
1014,12088.246077705691
1015,11997.881423149187
1016,11933.76989111117
1017,11932.199595891381
1018,11939.648542142791
1019,11919.079254462149
1020,11914.054118561375
1021,11957.609997170333
1022,11946.901670955744
1023,11922.639700654589
1024,11915.462509057292
1025,11906.622131874938
1026,11895.470788191626
1027,11864.780188570061
1028,11865.069317841246
1029,11834.059511872456
1030,11834.985771567517
1031,11865.010834574183
1032,11850.00515916558
1033,11850.430824278961
1034,11845.499080588437
1035,11831.467019007421
1036,11856.979590116234
1037,11840.645869953954
1038,11810.351019226113
1039,11817.001010908209
1040,11811.28961890242
1041,11807.768555434091
1042,11799.771460541167
1043,11795.89420409588
1044,11850.855005636566
1045,11875.525529368284
1046,11868.024923497527
1047,11840.640457065349
1048,11852.315783716605
1049,11865.810690724986
1050,11869.863734269915
1051,11873.279411734671
1052,11917.832961089542
1053,11930.04370461633
1054,11875.683967428826
1055,11882.292027567732
1056,11864.665105481201
1057,11852.494670547865
1058,11850.335044945432
1059,11859.513237782692
1060,11852.145735980228
1061,11851.596878529663
1062,11868.824403584209
1063,11887.692682589905
1064,11893.553614195205
1065,11892.872311067518
1066,11916.889887392423
1067,11920.035734410527
1068,11936.027801986666
1069,11922.758137788489
1070,11916.703559482447
1071,11923.38040491377
1072,11924.242582917135
1073,11905.771562935768
1074,11904.979207938013
1075,11942.581535736368
1076,11933.58359884961
1077,11924.172822461045
1078,11881.628014489144
1079,11857.604985116932
1080,11845.387184685807
1081,11833.473633990288
1082,11867.83564119529
1083,11872.74166296292
1084,11861.815280836438
1085,11873.742400836254
1086,11850.427133877329
1087,11829.938051883213
1088,11824.036035993538
1089,11802.68263741958
1090,11788.582057427719
1091,11788.336659982482
1092,11734.075934580358
1093,11794.540351621195
1094,11800.072190741601
1095,11822.20453101907
1096,11685.194909605143
1097,11625.77834594624
1098,11623.99044626465
1099,11641.378449893524
1100,11546.058532674599
1101,11551.309006309211
1102,11539.090592051487
1103,11519.088560018916
1104,11513.358666125003
1105,11535.47074386903
1106,11503.393586932316
1107,11486.463842909438
1108,11496.303723852538
1109,11490.957768608028
1110,11540.389522876967
1111,11533.604044771899
1112,11513.87597729704
1113,11458.364217989823
1114,11633.784621892677
1115,11567.056615215617
1116,11580.727790281298
1117,11611.059595432911
1118,11617.914954449692
1119,11635.230964347378
1120,11632.826553229033
1121,11647.877416538322
1122,11645.949674243026
1123,11655.033494212918
1124,11650.71762934699
1125,11665.810134880137
1126,11676.713653392073
1127,11682.792476327175
1128,11708.016727263152
1129,11713.45519112259
1130,11713.99185556869
1131,11719.339111916877
1132,11722.322996225896
1133,11766.558765369815
1134,11752.05092213556
1135,11759.16923920142
1136,11759.615201741235
1137,11755.450551755188
1138,11748.7912889722
1139,11738.451639733674
1140,11710.396761619571
1141,11692.09599520834
1142,11707.484191890606
1143,11704.35792108379
1144,11708.232674572702
1145,11689.739942775204
1146,11686.686683953174
1147,11671.398675732331
1148,11629.580467798696
1149,11624.57269024578
1150,11550.933764853242
1151,11567.51253030262
1152,11559.493760171714
1153,11595.195066362052
1154,11554.632038587742
1155,11536.382640102926
1156,11528.75826247548
1157,11516.529872554152
1158,11513.40208845582
1159,11506.211078828743
1160,11530.805141366513
1161,11553.380276534293
1162,11547.122270189873
1163,11542.912805156007
1164,11493.423001852821
1165,11538.925138761464
1166,11549.006724235223
1167,11547.929833465549
1168,11545.679461336029
1169,11564.521628041506
1170,11540.797408565533
1171,11544.14717916104
1172,11558.812970833002
1173,11536.19997445991
1174,11552.012645698733
1175,11610.603739913546
1176,11675.71914137863
1177,11681.8153763944
1178,11672.18389676199
1179,11709.799219073087
1180,11651.33166924665
1181,11604.930653266478
1182,11658.9961819217
1183,11666.34092838458
1184,11589.00711450088
1185,11548.161479431756
1186,11668.35130272208
1187,11674.995240284008
1188,11648.455805849913
1189,11648.539601249817
1190,11589.92664934531
1191,11514.087466836023
1192,11512.599105913707
1193,11511.39099763899
1194,11482.423173864365
1195,11430.437913735663
1196,11435.550758908961
1197,11519.415509186132
1198,11539.745802038704
1199,11533.267281004932
1200,11570.327582848802
1201,11579.351406628295
1202,11582.026028405387
1203,11575.503696076905
1204,11578.329860707316
1205,11571.674558264687
1206,11585.432206398316
1207,11524.303684664033
1208,11496.50582621428
1209,11551.339962360527
1210,11536.173189237323
1211,11545.468477069404
1212,11545.16074411554
1213,11557.44868018726
1214,11599.172706334315
1215,11508.699976397345
1216,11506.405494092556
1217,11575.193712342723
1218,11596.191642809925
1219,11546.776309228087
1220,11539.063855095064
1221,11534.097821426241
1222,11528.969590453258
1223,11483.897741510258
1224,11487.75585741467
1225,11524.258510991574
1226,11546.711951971893
1227,11565.282983726167
1228,11568.234197386479
1229,11601.248173295377
1230,11572.77224233845
1231,11560.934805323226
1232,11573.502845106637
1233,11579.220089856695
1234,11550.612144189008
1235,11560.34770810689
1236,11580.86358801199
1237,11573.573907978154
1238,11537.569697105666
1239,11536.165911364222
1240,11597.831801427064
1241,11661.00417247085
1242,11654.309522352996
1243,11713.058318942458
1244,11720.466015320366
1245,11727.390987475927
1246,11745.01491659146
1247,11751.320449499644
1248,11725.160300876401
1249,11740.140147424288
1250,11733.224787725778
1251,11717.164600977576
1252,11722.335088272685
