,Profitloss
0,-0.1679990251975183
1,-0.1829453621300381
2,-0.35195463153501194
3,-0.26418482215688766
4,-0.6465113469754535
5,-1.2001802066740286
6,-1.223076026388159
7,-1.4403042597256
8,-1.4436737955421775
9,-1.2509310862294232
10,-1.168590765788713
11,-0.963348570014888
12,-0.8929674666276588
13,-0.8616021932676632
14,-0.8246241898267392
15,-0.6661469694337008
16,-0.808837321577982
17,-0.8738032554146069
18,-0.9415340634488789
19,-0.9151652406493627
20,-0.8694924095166701
21,-0.6575909296339777
22,-0.49856637163102624
23,-0.5445351548701072
24,-0.4917620025954972
25,-0.2846948623913437
26,-0.6192248087817931
27,-0.7409346320067289
28,-0.4278643294986173
29,-0.5066904723434296
30,-0.4264769441843175
31,-0.4425922596206999
32,-0.41929047694315713
33,-0.46138304826386367
34,-0.4376255237127369
35,-0.8128069195457721
36,-0.7429291161420881
37,-0.7486818979869025
38,-0.7824895507604235
39,-0.6911082900340371
40,-0.6502883302386353
41,-0.5460207454023647
42,-0.6577431959132629
43,-0.7387477219937599
44,-1.0050133132182504
45,-1.2007583081208195
46,-1.248908257369663
47,-1.1841097745980411
48,-1.103869791966905
49,-1.4826822355544778
50,-0.8590493773022123
51,-0.8484402436987559
52,-0.3675559300118314
53,-0.26563124794430903
54,-0.1451656869223772
55,-0.19976635995750947
56,-0.20827680203321375
57,-0.09281482612215619
58,0.08758205662404706
59,0.15356395864418726
60,0.17987903270777483
61,0.1640591473657027
62,0.09305967448958175
63,0.1426160444681912
64,0.24306838108376638
65,0.47464629255806745
66,0.3919770163078429
67,0.38813304108324953
68,0.2899094416451087
69,0.4209175555971445
70,0.1445480873663696
71,0.16870718174910593
72,0.40900964387682315
73,0.46011898133913043
74,0.8239579243737749
75,0.906077130785965
76,0.9097878084889821
77,0.9878178717202424
78,0.6538760098615981
79,0.6450395443754697
80,0.13488160704555607
81,0.23193474316827167
82,0.2026008903651677
83,-0.19300060609638292
84,-0.40300991104907924
85,-0.3602979570965892
86,-0.2601728042694096
87,-0.19566630961935783
88,-0.6080312881066696
89,-0.6052886521847101
90,-0.593453432566704
91,-0.441053339929387
92,-0.49131183259368827
93,-0.498175645171095
94,-0.4839729762148637
95,0.014429495848089502
96,-0.004291979648618494
97,-0.020965056991295583
98,0.058286530369944245
99,0.01023589617701326
100,-0.02069497437203749
101,-0.047326827047167175
102,0.05084022087908924
103,0.17107655601167338
104,0.13973365283557193
105,0.08313525518679477
106,-0.3331711791379366
107,-0.4269099366422724
108,-0.27745026892918023
109,-0.26754119548113575
110,-0.344942731634168
111,-0.5809618035230835
112,-0.37269414358132025
113,-0.15661266646677108
114,-0.10806686557081058
115,-0.08581850746519626
116,-0.044507823546580116
117,0.042491781274200946
118,-0.08090029589356007
119,-0.129883197484304
120,-0.5099419144157458
121,-0.7383774894667905
122,-0.8495717652011403
123,-0.6335486310955596
124,-0.8003410321368976
125,-1.8294362154743227
126,-1.922168840424776
127,-2.049132114143537
128,-1.733471658127883
129,-1.536268413434061
130,-1.3682670231734084
131,-1.413591357293309
132,-1.6807972642330693
133,-1.4950448434435049
134,-1.364218974902287
135,-1.376248264149249
136,-1.1255284876358074
137,-1.0525807008144317
138,-1.0776587333907295
139,-1.0972501629829101
140,-1.2816392504624186
141,-1.6168189793759113
142,-1.5916202051284523
143,-1.5229310714063526
144,-1.2189951855733572
145,-1.3376746405561635
146,-1.3398877271680654
147,-1.6415814638622739
148,-1.8802718653611161
149,-2.0345735810658683
150,-1.9417567795880553
151,-2.234197597490417
152,-2.360481241334278
153,-1.9297902867845274
154,-1.9656512566464057
155,-1.946025614109781
156,-2.0604357351661884
157,-2.4045237540233355
158,-2.544957891537458
159,-2.9174146201499718
160,-3.6321840366270064
161,-4.0868947036287295
162,-3.9345551559696212
163,-3.453869970391077
164,-3.4793059074232024
165,-3.6456751105939156
166,-4.164536913116656
167,-4.08801402260901
168,-3.9701088955371278
169,-4.023723949521052
170,-3.8738723332043756
171,-3.8162831130210684
172,-4.00512705255437
173,-4.040688921486469
174,-4.33220721199482
175,-4.272869491420883
176,-4.110477484843322
177,-4.13919888736104
178,-4.7967139685544335
179,-4.889965882651581
180,-5.295913866371949
181,-5.374344068942182
182,-6.311666236431868
183,-6.112463905342924
184,-6.178786946514214
185,-5.460512991208411
186,-5.227921730152218
187,-5.662644622047375
188,-5.4233478256834005
189,-5.404219429763235
190,-5.252986324673337
191,-5.167326396630367
192,-5.20467114954426
193,-4.942314861357222
194,-4.852281403863268
195,-5.0063987779091494
196,-5.161907848811753
197,-4.784742645152285
198,-4.7548043140491885
199,-4.790461902251463
200,-4.879075801543376
201,-5.492277726711913
202,-5.541351807251904
203,-5.458786140915728
204,-5.1868416429003865
205,-5.020818630553614
206,-4.955909048608342
207,-5.46248167835699
208,-4.282635856553318
209,-4.245359999601717
210,-4.306306329308629
211,-4.301246833146433
212,-4.287931595404981
213,-4.325764090868411
214,-4.540113049622563
215,-4.468996612870857
216,-4.470202701454761
217,-4.474911650321067
218,-4.654530480984653
219,-4.49121033141322
220,-4.5422071620523035
221,-3.497426343021215
222,-2.706411211035842
223,-3.049537069944319
224,-2.56853824688249
225,-2.6240092862631736
226,-2.8022208227513
227,-2.4930407173407
228,-2.4425065365346166
229,-2.4527735233055514
230,-2.285687703043471
231,-2.200853819103754
232,-2.405151032610142
233,-2.537645318945725
234,-2.6611374419132416
235,-2.6332409453776906
236,-2.7262539587084134
237,-2.7479781360730926
238,-3.0864769441510176
239,-3.026989147131154
240,-2.8827100992336097
241,-2.9824716575302057
242,-3.341130470422149
243,-3.2102601455301083
244,-3.05950644173687
245,-2.9702841842798033
246,-3.011330052464234
247,-3.0448415842374454
248,-2.9168355128785795
249,-3.0033849765288667
250,-3.0891954642098596
251,-3.209974537744087
252,-3.3656056277248325
253,-3.6100607952498365
254,-3.8935526942523224
255,-4.3920968469140504
256,-4.33213488277997
257,-4.341845567268399
258,-5.113178313434852
259,-4.914713965794093
260,-5.949267464510011
261,-5.905623859377085
262,-6.312826493481194
263,-6.158122612323602
264,-6.0941524885739895
265,-6.1488430580832425
266,-6.145521992443381
267,-6.7829936530450885
268,-6.861909284374146
269,-6.591729454046769
270,-6.680678148406283
271,-7.341225845149579
272,-7.451951647397181
273,-6.933359705853004
274,-7.286951178065493
275,-7.423799346749771
276,-7.568184101664777
277,-6.799570016559375
278,-7.2309044333394805
279,-6.3960491591642965
280,-6.082873271160693
281,-6.07471685384442
282,-5.842768967877687
283,-6.092300757825464
284,-5.759758055311826
285,-6.112496302037496
286,-6.188489500946703
287,-6.148011296508226
288,-5.827611971346213
289,-5.79413491743238
290,-5.212001973541202
291,-5.142867147266661
292,-4.618337845304055
293,-4.572788929141125
294,-4.548288616653284
295,-4.722797241539989
296,-4.48384836553779
297,-4.528834287225269
298,-4.386945621964456
299,-4.5114766328568585
300,-4.562664700987485
301,-4.381937492505205
302,-4.368651200896734
303,-4.184096579964914
304,-4.199940442522698
305,-4.153540803277367
306,-4.22588824940302
307,-4.345020570933189
308,-4.339643393804716
309,-3.596467902566003
310,-3.5024380618837503
311,-3.484883191784127
312,-3.5746950870599314
313,-3.6423204659252306
314,-4.149115105184564
315,-4.053775791961378
316,-4.3418735173286205
317,-4.179421639468817
318,-4.021151649478327
319,-3.8852581993500834
320,-3.3690712401462597
321,-3.4232742336281263
322,-3.4231446230778007
323,-3.749597089375656
324,-3.636273499218412
325,-3.6460133956414675
326,-3.676961487231223
327,-3.800932263570056
328,-3.6487608613423816
329,-3.632851725018982
330,-3.7034023791773674
331,-3.596539652938602
332,-3.439416859364275
333,-3.9507267915632194
334,-4.212897101038193
335,-4.237665185158934
336,-4.312576451059824
337,-4.430655938782724
338,-4.474187359921156
339,-4.449751682946768
340,-4.505744916915511
341,-4.6257131149965325
342,-4.293174263144916
343,-4.163545044285277
344,-4.018338972855551
345,-4.097238893492383
346,-4.434020232311397
347,-4.347411326397332
348,-4.383584169624832
349,-3.9687016652065976
350,-3.8756795816328737
351,-3.7277628793605078
352,-3.3057571101475225
353,-3.278846268631952
354,-3.7292238221123486
355,-3.6024515348530683
356,-3.5777250146648343
357,-3.545433600023895
358,-3.527409626718514
359,-3.538317250670464
360,-3.55421505435346
361,-3.9304235450303593
362,-3.908406294029132
363,-4.0475212879314775
364,-4.057293406217366
365,-4.660660107062253
366,-4.69702680237295
367,-3.991597768038657
368,-4.075688101335007
369,-3.859659007823546
370,-3.737698375305065
371,-4.547674513473277
372,-4.733217003077483
373,-4.158533752136573
374,-3.013227694420262
375,-2.6924828058051187
376,-2.6379501883474155
377,-3.3081292545226515
378,-3.418846527429409
379,-3.4465845618836144
380,-3.825890319089942
381,-3.3958685881714246
382,-3.4494121995541582
383,-3.544701195607336
384,-3.6884284479887453
385,-3.395960904006623
386,-3.495697921148344
387,-3.6464132982176434
388,-3.7362983850897202
389,-3.786033805731326
390,-3.9536281867068257
391,-3.8364494327146725
392,-3.8626849079448022
393,-3.765664930922774
394,-3.491166229027187
395,-3.5598377227437417
396,-3.4015087463107663
397,-3.4327145328120534
398,-3.287613237320297
399,-3.237961934058675
400,-3.084705369680174
401,-3.1437889114368622
402,-3.131486046509746
403,-2.903870997192748
404,-2.8545109263358404
405,-3.244601437708461
406,-3.159709723481785
407,-3.211017973147534
408,-3.398174920728947
409,-3.259292558893445
410,-3.3635443488504
411,-3.661884386141645
412,-3.619191150537704
413,-3.724572259006298
414,-3.7364575329126515
415,-3.6641541111700926
416,-3.720788088092075
417,-3.6652226618180794
418,-4.05168262099772
419,-3.871906802391456
420,-3.701761853555141
421,-3.6521587160114555
422,-3.3161767384153995
423,-3.235317052083009
424,-3.3364006762552245
425,-3.249743044223241
426,-3.3904789766462384
427,-3.3925535316592703
428,-3.206656397931318
429,-3.5045722263633228
430,-3.420898130502825
431,-3.5525175155583733
432,-3.244570839068317
433,-3.1378691511732337
434,-3.3589117338053587
435,-3.663348921409393
436,-3.8144825907754587
437,-3.8746054250927364
438,-4.030111183246787
439,-3.9557267774137816
440,-3.9518127150147797
441,-3.793850855394143
442,-3.7964910125861673
443,-3.947969061305523
444,-4.008451246831768
445,-3.9106896206276165
446,-4.228268809336999
447,-4.278822822668904
448,-4.43471357738513
449,-4.5411328249523315
450,-4.634368280346369
451,-4.580975324577963
452,-4.693606184895726
453,-4.558005007988153
454,-4.659028293041301
455,-4.471660428300128
456,-4.536211687256609
457,-4.929303643474303
458,-5.013987434758061
459,-5.120345550882865
460,-5.091528994693817
461,-5.163194002763538
462,-5.33082027231514
463,-5.329672907931249
464,-5.45157608526432
465,-4.876609223968109
466,-5.281300698366643
467,-5.483168845148989
468,-5.674183968207025
469,-5.75496701384216
470,-5.861463367284337
471,-5.728741163875872
472,-5.261477824723926
473,-5.112320035045337
474,-5.128533276438718
475,-5.028050316977928
476,-5.033332821184433
477,-5.039908826793016
478,-5.139739693176082
479,-5.169934373552909
480,-5.030356125010959
481,-5.328970757067175
482,-5.486383144071272
483,-5.650684583586784
484,-5.267395079836867
485,-5.251055665846649
486,-4.966965727250261
487,-5.029882510520989
488,-4.943066536849328
489,-4.9864477525350726
490,-4.732880295962261
491,-4.915626715431854
492,-5.029907371144526
493,-5.405712274040953
494,-5.336208494455064
495,-5.245632250643817
496,-5.261017706087867
497,-5.362208871713148
498,-5.073325628122882
499,-5.059593047871614
500,-5.091636632427543
501,-5.001915119729439
502,-5.192857196691358
503,-4.780028427110139
504,-4.444981149487182
505,-4.248424232008119
506,-4.2962552975857164
507,-4.177173940143463
508,-4.011319587597429
509,-4.053033473547507
510,-4.000726464090032
511,-3.9482181513341708
512,-3.9950778228676542
513,-4.065435725246935
514,-4.043191958956227
515,-4.018389515340537
516,-4.055432048264329
517,-4.074081461822687
518,-4.066744088327356
519,-3.9519422771956414
520,-3.996886167454239
521,-3.961046480100916
522,-3.764175840430961
523,-3.8121255872717197
524,-3.7069417864794674
525,-3.677332245493392
526,-3.677960313871731
527,-3.603524898203625
528,-2.704382914099124
529,-2.6642364686473408
530,-2.751193049848033
531,-2.5973870263961585
532,-2.636199278440643
533,-2.653521119571256
534,-2.5257351805245465
535,-2.6076731791427554
536,-2.4296581281336493
537,-2.436578686895574
538,-2.5836272364809565
539,-2.808556698002429
540,-2.8832688484702995
541,-2.7632381820064444
542,-2.688084449782857
543,-2.777403740020512
544,-2.7327961848399807
545,-2.7548589132032286
546,-2.902909621490757
547,-2.9043816564069513
548,-2.8795301123367034
549,-2.820663945911339
550,-2.8697723673003606
551,-2.810927930182572
552,-2.650894233068013
553,-2.463343503836657
554,-2.351107977492428
555,-2.3768765430098315
556,-2.678481237512864
557,-2.6849666491058133
558,-2.7228095500956173
559,-2.7744945562622414
560,-2.794118378887578
561,-2.7566321347206824
562,-2.71669624867823
563,-2.8117280105250275
564,-2.782690906212182
565,-2.732782776706244
566,-2.800257913319837
567,-2.8314028671227454
568,-2.943283698941135
569,-3.127729438688176
570,-3.1065598346112777
571,-3.2181442609087285
572,-3.302061161871739
573,-3.2230054583173406
574,-3.205263216392251
575,-3.210883496917416
576,-2.9726772720850336
577,-2.95718669082059
578,-2.996638884556313
579,-2.9375135243643546
580,-2.7999233957871517
581,-2.835083233636393
582,-3.008185699464472
583,-3.117871265269534
584,-3.1250744521836515
585,-2.9675468490040546
586,-2.8340003028989758
587,-3.2985174383402094
588,-3.207149523312891
589,-3.1737769673995553
590,-3.0007627403797588
591,-3.0364723135168026
592,-2.7866910940713696
593,-2.5804303237563886
594,-2.6682704881370034
595,-2.2901822838567565
596,-2.337105106821491
597,-2.3769604258742083
598,-2.5639047899097434
599,-2.21964606789653
600,-2.1227671466653497
601,-2.1175219400494494
602,-2.1112326969376816
603,-1.9206945882652815
604,-1.9257992409082547
605,-2.168862082433609
606,-2.1578929155855686
607,-2.1553254143961253
608,-2.1619807963294546
609,-2.1931060444341677
610,-1.8447033970470428
611,-2.074562603084651
612,-2.316115147301756
613,-2.3125285667905726
614,-2.1254128023568852
615,-2.0965515389187006
616,-2.1321450083202964
617,-2.335263857664993
618,-2.194206446643754
619,-2.1432276092090086
620,-2.2839884702912316
621,-2.2777938350008853
622,-2.1639220123262803
623,-2.0325856096027994
624,-2.1248418225939814
625,-2.511055787775396
626,-2.4186676906652216
627,-2.3240354442704003
628,-2.1906757626093176
629,-2.1716590665168067
630,-2.259900665072878
631,-2.2881640941586623
632,-2.1660106398489254
633,-2.146287661765578
634,-2.123885351621446
635,-2.0472720512786924
636,-1.9068037430313045
637,-1.832527364197012
638,-1.919836078421322
639,-1.8608854721987478
640,-2.107566189522625
641,-1.7824062078905967
642,-1.6869381252767823
643,-1.7344086498083056
644,-1.3134228251958535
645,-1.3139176719964674
646,-0.5537811035694173
647,-0.3910988178054575
648,-0.4057017744550362
649,-0.24124026261854725
650,-0.2208038359491793
651,-0.24039590755621232
652,-0.182741645476181
653,-0.2727355604357995
654,-0.23019824209823403
655,-0.43798264151380106
656,-0.5011952794020891
657,-0.4584552881450099
658,-0.44506863420304965
659,-0.44213843096599925
660,-0.7634371406350482
661,-0.9162090746240525
662,-0.9285394577618233
663,-0.8684492116604492
664,-0.965024151400995
665,-0.7736219824978408
666,-0.19999945282255238
667,-0.2802162612271175
668,-0.2739310032789488
669,-0.3012338126172964
670,-0.10788255953378956
671,0.3659193072229172
672,0.3778521245948241
673,0.30193706371066664
674,0.5035916290052178
675,0.5199201068941228
676,0.6608789445031071
677,0.8002200188375719
678,0.7111336998620654
679,0.9064091642056127
680,1.441355850262127
681,1.4133939622783531
682,1.3262533445408176
683,1.3099299746115678
684,1.146708840069821
685,1.1656538559684293
686,0.9703033851022225
687,0.8026693631799642
688,0.8700440205696935
689,0.8459877999331455
690,0.9245004385852074
691,0.9455025384255356
692,1.0509340056727101
693,0.8777484705761784
694,0.8548782849553183
695,0.7638998405447905
696,0.9214024781219132
697,1.154363593340313
698,1.0972802799391612
699,1.0280023396438187
700,0.6726619062382699
701,0.9231318593751814
702,0.8912001619285403
703,0.8602355801520023
704,0.6842262978849822
705,0.7187414539352233
706,1.072832352059816
707,1.0022928030843037
708,0.5673411078074286
709,0.6141101935140725
710,-0.13556691614496907
711,-0.3283084642260903
712,-0.046373282709977204
713,-0.013459035852469992
714,-0.03916521131605011
715,-0.058113219997157906
716,0.04842810442897694
717,0.00850251401403046
718,-0.12181644217039711
719,-0.231627382837285
720,-0.2647320742499404
721,-0.3306854342377652
722,-0.49939773204029647
723,-0.6665420741253869
724,-0.3771329922589328
725,-0.3581886010146751
726,0.07804431940721113
727,0.108368655584834
728,0.26579097477312796
729,0.21546036370425625
730,0.06535075235694077
731,-0.07426680268990404
732,0.04616481435504305
733,0.0865735809723489
734,-0.26520455662958353
735,-0.15739291264412758
736,-0.39117669506895103
737,-0.009359600918634747
738,0.5419950430875176
739,0.41530262351847647
740,0.44043160479387833
741,0.35160104261682257
742,0.3176720117771259
743,0.23239684778313396
744,0.5646362981680753
745,0.4506991430733631
746,0.3607137420444051
747,0.4468771888530121
748,0.6452852080837124
749,0.6544033354237921
750,0.621863144018131
751,0.829529028011522
752,0.8335207938628075
753,1.2774105484561815
754,1.3700783950332251
755,1.6659904979332563
756,1.6989478283521153
757,1.7446468985826913
758,1.789159210509661
759,1.6155452855850516
760,1.7936395587969889
761,1.9050342383506003
762,1.7848254845592493
763,1.7811696785380526
764,1.7427829214772483
765,1.712093455446162
766,1.7344729788586033
767,2.0541671532938732
768,1.9386533345087997
769,1.9391736115988323
770,2.0972745229487
771,1.6654070042923852
772,1.4182078513511165
773,1.6292334724097746
774,1.522571138571216
775,1.2065791583298457
776,0.4100861950620205
777,0.5433503974146436
778,0.26348697927041087
779,-0.06813568130874526
780,-0.2076127365791436
781,-0.06131541446843247
782,-0.06151937487778314
783,0.18990392424098612
784,0.7432664302483794
785,0.7846163036038911
786,0.7531755957893793
787,0.8114762065418946
788,0.5167604306154816
789,0.7029195351316408
790,0.7241699778044897
791,0.587897287198258
792,0.4375383554353185
793,0.2653259097504135
794,0.22672078712773214
795,0.3769117701350355
796,0.46483976969469154
797,0.44228301244302326
798,0.8128095057912788
799,1.001560437257898
800,1.3673116874937774
801,1.1181182234111464
802,1.9696692279610906
803,2.1514042815519163
804,2.1125178753023555
805,1.8955963409254872
806,1.8627400349479517
807,1.8607806332437526
808,1.5648650694594313
809,1.4898385218230281
810,1.7221741490163422
811,1.337837632927652
812,1.2028508733100463
813,1.3574199636696704
814,1.3030701840931025
815,0.9935164645865191
816,1.2935603069256452
817,1.3908509068712993
818,0.8800363224530594
819,1.0036130819741418
820,1.023631393883706
821,0.9611162163756903
822,0.9191935002859086
823,1.1733159950484628
824,1.3061973276994099
825,1.349901695244049
826,1.4161462218720722
827,1.3950393943591433
828,1.3513246162914605
829,1.298237626971499
830,1.3270728457476677
831,1.3270728457476677
832,1.780897114903346
833,1.817024376515164
834,1.850396415349831
835,1.8328259578048733
836,1.762076581516947
837,1.409160897506534
838,1.4563258916225896
839,1.5164526924672739
840,1.7992055335169788
841,1.8785108151998964
842,2.2605644167541517
843,2.3120967984852303
844,2.2117341505792254
845,2.0253682330524603
846,2.1900835206212665
847,2.105047282425665
848,1.0553265044558335
849,0.7212525780741386
850,1.1932563136486163
851,1.144757623408843
852,0.9960848010808432
853,1.5138132698238937
854,1.4569341141286385
855,1.397347836353835
856,1.7573312555446252
857,1.902383692524845
858,2.131986043229439
859,2.1077664635870796
860,2.022265962792047
861,2.0104929289233464
862,2.247221644142483
863,2.2782784205595874
864,2.1641117788431474
865,2.1817424841536814
866,2.275150070358989
867,2.127398214691212
868,2.016312248631613
869,1.1509296785548573
870,1.2335474238825306
871,1.1524731524619636
872,1.1691297563698244
873,0.9449226880377193
874,0.933406987054819
875,0.6592071810391564
876,0.5948029530778554
877,0.7348604447797502
878,0.8758377207867651
879,0.9629414286682181
880,0.9422514375975632
881,1.1269588041677547
882,1.0414485739143498
883,0.915648766001742
884,0.936675715645241
885,1.069088401285967
886,1.0041885343598178
887,1.1284969280897394
888,1.3998418368994736
889,1.392884191246213
890,1.1701397273435443
891,1.2613591339967867
892,1.2552205287937435
893,1.15402832431295
894,1.341225375633126
895,1.2327844884556072
896,1.1956053769006214
897,1.2130917432934707
898,1.2117716592673577
899,1.1863966195741593
900,1.349679228136047
901,1.5073824974725758
902,1.4902520715270429
903,1.4035076315183748
904,1.437921995548841
905,1.409099280934356
906,1.2531516140185994
907,0.9230224738638659
908,0.9331502690625104
909,0.5857522060054521
910,0.7251395413853556
911,0.8713664364086604
912,0.7785608511033271
913,0.9010459010865279
914,0.7343401378121284
915,-0.048093143794603055
916,0.27994409212932503
917,0.3665645883040636
918,-0.064620067774801
919,0.05028362710615131
920,0.007049456993324377
921,0.06240363307130625
922,0.13162970401769947
923,-0.3886077919765918
924,-0.3637291512468721
925,-0.24988388815180285
926,-0.2618684012021921
927,-0.1535628792460053
928,-0.08631492230239957
929,0.0472360897316948
930,-0.08784658933344014
931,-0.029017318268897974
932,0.24808385262771182
933,0.4543739309828654
934,0.6512933276464627
935,0.5087692568603641
936,0.43592109347678765
937,0.25666623069704464
938,0.3593397364113793
939,0.4111006451819277
940,0.35128884978889996
941,0.32451832465498764
942,0.281573254269607
943,0.09673072832507845
944,-0.5983565284575887
945,-0.868609003010834
946,-0.41240499867384317
947,-0.6418413904874964
948,-0.6193179462123943
949,-0.22269886630591484
950,-0.35031059856921454
951,-0.0635697617705433
952,-0.003061995612430035
953,-0.41855272625751505
954,-0.13371332490527132
955,-0.046501002323251495
956,-0.1429152882601703
957,-0.024415105681374616
958,0.166190141398892
959,0.008652067636427674
960,-0.16152131590237984
961,-0.04973320218950583
962,-0.02631743987109303
963,0.6181583976445637
964,0.3908426541490595
965,0.1578877475048479
966,0.5505663547735073
967,0.6402619527459352
968,0.14915807769801948
969,-0.05575773713999421
970,-0.4389003250283907
971,-0.4910790127877318
972,-0.2741966959418418
973,-0.4104190941559005
974,-0.27742360680234057
975,-0.2902895668961847
976,-0.629481190362613
977,-0.3121873236425876
978,-0.4367977455158045
979,-0.25791106890334925
980,-0.3408713532446761
981,-0.18371960339597093
982,-0.36134256899716943
983,-0.25041552657179
984,-0.04147454596026279
985,-0.18271518692831723
986,-0.22018538488652872
987,-0.2381109159564243
988,-0.2590389697648021
989,-0.08205957721667545
990,0.1186823451278185
991,0.006097391046244738
992,-0.058221847101136426
993,-0.19853947985388753
994,-0.058108925828825875
995,-0.1275818842127907
996,-0.4013023247712799
997,-0.5650264354666423
998,-0.6094345474526919
999,-0.3892778417131426
1000,-0.6508295662834951
1001,0.06979646037379439
1002,0.14452432651239633
1003,-0.5692478361066566
1004,-0.4011623086529914
1005,-0.20922454463232487
1006,-0.147021488975696
1007,0.39065603552876915
1008,0.541792586930101
1009,0.3627592550479175
1010,0.7434978680199267
1011,0.6062936437383426
1012,0.760470505984201
1013,0.6052297261379902
1014,0.735383980880755
1015,-0.01765480709010614
1016,-0.5519175740735904
1017,-0.5650033675718258
1018,-0.5029288154767331
1019,-0.6743395461487611
1020,-0.7162156786552076
1021,-0.3532500235805536
1022,-0.4424860753688087
1023,-0.6446691612117639
1024,-0.7044790911892362
1025,-0.778148901042186
1026,-0.8710767650697893
1027,-1.1268317619161583
1028,-1.1244223513229512
1029,-1.3828374010628641
1030,-1.3751185702706947
1031,-1.1249097118818052
1032,-1.249957006953506
1033,-1.2464097976753186
1034,-1.287507661763021
1035,-1.4044415082714923
1036,-1.191836749031383
1037,-1.3279510837170494
1038,-1.5804081731157216
1039,-1.5249915757649335
1040,-1.5725865091465008
1041,-1.6019287047159048
1042,-1.66857116215694
1043,-1.7008816325343457
1044,-1.2428749530286165
1045,-1.0372872552642964
1046,-1.0997923041872748
1047,-1.3279961911220939
1048,-1.2307018023616223
1049,-1.118244243958455
1050,-1.0844688810840442
1051,-1.0560049022110718
1052,-0.6847253242538209
1053,-0.5829691281972527
1054,-1.0359669380931136
1055,-0.980899770268906
1056,-1.1277907876566573
1057,-1.229211078767789
1058,-1.2472079587880658
1059,-1.1707230184775708
1060,-1.2321188668314331
1061,-1.236692678919482
1062,-1.09312997013159
1063,-0.9358943117507956
1064,-0.8870532150399568
1065,-0.8927307411040197
1066,-0.6925842717298125
1067,-0.6663688799122713
1068,-0.533101650111123
1069,-0.6436821850959284
1070,-0.6941370043129447
1071,-0.6384966257185765
1072,-0.6313118090238712
1073,-0.785236975535264
1074,-0.7918399338498916
1075,-0.4784872021969311
1076,-0.5534700095865874
1077,-0.631893146157958
1078,-0.9864332125904651
1079,-1.1866251240255643
1080,-1.2884401276182733
1081,-1.387719716747593
1082,-1.1013696567059195
1083,-1.0604861419756584
1084,-1.1515393263630158
1085,-1.0521466596978835
1086,-1.2464405510222654
1087,-1.417182900973224
1088,-1.4663663667205173
1089,-1.644311354836825
1090,-1.7618161881023497
1091,-1.7638611668126525
1092,-2.2160338784970146
1093,-1.7121637364900355
1094,-1.6660650771533225
1095,-1.481628908174415
1096,-2.62337575329048
1097,-3.1185137837813293
1098,-3.1334129477945782
1099,-2.988512917553965
1100,-3.782845561045012
1101,-3.7390916140899066
1102,-3.840911732904273
1103,-4.007595333175706
1104,-4.055344448958309
1105,-3.8710771344247608
1106,-4.13838677556403
1107,-4.279467975754692
1108,-4.1974689678955235
1109,-4.242018594933095
1110,-3.8300873093586096
1111,-3.886632960234182
1112,-4.05103352252466
1113,-4.51363151675147
1114,-3.0517948175610266
1115,-3.607861539869861
1116,-3.4939350809891745
1117,-3.2411700380590713
1118,-3.1840420462525665
1119,-3.039741963771847
1120,-3.0597787230913887
1121,-2.9343548621806548
1122,-2.9504193813081225
1123,-2.874720881559023
1124,-2.9106864221084217
1125,-2.7849155426655225
1126,-2.6940528883993897
1127,-2.6433960306068705
1128,-2.4331939394737323
1129,-2.387873407311747
1130,-2.3834012035942376
1131,-2.3388407340260264
1132,-2.3139750314508656
1133,-1.9453436219182052
1134,-2.0662423155369924
1135,-2.006923006654837
1136,-2.003206652156375
1137,-2.037912068706771
1138,-2.093405925231673
1139,-2.17956966888605
1140,-2.4133603198369102
1141,-2.565866706597175
1142,-2.4376317342449494
1143,-2.4636839909684127
1144,-2.431394378560814
1145,-2.5855004768732925
1146,-2.6109443003902166
1147,-2.7383443688972386
1148,-3.0868294350108627
1149,-3.1285609146184945
1150,-3.7422186262229817
1151,-3.604062247478168
1152,-3.670885331902385
1153,-3.373374446982902
1154,-3.7113996784354786
1155,-3.863477999142284
1156,-3.927014479371005
1157,-4.028917728715397
1158,-4.054982596201507
1159,-4.114907676427149
1160,-3.9099571552790646
1161,-3.7218310288808842
1162,-3.7739810817510544
1163,-3.8090599570332673
1164,-4.221474984559825
1165,-3.8422905103211336
1166,-3.7582772980398027
1167,-3.767251387787096
1168,-3.7860044888664235
1169,-3.6289864329874466
1170,-3.8266882619538922
1171,-3.7987735069913264
1172,-3.676558576391653
1173,-3.86500021283408
1174,-3.733227952510565
1175,-3.2449688340537852
1176,-2.7023404885114233
1177,-2.651538530046671
1178,-2.7318008603167576
1179,-2.418339841057604
1180,-2.905569422944576
1181,-3.292244556112689
1182,-2.841698483985833
1183,-2.7804922634618423
1184,-3.4249407124926634
1185,-3.765321004735367
1186,-2.7637391439826686
1187,-2.708372997633268
1188,-2.929534951250723
1189,-2.9288366562515322
1190,-3.417277922122408
1191,-4.049271109699804
1192,-4.061674117385772
1193,-4.071741686341756
1194,-4.313140217796962
1195,-4.746350718869474
1196,-4.703743675758654
1197,-4.00487075678223
1198,-3.835451649677468
1199,-3.8894393249588988
1200,-3.5806034762599803
1201,-3.505404944764212
1202,-3.483116429955102
1203,-3.5374691993591223
1204,-3.5139178274390392
1205,-3.5693786811276107
1206,-3.4547316133473616
1207,-3.964135961133053
1208,-4.195784781547673
1209,-3.7388336469956096
1210,-3.8652234230223126
1211,-3.7877626910883033
1212,-3.790327132370508
1213,-3.687927665106161
1214,-3.340227447214039
1215,-4.094166863355452
1216,-4.113287549228694
1217,-3.540052397143978
1218,-3.365069643250629
1219,-3.776864089765941
1220,-3.841134540874469
1221,-3.8825181547813226
1222,-3.925253412889518
1223,-4.300852154081181
1224,-4.268701188211088
1225,-3.964512408403542
1226,-3.777400400234232
1227,-3.622641802281945
1228,-3.598048355112682
1229,-3.322931889205194
1230,-3.5602313138462516
1231,-3.6588766223064506
1232,-3.5541429574446837
1233,-3.506499251194206
1234,-3.744898798424934
1235,-3.6637690991092486
1236,-3.492803433233427
1237,-3.553550766848712
1238,-3.8535858574527793
1239,-3.865284071964814
1240,-3.3514016547744663
1241,-2.8249652294095817
1242,-2.8807539803916926
1243,-2.3911806754795206
1244,-2.3294498723302803
1245,-2.2717417710339416
1246,-2.12487569507116
1247,-2.0723295875029635
1248,-2.290330826029985
1249,-2.165498771464258
1250,-2.2231267689518552
1251,-2.356961658520196
1252,-2.3138742643943
