,Portfolio Value
0,11993.494046252114
1,12000.719037672978
2,12059.769929437334
3,12069.392223117282
4,12031.80766249538
5,11856.292138408224
6,11857.63486370463
7,11726.505448144031
8,11736.285446475458
9,11774.396570349638
10,11786.199880565386
11,11892.801137400604
12,11910.38824317827
13,11914.247153976665
14,11943.094802009067
15,11910.468694723999
16,11736.319819569755
17,11732.21519539818
18,11722.001880581447
19,11744.485982471719
20,11747.800622185789
21,11876.149896704668
22,11909.496475688438
23,11892.622567607012
24,11951.727010062128
25,12033.279271070965
26,11912.171251288812
27,11911.09276338461
28,11973.008646465081
29,11950.106106075295
30,11998.123859252273
31,11996.927676582647
32,11979.82474260934
33,11953.01259066012
34,11963.650407147443
35,11922.331512610763
36,11951.362133913706
37,11937.086219488816
38,11932.047887007151
39,12007.905185161912
40,12040.58599128837
41,12136.938761924383
42,12126.701719198196
43,12109.15966803993
44,12068.90187130014
45,12049.943296037647
46,12039.714739199193
47,12047.410229184035
48,12060.48636965276
49,11996.516387566147
50,12152.494519952661
51,12149.238283784081
52,12206.420862641295
53,12300.051936085847
54,12261.155378193658
55,12214.903157208297
56,12194.885901989528
57,12215.57384188749
58,12224.76221796011
59,12245.744113925888
60,12303.270398319484
61,12291.083066271165
62,12257.553822998045
63,12272.527596903117
64,12316.828260092965
65,12361.153555627188
66,12336.475555509252
67,12336.47182581629
68,12319.35790600784
69,12301.840808668368
70,12247.212900452785
71,12255.017542966716
72,12293.554278394518
73,12300.902156332217
74,12319.4312813844
75,12335.831511709364
76,12361.900187763964
77,12406.695990724304
78,12381.810542136333
79,12381.063467914646
80,12261.60119478373
81,12282.88259977814
82,12286.208013111309
83,12172.746670718308
84,12151.890063633487
85,12171.850235138201
86,12183.718400733607
87,12286.570078565566
88,12251.448550990948
89,12266.151848056339
90,12272.309875213645
91,12308.962775537315
92,12297.409718653547
93,12259.266743741622
94,12264.892843818996
95,12354.183631506878
96,12445.160545979614
97,12419.568611943574
98,12439.456972901675
99,12423.528591619573
100,12406.674468397996
101,12425.649494488463
102,12481.38433637376
103,12488.953103242264
104,12482.093151028113
105,12454.380174009595
106,12441.579615408711
107,12409.888282120668
108,12427.477304612708
109,12431.141328275742
110,12429.652960211552
111,12372.520450736734
112,12395.342986436635
113,12411.057534966443
114,12403.911425957562
115,12412.946939596904
116,12447.005419581965
117,12474.32559834669
118,12436.8563357589
119,12425.25247534364
120,12373.373270610899
121,12358.745821398155
122,12316.830996805536
123,12312.86280088278
124,12232.442510749157
125,12068.950800445526
126,12056.937796400403
127,12041.538296055442
128,12136.049346928883
129,12163.369624138913
130,12177.362652559617
131,12149.43349684896
132,12110.334195360798
133,12162.720002825597
134,12246.759753426059
135,12247.143149580641
136,12260.153651035394
137,12321.780166154726
138,12328.813409170794
139,12304.350859885666
140,12200.90739602397
141,11640.461744083002
142,11686.341658841713
143,11714.037417114232
144,11707.796934497439
145,11658.336635016627
146,11676.63059907735
147,11685.377809033545
148,11640.23663690122
149,11647.13273604535
150,11736.108182128926
151,11688.472521174488
152,11589.606813103448
153,11604.617703003134
154,11626.771902840916
155,11621.290299977747
156,11591.377602214932
157,11554.887993841923
158,11426.241278692145
159,11345.220713555229
160,11019.051920213946
161,10951.622336797536
162,11035.183427285803
163,11240.97711151794
164,11240.099523751689
165,11241.316475913596
166,11116.408238674072
167,11205.186280843569
168,11219.424799363136
169,11129.935109155069
170,11136.07219588045
171,11150.987579901228
172,11033.118890341228
173,11004.134434408197
174,10984.347425604086
175,10998.842972374268
176,11077.146388373252
177,11029.831501577251
178,10925.998417710965
179,10880.053630222861
180,10759.42800698843
181,10766.951540100257
182,10668.553191169323
183,10742.616854970129
184,10715.895596239205
185,10843.48285869898
186,10909.496701249285
187,10881.582191475816
188,10968.86289929524
189,11020.553832882677
190,11078.999593887302
191,11051.88524919861
192,11007.05464184037
193,11040.385005820817
194,11056.929847101534
195,11011.5057285454
196,10969.980062998888
197,11081.631539158629
198,11092.134256214826
199,11124.728335513279
200,11109.860995901912
201,11051.764324041847
202,10944.68429733717
203,10983.739040872939
204,11374.918952178115
205,11585.845599805052
206,11577.38833704126
207,11488.442937122727
208,11595.864722412723
209,11616.508133607487
210,11593.52220084692
211,11653.666938539334
212,11654.482814914165
213,11636.392203397709
214,11620.252481524776
215,11590.360861886838
216,11618.66636694523
217,11613.407963410678
218,11515.997996581513
219,11578.1344748684
220,11547.956035457337
221,11684.633641370774
222,11862.303372036411
223,11839.345785786158
224,11915.963159841907
225,11877.557686842087
226,11797.948570724697
227,11841.584819489011
228,12024.930431693621
229,12020.595222966318
230,12009.830169501096
231,12017.259609778166
232,12006.726552532884
233,11998.075667941419
234,11963.66491278339
235,12007.28198346246
236,11997.287286102883
237,11881.879432299686
238,11833.990416164146
239,11900.304051936935
240,11902.627050733987
241,11885.700566151083
242,11844.011946333212
243,11886.449566179812
244,11879.97351591229
245,11954.201390652966
246,11932.635293698211
247,11914.975131880961
248,11948.173844407738
249,11834.379759602694
250,11780.466331612315
251,11723.320796387216
252,11737.175612557918
253,11723.54350544772
254,11609.167456091749
255,11580.380900901064
256,11580.727379842208
257,11578.621821365301
258,11412.394469733626
259,11513.47431382326
260,11288.550652859289
261,11345.090758428369
262,11308.17479218443
263,11459.861109986607
264,11522.818943546561
265,11493.504771954
266,11492.07299335013
267,11284.205658659466
268,11283.209385710654
269,11317.503733919913
270,11324.081662182454
271,11253.5174155274
272,11176.596405466169
273,11182.235730384833
274,11170.593564723822
275,11108.406085133498
276,11016.914819298181
277,11141.114362507038
278,11073.732989011743
279,11102.443724673018
280,11162.152832035927
281,11251.75280678102
282,11405.390895030267
283,11379.069768845546
284,11463.44844312724
285,11334.104234696884
286,11352.676253864136
287,11282.15953881029
288,11534.520879807129
289,11542.003781590905
290,11600.703440534267
291,11606.476178588216
292,11642.996608907695
293,11661.746260063172
294,11681.831227158273
295,11639.787271996007
296,11722.911511731989
297,11716.121191245795
298,11768.990077331251
299,11748.61937849968
300,11734.577660521125
301,11766.614931055117
302,11772.074763342665
303,11855.675577303991
304,11848.490909445698
305,11854.026348033194
306,11831.410334751588
307,11841.836247084368
308,11848.507860877065
309,11987.718578117001
310,11995.167817288515
311,11966.741184536775
312,11956.10874493705
313,11937.488209089015
314,11785.525684516848
315,11807.83416989862
316,11766.623018545977
317,11860.510582884819
318,11900.489023380047
319,11940.170518096347
320,12014.657858573959
321,12037.770922255073
322,12024.135500530048
323,12014.622829121743
324,12070.857912278138
325,12067.664172431487
326,12065.466045804675
327,12061.75264062041
328,11995.577685416045
329,11996.526825978459
330,11962.205899325993
331,11958.749492103228
332,11876.920644826625
333,11834.751659037796
334,11795.27052334509
335,11824.463873900118
336,11798.309931920558
337,11754.271053053453
338,11700.471114763597
339,11611.909442992059
340,11559.165564545916
341,11505.682884164393
342,11580.600191632786
343,11599.57515740195
344,11653.118801531105
345,11631.667943125105
346,11595.466790112834
347,11610.164238984307
348,11603.782300471163
349,11736.109659479256
350,11748.21653994817
351,11757.42536656284
352,11944.100935516464
353,11932.799172612085
354,11883.57680676982
355,11874.632495392645
356,11824.919181281484
357,11837.956728915926
358,11819.274068075112
359,11781.689912555608
360,11774.363357029908
361,11599.312404605895
362,11612.12944292049
363,11564.099489680122
364,11565.5966381785
365,11618.149530021767
366,11565.441036944576
367,11649.476014625548
368,11620.023207078302
369,11714.426161273032
370,11719.600062508805
371,11367.598565269753
372,11274.605274585203
373,11396.477063042563
374,11490.472944268322
375,11620.082912687754
376,11628.551291364314
377,11555.642294781923
378,11549.14417005391
379,11563.327370731377
380,11548.11944876989
381,11580.372742182431
382,11562.599147851277
383,11554.133260000335
384,11499.99092161915
385,11510.680571342113
386,11531.223324571813
387,11485.582357193674
388,11476.998079183159
389,11450.591418792606
390,11430.496134609943
391,11425.5528848038
392,11405.590797527619
393,11434.940219995598
394,11449.87368994034
395,11414.879756511815
396,11488.894008002299
397,11410.882167327367
398,11430.26033803022
399,11471.498258380649
400,11516.749122676152
401,11504.262855790856
402,11502.999262086709
403,11532.374776066397
404,11551.45758158483
405,11353.897128201763
406,11517.083302353643
407,11515.469624209967
408,11504.78176683704
409,11525.564420210496
410,11488.939903819197
411,11480.74905680897
412,11490.23936685488
413,11480.476544645604
414,11489.08911806098
415,11499.110880034914
416,11487.328629213122
417,11491.03552507198
418,11413.164156522089
419,11420.439682843426
420,11453.521958392448
421,11495.764547755394
422,11554.289345937144
423,11555.906281941343
424,11535.743535521093
425,11477.087298656263
426,11438.910443863406
427,11444.362552880357
428,11520.054795088681
429,11488.263380786857
430,11491.896628324756
431,11491.463244961858
432,11614.683998338529
433,11628.560220900361
434,11602.151384166247
435,11546.302876757294
436,11523.458999529554
437,11508.503496848323
438,11478.760545727495
439,11476.420810646625
440,11487.154802533963
441,11536.966455862994
442,11535.868708425234
443,11489.372783615005
444,11477.339282971268
445,11480.949281396926
446,11417.608772723399
447,11407.209638410292
448,11394.336791577698
449,11402.134348338914
450,11385.363035510483
451,11396.165112921937
452,11390.509294418134
453,11378.08039390379
454,11382.871009814487
455,11489.050111580636
456,11451.811521228221
457,11292.310309624765
458,11299.737660485891
459,11278.738287393251
460,11242.492326598851
461,11196.062737081971
462,11157.913826419877
463,11155.839708043115
464,11130.207496504723
465,11240.358163613038
466,11199.18534821409
467,11188.250397014193
468,11111.006527080206
469,11096.898356088457
470,11065.616460397072
471,11083.572009172309
472,11104.877841150297
473,11164.51567103411
474,11145.46541071577
475,11241.168699649515
476,11201.424627669117
477,11226.268953381097
478,11222.655032665036
479,11262.691314747693
480,11298.716589664877
481,11251.980304063783
482,11243.022842143262
483,11216.878965637337
484,11283.712802942662
485,11300.125756618158
486,11372.688085290516
487,11356.923474308242
488,11396.88950705059
489,11368.581930704022
490,11448.279562386224
491,11405.033472707926
492,11377.395834695233
493,11363.040616736595
494,11367.507651239031
495,11398.110104905674
496,11390.989624012458
497,11374.644574247395
498,11387.403003464318
499,11403.31546845049
500,11399.494119334448
501,11401.955541891552
502,11383.880867511269
503,11434.928576746612
504,11513.879845420006
505,11585.165711837148
506,11581.018945315833
507,11639.74785866529
508,11693.233374066753
509,11686.218056741658
510,11648.574762309167
511,11634.535099775563
512,11633.243905345482
513,11613.200909132309
514,11618.470478784731
515,11625.280266815853
516,11648.324380498158
517,11646.402072152172
518,11646.16043826717
519,11634.742790038907
520,11586.095892961162
521,11600.660140748423
522,11618.66281031532
523,11599.140420009042
524,11625.473502242012
525,11647.841647425395
526,11654.14036147671
527,11665.434199663165
528,11802.201414289026
529,11811.282578880333
530,11798.066187508815
531,11803.75273998025
532,11840.721386584235
533,11812.107183738231
534,11819.716648329768
535,11794.222160666128
536,11816.360464871133
537,11814.304233177669
538,11802.35198012472
539,11734.982698747961
540,11702.995553790628
541,11731.148569293851
542,11738.228439924194
543,11716.477010817474
544,11745.18701350254
545,11735.637480040112
546,11734.185927845272
547,11732.974970455649
548,11730.6949282336
549,11735.563526883492
550,11736.828906536337
551,11736.511536791486
552,11773.135759250708
553,11868.537642674972
554,11896.13097656116
555,11890.143179356695
556,11856.78996448768
557,11860.04615198396
558,11847.648530287119
559,11831.415877714748
560,11809.374923899486
561,11813.45502795748
562,11840.99467656445
563,11871.228430075253
564,11872.15806452388
565,11888.149476307675
566,11871.850886840803
567,11863.680833098637
568,11848.224179696535
569,11822.23457373486
570,11828.607397898295
571,11823.834815484399
572,11824.893327466016
573,11869.096941150596
574,11878.723476384403
575,11882.668927557444
576,11980.496422481874
577,11988.182100512866
578,11968.892826934354
579,12085.736454184434
580,12212.344223955406
581,12201.685390508546
582,12152.576569484061
583,12113.198418819862
584,12112.496809017923
585,12115.210913178447
586,12118.828103528502
587,12061.739791372318
588,12080.847252294601
589,12079.674700634765
590,12102.665732290912
591,12097.838392045276
592,12114.91651533098
593,12181.99543345026
594,12159.411046025856
595,12236.257316647701
596,12173.359829791232
597,12113.301001834301
598,12156.667621002347
599,12218.242637409547
600,12236.01774864549
601,12213.1722434462
602,12217.157680820745
603,12264.717619578214
604,12260.599015817585
605,12248.115399990522
606,12259.440768630317
607,12261.299959149177
608,12256.665994372333
609,12246.669853992711
610,12296.623646012227
611,12254.18862882089
612,12083.364067348117
613,12071.240303385766
614,12123.270467364959
615,12141.817168049918
616,12124.92638203906
617,12027.006016267329
618,12044.002590052327
619,12055.246969934668
620,12077.325256000928
621,12084.594258141891
622,12097.664760543019
623,12120.43804559809
624,12122.523033924686
625,12111.770326748378
626,12142.023132262586
627,12152.221616186782
628,12163.268122800355
629,12187.894733111165
630,12175.491269185724
631,12167.527967980006
632,12207.818389762066
633,12229.407988725729
634,12245.405161618284
635,12259.151970434095
636,12273.617581344599
637,12308.776164284598
638,12323.28647533321
639,12360.635545719893
640,12326.686148611243
641,12408.469723202468
642,12402.411792378478
643,12383.664427691296
644,12448.782381281331
645,12448.541439072254
646,12694.4794123611
647,12786.173223680624
648,12773.512708644193
649,12745.031612746661
650,12775.961132990902
651,12760.11259991275
652,12786.455261498475
653,12784.056199464725
654,12801.777362236548
655,12626.579642516112
656,12646.989436740738
657,12650.01051372543
658,12648.191111403168
659,12650.405967765459
660,12579.869092294191
661,12573.691344547095
662,12585.677128332358
663,12673.121053155679
664,12650.871285851203
665,12676.533735975287
666,12694.24909063485
667,12670.985592482455
668,12667.808540137703
669,12674.072364875527
670,12719.608773727745
671,12759.055347501191
672,12674.66923260216
673,12649.16764294851
674,12710.899440246094
675,12703.930042464563
676,12728.512858160677
677,12737.524118153542
678,12712.063723704814
679,12724.80552875639
680,12764.847461146757
681,12771.84709822973
682,12736.675845114289
683,12723.21807614471
684,12714.832185396892
685,12748.530551065898
686,12740.526296635506
687,12730.584573843638
688,12706.095005769741
689,12696.81626686495
690,12765.521842975542
691,12770.44434258968
692,12800.919174752427
693,12726.410821556085
694,12739.003890910815
695,12744.205218435873
696,12817.415360677214
697,12868.130622022465
698,12863.241794687769
699,12854.445369575964
700,12834.002343389788
701,12858.18797889475
702,12844.338137431074
703,12843.24475565129
704,12816.246126807782
705,12820.419559350954
706,12835.797641624624
707,12819.45086932673
708,12596.0278118293
709,12599.070190045379
710,12484.226970749949
711,12461.307921566306
712,12553.066193411305
713,12566.319830870309
714,12560.549103343117
715,12559.020440392062
716,12588.580474744476
717,12582.58247149314
718,12548.141777276216
719,12510.889928924442
720,12508.248143349545
721,12478.178583279732
722,12426.273358425753
723,12344.449016802018
724,12396.311905703082
725,12407.658534627059
726,12420.214797151632
727,12426.290423227048
728,12479.07436955118
729,12437.928712561008
730,12405.351398361332
731,12385.081427192079
732,12471.913758959558
733,12437.307446180483
734,12407.214057453868
735,12425.429795588838
736,12411.222199405029
737,12471.547241161898
738,12504.354064949312
739,12485.048795174574
740,12484.960862191969
741,12480.280625848936
742,12471.897415880683
743,12462.209025992948
744,12534.61314869881
745,12511.03862038882
746,12504.317409530988
747,12593.108674587937
748,12601.273315669143
749,12600.205286176439
750,12565.282080309966
751,12566.82748789532
752,12565.078293238006
753,12673.901905395192
754,12713.436063304523
755,12733.888755816617
756,12802.77169131089
757,12821.445730967365
758,12841.604275463927
759,12826.792172835283
760,12832.260012778575
761,12870.114190947494
762,12907.492443385901
763,12898.223022131031
764,12888.414208385617
765,12880.171139396149
766,12894.040429471475
767,12990.858880724632
768,12964.738390264696
769,12873.943790743777
770,12951.83410414977
771,12908.036847180172
772,12861.966227848221
773,12906.271115810561
774,12883.619018661338
775,12708.392443183979
776,12530.457773671309
777,12584.114987524992
778,12506.61065121929
779,12251.468945975364
780,12267.13544741252
781,12470.582653387357
782,12508.706567506108
783,12600.674421453523
784,12650.295263267491
785,12653.272190930533
786,12649.149619334732
787,12668.686629652879
788,12655.84878313172
789,12773.986895047987
790,12807.730586751044
791,12744.972666428503
792,12771.024787155227
793,12732.272749477826
794,12721.426329390326
795,12817.6870325692
796,12867.431335002797
797,12851.659542568195
798,12862.303796001737
799,12889.542595589968
800,12987.187222303492
801,12887.18477312577
802,13031.394568810705
803,13073.221990839571
804,13064.775929436206
805,12929.629128983071
806,12957.044383806078
807,13074.092830460231
808,13024.481944054125
809,12915.690757937358
810,13113.79359799975
811,12937.759859401953
812,12886.959006595733
813,12905.346515624673
814,12868.801356407348
815,12807.420110074112
816,12813.963921291206
817,12833.838009755855
818,12726.422245582367
819,12825.426785316664
820,12785.95110257476
821,12773.263755254737
822,12776.638666434414
823,12772.81747032005
824,12798.171909315417
825,12846.303932175517
826,12862.110887041455
827,12859.671870346205
828,12851.176219219444
829,12832.853990235715
830,12839.20620822741
831,12839.206208227411
832,12899.312892376727
833,12907.127832073007
834,12913.211292511232
835,12903.343351825648
836,12846.595822996795
837,12858.926824139424
838,12850.226466003427
839,12855.834445584711
840,12834.136172591643
841,12804.614555509605
842,12861.489207370945
843,12952.106102817756
844,12980.572067987236
845,12959.157858159047
846,12957.279676817723
847,12919.92783690314
848,12523.717323642104
849,12440.351760316786
850,12482.078695639146
851,12485.21834169078
852,12480.513149813547
853,12508.605532596355
854,12466.87223236468
855,12416.89412708702
856,12460.515448281778
857,12523.682493599
858,12654.25459899331
859,12644.229217596758
860,12579.539922189248
861,12577.247304174569
862,12595.944273556956
863,12631.379524109478
864,12607.583129961116
865,12632.648782900433
866,12641.454724043975
867,12622.289063847636
868,12607.98916123909
869,12555.806052814229
870,12594.887435919281
871,12567.428615479033
872,12571.930580105309
873,12532.720201685419
874,12529.011918497345
875,12483.858756237647
876,12456.415564497802
877,12478.620350809259
878,12495.245889128171
879,12522.923778858212
880,12508.588030783727
881,12572.44219688475
882,12559.098893102431
883,12542.920856215505
884,12545.163425415514
885,12602.296150989085
886,12541.349170895677
887,12600.44920008603
888,12613.533325721251
889,12609.400205886994
890,12581.979346677339
891,12581.665801038505
892,12581.176502925631
893,12555.130459592088
894,12585.430695061657
895,12552.181155971834
896,12518.548159603442
897,12526.064960529324
898,12474.77038358011
899,12314.94514485679
900,12339.141917009407
901,12401.592318576935
902,12371.373086599902
903,12365.68382008832
904,12351.327127910925
905,12316.401256437244
906,12289.952785650912
907,12255.607204092603
908,12348.695097745402
909,12322.665419687104
910,12344.058751109034
911,12392.935002972756
912,12390.515985667562
913,12422.606547385976
914,12406.56281753382
915,12338.867469799763
916,12463.350884540894
917,12528.30455107913
918,12431.184581191515
919,12435.49072003956
920,12430.577868453787
921,12452.075599850248
922,12441.288822867187
923,12211.941432780493
924,12188.463056333072
925,12192.652909757762
926,12169.987040452188
927,12215.598250496769
928,12257.225675391877
929,12302.93041239089
930,12256.127126886553
931,12226.259970823896
932,12391.976747888184
933,12463.754822717738
934,12472.947260098419
935,12418.30061219302
936,12402.690681125325
937,12419.616067732082
938,12444.943702894889
939,12430.747842569373
940,12413.163471454634
941,12271.227955508384
942,12267.9934746502
943,12148.63422399997
944,12036.750811530685
945,11970.730764701595
946,11956.451506413781
947,11862.981549056534
948,11934.579440703837
949,12120.058726987601
950,12099.1258672179
951,12183.27716167482
952,12178.542099009683
953,12108.675871037693
954,12135.86420587739
955,12132.477278338773
956,12056.948135213855
957,11959.544868867768
958,11980.658309650446
959,11934.575598164585
960,11871.984861205872
961,11848.557408587922
962,11876.213942722783
963,12052.641860914275
964,11950.599025115847
965,11843.273026264447
966,11890.615113167285
967,11894.728174321992
968,11856.901322634152
969,11827.4408527712
970,11742.478097626567
971,11811.388805768216
972,11872.3667383983
973,11852.726551464339
974,11931.432639147812
975,11941.947773421773
976,11889.151747863987
977,11994.088448974084
978,11971.254016516836
979,12022.993217844489
980,12015.182028080708
981,12093.535457129068
982,12011.705232667638
983,12123.719355025005
984,12195.500657695737
985,12120.616132868081
986,12098.456202950323
987,12086.068934956598
988,12077.954288736053
989,12127.498288176912
990,12176.308371352154
991,12174.882833001546
992,12165.16204673016
993,12131.041806698733
994,12126.784006654001
995,12099.332335978688
996,12068.231313903107
997,12039.06903227039
998,12030.830089672372
999,12197.156907129787
1000,12062.99575043424
1001,12107.721545264138
1002,12132.104052328397
1003,11987.694522970754
1004,12123.832062632475
1005,12160.97693243478
1006,12164.809503378276
1007,12198.652083821116
1008,12227.637712825317
1009,12205.168502900551
1010,12344.237783894141
1011,12375.665229234342
1012,12382.772664558885
1013,12318.665336689264
1014,12332.654835973495
1015,12166.329637024171
1016,11961.127523856298
1017,11960.70516979722
1018,12024.713706563785
1019,12007.53433869749
1020,11973.817446289775
1021,12079.55092019008
1022,12085.99529100988
1023,12092.093486585214
1024,12110.542611789366
1025,12117.567361360136
1026,12079.072215422506
1027,12064.737046574237
1028,12097.168290709153
1029,12061.518177645494
1030,12081.995764002337
1031,12178.892577969626
1032,12170.378652812113
1033,12149.746750438499
1034,12143.483002969531
1035,12068.343616097218
1036,12177.45437469664
1037,12084.085318181249
1038,11961.119562957287
1039,11924.442630588508
1040,11922.72650881167
1041,11924.54154037978
1042,11886.815708065038
1043,11881.020643836837
1044,12043.831385353531
1045,12062.804416444136
1046,12027.621993892391
1047,11951.289744504711
1048,12024.894285583105
1049,12031.225651993638
1050,12036.690257025657
1051,12045.229644875119
1052,12127.864643360163
1053,12140.26727721383
1054,12123.700495184376
1055,12123.632158770992
1056,12120.47700716386
1057,11991.164493936616
1058,11973.998867911532
1059,12022.039169984786
1060,11927.579544572727
1061,11921.727627795026
1062,11936.998639928508
1063,11992.091471564521
1064,12006.670002401353
1065,12013.519070816426
1066,12113.378739929425
1067,12106.368746838376
1068,12129.753655608021
1069,12085.039807911042
1070,12069.869850993346
1071,11958.06040283144
1072,11958.291392702893
1073,11967.640453507836
1074,11973.550753234304
1075,12002.795211676179
1076,11967.958922590275
1077,12000.511743044153
1078,11975.294110342154
1079,11924.25811396186
1080,11901.244531485101
1081,11882.991917790534
1082,11881.134266809779
1083,11897.093123098413
1084,11889.078172019625
1085,11913.993915546624
1086,11890.114623195277
1087,11850.591923693046
1088,11769.583908693221
1089,11758.472830292105
1090,11722.032969681159
1091,11747.127961358661
1092,11600.272453580583
1093,11651.843024308997
1094,11674.269932391975
1095,11701.937285496879
1096,11453.855988173676
1097,11172.890316628025
1098,11230.70583804116
1099,11209.628711991068
1100,11040.530690705576
1101,11056.886981199776
1102,11050.758041738758
1103,11033.733183124385
1104,11029.685337435494
1105,10977.333558665894
1106,10933.384100887703
1107,10940.494691043348
1108,10910.906589843977
1109,10902.084151793744
1110,10991.699072490323
1111,10989.787137656838
1112,10850.037491305016
1113,10809.27651343654
1114,10854.208226840285
1115,10803.221505417674
1116,10827.314388399647
1117,10894.236221888124
1118,10908.99277965027
1119,10924.74495925053
1120,10911.413203351072
1121,10923.675496928045
1122,10897.13687124725
1123,10932.39551097434
1124,10932.28101351464
1125,10955.821435573864
1126,10974.125206497762
1127,11003.261978197028
1128,11013.736739646962
1129,11009.371101001952
1130,10958.224242036224
1131,10986.009552322155
1132,10990.149247582758
1133,10996.921772085105
1134,10974.834009551116
1135,10964.419850976456
1136,10970.14627704419
1137,10939.240997863219
1138,10933.692252336468
1139,10891.083627520618
1140,10810.04961825714
1141,10831.331881844788
1142,10849.064943364505
1143,10799.541807972206
1144,10809.740673049997
1145,10803.156143967084
1146,10764.949552428021
1147,10737.218773479814
1148,10708.8285914851
1149,10691.212300526096
1150,10625.622500833157
1151,10674.102460566213
1152,10650.043162600192
1153,10769.44309941248
1154,10706.166915465219
1155,10608.6987166487
1156,10645.611224253305
1157,10590.63365879047
1158,10577.634676218422
1159,10592.792509317569
1160,10884.980511906942
1161,10985.102459820473
1162,10983.024175028471
1163,10921.833822785422
1164,10836.806835563275
1165,10871.195154345476
1166,10882.550842257677
1167,10876.074899443804
1168,10886.975486747619
1169,10901.798421550315
1170,10874.17450068259
1171,10907.945038834314
1172,10930.58617891412
1173,10870.524472316307
1174,10921.48496028085
1175,10958.131960793233
1176,11049.765940769754
1177,11053.435291752341
1178,11040.12871455365
1179,11052.017550595152
1180,10933.812948892628
1181,10919.247463076257
1182,10979.608630034514
1183,10930.213421956214
1184,10894.85313620881
1185,10874.149211836368
1186,10908.091259183435
1187,10926.993915566374
1188,10863.044876314632
1189,10876.694445284134
1190,10835.621479806921
1191,10832.035543839847
1192,10847.720510205974
1193,10844.804355243448
1194,10836.296429252647
1195,10758.706323675799
1196,10790.401124632854
1197,10878.173374351538
1198,10899.519708049891
1199,10910.05100040965
1200,10988.582042501926
1201,10997.793401939232
1202,10997.479737130308
1203,10950.733466470607
1204,10968.364665706162
1205,10957.684256238983
1206,10968.545254773078
1207,10844.804875879932
1208,10825.549653046604
1209,10845.197946523713
1210,10832.940029327265
1211,10835.989019214272
1212,10820.756609210743
1213,10839.266031667383
1214,10975.802684333144
1215,10917.295327303114
1216,10904.61077536232
1217,11153.742686012014
1218,11183.569123881854
1219,11158.579392179401
1220,11112.542459665017
1221,11029.25830623585
1222,11025.826513072068
1223,10927.706215345053
1224,10921.663770892603
1225,11003.96215849419
1226,10999.640253998017
1227,11022.012125798385
1228,11045.482794083458
1229,11098.392132018118
1230,11041.901580881646
1231,11034.488476867435
1232,11048.586320409679
1233,11045.384531422716
1234,11008.430962125556
1235,11093.466739015379
1236,11176.237465812323
1237,11187.598573979385
1238,11150.334089537288
1239,11146.32428351045
1240,11167.989625263517
1241,11239.867780970013
1242,11210.721243021584
1243,11354.603466721144
1244,11389.329155606796
1245,11410.308814748443
1246,11481.151428901709
1247,11489.04265399004
1248,11490.224847506011
1249,11492.595356251288
1250,11490.333560472163
1251,11458.92437436404
1252,11461.40339133617
