,Profitloss
0,-0.05421628123238875
1,0.005991980608155423
2,0.4980827453111125
3,0.5782685259773546
4,0.2650638541281669
5,-1.1975655132647978
6,-1.1863761357947422
7,-2.2791212654664106
8,-2.197621279371187
9,-1.8800285804196792
10,-1.781667661955122
11,-0.8933238549949651
12,-0.7467646401810857
13,-0.7146070501944601
14,-0.4742099832577673
15,-0.7460942106333412
16,-2.1973348369187073
17,-2.2315400383485007
18,-2.316650995154612
19,-2.129283479402344
20,-2.1016614817851
21,-1.0320841941277692
22,-0.7541960359296773
23,-0.8948119366082308
24,-0.40227491614893696
25,0.2773272589247089
26,-0.7319062392599052
27,-0.7408936384615927
28,-0.22492794612432032
29,-0.41578244937254816
30,-0.01563450623105478
31,-0.025602695144610887
32,-0.16812714492215886
33,-0.3915617444989916
34,-0.3029132737713103
35,-0.6472373949103161
36,-0.40531555071910974
37,-0.5242815042598714
38,-0.5662676082737406
39,0.06587654301593027
40,0.33821659406974014
41,1.141156349369865
42,1.0558476599849653
43,0.9096639003327578
44,0.5741822608344993
45,0.41619413364706315
46,0.33095615999327865
47,0.39508524320028826
48,0.5040530804396592
49,-0.02903010361543501
50,1.2707876662721773
51,1.2436523648673425
52,1.7201738553441315
53,2.500432800715391
54,2.1762948182804775
55,1.7908596434024648
56,1.6240491832460568
57,1.796448682395746
58,1.873018483000921
59,2.0478676160490705
60,2.527253319329037
61,2.4256922189263674
62,2.146281858317045
63,2.271063307525978
64,2.6402355007747014
65,3.0096129635599045
66,2.8039629625771
67,2.803931881802413
68,2.6613158833986628
69,2.515340072236394
70,2.060107503773212
71,2.1251461913893044
72,2.446285653287661
73,2.5075179694351357
74,2.6619273448700076
75,2.798595930911363
76,3.015834898033032
77,3.38913325603587
78,3.1817545178027817
79,3.1755288992887154
80,2.1800099565310926
81,2.357354998151173
82,2.38506677592758
83,1.4395555893192302
84,1.265750530279064
85,1.4320852928183525
86,1.5309866727800658
87,2.3880839880463967
88,2.0954045915912323
89,2.2179320671361635
90,2.2692489601137122
91,2.5746897961442805
92,2.4784143221128874
93,2.1605561978468524
94,2.2074403651582974
95,2.9515302625573225
96,3.7096712164967904
97,3.4964050995297757
98,3.6621414408472885
99,3.529404930163116
100,3.3889539033166383
101,3.5470791207371954
102,4.011536136448002
103,4.074609193685541
104,4.017442925234271
105,3.7865014500799488
106,3.6798301284059365
107,3.4157356843389053
108,3.562310871772567
109,3.5928444022978567
110,3.580441335096274
111,3.1043370894727973
112,3.29452488697195
113,3.425479458053693
114,3.3659285496463465
115,3.44122449664086
116,3.7250451631830384
117,3.952713319555756
118,3.640469464657503
119,3.5437706278636627
120,3.111443921757484
121,2.9895485116512965
122,2.640258306712795
123,2.607190007356497
124,1.937020922909638
125,0.5745900037127161
126,0.4744816366700322
127,0.34615246712867975
128,1.1337445577406902
129,1.3614135344909517
130,1.478022104663479
131,1.2452791404079955
132,0.91945162800664
133,1.3560000235466552
134,2.056331278550494
135,2.0595262465053388
136,2.1679470919616195
137,2.6815013846227087
138,2.7401117430899458
139,2.5362571657138844
140,1.6742283001997427
141,-2.9961521326416496
142,-2.613819509652393
143,-2.383021524048068
144,-2.4350255458546743
145,-2.847194708194778
146,-2.694745007688748
147,-2.6218515913871254
148,-2.998028025823174
149,-2.9405605329554163
150,-2.199098482258943
151,-2.5960623235459335
152,-3.4199432241379335
153,-3.294852474973886
154,-3.110234142992374
155,-3.155914166852103
156,-3.405186648208902
157,-3.7092667179839722
158,-4.781322677565458
159,-5.456494053706429
160,-8.174567331550453
161,-8.736480526687195
162,-8.040138105951645
163,-6.325190737350505
164,-6.332503968735925
165,-6.32236270072003
166,-7.363264677716064
167,-6.623447659636927
168,-6.504793338640535
169,-7.25054075704109
170,-7.199398367662924
171,-7.075103500823099
172,-8.057342580489768
173,-8.298879713265029
174,-8.463771453299284
175,-8.342975230214433
176,-7.690446763556236
177,-8.084737486856241
178,-8.950013185741955
179,-9.332886414809494
180,-10.33809994176308
181,-10.275403832497854
182,-11.095390073588973
183,-10.478192875248926
184,-10.70087003133996
185,-9.637642844175165
186,-9.087527489589286
187,-9.3201484043682
188,-8.592809172539672
189,-8.162051392644354
190,-7.6750033842724825
191,-7.900956256678238
192,-8.27454465133025
193,-7.996791618159859
194,-7.858917940820554
195,-8.237452262121659
196,-8.58349947500927
197,-7.653070507011428
198,-7.565547864876454
199,-7.293930537389349
200,-7.417825034150727
201,-7.901963966317938
202,-8.794297522190252
203,-8.46884132605884
204,-5.209008731849041
205,-3.4512866682912313
206,-3.5217638579895016
207,-4.262975523977275
208,-3.3677939798939738
209,-3.195765553270935
210,-3.387314992942325
211,-2.886108845505553
212,-2.879309875715297
213,-3.030064971685764
214,-3.164562653960201
215,-3.4136594842763435
216,-3.177780275456421
217,-3.22160030491101
218,-4.033350028487392
219,-3.515546042763329
220,-3.7670330378555272
221,-2.628052988576879
222,-1.1474718996965727
223,-1.338785118448682
224,-0.7003070013174351
225,-1.0203526096492777
226,-1.6837619106275237
227,-1.3201265042582344
228,0.20775359744684696
229,0.17162685805265365
230,0.08191807917579119
231,0.14383008148470822
232,0.05605460444069177
233,-0.01603610048817039
234,-0.30279239347175135
235,0.060683195520505606
236,-0.022605949142640025
237,-0.9843380641692878
238,-1.3834131986321108
239,-0.8307995671922086
240,-0.8114412438834484
241,-0.952495282074306
242,-1.2999004472232345
243,-0.9462536151682355
244,-1.0002207007309138
245,-0.3816550778919514
246,-0.5613725525149049
247,-0.7085405676586554
248,-0.43188462993551946
249,-1.380168669977544
250,-1.8294472365640413
251,-2.3056600301065378
252,-2.190203228684018
253,-2.303804121268993
254,-3.2569378659020876
255,-3.4968258258244678
256,-3.4939385013149304
257,-3.5114848219558237
258,-4.896712752219779
259,-4.054380718139495
260,-5.928744559505928
261,-5.457577013096926
262,-5.765210065129745
263,-4.501157416778279
264,-3.9765088037786556
265,-4.220793567049997
266,-4.232725055415587
267,-5.964952844504445
268,-5.97325511907788
269,-5.687468884000724
270,-5.63265281514621
271,-6.220688203938329
272,-6.861696621115254
273,-6.8147022467930585
274,-6.911720293968148
275,-7.429949290554183
276,-8.192376505848486
277,-7.157380312441353
278,-7.718891758235468
279,-7.479635627724857
280,-6.982059733033941
281,-6.23539327682483
282,-4.9550758747477825
283,-5.1744185929537885
284,-4.471262973939671
285,-5.549131377525962
286,-5.3943645511322025
287,-5.982003843247574
288,-3.8789926682739284
289,-3.8166351534091203
290,-3.327471328881104
291,-3.279365178431526
292,-2.975028259102541
293,-2.8187811661402384
294,-2.6514064403477255
295,-3.0017727333666144
296,-2.309070735566754
297,-2.3656567396183825
298,-1.9250826889062433
299,-2.0948385125026725
300,-2.2118528289906236
301,-1.9448755745406943
302,-1.899376972144451
303,-1.2027035224667415
304,-1.2625757546191885
305,-1.2164470997233834
306,-1.404913877070102
307,-1.318031274296938
308,-1.2624344926911224
309,-0.10234518235832102
310,-0.0402681892623713
311,-0.27715679552687833
312,-0.3657604588579222
313,-0.520931590924878
314,-1.7872859623595971
315,-1.6013819175114907
316,-1.9448081787835192
317,-1.1624118092931734
318,-0.8292581384996112
319,-0.49857901586377595
320,0.12214882144965244
321,0.314757685458944
322,0.20112917108374706
323,0.12185690934785054
324,0.5904826023178211
325,0.5638681035957216
326,0.5455503817056284
327,0.5146053385034266
328,-0.036852621532956764
329,-0.028943116846180672
330,-0.3149508389500677
331,-0.34375423247309245
332,-1.0256612931114573
333,-1.3770695080183692
334,-1.7060789721242475
335,-1.462801050832352
336,-1.6807505673286816
337,-2.0477412245545557
338,-2.496074043636687
339,-3.23408797506618
340,-3.673620295450697
341,-4.119309298630059
342,-3.4949984030601122
343,-3.336873688317077
344,-2.8906766539074535
345,-3.069433807290789
346,-3.3711100823930473
347,-3.2486313417974366
348,-3.301814162740313
349,-2.1990861710062037
350,-2.098195500431921
351,-2.021455278643003
352,-0.4658255373627962
353,-0.5600068948992898
354,-0.9701932769181631
355,-1.04472920506129
356,-1.4590068226542963
357,-1.3503605923672835
358,-1.5060494327074014
359,-1.8192507287032589
360,-1.8803053580841
361,-3.3390632949508725
362,-3.2322546423292464
363,-3.632504252665647
364,-3.6200280151791664
365,-3.1820872498186104
366,-3.621324692128536
367,-2.9210332114537607
368,-3.166473274347481
369,-2.379781989391405
370,-2.336666145759958
371,-5.270011956085396
372,-6.044956045123307
373,-5.0293578079786405
374,-4.246058797763985
375,-3.165975727602044
376,-3.095405905297377
377,-3.702980876817308
378,-3.7571319162174155
379,-3.6389385772385263
380,-3.7656712602509135
381,-3.496893815146407
382,-3.6450071012393614
383,-3.7155561666638692
384,-4.166742319840422
385,-4.077661905482399
386,-3.9064722952348974
387,-4.286813690052716
388,-4.358349340140344
389,-4.578404843394946
390,-4.74586554491715
391,-4.7870592933016765
392,-4.953410020603178
393,-4.7088315000366805
394,-4.584385917163836
395,-4.876002029068205
396,-4.259216599980842
397,-4.909315272271941
398,-4.7478305164148304
399,-4.40418118016126
400,-4.027090644365394
401,-4.1311428684095315
402,-4.141672815944098
403,-3.8968768661133524
404,-3.7378534867930857
405,-5.384190598318639
406,-4.024305813719642
407,-4.03775313158361
408,-4.1268186096913295
409,-3.9536298315791973
410,-4.258834134840028
411,-4.327091193258581
412,-4.248005276209343
413,-4.329362127953296
414,-4.257590682825175
415,-4.174075999709048
416,-4.272261423223989
417,-4.241370624400165
418,-4.890298695649264
419,-4.829669309638119
420,-4.5539836800629345
421,-4.201962102038381
422,-3.7142554505237957
423,-3.7007809838221384
424,-3.8688038706575556
425,-4.357605844531143
426,-4.675746301138284
427,-4.630312059330355
428,-3.9995433742609943
429,-4.2644718267761945
430,-4.2341947639603745
431,-4.237806291984514
432,-3.2109666805122616
433,-3.095331492496989
434,-3.315405131947935
435,-3.7808093603558857
436,-3.971175003920391
437,-4.0958041929306415
438,-4.343662118937541
439,-4.3631599112781245
440,-4.273709978883633
441,-3.8586128678083864
442,-3.8677607631230515
443,-4.25522680320829
444,-4.355505975239426
445,-4.325422655025612
446,-4.853260227305012
447,-4.93991967991424
448,-5.047193403519179
449,-4.982213763842392
450,-5.121974704079301
451,-5.031957392317188
452,-5.07908921318222
453,-5.182663384135077
454,-5.142741584879273
455,-4.257915736828033
456,-4.568237323098156
457,-5.897414086460295
458,-5.835519495950914
459,-6.010514271722911
460,-6.312563945009575
461,-6.699477190983572
462,-7.017384779834357
463,-7.034669099640711
464,-7.248270862460638
465,-6.330348636558014
466,-6.673455431549247
467,-6.764580024881717
468,-7.408278940998281
469,-7.5258470325961895
470,-7.786529496691063
471,-7.636899923564089
472,-7.459351323747521
473,-6.962369408049074
474,-7.121121577368584
475,-6.323594169587377
476,-6.654794769424022
477,-6.447758721824193
478,-6.477874727791367
479,-6.144239043769217
480,-5.844028419459358
481,-6.233497466135141
482,-6.308142982139486
483,-6.5260086196888505
484,-5.969059975477819
485,-5.832285361515355
486,-5.227599289245699
487,-5.358971047431316
488,-5.0259207745784185
489,-5.261817244133149
490,-4.597670313448132
491,-4.958054394100619
492,-5.188368044206393
493,-5.3079948605283755
494,-5.270769573008072
495,-5.015749125786051
496,-5.07508646656285
497,-5.211295214605038
498,-5.104974971130682
499,-4.97237109624592
500,-5.004215672212942
501,-4.983703817570406
502,-5.134326104072762
503,-4.708928527111567
504,-4.051001288166622
505,-3.456952401357105
506,-3.491508789034725
507,-3.0021011777892403
508,-2.556388549443722
509,-2.6148495271528516
510,-2.9285436474236093
511,-3.0455408352036417
512,-3.056300788787647
513,-3.223325757230755
514,-3.1794126767939024
515,-3.1226644432012285
516,-2.9306301625153575
517,-2.9466493987319042
518,-2.948663014440245
519,-3.043810083009113
520,-3.4492008919903117
521,-3.327832160429811
522,-3.177809914038998
523,-3.34049649992465
524,-3.1210541479832377
525,-2.934652938121707
526,-2.8821636543607587
527,-2.788048336140292
528,-1.648321547591447
529,-1.5726451759972226
530,-1.682781770759867
531,-1.6353938334979223
532,-1.3273217784647073
533,-1.5657734688480751
534,-1.5023612639186057
535,-1.7148153277822709
536,-1.5303294594072203
537,-1.5474647235194317
538,-1.6470668322939974
539,-2.2084775104336596
540,-2.475037051744766
541,-2.240428589217902
542,-2.1814296672983846
543,-2.3626915765210477
544,-2.1234415541455
545,-2.203020999665739
546,-2.2151172679560682
547,-2.225208579536264
548,-2.2442089313866598
549,-2.2036372759708933
550,-2.19309244553052
551,-2.195737193404279
552,-1.890535339577426
553,-1.0955196443752313
554,-0.8655751953236646
555,-0.9154735053608754
556,-1.193416962602667
557,-1.1662820668003393
558,-1.2695955809406745
559,-1.4048676857104314
560,-1.5885423008376143
561,-1.5545414336876728
562,-1.3250443619629126
563,-1.073096416039565
564,-1.0653494623010018
565,-0.9320876974360348
566,-1.0679092763266507
567,-1.1359930575113641
568,-1.2647985025288744
569,-1.4813785522095002
570,-1.4282716841808707
571,-1.4680432042966762
572,-1.4592222711165337
573,-1.0908588237450334
574,-1.0106376967966457
575,-0.9777589370213002
576,-0.1625298126510466
577,-0.09848249572611545
578,-0.2592264422137114
579,0.7144704515369638
580,1.7695351996283915
581,1.6807115875712153
582,1.2714714123671866
583,0.9433201568321836
584,0.9374734084826919
585,0.9600909431537241
586,0.9902341960708494
587,0.5144982614359916
588,0.6737271024550129
589,0.6639558386230426
590,0.8555477690909363
591,0.8153199337106454
592,0.9576376277581788
593,1.5166286120855021
594,1.3284253835488036
595,1.9688109720641833
596,1.4446652482602573
597,0.944175015285853
598,1.3055635083528916
599,1.818688645079547
600,1.9668145720457497
601,1.776435362051676
602,1.8096473401728819
603,2.2059801631517884
604,2.171658465146531
605,2.0676283332543566
606,2.1620064052526367
607,2.177499659576476
608,2.138883286436122
609,2.055582116605925
610,2.471863716768552
611,2.118238573507414
612,0.6947005612343071
613,0.5936691948813966
614,1.0272538947079912
615,1.1818097337493283
616,1.0410531836588355
617,0.2250501355610668
618,0.3666882504360647
619,0.4603914161222189
620,0.6443771333410675
621,0.7049521511824253
622,0.8138730045251563
623,1.003650379984089
624,1.021025282705712
625,0.9314193895698208
626,1.1835261021882149
627,1.268513468223187
628,1.3605676900029673
629,1.5657894425930463
630,1.4624272432143703
631,1.3960663998333844
632,1.7318199146838742
633,1.9117332393810749
634,2.0450430134856923
635,2.1595997536174583
636,2.2801465112049835
637,2.57313470237166
638,2.6940539611100878
639,3.0052962143324535
640,2.72238457176035
641,3.4039143600205657
642,3.353431603153978
643,3.19720356409412
644,3.739853177344421
645,3.7378453256021293
646,5.787328436342487
647,6.551443530671874
648,6.4459392387016035
649,6.2085967728888525
650,6.466342774924194
651,6.334271665939584
652,6.553793845820621
653,6.533801662206051
654,6.681478018637899
655,5.2214970209675915
656,5.391578639506145
657,5.416754281045244
658,5.401592595026394
659,5.420049731378818
660,4.832242435784928
661,4.780761204559125
662,4.88064273610298
663,5.609342109630666
664,5.423927382093363
665,5.637781133127384
666,5.78540908862375
667,5.591546604020459
668,5.565071167814195
669,5.617269707296058
670,5.996739781064542
671,6.325461229176588
672,5.622243605017996
673,5.409730357904263
674,5.924162002050792
675,5.866083687204693
676,6.070940484672316
677,6.146034317946181
678,5.933864364206776
679,6.040046072969907
680,6.373728842889648
681,6.432059151914404
682,6.138965375952399
683,6.026817301205933
684,5.9569348783074405
685,6.237754592215827
686,6.171052471962546
687,6.088204782030315
688,5.884125048081179
689,5.806802223874574
690,6.3793486914628605
691,6.420369521580671
692,6.674326456270219
693,6.053423512967382
694,6.158365757590123
695,6.201710153632267
696,6.811794672310123
697,7.2344218501872115
698,7.193681622398063
699,7.120378079799705
700,6.95001952824823
701,7.151566490789585
702,7.036151145258951
703,7.027039630427412
704,6.802051056731528
705,6.836829661257959
706,6.964980346871874
707,6.828757244389427
708,4.966898431910849
709,4.992251583711482
710,4.035224756249578
711,3.844232679719206
712,4.608884945094216
713,4.7193319239192455
714,4.6712425278593095
715,4.658503669933856
716,4.9048372895373005
717,4.854853929109515
718,4.567848143968467
719,4.257416074370357
720,4.235401194579547
721,3.984821527331106
722,3.5522779868812693
723,2.870408473350161
724,3.3025992141923366
725,3.3971544552254818
726,3.501789976263603
727,3.5524201935587474
728,3.9922864129264823
729,3.6494059380083987
730,3.3779283196777588
731,3.2090118932673217
732,3.932614657996303
733,3.6442287181706945
734,3.393450478782234
735,3.5452482965736554
736,3.4268516617085742
737,3.9295603430158144
738,4.202950541244266
739,4.042073293121451
740,4.041340518266412
741,4.002338548741147
742,3.932478465672351
743,3.851741883274573
744,4.45510957249009
745,4.258655169906822
746,4.202645079424894
747,4.942572288232805
748,5.010610963909534
749,5.001710718136998
750,4.710684002583054
751,4.7235623991276565
752,4.7089857769833765
753,5.615849211626611
754,5.9453005275377
755,6.115739631805139
756,6.689764094257433
757,6.84538109139472
758,7.0133689621993955
759,6.88993477362736
760,6.935500106488135
761,7.2509515912291045
762,7.56243702821584
763,7.485191851091932
764,7.403451736546818
765,7.334759494967913
766,7.45033691226229
767,8.257157339371934
768,8.039486585539123
769,7.282864922864807
770,7.931950867914739
771,7.566973726501436
772,7.183051898735182
773,7.552259298421338
774,7.3634918221778145
775,5.903270359866486
776,4.420481447260904
777,4.8676248960416
778,4.221755426827412
779,2.0955745497946987
780,2.2261287284376596
781,3.9215221115613152
782,4.239221395884241
783,5.005620178779346
784,5.4191271938957675
785,5.443934924421101
786,5.409580161122762
787,5.572388580440646
788,5.46540652609766
789,6.449890792066548
790,6.731088222925363
791,6.208105553570853
792,6.425206559626906
793,6.102272912315221
794,6.011886078252715
795,6.814058604743334
796,7.228594458356641
797,7.097162854734962
798,7.185864966681144
799,7.4128549632497265
800,8.22656018586243
801,7.39320644271475
802,8.5949547400892
803,8.943516590329747
804,8.873132745301726
805,7.746909408192271
806,7.975369865050652
807,8.950773587168603
808,8.537349533784377
809,7.630756316144649
810,9.281613316664572
811,7.814665495016282
812,7.391325054964448
813,7.544554296872286
814,7.240011303394578
815,6.728500917284275
816,6.783032677426726
817,6.948650081298791
818,6.053518713186401
819,6.878556544305536
820,6.549592521456327
821,6.443864627122808
822,6.471988886953439
823,6.440145586000412
824,6.65143257762848
825,7.052532768129316
826,7.184257392012139
827,7.16393225288503
828,7.093135160162034
829,6.940449918630964
830,6.993385068561753
831,6.993385068561753
832,7.494274103139387
833,7.559398600608391
834,7.610094104260279
835,7.527861265213742
836,7.05496519163995
837,7.157723534495197
838,7.085220550028559
839,7.1319537132059185
840,6.951134771597034
841,6.705121295913363
842,7.179076728091216
843,7.934217523481291
844,8.171433899893632
845,7.992982151325401
846,7.977330640147695
847,7.66606530752616
848,4.364311030350865
849,3.6695980026398844
850,4.017322463659556
851,4.043486180756495
852,4.004276248446215
853,4.238379438302964
854,3.89060193637234
855,3.4741177257251676
856,3.8376287356814753
857,4.364020779991673
858,5.4521216582775756
859,5.368576813306314
860,4.82949935157706
861,4.8103942014547485
862,4.966202279641285
863,5.2614960342456385
864,5.063192749675971
865,5.2720731908369345
866,5.3454560336998025
867,5.185742198730314
868,5.066576343659079
869,4.631717106785249
870,4.95739529932735
871,4.72857179565862
872,4.766088167544247
873,4.439335014045165
874,4.408432654144545
875,4.032156301980394
876,3.8034630374816913
877,3.9885029234104863
878,4.12704907606809
879,4.357698157151768
880,4.238233589864393
881,4.77035164070625
882,4.659157442520256
883,4.524340468462551
884,4.543028545129291
885,5.019134591575702
886,4.511243090797312
887,5.003743334050248
888,5.1127777143437525
889,5.07833504905828
890,4.849827888977831
891,4.847215008654215
892,4.843137524380259
893,4.6260871632674005
894,4.878589125513821
895,4.601509633098622
896,4.321234663362028
897,4.383874671077703
898,3.9564198631675707
899,2.624542873806579
900,2.8261826417450564
901,3.3466026548077954
902,3.0947757216658545
903,3.0473651674026714
904,2.9277260659243742
905,2.636677136977039
906,2.4162732137575915
907,2.13006003410503
908,2.9057924812116775
909,2.688878497392544
910,2.867156259241943
911,3.2744583581062914
912,3.2542998805630052
913,3.521721228216479
914,3.38802347944851
915,2.8238955816646927
916,3.8612573711741094
917,4.402537925659433
918,3.5932048432626207
919,3.6290893336629937
920,3.588148903781563
921,3.767296665418729
922,3.6774068572265506
923,1.7661786065041207
924,1.5705254694422743
925,1.6054409146480264
926,1.4165586704349087
927,1.796652087473083
928,2.143547294932313
929,2.5244201032574187
930,2.1343927240546012
931,1.885499756865805
932,3.266472899068207
933,3.864623522647803
934,3.941227167486816
935,3.4858384349418348
936,3.3557556760443807
937,3.4968005644340217
938,3.707864190790744
939,3.5895653547447726
940,3.4430289287886273
941,2.2602329625698747
942,2.2332789554183385
943,1.2386185333330912
944,0.3062567627557078
945,-0.24391029415337107
946,-0.36290411321848737
947,-1.1418204245288832
948,-0.5451713274680192
949,1.0004893915633417
950,0.8260488934825005
951,1.5273096806234898
952,1.4878508250806943
953,0.9056322586474375
954,1.1322017156449204
955,1.1039773194897684
956,0.47456779344878797
957,-0.3371260927686026
958,-0.1611807529129594
959,-0.5452033486284535
960,-1.0667928232844015
961,-1.2620215951006486
962,-1.0315504773101392
963,0.4386821742856206
964,-0.41167479070127744
965,-1.306058114462938
966,-0.9115407236059636
967,-0.8772652139834025
968,-1.1924889780487335
969,-1.4379928935733255
970,-2.146015853111949
971,-1.5717599519315284
972,-1.0636105133475016
973,-1.2272787377971772
974,-0.5713946737682329
975,-0.4837685548185644
976,-0.923735434466777
977,-0.04926292521596487
978,-0.23954986235970033
979,0.19161014870408
980,0.1265169006725575
981,0.7794621427422266
982,0.09754360556364361
983,1.0309946252083702
984,1.629172147464475
985,1.0051344405673346
986,0.8204683579193572
987,0.7172411246383126
988,0.6496190728004336
989,1.0624857348076056
990,1.469236427934617
991,1.457356941679544
992,1.3763503894179907
993,1.0920150558227704
994,1.0565333887833317
995,0.8277694664890589
996,0.5685942825258916
997,0.32557526891991984
998,0.2569174139364305
999,1.6429742260815505
1000,0.5249645869519926
1001,0.8976795438678131
1002,1.1008671027366468
1003,-0.10254564191037874
1004,1.031933855270628
1005,1.3414744369564913
1006,1.3734125281523069
1007,1.6554340318426286
1008,1.8969809402109794
1009,1.709737524171251
1010,2.8686481991178514
1011,3.13054357695286
1012,3.1897722046573707
1013,2.6555444724105426
1014,2.7721236331124555
1015,1.386080308534754
1016,-0.32393730119751885
1017,-0.3274569183564946
1018,0.2059475546982048
1019,0.06278615581241098
1020,-0.21818794758521332
1021,0.6629243349173475
1022,0.716627425082339
1023,0.7674457215434582
1024,0.9211884315780461
1025,0.9797280113344575
1026,0.6589351285208878
1027,0.5394753881186487
1028,0.809735755909613
1029,0.5126514803791116
1030,0.6832980333528083
1031,1.490771483080211
1032,1.4198221067676098
1033,1.247889586987494
1034,1.195691691412759
1035,0.5695301341434922
1036,1.4787864558053254
1037,0.7007109848437443
1038,-0.3240036420226078
1039,-0.6296447450957698
1040,-0.6439457599027532
1041,-0.6288204968351696
1042,-0.9432024327913457
1043,-0.9914946346930242
1044,0.3652615446127605
1045,0.5233701370344734
1046,0.23018328243660235
1047,-0.4059187957940691
1048,0.2074523798591965
1049,0.26021376661364837
1050,0.3057521418804665
1051,0.3769137072926476
1052,1.0655386946680112
1053,1.1688939767819262
1054,1.0308374598698045
1055,1.0302679897582712
1056,1.003975059698825
1057,-0.07362921719487048
1058,-0.2166761007372342
1059,0.18365974987322176
1060,-0.6035037952272782
1061,-0.6522697683747802
1062,-0.525011333929104
1063,-0.0659044036289913
1064,0.05558335334461262
1065,0.11265892347021023
1066,0.9448228327452179
1067,0.8864062236531245
1068,1.0812804634001694
1069,0.7086650659253513
1070,0.5822487582778813
1071,-0.3494966430713453
1072,-0.3475717274758927
1073,-0.26966288743469624
1074,-0.22041038971413185
1075,0.023293430634829804
1076,-0.26700897841437365
1077,0.004264525367947414
1078,-0.20588241381538364
1079,-0.6311823836511743
1080,-0.8229622376241585
1081,-0.975067351745551
1082,-0.9905477765851822
1083,-0.8575573075132237
1084,-0.9243485665031304
1085,-0.7167173704448082
1086,-0.9157114733726934
1087,-1.2450673025579562
1088,-1.9201340942231582
1089,-2.0127264142324575
1090,-2.3163919193236793
1091,-2.107266988677825
1092,-3.331062886828473
1093,-2.901308130758362
1094,-2.714417230066879
1095,-2.483855954192682
1096,-4.551200098552699
1097,-6.892580694766459
1098,-6.410784682990334
1099,-6.586427400074424
1100,-7.995577577453528
1101,-7.859275156668533
1102,-7.910349652177018
1103,-8.05222347396346
1104,-8.085955521370881
1105,-8.522220344450881
1106,-8.88846582593581
1107,-8.829210907972096
1108,-9.075778417966863
1109,-9.149298735052136
1110,-8.402507729247311
1111,-8.41844051952635
1112,-9.583020905791528
1113,-9.922695721362162
1114,-9.548264776330962
1115,-9.973154121519379
1116,-9.772380096669607
1117,-9.2146981509323
1118,-9.091726836247748
1119,-8.960458672912242
1120,-9.071556638741063
1121,-8.969370858932956
1122,-9.190526072939576
1123,-8.896704075213835
1124,-8.897658220711335
1125,-8.701488036884463
1126,-8.548956612518655
1127,-8.306150181691429
1128,-8.218860502941983
1129,-8.255240824983733
1130,-8.681464649698134
1131,-8.449920397315369
1132,-8.415422936810346
1133,-8.358985232624129
1134,-8.543049920407364
1135,-8.629834575196204
1136,-8.582114357965075
1137,-8.839658351139846
1138,-8.885897897196093
1139,-9.240969770661511
1140,-9.916253181190493
1141,-9.738900984626763
1142,-9.591125471962458
1143,-10.00381826689829
1144,-9.918827724583357
1145,-9.973698800274299
1146,-10.292087063099832
1147,-10.523176887668217
1148,-10.759761737624164
1149,-10.906564162282528
1150,-11.453145826390365
1151,-11.04914616194822
1152,-11.249640311665065
1153,-10.254640838229335
1154,-10.781942371123176
1155,-11.594177361260838
1156,-11.286573131222454
1157,-11.744719510079415
1158,-11.853044364846488
1159,-11.72672908902026
1160,-9.291829067442148
1161,-8.457479501496056
1162,-8.474798541429408
1163,-8.984718143454817
1164,-9.693276370306048
1165,-9.406707047121031
1166,-9.312076314519357
1167,-9.366042504634976
1168,-9.275204277103178
1169,-9.15167982041405
1170,-9.381879160978423
1171,-9.100458009714051
1172,-8.911781842382338
1173,-9.412296064030778
1174,-8.987625330992921
1175,-8.682233660056394
1176,-7.918617160252051
1177,-7.88803923539716
1178,-7.998927378719589
1179,-7.899853745040398
1180,-8.884892092561437
1181,-9.006271141031185
1182,-8.503261416379049
1183,-8.914888150364886
1184,-9.20955719825991
1185,-9.3820899013636
1186,-9.099239506804713
1187,-8.94171737028021
1188,-9.474626030711397
1189,-9.360879622632211
1190,-9.70315433494232
1191,-9.733037134667944
1192,-9.602329081616878
1193,-9.626630372971267
1194,-9.69752975622794
1195,-10.34411396936834
1196,-10.079990628059555
1197,-9.348555213737185
1198,-9.170669099584238
1199,-9.082908329919581
1200,-8.428482979150608
1201,-8.351721650506395
1202,-8.354335523914092
1203,-8.743887779411608
1204,-8.59696111911532
1205,-8.685964531341806
1206,-8.59545621022435
1207,-9.626626034333896
1208,-9.78708622461163
1209,-9.623350445635726
1210,-9.725499755606126
1211,-9.700091506547736
1212,-9.827028256577142
1213,-9.672783069438474
1214,-8.534977630557128
1215,-9.022538939140713
1216,-9.128243538647329
1217,-7.052144283233219
1218,-6.80359063431788
1219,-7.011838398504988
1220,-7.395479502791524
1221,-8.089514114701245
1222,-8.118112391066102
1223,-8.935781538791222
1224,-8.986135242561645
1225,-8.300315345881748
1226,-8.33633121668319
1227,-8.149898951680123
1228,-7.954310049304514
1229,-7.513398899849022
1230,-7.984153492652957
1231,-8.045929359438041
1232,-7.928447329919342
1233,-7.955128904810693
1234,-8.26307531562036
1235,-7.554443841538506
1236,-6.864687784897317
1237,-6.770011883505123
1238,-7.0805492538559385
1239,-7.113964304079579
1240,-6.933419789470685
1241,-6.334435158583229
1242,-6.577322974820133
1243,-5.3783044439904675
1244,-5.088923703276704
1245,-4.9140932104296375
1246,-4.323738092485763
1247,-4.257977883416331
1248,-4.248126270783237
1249,-4.228372031239269
1250,-4.247220329398638
1251,-4.5089635469663385
1252,-4.488305072198573
