,Portfolio Value
0,11982.554003391386
1,11981.16853872396
2,11913.89193815659
3,11940.649781216754
4,11839.715219733122
5,11767.296195482226
6,11767.15064902813
7,11631.419806725793
8,11630.168870568827
9,11695.671959412231
10,11716.723539171311
11,11870.744382343037
12,11891.15913534732
13,11891.803631254432
14,11860.321238824894
15,11850.402193710275
16,11717.80446000904
17,11716.439700459017
18,11698.946846513854
19,11702.70210329632
20,11724.333569809562
21,11800.737593080616
22,11811.95773555159
23,11786.341436244309
24,11822.469194522073
25,11900.099261370206
26,11815.859916311887
27,11704.465236338483
28,11829.411753222023
29,11787.406703997272
30,11780.993878343439
31,11771.153072883008
32,11752.079300892588
33,11721.653310001091
34,11745.28459132343
35,11677.0970204396
36,11714.972478138954
37,11684.756710376276
38,11681.684455244236
39,11747.639963273337
40,11757.040046793996
41,11777.721115428083
42,11730.595721769634
43,11718.466735152937
44,11695.81937384377
45,11620.627683857094
46,11622.419837621488
47,11646.292975467673
48,11656.37940685298
49,11614.185697513449
50,11787.919846123705
51,11810.668397803933
52,11949.799172225985
53,11985.70693445299
54,11971.888757866916
55,11899.85310441183
56,11880.214179794031
57,11890.606446806989
58,11908.00077011983
59,11909.924556729935
60,11948.827689401152
61,11918.500433103194
62,11844.509510442476
63,11852.977203427434
64,11926.915745188773
65,11991.29395544972
66,11945.346400853085
67,11948.78684667348
68,11931.0398384612
69,11923.15062616667
70,11848.808757546094
71,11855.479954282906
72,11883.440745889982
73,11904.564608139352
74,12014.425210389494
75,12121.222604611075
76,12137.87071790222
77,12159.99039991261
78,12122.789688284385
79,12121.021332541199
80,12021.321528027423
81,12077.556077350171
82,12085.086897487196
83,11988.879810021446
84,11890.702944829074
85,11930.722373755932
86,11933.354310180659
87,11940.117639123153
88,11825.428962640044
89,11832.776362338484
90,11839.591907442451
91,11850.511804432103
92,11807.80778699194
93,11818.150700591646
94,11843.183171023162
95,11941.615188927553
96,11977.448679849502
97,11945.667281862934
98,11972.453941966509
99,11961.380269685098
100,11915.455802659239
101,11977.31540669359
102,12012.209151008075
103,12039.806720322835
104,12028.277149883339
105,11981.575239389776
106,11935.813101815746
107,11904.526001933635
108,11940.212565993794
109,11954.660327766342
110,11955.986962595347
111,11884.763948100854
112,11913.427175472367
113,11959.415897845869
114,11946.590200545308
115,11960.349646373803
116,11991.814333587154
117,12021.857691062884
118,11973.890979049931
119,11947.679463224496
120,11862.659802898053
121,11826.727248815358
122,11783.481930795364
123,11796.490265148066
124,11784.413528774936
125,11704.972422528026
126,11689.923573680539
127,11653.30908656232
128,11729.287761989468
129,11748.179805130743
130,11794.4558125594
131,11759.991962457527
132,11694.016006001373
133,11779.750023116443
134,11914.632468833326
135,11939.398611744069
136,11965.60784705839
137,12010.404908142329
138,12005.493593431052
139,11991.10886639394
140,11801.05429024135
141,11297.995412105116
142,11325.36078607789
143,11377.223950104655
144,11380.29417753277
145,11340.260543549195
146,11343.299322702214
147,11327.522476685468
148,11305.566359549459
149,11329.484793951759
150,11403.797125230374
151,11338.53519306165
152,11289.284751822881
153,11335.667557803072
154,11405.626774733968
155,11462.505071739875
156,11426.448104512434
157,11287.813799650809
158,11153.54168024803
159,11092.705883882425
160,11029.178068632225
161,10923.005258863068
162,11084.309363579416
163,11213.071883191878
164,11202.859910269673
165,11170.934943870232
166,11037.749018940496
167,11055.410157755861
168,11087.776221153643
169,11051.86910463437
170,11102.266680468234
171,11143.428797287734
172,11053.63842419937
173,11011.957568038635
174,10951.054101811973
175,10953.21854237772
176,11087.614546161109
177,11042.148882795434
178,11001.874338482405
179,10961.61723998909
180,10881.842019835893
181,10792.79720720274
182,10789.908635594316
183,10839.911709042284
184,10806.785514167319
185,10940.225065155546
186,11047.996377679481
187,11031.004785192103
188,11208.410427913346
189,11245.002590836628
190,11257.148720374022
191,11172.909056237566
192,11108.003447053205
193,11183.786134716265
194,11192.73589937099
195,11232.681621546588
196,11175.95833599255
197,11326.413779483846
198,11332.937224971482
199,11393.158703466024
200,11379.710626595304
201,11299.42073952654
202,11257.56638455795
203,11348.6158130002
204,11413.264997043932
205,11473.908131962513
206,11491.112801682577
207,11406.715520323638
208,11452.066890418384
209,11537.899567021386
210,11511.949435704897
211,11578.4306982011
212,11602.670679885041
213,11605.08012149907
214,11540.752705387731
215,11577.862078779091
216,11624.052712070566
217,11606.82365740229
218,11454.358977937314
219,11521.37178308218
220,11507.219502604321
221,11703.386559575576
222,11861.87247920865
223,11815.16067679083
224,11874.094253399951
225,11855.565745443642
226,11796.510807278974
227,11885.573787081492
228,12014.169068311428
229,11987.43737326788
230,11974.601493316246
231,11962.194444262326
232,11955.174734852146
233,11949.088992729143
234,11876.335394901915
235,11871.551286249674
236,11846.668406206145
237,11750.641820764942
238,11724.525101376472
239,11759.118652864794
240,11768.028302684175
241,11744.6496253722
242,11682.552914058868
243,11741.764701368425
244,11779.321351562114
245,11790.055847595986
246,11775.063166669279
247,11762.588584000105
248,11795.806045672329
249,11734.545993797736
250,11686.765452434356
251,11597.24739390857
252,11598.648034616013
253,11541.220801116504
254,11416.780560739779
255,11350.075523242374
256,11399.097950494233
257,11426.7980095096
258,11257.50367334289
259,11334.03652614465
260,11050.433981661212
261,11078.736863484795
262,11036.32126346235
263,11129.474070644595
264,11158.442597199653
265,11137.028376972274
266,11141.122851492935
267,10934.603430616904
268,10931.72348837137
269,11025.425454442831
270,10998.406010018176
271,10906.801607089745
272,10827.145904246161
273,10828.742514482461
274,10773.037877218698
275,10722.23442683548
276,10590.336350582744
277,10647.540555925558
278,10588.478067948441
279,10829.243691296972
280,10917.438593462746
281,10922.122022545367
282,10925.362442042111
283,10965.00503994969
284,11125.818559644622
285,10973.931685230422
286,10961.997186291339
287,10912.091991951096
288,11040.311397149851
289,11055.908557446406
290,11139.990602104628
291,11112.3731655759
292,11131.000165513706
293,11138.037074417058
294,11139.359000060627
295,11113.209975495742
296,11193.833729824284
297,11181.664256749336
298,11321.434389952257
299,11303.092042785089
300,11291.702771128215
301,11347.09305563944
302,11351.462500018324
303,11425.219378678801
304,11417.75319921524
305,11460.808376212615
306,11347.872923540272
307,11322.589096564412
308,11324.613132013734
309,11382.45469417145
310,11542.374659486733
311,11536.81634528696
312,11500.39739137012
313,11478.68153581609
314,11407.60124952633
315,11484.10024318582
316,11365.595464911215
317,11443.348783191872
318,11468.554976222978
319,11505.004836626325
320,11605.726043659157
321,11618.005449201533
322,11585.854850479387
323,11572.671760922929
324,11615.27040788166
325,11602.695679409466
326,11591.86378904061
327,11568.679003475407
328,11563.342089064125
329,11566.186945257816
330,11522.350764966504
331,11515.415266505197
332,11457.189716808727
333,11376.467625415564
334,11339.071181566906
335,11346.150019509
336,11325.38144581328
337,11224.867711711511
338,11158.215360509535
339,11121.531205883295
340,11063.555332785889
341,11045.828278433224
342,11105.296161980086
343,11279.278357619001
344,11337.82364441683
345,11315.752430060513
346,11236.987667851165
347,11278.530565385712
348,11270.119988179667
349,11315.917394485476
350,11334.03651223998
351,11357.763676968492
352,11472.06592170682
353,11457.868191290248
354,11413.192102825828
355,11398.37222611919
356,11380.454383163695
357,11399.440563817454
358,11383.568530263941
359,11355.301137704642
360,11335.878389664877
361,11216.46485519976
362,11224.424178191683
363,11163.40485041041
364,11166.697891679185
365,11195.672548981089
366,11153.255611701694
367,11232.37899770511
368,11234.694032803813
369,11278.635666332644
370,11321.081598426128
371,11094.23510749926
372,11036.434289881781
373,11111.525806953226
374,11251.877844686303
375,11299.552199691696
376,11305.004544249245
377,11216.31009742355
378,11200.212676417865
379,11231.065807743762
380,11156.472503026176
381,11212.638397437353
382,11166.30808200859
383,11147.038231051356
384,11114.997711269307
385,11101.899705511885
386,11077.618084989686
387,11027.9224974114
388,10986.817063924558
389,10915.32122663645
390,10897.20054742488
391,10891.392802243008
392,10916.63644529524
393,10940.251087012182
394,10974.474556970828
395,10898.962497593862
396,10921.06824716266
397,10869.137848917084
398,10891.473542822047
399,10907.214291100703
400,10952.718077427102
401,10927.044493968782
402,11057.449857797528
403,11069.80221725021
404,11107.14949048312
405,11060.846080263358
406,11126.613441219724
407,11125.13623910501
408,11092.003580563884
409,11121.174325123393
410,11110.758100119734
411,11030.260475296322
412,11034.947273286392
413,11007.161638589156
414,11011.450342037093
415,11021.471678955666
416,11017.15659044135
417,11023.656141923457
418,10926.825155352251
419,10963.852107683626
420,11054.42524842075
421,11182.527233526536
422,11233.86231121283
423,11238.100275284123
424,11147.643188039212
425,11154.367957700611
426,11113.119656196286
427,11113.688097698141
428,11206.46375184273
429,11176.067124327179
430,11179.584790870958
431,11169.347683025579
432,11310.295122101004
433,11342.268927017783
434,11288.465704998092
435,11257.417204964435
436,11284.16421873005
437,11257.915194882735
438,11238.843366315308
439,11248.864355155587
440,11257.926509482362
441,11280.756776290986
442,11281.026888291748
443,11225.549607347377
444,11194.755343347604
445,11192.393013522309
446,11130.731544203809
447,11114.37002998412
448,11096.776524526422
449,11080.131761469676
450,11042.143558177655
451,11069.99845722517
452,11054.037735225915
453,11041.094495652093
454,11007.16166031313
455,11039.780713516264
456,11048.22478880981
457,10900.459333645602
458,10897.131827091696
459,10925.924679521093
460,10924.155169233887
461,10846.079355736125
462,10680.91726637532
463,10680.631578818682
464,10667.16873453083
465,10741.695517485692
466,10704.556990195722
467,10669.640354137522
468,10584.707199697299
469,10555.008490043414
470,10496.740254030685
471,10524.565557302418
472,10585.650332623056
473,10679.459620752888
474,10669.128913165063
475,10750.466419479171
476,10801.051664838811
477,10800.917743232867
478,10797.55973868916
479,10807.020717071695
480,10845.101664342492
481,10788.667753676253
482,10729.740639848324
483,10702.063841338113
484,10733.901771107836
485,10739.117180516638
486,10792.637142997135
487,10769.124362040715
488,10856.59888111681
489,10815.7367136356
490,10847.222918741007
491,10796.200667100895
492,10733.864611333147
493,10689.136736232704
494,10691.573187761474
495,10715.456507863804
496,10697.445102686566
497,10682.165339253146
498,10706.855227151442
499,10713.950847877099
500,10718.087490590673
501,10723.201552282062
502,10673.564369421394
503,10761.56544663839
504,10861.311754421453
505,10929.545493035625
506,10903.736910978234
507,10915.573675954603
508,10958.355949608323
509,10948.292439409348
510,10948.73013170395
511,10948.499567355335
512,10936.631513568123
513,10912.014130068823
514,10913.691190641755
515,10964.965345149005
516,10961.006070109563
517,10952.800311984676
518,10954.673196462762
519,10954.689208755963
520,10916.70068711899
521,10944.039061993759
522,10971.158682856878
523,10948.924636398173
524,10975.914163535923
525,11010.243501334464
526,11029.047120149053
527,11047.170244158497
528,11184.581770054709
529,11192.998863825285
530,11252.794980534123
531,11276.968886590235
532,11274.659879990308
533,11258.556115588664
534,11287.431772208563
535,11286.134986821038
536,11317.601997304824
537,11314.151812029051
538,11296.05032791999
539,11202.77196617387
540,11196.768562408772
541,11228.133789365455
542,11238.3671479508
543,11222.69909792134
544,11253.956025784822
545,11246.805629941968
546,11222.60362387525
547,11222.964324660741
548,11226.69215163794
549,11234.470981744165
550,11242.433682555313
551,11238.005742057001
552,11237.222191375542
553,11337.961471219684
554,11370.445769093447
555,11362.373774436117
556,11271.946152878412
557,11266.02743630866
558,11257.971128973091
559,11247.168875768743
560,11247.079318207429
561,11262.306465628475
562,11281.39929403568
563,11303.619724860808
564,11309.640467955342
565,11336.244324427327
566,11331.691274221987
567,11323.631159871184
568,11274.018966319873
569,11259.041041261225
570,11265.997586669127
571,11241.512555416677
572,11236.549198834133
573,11233.642446483827
574,11252.028059630462
575,11258.181698549246
576,11320.4849278607
577,11325.778730185513
578,11313.292701290333
579,11380.764296344449
580,11455.88332344
581,11437.594759614525
582,11408.213506599664
583,11327.075469045565
584,11324.362884253664
585,11331.359259277708
586,11353.401131379545
587,11318.5303459732
588,11340.70483050704
589,11343.956210233113
590,11410.009227399505
591,11405.010986429583
592,11488.731050519638
593,11592.29345621013
594,11576.622111161767
595,11709.743738311252
596,11665.330795699983
597,11601.682619231033
598,11662.611399848445
599,11808.521356226158
600,11815.945167159069
601,11802.454004235204
602,11810.927469204038
603,11840.252609148783
604,11832.600445374963
605,11724.681734537713
606,11757.042202076049
607,11765.566025992688
608,11761.900419196016
609,11732.36943642551
610,11762.431179170235
611,11693.365096548083
612,11611.49669848496
613,11610.965636042967
614,11636.00839934675
615,11646.619151405606
616,11641.334923179118
617,11571.53332619882
618,11578.498747098432
619,11593.953114467455
620,11581.891118827187
621,11569.790431110505
622,11562.419792009397
623,11585.75270374269
624,11580.231577056044
625,11579.05740841241
626,11596.958438347114
627,11666.753279957571
628,11691.722625497336
629,11708.752837274205
630,11693.245245231894
631,11682.295225159969
632,11734.960119876847
633,11752.462872113598
634,11794.706965322177
635,11846.217774870769
636,11883.367230362446
637,11895.179454986337
638,11898.343795344124
639,11917.187563917898
640,11910.566426465117
641,12044.089424694404
642,12046.98521149523
643,12034.253245958042
644,12140.11736903033
645,12139.70739258145
646,12290.754237338286
647,12358.348242372855
648,12349.978592665033
649,12353.258008013396
650,12382.783479555024
651,12363.92672368841
652,12388.373019534829
653,12405.30856155117
654,12433.290444941358
655,12361.198130689116
656,12348.66028707076
657,12356.982372293376
658,12361.3072144876
659,12358.040656947578
660,12267.630652881877
661,12216.203084748064
662,12182.250164365869
663,12239.940790663444
664,12189.539667131383
665,12279.791548519115
666,12371.347291470842
667,12337.375842729934
668,12338.399198896868
669,12345.68637210847
670,12427.742112386233
671,12518.082069085054
672,12500.068263382194
673,12520.920358684652
674,12553.916345033682
675,12575.470950197265
676,12620.942583091444
677,12730.907786602193
678,12700.075137455162
679,12770.572628249209
680,12779.723678239128
681,12820.543819716731
682,12790.46952057046
683,12778.47163274764
684,12717.000914781043
685,12737.91954810815
686,12718.40951012633
687,12720.38839522593
688,12687.777155109161
689,12687.054356327073
690,12776.870835865573
691,12780.958937853276
692,12801.995904084903
693,12735.44251668555
694,12746.945331516068
695,12768.976686313876
696,12821.565278113396
697,13008.585084733704
698,12990.903645105012
699,12972.452493693712
700,12971.938262654628
701,13036.319700453714
702,13019.6208332909
703,12998.009961802558
704,12982.215716000603
705,12985.984581383882
706,13033.85592372176
707,13003.433944423232
708,12946.518578809382
709,12924.420299178119
710,12815.734067151127
711,12764.777061630673
712,12859.05253906153
713,12886.626816359385
714,12852.964419933156
715,12850.837752163807
716,12902.082333093345
717,12894.339085748165
718,12853.478549746898
719,12813.554919388294
720,12790.559508359707
721,12696.477422948576
722,12654.415828554149
723,12581.160909236558
724,12711.137771350805
725,12725.206958825664
726,12735.85415829758
727,12778.78694925876
728,12832.108274202164
729,12804.645741317529
730,12785.148670994555
731,12662.923159126936
732,12727.484134923527
733,12742.146976430824
734,12707.403849660526
735,12739.129547749153
736,12661.960153254297
737,12736.893602642873
738,12779.45099390891
739,12729.908546375635
740,12736.525920385542
741,12729.943379590995
742,12706.088448617036
743,12717.623350563877
744,12784.415408803325
745,12744.322556714862
746,12724.579567313158
747,12769.681755896127
748,12796.978505657185
749,12785.721408935824
750,12779.224091599808
751,12790.277944180025
752,12783.265695065218
753,12895.155654419901
754,12931.224801944612
755,12944.454904008371
756,12992.666258392746
757,12938.500083823104
758,12980.724313666196
759,12962.86780718227
760,13002.640082847625
761,13063.221328772428
762,13064.06672785537
763,13045.568650550053
764,13038.00208079254
765,13041.206770404868
766,13068.984530391124
767,13148.794616749332
768,13112.783537389105
769,13101.690824698084
770,13216.644632359295
771,13156.578541669236
772,13044.503211486179
773,13117.132956296045
774,13030.958546941325
775,12922.339847530373
776,12704.062871531249
777,12721.311126042745
778,12712.250175924537
779,12531.388348155628
780,12559.189378883808
781,12773.461126407245
782,12812.925583505634
783,12967.728513052694
784,13056.961140339681
785,13046.273204282894
786,13041.13719147856
787,13065.601490488003
788,13046.681462181296
789,13115.742710668841
790,13208.966762565864
791,13152.53933156371
792,13160.161669617797
793,13072.038583388405
794,13068.129473164008
795,13127.079682000302
796,13160.223305080837
797,13150.893088666362
798,13206.778619836867
799,13233.572978729213
800,13310.879224212887
801,13139.88554412468
802,13286.402040545685
803,13312.293382331974
804,13261.661523311664
805,13105.952319596336
806,13076.538511431805
807,13062.66896417917
808,12934.173258317669
809,12811.485853399323
810,12968.752576796765
811,12922.40952540049
812,12877.448380098795
813,12909.957535250789
814,12874.431155262657
815,12782.955182541362
816,12802.750551138177
817,12811.805686853422
818,12725.639169141103
819,12841.010228409867
820,12909.04580780997
821,12889.835127080285
822,12886.85726406406
823,12866.98509695292
824,12879.05860938724
825,12922.063083777504
826,12939.951919313062
827,12931.200248340898
828,12872.248545370046
829,12844.126582290848
830,12883.852874551716
831,12883.852874551716
832,12957.163271958514
833,13076.572278282409
834,13078.085087034246
835,13071.905888926174
836,13022.953644779484
837,13027.331901142688
838,13028.307145337434
839,13042.653238579282
840,13112.951860371464
841,13165.03333312368
842,13342.130822663503
843,13395.022486413352
844,13384.719656891391
845,13341.203491848313
846,13479.806163328907
847,13413.37661798155
848,13141.962288240318
849,12978.849938241408
850,13047.646860350398
851,13044.369049098623
852,13010.442406383854
853,13071.266251573821
854,13050.66376861718
855,13034.129189637055
856,13061.049643484977
857,13137.608336353705
858,13397.984499643
859,13388.77160830065
860,13388.147568026761
861,13377.968098882924
862,13393.435692026407
863,13423.574362929594
864,13403.11189289532
865,13408.742202444982
866,13420.602300315692
867,13380.256348685096
868,13382.361229628874
869,13104.4226669016
870,13130.047064985763
871,13105.090066434297
872,13133.470450027256
873,13063.802044841104
874,13065.546027519918
875,12979.884475140283
876,12949.841867499139
877,12983.139034106905
878,12997.10983875161
879,13045.695324595872
880,13030.743351742718
881,13257.043249160928
882,13317.944537301759
883,13306.0593298689
884,13313.48698211338
885,13444.632827390767
886,13385.92813710066
887,13432.31300218628
888,13479.210347849394
889,13470.186546567027
890,13439.070860371243
891,13437.646327990595
892,13441.564092434004
893,13414.819533965327
894,13458.875375853233
895,13412.639103047102
896,13304.725825784997
897,13305.828764150476
898,13268.532808367017
899,13106.402312708447
900,13100.68501915388
901,13082.154939769212
902,13050.906471954127
903,12956.493949657093
904,12866.556577857064
905,12859.6129563363
906,12832.597130185995
907,12808.358923072234
908,12825.137741673876
909,12794.378272655273
910,12834.035240052739
911,12919.452618751524
912,12889.618732263927
913,12887.964965356168
914,12873.009043460284
915,12844.931397276196
916,12902.597288855957
917,12951.068810445122
918,12884.062130737773
919,12901.405545660287
920,12889.531342002614
921,12916.956655208029
922,12888.873001902517
923,12688.079299202469
924,12697.564851190495
925,12726.080946610711
926,12728.904561137968
927,12752.743634183335
928,12769.154122711114
929,12850.492205916735
930,12799.177511892845
931,12811.442858434539
932,13027.312660533367
933,13085.757336740133
934,13097.052053813328
935,13034.689802208894
936,13030.109653191961
937,13046.044833002641
938,13090.351012342699
939,13081.984431735127
940,13057.70541700286
941,12871.675261226203
942,12861.766525936328
943,12810.402813202812
944,12774.429970960038
945,12754.624618896387
946,12778.39596496543
947,12732.604138207751
948,12765.792865622596
949,12828.824696823036
950,12820.976735117341
951,13001.026271551995
952,12961.698303738152
953,12822.22536149857
954,12869.273888709042
955,12915.989735277926
956,12818.874061027991
957,12660.884144613528
958,12651.540301127106
959,12628.526935667915
960,12572.299579062365
961,12563.891677832966
962,12627.611102269444
963,12945.675069810368
964,12872.824006524113
965,12780.241944939673
966,12846.44850389298
967,12874.307303165759
968,12748.503417203743
969,12698.482914700453
970,12668.90268319952
971,12602.387404761157
972,12638.926745656845
973,12620.03284828765
974,12660.503065671794
975,12583.044721944501
976,12492.331353380454
977,12606.314876709432
978,12562.949683991617
979,12691.310262998139
980,12688.287828951014
981,12769.971692689282
982,12684.961058845473
983,12737.501624857035
984,12815.3593608948
985,12676.851101229768
986,12652.146646350406
987,12648.537124007296
988,12639.262865855624
989,12648.924210520025
990,12693.45195066251
991,12686.088992490219
992,12657.00291029751
993,12641.598597978093
994,12664.87577395078
995,12614.730973711246
996,12581.975967917766
997,12546.014425054194
998,12535.115643718007
999,12603.030901371389
1000,12533.835736705145
1001,12607.199773232047
1002,12739.559647812603
1003,12517.965913092645
1004,12697.89290453905
1005,12771.791035650662
1006,12794.88048401352
1007,12859.376386736978
1008,12948.405224942022
1009,12906.563209655991
1010,12997.849199736034
1011,13033.158308203132
1012,13064.356964691855
1013,13002.571752252588
1014,13076.197754908535
1015,12966.116973392544
1016,12901.837533276392
1017,12891.527493274927
1018,12881.125712535708
1019,12885.120486056963
1020,12846.765667916368
1021,12995.857773883725
1022,13012.442870747871
1023,12999.478694524427
1024,12965.224914140232
1025,12999.635067395164
1026,12931.19181837727
1027,12846.192019800405
1028,12856.552216397848
1029,12839.195000954523
1030,12878.753761993561
1031,12943.411816931399
1032,12891.726742500914
1033,12881.514282186534
1034,12948.316060950183
1035,12900.792438628709
1036,13041.644387837838
1037,12970.207688712397
1038,12913.431415980736
1039,12859.151338085505
1040,12820.284771615054
1041,12790.528705207247
1042,12757.283789619967
1043,12751.05543645245
1044,12843.976850418228
1045,12913.197457688693
1046,12882.141153903365
1047,12822.718387400746
1048,12849.248688701793
1049,12871.440240056396
1050,12897.306482095297
1051,12952.6743536441
1052,12993.84065317183
1053,13010.023005738713
1054,12921.743064893873
1055,12926.827128085974
1056,12895.530052500631
1057,12699.479247597492
1058,12697.780868119211
1059,12731.784481174114
1060,12718.397300045634
1061,12723.536865475588
1062,12800.01940969692
1063,12902.370403134017
1064,12915.845712256087
1065,12945.794456096552
1066,13004.85746482254
1067,13018.581995459663
1068,13058.918511718271
1069,13004.509421712492
1070,12936.589655866597
1071,12885.82327816084
1072,12923.496080478748
1073,12826.125339780074
1074,12833.181451826187
1075,12875.583576251669
1076,12855.07334330402
1077,12852.102495421947
1078,12877.522749917334
1079,12786.253495874016
1080,12766.368198395596
1081,12752.725991258994
1082,12774.471154214467
1083,12781.728689161868
1084,12762.684669282986
1085,12777.749471368656
1086,12765.655319741913
1087,12719.710576098749
1088,12681.31769356145
1089,12604.409361991948
1090,12549.884741301503
1091,12580.928866839871
1092,12470.434036846958
1093,12535.215634054372
1094,12549.461166103305
1095,12561.741287082275
1096,12306.33118622429
1097,12104.635821678141
1098,12134.482934661264
1099,12104.693333215011
1100,11901.097330890554
1101,11924.213666207092
1102,11851.946158789997
1103,11807.922693793584
1104,11788.900621091785
1105,11760.287813747576
1106,11748.538145810335
1107,11670.755365806988
1108,11631.249976554102
1109,11623.230502547216
1110,11704.129522742232
1111,11730.315869721759
1112,11733.891851063729
1113,11651.866359162937
1114,11739.606440388412
1115,11655.140188558631
1116,11678.452536930045
1117,11731.17893856532
1118,11761.969070554427
1119,11779.717384591626
1120,11746.163242956904
1121,11762.062917297857
1122,11684.506508050928
1123,11730.955277718387
1124,11728.238219866313
1125,11753.766223947214
1126,11764.683047218605
1127,11817.23240154481
1128,11824.150115766266
1129,11796.769961638454
1130,11787.558727043726
1131,11848.14210251392
1132,11855.809942798522
1133,11871.374450739615
1134,11841.757060718654
1135,11841.965123145537
1136,11825.691314783056
1137,11806.416094550474
1138,11785.88437710735
1139,11751.275339377014
1140,11635.605729295945
1141,11623.159507112132
1142,11653.059668269838
1143,11619.600896437436
1144,11626.889964359245
1145,11596.853837981284
1146,11568.16629474318
1147,11514.35804076285
1148,11452.16448947998
1149,11420.457299582911
1150,11161.599744574598
1151,11177.432763308569
1152,11156.57151578753
1153,11191.422880785405
1154,11131.994419425679
1155,11074.944478574007
1156,11087.380634793988
1157,11029.448577515956
1158,11028.55495980656
1159,11069.59273591556
1160,11288.075068193022
1161,11295.058962865189
1162,11279.949729045175
1163,11222.701757062954
1164,11107.504789509105
1165,11143.22461338204
1166,11158.924626751557
1167,11154.98568125785
1168,11161.213214405987
1169,11185.71681120708
1170,11094.472047319765
1171,11129.520326170756
1172,11183.999282172143
1173,11151.912272190006
1174,11135.710056038233
1175,11383.257114601516
1176,11509.524482606319
1177,11511.941836952965
1178,11469.708920421566
1179,11495.803183004022
1180,11370.699892117675
1181,11306.230804131163
1182,11340.459637290112
1183,11347.65286192504
1184,11287.916746802568
1185,11231.565608724743
1186,11358.324171617873
1187,11432.419874611012
1188,11377.08452713026
1189,11393.318104583832
1190,11359.887017810475
1191,11363.418687661202
1192,11379.592727393
1193,11380.105248522119
1194,11367.448432980205
1195,11262.888358960108
1196,11281.844244654707
1197,11326.466221682957
1198,11366.534840888778
1199,11377.571846397554
1200,11453.5830915516
1201,11460.850324949572
1202,11478.529686917973
1203,11396.805357173977
1204,11419.473885416071
1205,11416.959709793962
1206,11454.159815073028
1207,11342.976422023174
1208,11310.918867454133
1209,11355.019633070324
1210,11322.728027822057
1211,11329.16314219479
1212,11324.906246883775
1213,11455.748506160307
1214,11590.298312139432
1215,11543.882591238229
1216,11521.749390495741
1217,12005.471200825305
1218,12052.777425682956
1219,11969.32858127397
1220,11964.362845394511
1221,11901.177383334732
1222,11862.136120121006
1223,11784.23626935735
1224,11812.252111860871
1225,11838.63074187027
1226,11850.88579721076
1227,11870.41011045055
1228,11890.928067895482
1229,11953.803602278025
1230,11902.139379892526
1231,11858.772102135656
1232,11910.986739602005
1233,11936.421545375231
1234,11823.986898437695
1235,11859.69840323402
1236,11893.834702331806
1237,11892.796100305686
1238,11855.386861966594
1239,11854.029826619288
1240,11897.372121878598
1241,11958.501460159374
1242,11942.547810861355
1243,11985.733157896715
1244,12035.478185481594
1245,12056.93438485167
1246,12086.160102590236
1247,12099.347827479185
1248,12111.366367025514
1249,12120.214942039056
1250,12102.555913844966
1251,12075.231774987142
1252,12086.330453955361
