,Profitloss
0,-0.14538330507178898
1,-0.156928843967008
2,-0.7175671820284113
3,-0.4945851565270498
4,-1.3357065022239878
5,-1.9391983709814542
6,-1.9404112580989175
7,-3.071501610618388
8,-3.0819260785931113
9,-2.5360670048980682
10,-2.3606371735724108
11,-1.0771301471413586
12,-0.9070072054390033
13,-0.9016364062130688
14,-1.1639896764592206
15,-1.2466483857477062
16,-2.351629499924668
17,-2.3630024961748597
18,-2.508776279051217
19,-2.4774824725306677
20,-2.2972202515869844
21,-1.6605200576615409
22,-1.5670188704034138
23,-1.7804880312974225
24,-1.479423378982725
25,-0.8325061552482915
26,-1.5345006974009423
27,-2.462789697179313
28,-1.421568723149813
29,-1.771610800022727
30,-1.8250510138046794
31,-1.9070577259749366
32,-2.066005825895101
33,-2.319555749990909
34,-2.122628405638083
35,-2.690858163003329
36,-2.375229348842045
37,-2.6270274135310356
38,-2.652629539631368
39,-2.1030003060555247
40,-2.0246662767167023
41,-1.8523240380993067
42,-2.2450356519197134
43,-2.346110540392188
44,-2.534838551301921
45,-3.161435967857551
46,-3.146501353154263
47,-2.9475585377693903
48,-2.8635049428918258
49,-3.215119187387927
50,-1.767334615635796
51,-1.5777633516338985
52,-0.41834023145012056
53,-0.11910887955841609
54,-0.234260351109028
55,-0.834557463234753
56,-0.9982151683830764
57,-0.9116129432750975
58,-0.7666602490014163
59,-0.7506286939172102
60,-0.42643592165706456
61,-0.6791630574733865
62,-1.2957540796460276
63,-1.2251899714380565
64,-0.6090354567602208
65,-0.07255037125232233
66,-0.4554466595576234
67,-0.42677627772099713
68,-0.5746680128233317
69,-0.640411448611089
70,-1.2599270204492141
71,-1.2043337143091137
72,-0.9713271175834759
73,-0.7952949321720748
74,0.12021008657912002
75,1.0101883717589688
76,1.14892264918518
77,1.3332533326051
78,1.0232474023698757
79,1.0085111045099904
80,0.17767940022852535
81,0.6463006445847519
82,0.7090574790599602
83,-0.09266824982128163
84,-0.9108087930910447
85,-0.5773135520338979
86,-0.555380748494505
87,-0.4990196739737218
88,-1.4547586446662986
89,-1.3935303138459698
90,-1.3367341046462422
91,-1.2457349630658143
92,-1.601601775067163
93,-1.515410828402941
94,-1.3068069081403233
95,-0.4865400922703933
96,-0.1879276679208175
97,-0.4527726511422192
98,-0.22955048361242847
99,-0.32183108595751353
100,-0.704534977839677
101,-0.18903827755342162
102,0.1017429250673052
103,0.3317226693569486
104,0.23564291569448947
105,-0.15353967175186778
106,-0.5348908182021161
107,-0.7956166505530438
108,-0.49822861671838803
109,-0.3778306019471489
110,-0.3667753117054362
111,-0.9603004324928888
112,-0.7214402043969392
113,-0.33820085128442035
114,-0.4450816621224374
115,-0.33041961355164684
116,-0.06821388677371587
117,0.1821474255240263
118,-0.21757517458390607
119,-0.4360044731291923
120,-1.1445016425162269
121,-1.4439395932053567
122,-1.8043172433719668
123,-1.6959144570994455
124,-1.7965539268755326
125,-2.458563145599779
126,-2.583970219328846
127,-2.889090945313999
128,-2.2559353167544316
129,-2.098501623910476
130,-1.7128682286716712
131,-2.0000669795206094
132,-2.5498666166552275
133,-1.8354164740296386
134,-0.7113960930556162
135,-0.5050115687994294
136,-0.28660127451340944
137,0.08670756785273959
138,0.0457799452587615
139,-0.07409278005049424
140,-1.6578809146554074
141,-5.850038232457367
142,-5.621993449350915
143,-5.189800415794544
144,-5.164215187226906
145,-5.49782880375671
146,-5.472505644148217
147,-5.603979360954437
148,-5.786947003754506
149,-5.587626717068684
150,-4.9683572897468835
151,-5.512206724486246
152,-5.922627068142661
153,-5.536103684974403
154,-4.953110210550271
155,-4.479124402167701
156,-4.77959912906305
157,-5.934885002909929
158,-7.053819331266409
159,-7.560784300979795
160,-8.090182761398124
161,-8.974956176141102
162,-7.630755303504866
163,-6.557734306734342
164,-6.6428340810860576
165,-6.908875467748066
166,-8.018758175495865
167,-7.871582018701151
168,-7.601864823719639
169,-7.901090794713584
170,-7.48111099609805
171,-7.138093355935549
172,-7.886346465005256
173,-8.233686933011375
174,-8.741215818233561
175,-8.723178813519006
176,-7.603212115324098
177,-7.982092643371375
178,-8.317713845979958
179,-8.653189666757587
180,-9.317983168034228
181,-10.060023273310492
182,-10.084094703380696
183,-9.66740242464763
184,-9.943454048605672
185,-8.831457790370445
186,-7.9333635193376555
187,-8.074960123399144
188,-6.596579767388777
189,-6.29164507636143
190,-6.190427330216486
191,-6.892424531353614
192,-7.433304607889957
193,-6.801782210697793
194,-6.7272008385750866
195,-6.394319820445105
196,-6.867013866728755
197,-5.613218504301287
198,-5.5588564585709825
199,-5.057010804449802
200,-5.169078111705794
201,-5.8381605039455
202,-6.186946795350423
203,-5.428201558331658
204,-4.889458357967225
205,-4.384098900312394
206,-4.240726652645188
207,-4.944037330636353
208,-4.566109246513472
209,-3.8508369414884447
210,-4.067088035792521
211,-3.5130775149908255
212,-3.3110776676246623
213,-3.290998987507754
214,-3.8270607884355767
215,-3.517816010174235
216,-3.1328940660786175
217,-3.2764695216475848
218,-4.5470085171890435
219,-3.9885684743151573
220,-4.106504144963996
221,-2.4717786702035283
222,-1.1510626732612494
223,-1.5403276934097487
224,-1.0492145550003995
225,-1.2036187879696514
226,-1.6957432726752208
227,-0.9535517743209043
228,0.11807556926191065
229,-0.10468855610100691
230,-0.21165422236462117
231,-0.3150462978139479
232,-0.3735438762321186
233,-0.42425839392381537
234,-1.0305383758173803
235,-1.070405947919384
236,-1.2777632816154627
237,-2.077984826958812
238,-2.295624155196063
239,-2.0073445594600448
240,-1.9330974776318732
241,-2.1279197885650025
242,-2.6453923828427706
243,-2.151960821929788
244,-1.8389887369823832
245,-1.749534603366787
246,-1.8744736110893445
247,-1.9784284666657936
248,-1.7016162860639228
249,-2.2121167183521973
250,-2.61028789638037
251,-3.3562717174285828
252,-3.344599711533225
253,-3.8231599906958014
254,-4.860161993835177
255,-5.416037306313548
256,-5.007517079214718
257,-4.776683254086656
258,-6.1874693888092525
259,-5.549695615461259
260,-7.9130501528232315
261,-7.677192804293376
262,-8.030656137813741
263,-7.254382744628374
264,-7.012978356669553
265,-7.191430191897719
266,-7.157309570892201
267,-8.878304744859133
268,-8.902304263571914
269,-8.121454546309737
270,-8.346616583181865
271,-9.109986607585462
272,-9.773784131281992
273,-9.760479045979487
274,-10.22468435651085
275,-10.648046443037673
276,-11.747197078477134
277,-11.270495367287015
278,-11.762682767096322
279,-9.756302572525232
280,-9.021345054477115
281,-8.98231647878861
282,-8.955312982982411
283,-8.624958000419248
284,-7.28484533629482
285,-8.550569289746479
286,-8.650023447572174
287,-9.065900067074196
288,-7.997405023751236
289,-7.867428687946621
290,-7.166744982461437
291,-7.396890286867497
292,-7.24166528738579
293,-7.18302437985785
294,-7.172008332828106
295,-7.389916870868818
296,-6.718052251464302
297,-6.819464527088859
298,-5.654713417064528
299,-5.8075663101242565
300,-5.902476907264875
301,-5.440891203004671
302,-5.404479166513965
303,-4.789838511009991
304,-4.85205667320634
305,-4.493263531561542
306,-5.43439230383107
307,-5.645090861963231
308,-5.628223899885554
309,-5.146210881904578
310,-3.813544504277222
311,-3.859863789275342
312,-4.163355071915675
313,-4.34432053486592
314,-4.936656253947258
315,-4.299164640118169
316,-5.286704459073199
317,-4.638760140067733
318,-4.428708531475179
319,-4.124959694780617
320,-3.285616302840355
321,-3.1832879233205547
322,-3.4512095793384434
323,-3.561068658975597
324,-3.2060799343194946
325,-3.310869338254452
326,-3.4011350913282556
327,-3.5943416377049453
328,-3.6388159244656326
329,-3.6151087895182066
330,-3.9804102919458018
331,-4.038206112456688
332,-4.5234190265939445
333,-5.196103121536966
334,-5.50774015360912
335,-5.448749837425004
336,-5.621821284889328
337,-6.459435735737406
338,-7.014871995753868
339,-7.320573284305876
340,-7.80370556011759
341,-7.951431013056465
342,-7.455865316832611
343,-6.006013686508327
344,-5.518136296526411
345,-5.702063082829056
346,-6.358436101240295
347,-6.0122452884524
348,-6.082333431836107
349,-5.7006883792876994
350,-5.549695731333504
351,-5.351969358595898
352,-4.39945065244316
353,-4.517765072581259
354,-4.890065809784772
355,-5.013564782340074
356,-5.162880140302539
357,-5.004661968187884
358,-5.136928914467154
359,-5.3724905191279815
360,-5.534346752792696
361,-6.529459540002003
362,-6.463131848402648
363,-6.971626246579909
364,-6.944184236006789
365,-6.702728758490927
366,-7.056203235819214
367,-6.396841685790755
368,-6.37754972663489
369,-6.011369447227965
370,-5.657653346448932
371,-7.548040770839492
372,-8.029714250985155
373,-7.403951608723114
374,-6.234351294280804
375,-5.837065002569197
376,-5.791628797922965
377,-6.5307491881370865
378,-6.664894363184459
379,-6.407784935468652
380,-7.029395808115202
381,-6.561346688022063
382,-6.947432649928409
383,-7.1080147412387
384,-7.375019072755773
385,-7.484169120734285
386,-7.686515958419282
387,-8.100645854904997
388,-8.443191133962014
389,-9.038989778029583
390,-9.189995438125997
391,-9.238393314641602
392,-9.028029622539668
393,-8.831240941565143
394,-8.546045358576427
395,-9.175312520051149
396,-8.991097940311166
397,-9.423851259024296
398,-9.237720476482947
399,-9.106547574160807
400,-8.72734935477415
401,-8.941295883593481
402,-7.854584518353935
403,-7.751648189581584
404,-7.440420912640667
405,-7.826282664472018
406,-7.278221323168966
407,-7.290531340791584
408,-7.566636828634299
409,-7.323547290638388
410,-7.410349165668883
411,-8.081162705863987
412,-8.042106055946729
413,-8.273653011757032
414,-8.237913816357556
415,-8.154402675369454
416,-8.190361746322095
417,-8.13619881730453
418,-8.943123705397904
419,-8.634565769303116
420,-7.879789596493747
421,-6.812273053945528
422,-6.384480739893084
423,-6.34916437263231
424,-7.102973433006565
425,-7.046933685828238
426,-7.390669531697613
427,-7.385932519182159
428,-6.612802067977253
429,-6.866107297273505
430,-6.836793409408681
431,-6.92210264145351
432,-5.7475406491583
433,-5.4810922748518065
434,-5.9294524583492265
435,-6.188189958629708
436,-5.96529817724959
437,-6.184040042643879
438,-6.342971947372433
439,-6.2594637070367725
440,-6.183945754313647
441,-5.99369353090845
442,-5.9914425975687635
443,-6.453753272105189
444,-6.71037213876996
445,-6.730058220647428
446,-7.243903798301588
447,-7.380249750132329
448,-7.526862295613157
449,-7.6655686544193635
450,-7.982137015186208
451,-7.7500128564569115
452,-7.883018873117376
453,-7.990879202899226
454,-8.273652830723922
455,-8.001827387364468
456,-7.9314600932515855
457,-9.16283888628665
458,-9.190568107569197
459,-8.950627670657562
460,-8.965373589717608
461,-9.616005368865622
462,-10.992356113539003
463,-10.994736843177645
464,-11.10692721224309
465,-10.485870687619236
466,-10.79535841503565
467,-11.086330382187315
468,-11.794106669189174
469,-12.041595916304882
470,-12.527164549744295
471,-12.295287022479851
472,-11.7862472281412
473,-11.004503160392598
474,-11.090592390291143
475,-10.412779837673568
476,-9.991236126343239
477,-9.992352139726112
478,-10.020335510923662
479,-9.941494024402541
480,-9.624152797145902
481,-10.09443538603123
482,-10.58549466793064
483,-10.81613465551573
484,-10.550818574101372
485,-10.507356829028014
486,-10.061357141690541
487,-10.257296982994045
488,-9.52834265735991
489,-9.868860719703331
490,-9.606475677158278
491,-10.031661107492539
492,-10.551128238890438
493,-10.923860531394137
494,-10.903556768654376
495,-10.704529101134963
496,-10.854624144278613
497,-10.981955506223784
498,-10.776206440404657
499,-10.71707626769085
500,-10.68260424507772
501,-10.639987064316148
502,-11.053630254821712
503,-10.320287944680084
504,-9.489068713154559
505,-8.920454224703134
506,-9.135525741848049
507,-9.036886033711633
508,-8.680367086597307
509,-8.764229671588764
510,-8.760582235800419
511,-8.762503605372206
512,-8.861404053598976
513,-9.066548916093142
514,-9.05257341131871
515,-8.625288790424957
516,-8.658282749086975
517,-8.726664066794365
518,-8.711056696143649
519,-8.710923260366975
520,-9.027494274008419
521,-8.799674483385346
522,-8.573677642859344
523,-8.758961363348561
524,-8.534048637200641
525,-8.247970822212803
526,-8.091273998757897
527,-7.9402479653458595
528,-6.795151916210762
529,-6.7250094681226225
530,-6.226708495548971
531,-6.025259278414707
532,-6.044501000080771
533,-6.178699036761126
534,-5.938068564928633
535,-5.94887510982468
536,-5.686650022459794
537,-5.715401566424571
538,-5.866247267333424
539,-6.643566948551083
540,-6.693595313260237
541,-6.43221842195455
542,-6.346940433743342
543,-6.477507517322156
544,-6.217033118459813
545,-6.2766197504836025
546,-6.47830313437292
547,-6.475297294493821
548,-6.444232069683831
549,-6.379408485465287
550,-6.313052645372396
551,-6.349952149524995
552,-6.356481738537145
553,-5.516987739835965
554,-5.2462852575546055
555,-5.31355187969903
556,-6.0671153926799
557,-6.116438030761174
558,-6.183573925224239
559,-6.273592701927145
560,-6.274339014938091
561,-6.147446119762712
562,-5.988339216369331
563,-5.803168959493266
564,-5.752996100372155
565,-5.531297296438941
566,-5.569239381483449
567,-5.636407001073474
568,-6.0498419473344
569,-6.174657989489784
570,-6.116686777757274
571,-6.320728704861023
572,-6.36209000971556
573,-6.386312945968109
574,-6.233099503079487
575,-6.181819178756287
576,-5.662625601160832
577,-5.618510581787395
578,-5.722560822580558
579,-5.160297530462932
580,-4.534305637999991
581,-4.686710336545619
582,-4.931554111669467
583,-5.607704424620286
584,-5.6303092978861375
585,-5.572006172685773
586,-5.388323905170456
587,-5.678913783556661
588,-5.494126412441336
589,-5.467031581390724
590,-4.916589771670788
591,-4.958241779753481
592,-4.260574579003018
593,-3.3975545315822475
594,-3.5281490736519427
595,-2.4188021807395654
596,-2.7889100358334695
597,-3.3193115064080625
598,-2.8115716679296243
599,-1.5956553647820226
600,-1.533790273674429
601,-1.6462166313732984
602,-1.5756044232996813
603,-1.3312282570934753
604,-1.394996288541972
605,-2.294318878852386
606,-2.0246483160329287
607,-1.9536164500609354
608,-1.9841631733665377
609,-2.2302546964540815
610,-1.979740173581379
611,-2.555290862099313
612,-3.2375275126253378
613,-3.2419530329752755
614,-3.0332633387770813
615,-2.944840404953286
616,-2.9888756401740157
617,-3.5705556150098294
618,-3.5125104408463947
619,-3.3837240461045415
620,-3.484240676440109
621,-3.585079740745789
622,-3.6465017332550254
623,-3.4520608021442523
624,-3.4980701911996426
625,-3.507854929896592
626,-3.3586796804407237
627,-2.7770560003535727
628,-2.5689781208555362
629,-2.4270596893816165
630,-2.5562896230675536
631,-2.647539790333586
632,-2.208665667692944
633,-2.062809399053356
634,-1.7107752889818584
635,-1.2815185427435871
636,-0.9719397469796109
637,-0.8735045417805232
638,-0.8471350387989629
639,-0.6901036340175137
640,-0.745279779457364
641,0.3674118724533715
642,0.391543429126906
643,0.28544371631702425
644,1.1676447419194158
645,1.16422827151208
646,2.4229519778190545
647,2.986235353107114
648,2.916488272208606
649,2.9438167334449705
650,3.1898623296251927
651,3.0327226974034227
652,3.236441829456904
653,3.3775713462597556
654,3.6107537078446494
655,3.0099844224092953
656,2.9055023922563317
657,2.9748531024448077
658,3.0108934540633348
659,2.9836721412298095
660,2.230255440682316
661,1.8016923729005319
662,1.5187513697155763
663,1.9995065888620323
664,1.5794972260948503
665,2.3315962376592836
666,3.094560762257026
667,2.8114653560827874
668,2.8199933241405795
669,2.880719767570583
670,3.5645176032186088
671,4.317350575708789
672,4.167235528184943
673,4.341002989038767
674,4.61596954194734
675,4.795591251643883
676,5.1745215257620325
677,6.090898221684937
678,5.833959478793016
679,6.421438568743398
680,6.497697318659412
681,6.8378651643060895
682,6.587246004753822
683,6.487263606230331
684,5.975007623175355
685,6.149329567567907
686,5.986745917719416
687,6.003236626882735
688,5.731476292576332
689,5.725452969392286
690,6.473923632213108
691,6.5079911487773145
692,6.683299200707515
693,6.12868763904626
694,6.22454442930056
695,6.408139052615636
696,6.8463773176116405
697,8.404875706114211
698,8.25753037587511
699,8.103770780780927
700,8.099485522121896
701,8.635997503780946
702,8.496840277424166
703,8.316749681687984
704,8.185130966671682
705,8.216538178199006
706,8.615466031014662
707,8.36194953686027
708,7.887654823411516
709,7.703502493150993
710,6.797783892926046
711,6.37314218025562
712,7.158771158846089
713,7.388556802994883
714,7.108036832776299
715,7.090314601365066
716,7.517352775777875
717,7.452825714568045
718,7.112321247890829
719,6.779624328235778
720,6.587995902997568
721,5.803978524571463
722,5.453465237951249
723,4.843007576971314
724,5.926148094590045
725,6.043391323547187
726,6.132117985813168
727,6.489891243822998
728,6.934235618351381
729,6.705381177646075
730,6.542905591621295
731,5.5243596593911315
732,6.062367791029399
733,6.184558136923535
734,5.895032080504392
735,6.1594128979096
736,5.516334610452467
737,6.1407800220239395
738,6.495424949240913
739,6.082571219796962
740,6.137716003212845
741,6.0828614965916294
742,5.884070405141961
743,5.980194588032317
744,6.536795073361046
745,6.202687972623844
746,6.03816306094298
747,6.414014632467713
748,6.641487547143221
749,6.5476784077985295
750,6.493534096665066
751,6.5856495348335375
752,6.52721412554349
753,7.4596304534991775
754,7.760206682871762
755,7.870457533403097
756,8.272218819939559
757,7.820834031859203
758,8.172702613884963
759,8.02389839318558
760,8.35533402373021
761,8.860177739770236
762,8.867222732128077
763,8.713072087917094
764,8.650017339937822
765,8.676723086707238
766,8.908204419926037
767,9.573288472911102
768,9.273196144909202
769,9.18075687248403
770,10.138705269660786
771,9.638154513910301
772,8.704193429051488
773,9.309441302467047
774,8.59132122451105
775,7.686165396086442
776,5.86719059609373
777,6.010926050356202
778,5.935418132704484
779,4.428236234630223
780,4.6599114906983985
781,6.445509386727033
782,6.774379862546942
783,8.06440427543913
784,8.808009502830672
785,8.718943369024124
786,8.676143262321334
787,8.880012420733351
788,8.722345518177455
789,9.29785592224035
790,10.074723021382193
791,9.604494429697574
792,9.668013913481644
793,8.933654861570028
794,8.901078943033403
795,9.392330683335848
796,9.66852754234031
797,9.590775738886359
798,10.056488498640558
799,10.279774822743448
800,10.923993535107401
801,9.499046201039008
802,10.720017004547366
803,10.935778186099787
804,10.513846027597197
805,9.216269329969462
806,8.971154261931712
807,8.855574701493097
808,7.784777152647249
809,6.762382111661025
810,8.07293813997305
811,7.686746045004078
812,7.31206983415662
813,7.582979460423234
814,7.286926293855478
815,6.524626521178023
816,6.6895879261514635
817,6.765047390445189
818,6.046993076175866
819,7.008418570082231
820,7.575381731749742
821,7.4152927256690315
822,7.390477200533829
823,7.224875807941
824,7.3254884115603325
825,7.683859031479212
826,7.832932660942182
827,7.760002069507488
828,7.268737878083731
829,7.034388185757057
830,7.365440621264296
831,7.365440621264296
832,7.976360599654275
833,8.97143565235341
834,8.984042391952052
835,8.932549074384788
836,8.524613706495687
837,8.56109917618908
838,8.569226211145287
839,8.688776988160685
840,9.274598836428872
841,9.708611109364007
842,11.184423522195864
843,11.625187386777935
844,11.539330474094921
845,11.176695765402611
846,12.33171802774089
847,11.778138483179589
848,9.51635240200266
849,8.157082818678397
850,8.730390502919994
851,8.703075409155181
852,8.42035338653211
853,8.927218763115174
854,8.755531405143158
855,8.617743246975461
856,8.842080362374816
857,9.480069469614216
858,11.649870830358333
859,11.57309673583875
860,11.56789640022302
861,11.483067490691035
862,11.611964100220051
863,11.863119691079959
864,11.69259910746101
865,11.739518353708188
866,11.838352502630766
867,11.50213623904246
868,11.519676913573939
869,9.203522224180016
870,9.417058874881356
871,9.209083886952474
872,9.445587083560468
873,8.865017040342526
874,8.879550229332644
875,8.165703959502357
876,7.915348895826169
877,8.192825284224202
878,8.309248656263414
879,8.714127704965602
880,8.589527931189323
881,10.475360409674405
882,10.982871144181328
883,10.883827748907503
884,10.945724850944828
885,12.038606894923065
886,11.549401142505511
887,11.935941684885677
888,12.326752898744942
889,12.25155455472522
890,11.992257169760357
891,11.980386066588288
892,12.013034103616693
893,11.790162783044389
894,12.157294798776942
895,11.771992525392516
896,10.872715214874983
897,10.881906367920635
898,10.571106736391812
899,9.22001927257039
900,9.172375159615665
901,9.017957831410106
902,8.757553932951057
903,7.970782913809105
904,7.221304815475538
905,7.163441302802487
906,6.938309418216626
907,6.736324358935275
908,6.876147847282299
909,6.619818938793931
910,6.9502936671061555
911,7.6621051562626885
912,7.413489435532727
913,7.399708044634745
914,7.275075362169026
915,7.041094977301632
916,7.521644073799649
917,7.925573420376009
918,7.367184422814788
919,7.511712880502386
920,7.412761183355121
921,7.641305460066916
922,7.407275015854298
923,5.7339941600205835
924,5.813040426587457
925,6.050674555089253
926,6.0742046761497415
927,6.2728636181944575
928,6.409617689259273
929,7.087435049306112
930,6.65981259910704
931,6.762023820287832
932,8.560938837778064
933,9.047977806167772
934,9.14210044844439
935,8.622415018407438
936,8.584247109933019
937,8.717040275022004
938,9.086258436189155
939,9.016536931126051
940,8.814211808357175
941,7.263960510218359
942,7.181387716136056
943,6.7533567766901115
944,6.453583091333659
945,6.288538490803219
946,6.4866330413785755
947,6.105034485064587
948,6.381607213521634
949,6.906872473525305
950,6.84147279264451
951,8.341885596266629
952,8.014152531151275
953,6.851878012488077
954,7.243949072575351
955,7.6332477939827115
956,6.82395050856659
957,5.507367871779412
958,5.429502509392559
959,5.237724463899296
960,4.769163158853029
961,4.699097315274714
962,5.230092518912044
963,7.880625581753065
964,7.273533387700937
965,6.502016207830619
966,7.053737532441495
967,7.285894193047993
968,6.237528476697851
969,5.8206909558371045
970,5.574189026662668
971,5.019895039676303
972,5.324389547140385
973,5.166940402397091
974,5.5041922139316135
975,4.858706016204173
976,4.1027612781704415
977,5.052623972578596
978,4.691247366596807
979,5.760918858317821
980,5.735731907925112
981,6.416430772410675
982,5.708008823712274
983,6.145846873808636
984,6.794661340789987
985,5.640425843581398
986,5.43455538625337
987,5.404476033394134
988,5.327190548796867
989,5.407701754333538
990,5.778766255520917
991,5.717408270751823
992,5.475024252479255
993,5.346654983150767
994,5.540631449589828
995,5.122758114260395
996,4.849799732648052
997,4.550120208784958
998,4.4592970309834
999,5.025257511428238
1000,4.448631139209547
1001,5.05999811026705
1002,6.162997065105014
1003,4.3163826091053625
1004,5.815774204492086
1005,6.431591963755512
1006,6.624004033446007
1007,7.161469889474814
1008,7.903376874516854
1009,7.554693413799929
1010,8.315409997800295
1011,8.609652568359438
1012,8.869641372432135
1013,8.354764602104915
1014,8.968314624237795
1015,8.050974778271192
1016,7.515312777303262
1017,7.42939577729107
1018,7.34271427113089
1019,7.376004050474694
1020,7.056380565969733
1021,8.298814782364383
1022,8.437023922898934
1023,8.328989121036901
1024,8.043540951168593
1025,8.330292228293024
1026,7.759931819810584
1027,7.051600165003369
1028,7.137935136648732
1029,6.993291674621038
1030,7.322948016613018
1031,7.861765141095001
1032,7.431056187507612
1033,7.345952351554441
1034,7.902633841251516
1035,7.50660365523923
1036,8.680369898648642
1037,8.085064072603299
1038,7.611928466506135
1039,7.159594484045884
1040,6.835706430125454
1041,6.587739210060395
1042,6.3106982468330575
1043,6.258795303770426
1044,7.0331404201519065
1045,7.609978814072438
1046,7.351176282528038
1047,6.855986561672878
1048,7.077072405848273
1049,7.262002000469958
1050,7.477554017460797
1051,7.938952947034172
1052,8.282005443098583
1053,8.416858381155933
1054,7.681192207448939
1055,7.723559400716451
1056,7.462750437505261
1057,5.828993729979093
1058,5.8148405676600845
1059,6.098204009784292
1060,5.986644167046951
1061,6.029473878963221
1062,6.666828414141013
1063,7.519753359450143
1064,7.632047602134051
1065,7.881620467471273
1066,8.373812206854513
1067,8.488183295497187
1068,8.824320930985596
1069,8.370911847604102
1070,7.804913798888302
1071,7.381860651340344
1072,7.695800670656228
1073,6.884377831500621
1074,6.943178765218216
1075,7.296529802097251
1076,7.125611194200165
1077,7.100854128516221
1078,7.3126895826444605
1079,6.5521124656167995
1080,6.386401653296625
1081,6.272716593824956
1082,6.453926285120559
1083,6.514405743015561
1084,6.355705577358206
1085,6.481245594738794
1086,6.38046099784928
1087,5.997588134156251
1088,5.677647446345424
1089,5.0367446832662255
1090,4.582372844179194
1091,4.841073890332259
1092,3.92028364039132
1093,4.460130283786423
1094,4.57884305086087
1095,4.681177392352298
1096,2.552759885202427
1097,0.8719651806511797
1098,1.1206911221772087
1099,0.87244444345842
1100,-0.8241889092453825
1101,-0.6315527816075694
1102,-1.2337820100833619
1103,-1.6006442183868042
1104,-1.759161490901795
1105,-1.997601552103534
1106,-2.095515451580543
1107,-2.7437052849417665
1108,-3.0729168620491576
1109,-3.1397458121065314
1110,-2.4655873104813986
1111,-2.247367752318674
1112,-2.2175679078022648
1113,-2.901113673642186
1114,-2.1699463300965616
1115,-2.873831762011403
1116,-2.6795621922496293
1117,-2.2401755119556777
1118,-1.9835910787131095
1119,-1.835688461736451
1120,-2.115306308692466
1121,-1.9828090225178618
1122,-2.629112432908931
1123,-2.2420393523467697
1124,-2.264681501114063
1125,-2.051948133773218
1126,-1.960974606511623
1127,-1.5230633204599164
1128,-1.465415701947781
1129,-1.6935836530128756
1130,-1.770343941302277
1131,-1.2654824790506614
1132,-1.2015838100123188
1133,-1.0718795771698764
1134,-1.3186911606778873
1135,-1.3169573071205254
1136,-1.4525723768078591
1137,-1.6131992120793859
1138,-1.7842968574387497
1139,-2.072705505191541
1140,-3.036618922533796
1141,-3.1403374407322326
1142,-2.8911694310846836
1143,-3.169992529688037
1144,-3.109250297006294
1145,-3.359551350155976
1146,-3.5986142104735053
1147,-4.04701632697625
1148,-4.565295921000168
1149,-4.8295225034757365
1150,-6.986668795211681
1151,-6.854726972428593
1152,-7.028570701770587
1153,-6.7381426601216265
1154,-7.2333798381193475
1155,-7.708796011883279
1156,-7.6051613767167625
1157,-8.087928520700371
1158,-8.09537533494532
1159,-7.75339386737034
1160,-5.932707765058154
1161,-5.874508642790099
1162,-6.00041892462354
1163,-6.477485357808721
1164,-7.43746008742413
1165,-7.139794888482998
1166,-7.008961443737027
1167,-7.041785989517924
1168,-6.989889879950106
1169,-6.785693239941004
1170,-7.5460662723352945
1171,-7.253997281910374
1172,-6.800005981898815
1173,-7.0673977317499475
1174,-7.2024161996813945
1175,-5.139524044987365
1176,-4.08729597828067
1177,-4.067151358725296
1178,-4.419092329820284
1179,-4.201640141633156
1180,-5.244167565686042
1181,-5.781409965573648
1182,-5.496169689249064
1183,-5.436226150624668
1184,-5.934027109978601
1185,-6.403619927293813
1186,-5.347298569851056
1187,-4.729834378241559
1188,-5.19096227391449
1189,-5.055682461801403
1190,-5.334274851579368
1191,-5.304844269489983
1192,-5.170060605058335
1193,-5.165789595649006
1194,-5.271263058498288
1195,-6.142597008665762
1196,-5.984631294544107
1197,-5.6127814859753595
1198,-5.278876325926851
1199,-5.186901280020384
1200,-4.553474237069999
1201,-4.492913958753575
1202,-4.345585942350228
1203,-5.026622023550198
1204,-4.837717621532733
1205,-4.858669085050316
1206,-4.548668207724771
1207,-5.475196483140222
1208,-5.742342771215558
1209,-5.37483639108064
1210,-5.643933101482856
1211,-5.59030714837675
1212,-5.625781275968544
1213,-4.5354291153307695
1214,-3.4141807321714013
1215,-3.800978406348088
1216,-3.9854217458688224
1217,0.04559334021088102
1218,0.43981188069130983
1219,-0.25559515605024785
1220,-0.2969762883790694
1221,-0.823521805543892
1222,-1.148865665658283
1223,-1.7980310886887452
1224,-1.56456573449274
1225,-1.34474381774774
1226,-1.2426183565769966
1227,-1.079915746245419
1228,-0.9089327675376513
1229,-0.38496998101645863
1230,-0.8155051675622915
1231,-1.1768991488695368
1232,-0.7417771699832931
1233,-0.529820455206409
1234,-1.4667758463525415
1235,-1.1691799730498276
1236,-0.8847108139016235
1237,-0.8933658307859527
1238,-1.2051094836117215
1239,-1.2164181115059347
1240,-0.8552323176783561
1241,-0.34582116533855567
1242,-0.47876824282203634
1243,-0.11889035086071198
1244,0.29565154567994245
1245,0.47445320709724736
1246,0.7180008549186434
1247,0.8278985623265456
1248,0.9280530585459523
1249,1.0017911836587956
1250,0.8546326153747286
1251,0.6269314582261876
1252,0.7194204496280054
