,cash
0,0.024669323894676982
1,0.016557091747174423
2,0.09114399528874108
3,0.03361915635359929
4,0.10793948707119079
5,0.004830868588622458
6,0.11236002216197573
7,0.13249760390704002
8,0.09838928763059139
9,0.03812639020267475
10,0.022661987797790637
11,0.147724324134635
12,0.1216655144593503
13,0.17458260982879903
14,0.08761295065252159
15,0.01827847265367669
16,0.08842707528418745
17,0.025188956297863458
18,0.05140340006637684
19,0.02504314559169641
20,0.10916111441802949
21,0.21518878070344125
22,0.2729376240863876
23,0.04184995283549188
24,0.15807227187437806
25,0.020630440368717834
26,0.021419876045997994
27,0.12898774064401836
28,0.3101433016793674
29,0.18736017041834874
30,0.10336209122192502
31,0.04364334072261805
32,0.004780599970635103
33,0.09619463852099217
34,0.0112587327199107
35,0.0327262469504971
36,0.15173613674555553
37,0.09280720071120416
38,0.03855773477943117
39,0.06344335909501549
40,0.16690626016814944
41,0.017031472037794773
42,0.12480744460766036
43,0.03189310588160137
44,0.1386488878975349
45,0.10114359502642738
46,0.008288631517541709
47,0.014316070809417424
48,0.12843863310981382
49,0.09684787604360384
50,0.23813001519463148
51,0.09561459510418953
52,0.04680987464449564
53,0.16479254555579764
54,0.007647091057674675
55,0.003177557921923796
56,0.038649543482114544
57,0.2057908327317714
58,0.00564405772706034
59,0.10786668611935549
60,0.09906122900397779
61,0.04099429985096659
62,0.012655251485390913
63,0.14599102980146061
64,0.004673454930016504
65,0.20305897975947867
66,0.14616230178960227
67,0.03385460899033917
68,0.18946769511587938
69,0.08735414145187671
70,0.028859864997929252
71,0.03916557951834196
72,0.21026292744051403
73,0.17008193394854443
74,0.0429877978298466
75,0.17882880042737162
76,0.04260914555719705
77,0.20074040027464057
78,0.07380766527456076
79,0.05613148780508966
80,0.057097490220255294
81,0.002137725315431289
82,0.2646178601085662
83,0.014296083282639612
84,0.025884922292079497
85,0.06754572259053525
86,0.02948654248922611
87,0.013756321836827517
88,0.13574268265077152
89,0.051231400029039476
90,0.22550732293699008
91,0.028964896091984535
92,0.17291802154787658
93,0.018334251067197035
94,0.05044882647335804
95,0.012204516866633227
96,0.026893732341255812
97,0.020721118611287708
98,0.2070490274064534
99,0.11987586311654547
100,0.020732212909170527
101,0.04049883264929788
102,0.03805438498385099
103,0.0954208034598582
104,0.0557664118296444
105,0.25473809649836743
106,0.11271309799202983
107,0.07581339368042568
108,0.15829484403343752
109,0.034311369286769255
110,0.10213817172171814
111,0.043356080947224256
112,0.18035724248381194
113,0.061403112582072684
114,0.1334369498449353
115,0.1378679766969728
116,0.07114420993963608
117,0.06782096851331987
118,0.1798292465921216
119,0.030440376073426593
120,0.07262616676419265
121,0.33378921163710223
122,0.03222112905505613
123,0.01869191631484576
124,0.19253105259830264
125,0.039949995221423756
126,0.08091160915054978
127,0.07457868717267092
128,0.07237306792229682
129,0.10515360959332107
130,0.014400379485680027
131,0.03417792158829985
132,0.012201419526507582
133,0.047828034276200006
134,0.050267797928476576
135,0.019661509006078364
136,0.23168758015233495
137,0.12713101567065038
138,0.07125057587840906
139,0.02052386246941166
140,0.07936240205354612
141,0.019144543607671694
142,0.005486565162825623
143,0.21239316496081545
144,0.1570893605741303
145,0.18041810570036923
146,0.04104316184646172
147,0.004290561321594828
148,0.04204914885429033
149,0.14157552249985506
150,0.0055883482518244935
151,0.2510830475407253
152,0.06504338675564976
153,0.11650608541681304
154,0.03138086306748597
155,0.15101032526914804
156,0.17697663207216577
157,0.1385134266744667
158,0.026143024791629256
159,0.10536319271841084
160,0.0036320181005223104
161,0.06908451898733797
162,0.05175060558094356
163,0.015891508855352798
164,0.09115551798870282
165,0.05868899832780382
166,0.1446998775589146
167,0.03635430489374727
168,0.048725438229032074
169,0.006184437923465903
170,0.08921589874154574
171,0.0480872763747619
172,0.05274569561574044
173,0.16388983247497152
174,0.1349447211375759
175,0.12350573827146187
176,0.0454293469559267
177,0.2454496427155933
178,0.020394778080462236
179,0.03013650612239572
180,0.011875752071253354
181,0.12737991682034663
182,0.2841596944400319
183,0.1707404726391093
184,0.09411768048697801
185,0.05132835883720947
186,0.0140693696605379
187,0.03986187252209988
188,0.18851411466621096
189,0.12956452188759823
190,0.26056127120802836
191,0.008128901702178795
192,0.14675825145860616
193,0.022025311354682307
194,0.027099533767339576
195,0.2520736076947575
196,0.011471236299723683
197,0.01788141628456337
198,0.06578196040095671
199,0.17679410741658477
200,0.03813423550690917
201,0.09979837456353621
202,0.041581383906584925
203,0.18308500545505274
204,0.1897974301010782
205,0.049742007457059575
206,0.03695135436492837
207,0.23769184848042751
208,0.05366265072120406
209,0.19332517983888148
210,0.1624955332164823
211,0.1706142441568635
212,0.06992768087337616
213,0.009535156106273982
214,0.24848832500899634
215,0.062368483027876676
216,0.16745889596002123
217,0.10942208333206627
218,0.10672465892773066
219,0.05452227260121895
220,0.09318766259896054
221,0.013329053010220126
222,0.003676022160984948
223,0.22950230570682661
224,0.07823851961447136
225,0.01119645039270915
226,0.0921793374359293
227,0.013218224517600057
228,0.008566818004458856
229,0.4160425163445323
230,0.23815080364677982
231,0.04216567186806633
232,0.07077977136948566
233,0.14405003242649597
234,0.1789658261500962
235,0.1499820902449789
236,0.007446374453183494
237,0.31226239878611606
238,0.09065451471928393
239,0.14004333448858203
240,0.015332569539160876
241,0.024505478190702923
242,0.02274632358145098
243,0.3210214910890731
244,0.008471304476441177
245,0.04288674418317897
246,0.07000580222904927
247,0.02694269055465721
248,0.03418487111357077
249,0.03306423013413906
250,0.050684158817286926
251,0.1265369260792689
252,0.08528677445904906
253,0.04545052319679384
254,0.030242831726790393
255,0.10593548057043971
256,0.2260760942374344
257,0.11257203950834607
258,0.1791563204021434
259,0.26593179139265855
260,0.04845074730497958
261,0.0470919472112051
262,0.13987240251040922
263,0.012314944311872224
264,0.19982650901545015
265,0.011440376770608347
266,0.16084518075835103
267,0.23176441916883495
268,0.20770583545362578
269,0.04975762857563424
270,0.03805738390181978
271,0.0889270483616279
272,0.10328272856382531
273,0.11827192943128524
274,0.01465470756349383
275,0.015292650454700404
276,0.009697289760662805
277,0.1985177135461743
278,0.03586583843796499
279,0.016741699795079917
280,0.04745563767210602
281,0.009607329093909375
282,0.024837270910583763
283,0.13782856732468288
284,0.003981828545454368
285,0.1975090745739393
286,0.1659531344812796
287,0.10688650105577965
288,0.07578899385425539
289,0.08766721834899983
290,0.07171144792703048
291,0.19997802852515292
292,0.08168076292808135
293,0.010196366647367712
294,0.06203322055188903
295,0.0556830321120606
296,0.2466786756597416
297,0.038473709742797485
298,0.043738957933376704
299,0.15619750679369762
300,0.18554738794079192
301,0.1258645062531571
302,0.05218335688969742
303,0.12081851853587014
304,0.14655998898905756
305,0.2406808050124006
306,0.034050559064327475
307,0.03437444153626392
308,0.0133971516302207
309,0.13635229957905262
310,0.06439135231501493
311,0.20849746790243892
312,0.2557072256984127
313,0.18643362349181797
314,0.00967690102380483
315,0.1376966296435908
316,0.11651138543852858
317,0.1404579608310711
318,0.11363097732102015
319,0.2996191513754264
320,0.02195506707031012
321,0.01503569556721109
322,0.006486164858052213
323,0.27710687511071064
324,0.18443470010309493
325,0.02095971872340151
326,0.012679031937860309
327,0.2943136946971186
328,0.07893349413863301
329,0.023040500639344735
330,0.06754050869671915
331,0.34286699833428935
332,0.17948355811341446
333,0.09640002151890599
334,0.06121874990789205
335,0.013749168841472141
336,0.03961255564916017
337,0.02428346998554768
338,0.02298730359795103
339,0.14640490989409535
340,0.3207475735565214
341,0.07985618693127274
342,0.04935250348086932
343,0.04923181178044562
344,0.07305994575067816
345,0.047222589977581275
346,0.14161251781904974
347,0.17619716724188994
348,0.06331504291970379
349,0.030018904887392825
350,0.10643360970697784
351,0.07424927482960168
352,0.030404309225823607
353,0.01150202782986408
354,0.10832299421651928
355,0.007282806844958539
356,0.20610321500690376
357,0.18170895973997625
358,0.3200731413770902
359,0.023925152825382903
360,0.009680912661909888
361,0.15837655585074667
362,0.07188402783423656
363,0.2850267312424902
364,0.09855431438733893
365,0.010819582177848362
366,0.02550873713744413
367,0.15637710494652723
368,0.03135352771291593
369,0.08670560990331157
370,0.037994886838688284
371,0.07933041350424476
372,0.21998388560120485
373,0.0344686783754254
374,0.13304502005111424
375,0.07704785007286236
376,0.044186420504124684
377,0.03220136822048604
378,0.033017514587989114
379,0.06752355687222042
380,0.05249829692611562
381,0.19659380047584826
382,0.034776445051100356
383,0.04471575779991204
384,0.14497569936473387
385,0.03421631115336525
386,0.14903459897117088
387,0.16483327631860706
388,0.06479839144621588
389,0.11595567862847789
390,0.03267597435479793
391,0.023281904938844165
392,0.006834119368166633
393,0.18595093908603674
394,0.12417450266055027
395,0.10361411168610116
396,0.03607191202526679
397,0.10077377236892883
398,0.0935194987298201
399,0.013081702150864039
400,0.014562808879417804
401,0.03336453317806535
402,0.051074045287897406
403,0.06879940332240782
404,0.05293236038557783
405,0.13377413217679593
406,0.007163091162744647
407,0.0708289402623406
408,0.0439554418230851
409,0.05673990805455965
410,0.015130723054571102
411,0.10888636569801073
412,0.3062289840596943
413,0.1923161832012333
414,0.01986987331794406
415,0.01867328094305743
416,0.41463346409739116
417,0.06598695173169836
418,0.024609148583264958
419,0.3770437073015971
420,0.06744064053660773
421,0.13887421308510264
422,0.03813522108677687
423,0.02266327444579999
424,0.09969629978089468
425,0.025819280945645385
426,0.1707011779508165
427,0.028432897759418412
428,0.056307404740371374
429,0.1887495677267033
430,0.04218028740621786
431,0.02855947570886259
432,0.026239104655216346
433,0.07586635118610162
434,0.22873935428016312
435,0.0507823760926722
436,0.18862999059372507
437,0.020317431562913775
438,0.2536204758796768
439,0.02855476341030451
440,0.11557555402281569
441,0.29649237313361604
442,0.09995435720166215
443,0.038967834999180204
444,0.015726868243469205
445,0.01117950389926153
446,0.07418975503515844
447,0.2028714499153848
448,0.18457068013665237
449,0.05774891927260521
450,0.02830468528871426
451,0.04431853168088957
452,0.05675362208756678
453,0.1416198281090109
454,0.13786799674413414
455,0.02627562460868172
456,0.01465817152250207
457,0.01526089236786874
458,0.14773097129982063
459,0.18144659466850915
460,0.06255937533908636
461,0.05256321634219048
462,0.07721445826004596
463,0.03736456255965189
464,0.06960833299741005
465,0.08321749726804176
466,0.12199043922036336
467,0.05295496400046139
468,0.16071335630850772
469,0.07504978104819635
470,0.014806573394123954
471,0.022429607099669065
472,0.08453837920774564
473,0.16984814362671946
474,0.1897750972092869
475,0.123195037165334
476,0.18323610016396819
477,0.21946284282275663
478,0.3151283127557934
479,0.12226944512298885
480,0.1570330147736484
481,0.04137505043664878
482,0.030638205128865368
483,0.28043716388979256
484,0.01166237589658462
485,0.14913522323827516
486,0.0994857726748991
487,0.007116593518558242
488,0.027667444996361087
489,0.17869905653676016
490,0.2119902107460394
491,0.01431580234345823
492,0.01702465668412389
493,0.023686105873274365
494,0.03395746062784174
495,0.07003765349781986
496,0.086533806416884
497,0.10868128574008937
498,0.03992046493393285
499,0.11716219188249893
500,0.1521261343865006
501,0.27987637426731415
502,0.03189831388493863
503,0.011258471477143652
504,0.011223471685859144
505,0.04229603388368973
506,0.2046839477268995
507,0.10204300578046349
508,0.049592326114308576
509,0.05189934610626673
510,0.140656215879267
511,0.2130629531925672
512,0.10104957203636405
513,0.15866170010854513
514,0.008925587913104627
515,0.09863744520712761
516,0.023096439051065655
517,0.048073807981071
518,0.03504414176552406
519,0.2617554947665386
520,0.16596662719354205
521,0.17470723675826164
522,0.27228919594150613
523,0.017337287014176007
524,0.02281158646012274
525,0.2135497080773623
526,0.2618972625658591
527,0.029313235751712293
528,0.11688281173254116
529,0.025264085987098058
530,0.10252890613076983
531,0.0589937916457963
532,0.06020930116953658
533,0.11641319242568479
534,0.2734215705009603
535,0.009797203560114754
536,0.4983935774591681
537,0.12618312059688055
538,0.21593075133375306
539,0.0878500160008646
540,0.11075877010838224
541,0.405940872480492
542,0.031766912557539204
543,0.01549978098875386
544,0.07335295242070446
545,0.1144107455448507
546,0.05688359962246556
547,0.04532195397873791
548,0.09437448993659935
549,0.016515506169440673
550,0.10933495544265821
551,0.07677939228847394
552,0.2034729375179892
553,0.08873162792411456
554,0.16377964773931816
555,0.1414180558962768
556,0.040770141913996874
557,0.028847304548901127
558,0.23061843255011286
559,0.18156675614833712
560,0.07303672531447729
561,0.06918435045756488
562,0.2221524594824588
563,0.04255607302332466
564,0.0512935686105772
565,0.0654486032021572
566,0.01423591708433782
567,0.1046674179766769
568,0.01080136504438552
569,0.1356480272505945
570,0.13539283997743407
571,0.24593796738340923
572,0.011858079335722773
573,0.11103513335460788
574,0.05628147640806038
575,0.028154801392542356
576,0.02232331266817224
577,0.05010989191164899
578,0.15587327218638353
579,0.058304573202849805
580,0.011838972478057154
581,0.2705591231032939
582,0.03342384611109666
583,0.010304165888705629
584,0.3475424442252058
585,0.08802608019984377
586,0.016029982218514417
587,0.03169579272155843
588,0.0449876306882319
589,0.14998619836174654
590,0.013050223785998407
591,0.08795914274091404
592,0.2807034202461797
593,0.038240626036894564
594,0.13952706687862462
595,0.022582128991379017
596,0.17914086737463442
597,0.08070535713383259
598,0.04230956663956148
599,0.32190627216680995
600,0.08577451626249481
601,0.3642141906033693
602,0.10339183493904117
603,0.06060269616815673
604,0.14611157092989718
605,0.08402527817549246
606,0.12220181316320734
607,0.2159501705622051
608,0.015533604197871208
609,0.03888830051580028
610,0.0904932075405448
611,0.009887048172706785
612,0.17039568594780585
613,0.0538883213454063
614,0.05295964818275516
615,0.02080285596763609
616,0.18733532286008536
617,0.1764007939240113
618,0.13173555701615683
619,0.012030929945395967
620,0.1573293781839358
621,0.014466385647958494
622,0.06242477721251753
623,0.01831221485707107
624,0.08627173130526632
625,0.08417550362573478
626,0.0106251561361197
627,0.11270720408805715
628,0.2533239497528432
629,0.05227048437011942
630,0.166034243317302
631,0.03345647460871753
632,0.12537415931478116
633,0.03515029677018981
634,0.02489475887959606
635,0.23038858913212143
636,0.04610814410791471
637,0.141519336457421
638,0.07023373765355194
639,0.12920420719830172
640,0.1624355335246597
641,0.22758528658446645
642,0.041139779255317886
643,0.35102931155635575
644,0.08771969639383886
645,0.05800112281026856
646,0.041305169861009086
647,0.12538455779748886
648,0.027300084010411334
649,0.15257517298800213
650,0.3541859716160462
651,0.06983839001897921
652,0.058725133466229616
653,0.01391664200245291
654,0.12078273798660441
655,0.03379774254470631
656,0.08843236063081293
657,0.08592617864321948
658,0.08669033682195489
659,0.10610235941289815
660,0.02940376522439758
661,0.08528924951034639
662,0.10082553929585611
663,0.16530141248319852
664,0.0734385883514554
665,0.127168807042342
666,0.07932569412439901
667,0.22464038931154612
668,0.18793619373186676
669,0.09695012298374851
670,0.12474560185046187
671,0.05486828179460817
672,0.015762315105316727
673,0.3923428799434428
674,0.40956410682237077
675,0.37464755559499596
676,0.08289738615554086
677,0.07623712930448806
678,0.09485718930205382
679,0.13644265123171298
680,0.01127187018603598
681,0.4389307045599429
682,0.07425276271733705
683,0.16997515727174067
684,0.02122465146548263
685,0.03512391771852571
686,0.28821399106854073
687,0.3407158668205461
688,0.01727157800457945
689,0.09160293869661505
690,0.06727780858880342
691,0.20973802452297724
692,0.06855108433657746
693,0.08702295002925088
694,0.19385833073429254
695,0.05281692979843827
696,0.06549922888021646
697,0.19788454752154033
698,0.040502580707627835
699,0.1550268973546232
700,0.15111162764884034
701,0.04364245947692355
702,0.05533906686463078
703,0.04615448656020522
704,0.014492607916820983
705,0.3351279604558222
706,0.07910897055422887
707,0.05659923733967112
708,0.010993429695881022
709,0.1282161399049687
710,0.02105578980491465
711,0.06493861720229353
712,0.08191278646030072
713,0.01833926967266627
714,0.1736261773517865
715,0.1377031037068625
716,0.15936925133436108
717,0.04105034573798535
718,0.20786639061313678
719,0.14549727998058878
720,0.056878478553135985
721,0.02100599231404875
722,0.031835399574100344
723,0.17257234177744055
724,0.1352696261838008
725,0.16643760162138088
726,0.05532605185318999
727,0.14165093790696817
728,0.048289908357357816
729,0.13024885393958407
730,0.14317538078287537
731,0.04462105994775833
732,0.0493600816416186
733,0.24343603545949083
734,0.017268552889867134
735,0.040594042406854436
736,0.023318571460279953
737,0.18237977904379107
738,0.08516795355633458
739,0.23963577584030515
740,0.14022137555994152
741,0.17081019143606943
742,0.03153943114694658
743,0.08283806175367817
744,0.0755198192613591
745,0.02671659942888023
746,0.15328273348321841
747,0.15481191214226275
748,0.034755530815402745
749,0.020437766732882653
750,0.07763681409019473
751,0.31126584745930685
752,0.17492196812331137
753,0.17710751180428858
754,0.024349264067910197
755,0.011022385590380775
756,0.07404802929180582
757,0.22579178669068867
758,0.11431370566434929
759,0.10117590422326218
760,0.08569968060417398
761,0.057930883733191746
762,0.011687219754434241
763,0.1759061895110766
764,0.0579707595022795
765,0.029919286931084848
766,0.16401179812965228
767,0.06597217888727526
768,0.09276781313807003
769,0.09913022752334708
770,0.211298898511372
771,0.021638943660356926
772,0.09552361403667535
773,0.055310590348283686
774,0.2252084839205486
775,0.035482182652314474
776,0.05975086717217711
777,0.1975068153008287
778,0.01116852366698442
779,0.3696159864708912
780,0.038446132634911534
781,0.02657089215284452
782,0.11351321551490597
783,0.09288143796577342
784,0.03252932485091575
785,0.07472320423962045
786,0.09734677888716887
787,0.016702394108631446
788,0.05561828429756911
789,0.09908021152676738
790,0.1757178894735617
791,0.14070470026972617
792,0.14896923976194543
793,0.09009778243507459
794,0.08331195797327236
795,0.1435677934772776
796,0.13096919730179485
797,0.15928198327293835
798,0.09393666793282512
799,0.1316259560268668
800,0.12069942321669068
801,0.15991061596974654
802,0.36478640183440814
803,0.17369623311816138
804,0.11757611044825268
805,0.028758652607155
806,0.04248394858456089
807,0.11571101659569383
808,0.16548924518438357
809,0.10573155500172222
810,0.340323656809951
811,0.016028020472194187
812,0.07481750908553036
813,0.20348193209604298
814,0.04435540383044526
815,0.23132142889979943
816,0.041012171131553
817,0.09562781264571792
818,0.019737633822487225
819,0.0530462959018984
820,0.08794652547608965
821,0.14142406731827104
822,0.2568625377075937
823,0.04824196326621539
824,0.03198586434093945
825,0.1477589267878498
826,0.14715398089689866
827,0.057755692443159305
828,0.07186322174565934
829,0.16169798438569927
830,0.12913897017494805
831,0.05343342357919953
832,0.05617925602734552
833,0.04421968280566234
834,0.05221554501400711
835,0.026514761587064808
836,0.08734488933117351
837,0.12075249659887771
838,0.09843482230341494
839,0.023123390233843927
840,0.22210121739753125
841,0.01087272424236757
842,0.36622350866375514
843,0.14095766679683835
844,0.09916774036057624
845,0.1691439741155556
846,0.23537869616810136
847,0.010773723966916126
848,0.2812532833426768
849,0.03398950814974687
850,0.14962059008138448
851,0.16520182650846904
852,0.07492615697692298
853,0.15331734372074116
854,0.13325756148204976
855,0.16887991850518602
856,0.042804115943391605
857,0.3135196917451463
858,0.4703695392050939
859,0.12581874027475468
860,0.13274973972283735
861,0.17939851170143706
862,0.13122251883548458
863,0.05148072678761038
864,0.21790005271854382
865,0.0313164789507817
866,0.03303893962172943
867,0.03995795669945793
868,0.1412579893799163
869,0.11377182157337418
870,0.16083502840888153
871,0.10769404514696836
872,0.025649642442856058
873,0.08245573475028414
874,0.0382954406587148
875,0.08376249947329226
876,0.054261723283370776
877,0.02800160239020864
878,0.07953959303623498
879,0.1007651334215054
880,0.010429931349741147
881,0.15063704376396048
882,0.3537987576145586
883,0.05201530373614929
884,0.17266345321257826
885,0.06266551123312653
886,0.051710301221695495
887,0.06507355062155694
888,0.05405591114111564
889,0.073290843672671
890,0.016742273927912003
891,0.022649290924222645
892,0.05247173132968635
893,0.07141380848499242
894,0.1333980322502792
895,0.02789418184144995
896,0.058777461884443466
897,0.11049167787518298
898,0.38828748159518084
899,0.21263534638746884
900,0.01748253984982297
901,0.1065669753327591
902,0.017936854303188716
903,0.08562958079368448
904,0.22041184550793513
905,0.025856393692759223
906,0.15017877964329904
907,0.016329177657929957
908,0.08734003369123992
909,0.06680543384061108
910,0.030560241624727265
911,0.03374094892693157
912,0.07587511134528015
913,0.038617759421023426
914,0.11687444436903366
915,0.013812296933946925
916,0.10847679102882582
917,0.031163328932008225
918,0.151163915778453
919,0.16746714553744182
920,0.2440307177625256
921,0.3645068648064764
922,0.19117520144187944
923,0.032963593557011193
924,0.15552302688710692
925,0.21188983447498255
926,0.07467593887673275
927,0.061792912709430665
928,0.4283721268016462
929,0.05596170429271786
930,0.05230450446281277
931,0.14426462513662633
932,0.08758717637003018
933,0.02714072272687395
934,0.10834965039104909
935,0.06074954942247839
936,0.024245469740290754
937,0.06680683700866365
938,0.024678494523340873
939,0.14040267881367344
940,0.04633459287917286
941,0.17421978692803086
942,0.15392700769535644
943,0.13834282009749052
944,0.16169195225285266
945,0.01424879812768231
946,0.33937403551051415
947,0.19893548459255153
948,0.1129183606452754
949,0.032019634080772755
950,0.04985428593217759
951,0.015407100956926364
952,0.23900270639108664
953,0.347172321547628
954,0.02759265605157588
955,0.05345936884594193
956,0.1831743314983768
957,0.2565003893534679
958,0.07715883103630025
959,0.07761276459816126
960,0.02429065355382308
961,0.294811906937565
962,0.08368526432639009
963,0.0647499848920922
964,0.40331442354843705
965,0.023015870555463103
966,0.07424009609584575
967,0.01741209510883573
968,0.16329657079929719
969,0.02209475047072823
970,0.10886301974391606
971,0.11934091331864655
972,0.18451599327986873
973,0.18678233116945261
974,0.04878950007301867
975,0.01999460138398286
976,0.040948004117580844
977,0.07882984572581121
978,0.22635830886337693
979,0.025860972583396005
980,0.01983546602105202
981,0.015338466513196288
982,0.2993661647817718
983,0.2104803092390804
984,0.14702696999464845
985,0.20715103027237045
986,0.04363931109022289
987,0.02927291144150579
988,0.06467594665127045
989,0.22797055047681772
990,0.020657327878188844
991,0.033871334257265934
992,0.15003367058427453
993,0.06696602717377945
994,0.018213849640551855
995,0.08523228893234155
996,0.01269012874609116
997,0.033068247046940225
998,0.022009366379779977
999,0.10571465792013486
1000,0.025784399369981392
1001,0.06024048882342826
1002,0.15101527591583436
1003,0.05992584736440071
1004,0.14175587405841147
1005,0.11909437218748818
1006,0.07312071278405849
1007,0.020724283464720824
1008,0.04408116100834204
1009,0.06464142142423403
1010,0.19987785829512858
1011,0.11210702235008861
1012,0.09849429492583732
1013,0.1468206611111455
1014,0.3608398395453379
1015,0.06581565456253378
1016,0.014373157243829529
1017,0.16064888418435677
1018,0.031122337213301658
1019,0.2184867312230108
1020,0.241684233522754
1021,0.051770843950203954
1022,0.03781619422931214
1023,0.0930242712436486
1024,0.10436303409434101
1025,0.1614045694139867
1026,0.03796191789772492
1027,0.0958067300123095
1028,0.15726653029792428
1029,0.023055379916601195
1030,0.042839895830650045
1031,0.015715497814058788
1032,0.01563527941476539
1033,0.23668325245559366
1034,0.04162022025486448
1035,0.023935755053079488
1036,0.038295084330040294
1037,0.012346112566059312
1038,0.18983998862209547
1039,0.09601898734619817
1040,0.08079486583920704
1041,0.012817432147202084
1042,0.05413129587109504
1043,0.03296961579530779
1044,0.1452934718645907
1045,0.2239058114887766
1046,0.03673831953801745
1047,0.03920332392914532
1048,0.15653790427901548
1049,0.07375845963862787
1050,0.19318121790825302
1051,0.07375545776690191
1052,0.14090063404674552
1053,0.15083331412632528
1054,0.1412412383277754
1055,0.1877878181224266
1056,0.022909707101304688
1057,0.12239124497315329
1058,0.12017722069663322
1059,0.04147880585249706
1060,0.13311046178430833
1061,0.0563707614676553
1062,0.15091102245338653
1063,0.43912038517036234
1064,0.1944221470498011
1065,0.05057323722355211
1066,0.03724249299270733
1067,0.43981489340292246
1068,0.1346609914980659
1069,0.08957825934690934
1070,0.24652990559490434
1071,0.028413823345719444
1072,0.03344001956704283
1073,0.1004387677217004
1074,0.17416583684151352
1075,0.244500153460094
1076,0.0653632293255147
1077,0.0907426426732878
1078,0.14526281770724775
1079,0.0514832707550533
1080,0.04144904223168983
1081,0.06787791553087283
1082,0.05111232992002956
1083,0.17109709333686735
1084,0.054800527963194026
1085,0.33341545109013787
1086,0.2214772356084316
1087,0.3787349932937696
1088,0.41645002819156596
1089,0.2867366770285696
1090,0.05000184681227683
1091,0.03550539038626677
1092,0.1104971945949886
1093,0.23635777879439063
1094,0.04586955016827408
1095,0.07046427307546677
1096,0.09173257379064513
1097,0.014378415564865937
1098,0.043236683197240784
1099,0.09982140197427247
1100,0.3659137918652059
1101,0.02032084344995582
1102,0.14835572620981052
1103,0.1173318503274145
1104,0.19011482934062265
1105,0.30455167547750117
1106,0.11303889649996729
1107,0.05379240410760421
1108,0.01455752347703378
1109,0.2170768202702547
1110,0.11325191060197048
1111,0.0287126840041107
1112,0.021484398675801077
1113,0.16562685666355664
1114,0.020413287200479295
1115,0.11857961949350851
1116,0.012831373055122958
1117,0.10608066981972791
1118,0.28150737080744975
1119,0.0918027514049561
1120,0.26321250524731643
1121,0.2162914687566694
1122,0.012182407185513017
1123,0.20385464050888163
1124,0.03303337056940974
1125,0.02129510601579134
1126,0.030334644945505314
1127,0.2573854215504782
1128,0.0930729616954227
1129,0.09834836701946653
1130,0.19491763609811222
1131,0.04491854563070267
1132,0.08667544553782609
1133,0.17508266113499768
1134,0.09871810391564971
1135,0.16496473517491883
1136,0.05854659017528664
1137,0.13884454443792527
1138,0.08699056310717779
1139,0.2179453186991055
1140,0.05834489173989594
1141,0.07208267443017446
1142,0.05574456126031963
1143,0.21116568521406565
1144,0.252713588843217
1145,0.13481145087578095
1146,0.15550307685399536
1147,0.15202228804532059
1148,0.16804984996848044
1149,0.04618059922344811
1150,0.07794934184283063
1151,0.09128560992447132
1152,0.08773321745525316
1153,0.0389059737513156
1154,0.05831266466756719
1155,0.04001974416912541
1156,0.08847815116697058
1157,0.11756551752205088
1158,0.031434337488803435
1159,0.06307158318043762
1160,0.024582363027120604
1161,0.06575757164179921
1162,0.026845449989713374
1163,0.1578942926725461
1164,0.2002978960441921
1165,0.13653562245831025
1166,0.037206234416427224
1167,0.029051966106440615
1168,0.016077883105051347
1169,0.17373812425456714
1170,0.10125799628316434
1171,0.02068539252439262
1172,0.16282184489472917
1173,0.04260052325929524
1174,0.07935436135359913
1175,0.18348089793277403
1176,0.09025344762342237
1177,0.2903974666266709
1178,0.02405194292526924
1179,0.039819574298348134
1180,0.1452289439051314
1181,0.01628513168434975
1182,0.018287449293434052
1183,0.34557025360379
1184,0.031575472528961986
1185,0.01352902027000366
1186,0.13668621137205894
1187,0.07244145349213015
1188,0.03612930574988021
1189,0.32459350978041923
1190,0.05333515897110143
1191,0.1566309429946158
1192,0.10071461713508643
1193,0.36645888001093396
1194,0.07465545302012043
1195,0.11349824648665113
1196,0.11318117805634624
1197,0.03058569135344289
1198,0.07463194936443789
1199,0.023812596315505728
1200,0.07274768998199387
1201,0.07281698311511094
1202,0.25837397443777577
1203,0.08045938428143849
1204,0.04723734709010704
1205,0.05751613903008533
1206,0.10139133646793015
1207,0.025297753524278217
1208,0.11892548093554131
1209,0.018027659670581616
1210,0.11881161804401971
1211,0.20311423509993867
1212,0.09286957532574876
1213,0.21061891400088348
1214,0.04040429340129666
1215,0.16685414586296887
1216,0.1772658024983544
1217,0.05914322226800373
1218,0.032523979328202064
1219,0.15531071892986692
1220,0.0359185796579159
1221,0.06357403407245713
1222,0.30773624843569525
1223,0.04133613721209488
1224,0.07482820058851493
1225,0.09241658573339562
1226,0.06087104031258354
1227,0.03723743382312162
1228,0.17735181940199457
1229,0.044159051426512524
1230,0.10116028204102386
1231,0.04616125097266553
1232,0.18479075050758348
1233,0.025105201711318397
1234,0.15352523308099703
1235,0.18719982842506255
1236,0.2081082791191423
1237,0.14893234951521597
1238,0.11647961617080548
1239,0.11962466459054963
1240,0.2815295192770421
1241,0.09176894110457859
1242,0.05210966096299771
1243,0.059583087829055095
1244,0.02988002313725016
1245,0.06507460054185628
1246,0.05720751656292028
1247,0.016688358315746114
1248,0.3437937353150463
1249,0.03891496871784046
1250,0.32078641789688356
1251,0.07315348829173357
1252,0.20051775658400844
1253,0.10424916378734986
1254,0.030981464200016462
1255,0.044906790484803505
1256,0.06679480283954481
1257,0.03163249984014923
1258,0.0734209983517432
1259,0.19882920985051533
1260,0.20831423244498048
1261,0.06501349701979321
1262,0.01591654327054269
1263,0.16073424467254868
1264,0.017474971185336193
1265,0.20447631869471736
1266,0.04746822329290785
1267,0.1578819526223455
1268,0.03890937223345624
1269,0.14152304592889253
1270,0.05901323782965344
1271,0.04232445584877967
1272,0.01718067369605307
1273,0.11393193322520412
1274,0.25986377619187456
1275,0.08235581178831909
1276,0.024174511964135996
1277,0.13489431700057347
1278,0.06402385337260318
1279,0.025439103810565362
1280,0.12034862920233522
1281,0.022719931919891433
1282,0.17337433914500738
1283,0.17016234310300848
1284,0.050119142780360816
1285,0.05960843057527944
1286,0.06311073061598463
1287,0.059513165744828234
1288,0.0814093869289937
1289,0.15107908831608982
1290,0.029330047887381396
1291,0.07693830108882692
1292,0.3046934599951695
1293,0.07487937801312428
1294,0.03812883207680166
1295,0.0754094940523772
1296,0.06784712755101777
1297,0.12482712094951269
1298,0.022435741551183223
1299,0.08996046024478369
1300,0.042346529461722945
1301,0.17730768302562125
1302,0.0329377982330551
1303,0.14569089516498138
1304,0.03365335082701354
1305,0.09490188516553576
1306,0.04226710182274338
1307,0.18859519041977824
1308,0.027773365685423036
1309,0.1792093979019443
1310,0.04542828038930352
1311,0.07613196247038093
1312,0.053463065803091986
1313,0.05759790433758831
1314,0.19803788743102135
1315,0.06085370636519815
1316,0.06260516191542771
1317,0.07446028518587657
1318,0.03548895910607703
1319,0.2695156749254841
1320,0.08707626208249027
1321,0.0449992506472116
1322,0.057955047170618536
1323,0.01459812283314661
1324,0.21274292640335887
1325,0.015374052506771181
1326,0.13149913866033847
1327,0.02336958755180697
1328,0.032410151170690946
1329,0.04942933594014601
1330,0.04544861372940063
1331,0.18736174009212356
1332,0.075814738218394
1333,0.29185140034959056
1334,0.26842134933040124
1335,0.07174976478329415
1336,0.01522853546402395
1337,0.10544389731805132
1338,0.13105591424229626
1339,0.013213265935260551
1340,0.04259140204712807
1341,0.06172422911823079
1342,0.18384357287487718
1343,0.13903283510440897
1344,0.04766887300683199
1345,0.07441682610241024
1346,0.023621066075202705
1347,0.038553584053256054
1348,0.026696131275990662
1349,0.01649343398081907
1350,0.19697042134326898
1351,0.059752637619164384
1352,0.031455655297515955
1353,0.1477283453050678
1354,0.13794836522422638
1355,0.10201072480881454
1356,0.03058885533453238
1357,0.08811337769605793
1358,0.04634010197615513
1359,0.0718282164815926
1360,0.08241492097225281
1361,0.013375142483199874
1362,0.19767907444936597
1363,0.12381761763574034
1364,0.09395672195500596
1365,0.05034333351972608
1366,0.15662429151736437
1367,0.047266049128166274
1368,0.029471034167842
1369,0.03573986608702219
1370,0.044040379565909636
1371,0.02728387264691733
1372,0.27696462876977485
1373,0.015818906483137753
1374,0.017764886315548265
1375,0.015532274968770216
1376,0.02565825140171968
1377,0.03572307971117846
1378,0.09148097701005387
1379,0.14927534420710512
1380,0.04602313253636439
1381,0.09628100169717545
1382,0.13107647611600942
1383,0.08147376152333714
1384,0.08076028124039426
1385,0.08900449027302426
1386,0.16668625831290773
1387,0.05166128285953907
1388,0.1693974541613247
1389,0.04982446423845066
1390,0.08200350516453338
1391,0.12124351530808283
1392,0.03080816066130032
1393,0.028412310064401432
1394,0.017793494264798367
1395,0.1821038073021804
1396,0.18377057921653644
1397,0.13720415457399965
1398,0.045356133291097056
1399,0.022298706739183438
1400,0.04475970047341007
1401,0.012079335265466501
1402,0.3896585511392828
1403,0.057261163168341615
1404,0.04540325641308696
1405,0.08719558079439223
1406,0.07845844846878859
1407,0.05678132247319895
1408,0.03317919484919957
1409,0.07730120042957159
1410,0.06193898685799703
1411,0.12284258623400923
1412,0.025253736694495238
1413,0.13690953687976287
1414,0.1141305436713632
1415,0.1663921080333124
1416,0.1129733421687282
1417,0.02188115887487083
1418,0.1729368431536691
1419,0.10084491999527949
1420,0.016150110548747702
1421,0.21757141763659077
1422,0.06452012389620565
1423,0.031303583677987294
1424,0.017720470207516457
1425,0.20573355353889602
1426,0.04157816389083791
1427,0.11237166101545507
1428,0.025686359692229318
1429,0.1235945042072712
1430,0.039007477945734795
1431,0.07655389601667245
1432,0.04415393774811899
1433,0.19895774618624204
1434,0.1697015302882281
1435,0.09554785579495122
1436,0.012535856910108386
1437,0.14559025264174685
1438,0.04577934959716238
1439,0.13811363018565986
1440,0.03608806942423403
1441,0.04063543935161092
1442,0.17267493352617325
1443,0.14251875793791455
1444,0.18328917401730288
1445,0.042966004647300084
1446,0.17004150221783984
1447,0.23632751602389895
1448,0.020886808114726856
1449,0.05186703908822644
1450,0.01614596939331701
1451,0.30440196995611624
1452,0.12442417342231318
1453,0.04908733804615081
1454,0.0485810637304634
1455,0.17114460615932123
1456,0.23198222224262174
1457,0.06916936091927943
1458,0.15446350769753972
1459,0.07013053644646382
1460,0.012765731983852023
1461,0.16490994549304927
1462,0.0924303676824771
1463,0.31332447353582427
1464,0.017536981623197737
1465,0.3142385904359154
1466,0.09475124558875297
1467,0.018775726511823833
1468,0.321711155545778
1469,0.09813889218902787
1470,0.19966130548107033
1471,0.020878521790735526
1472,0.025495536016561234
1473,0.15758161368862159
1474,0.022231240287754365
1475,0.2771299411202545
1476,0.037445834416917304
1477,0.0784835176403798
1478,0.023821601786896174
1479,0.14661733450894246
1480,0.013944278049435628
1481,0.11048587630655977
1482,0.13992637323936044
1483,0.1234984235594892
1484,0.014299815259941976
1485,0.021327640320681893
1486,0.14723981175832612
1487,0.09327826951456943
1488,0.08795382884359937
1489,0.03822123037493685
1490,0.11850183788449323
1491,0.028058680117453647
1492,0.09327399531089967
1493,0.10705808882795745
1494,0.04710621623623041
1495,0.21308842115590262
1496,0.2092340624064625
1497,0.25686105354012856
1498,0.044693280748686094
1499,0.1639479102445048
1500,0.027752006664431728
1501,0.09397445081038547
1502,0.029586923300051485
1503,0.06038401190045851
1504,0.019735975491096826
1505,0.14206413782682153
1506,0.15557814077978863
1507,0.06279813338165069
1508,0.09715034924897237
1509,0.16513228504493213
1510,0.04896037372276955
1511,0.057778686541751494
1512,0.11399904938201409
1513,0.10455200036297148
1514,0.16593828819690293
1515,0.24139856942275548
1516,0.09860731882986445
1517,0.25994230522270284
1518,0.013893648872119484
1519,0.1836420241487518
1520,0.05187978642343694
1521,0.041483387023600764
1522,0.05273485458775394
1523,0.14405667653724744
1524,0.1532635526357874
1525,0.06555828555820215
1526,0.05822580492153787
1527,0.1211200920623951
1528,0.05392223068139959
1529,0.3220906408226282
1530,0.055666902744032104
1531,0.01563216173439369
1532,0.1963471635298299
1533,0.10412748155936585
1534,0.04604569123384415
1535,0.08468589080617524
1536,0.014327109451340742
1537,0.04146851266693265
1538,0.07134845882988149
1539,0.09829986608686513
1540,0.08237365899091734
1541,0.015843973956475268
1542,0.05468384900901518
1543,0.09501112430251339
1544,0.09113226157665269
1545,0.1532511617804199
1546,0.024994493129584825
1547,0.07441686884936477
1548,0.4737729812153507
1549,0.08893284294299368
1550,0.1675710249318438
1551,0.017428639628085715
1552,0.16720299497248178
1553,0.09621458338309026
1554,0.08713625319476967
1555,0.03165472049304086
1556,0.06100579495663343
1557,0.030723136376851843
1558,0.017550859474458638
1559,0.3638134194994216
1560,0.21558965265533978
1561,0.030922127938114826
1562,0.13929756747097582
1563,0.14731363424346117
1564,0.08675176261755044
1565,0.023631170957765613
1566,0.2142718415013184
1567,0.18606058537752207
1568,0.03975333818031116
1569,0.05470996728872872
1570,0.12939227225963773
1571,0.14833692751038172
1572,0.03745233876123312
1573,0.01496359651807153
1574,0.1795781503158929
1575,0.04427838969644065
1576,0.15339927724931707
1577,0.11671723624674717
1578,0.19196942291052402
1579,0.05791769275357195
1580,0.09712207185886254
1581,0.13838921901495596
1582,0.01695195595860083
1583,0.13598793821819752
1584,0.08054698787242857
1585,0.013369185855878986
1586,0.07151099238134224
1587,0.039580499933250496
1588,0.37792996727073563
1589,0.21818258754512
1590,0.1562313266856166
1591,0.07972944143422157
1592,0.07040610473009479
1593,0.10711988204676996
1594,0.1800131026478216
1595,0.016752262963611105
1596,0.03985565163631098
1597,0.19569692214036205
1598,0.03245703683957748
1599,0.17134031925506382
1600,0.07910196938342971
1601,0.025564405895058918
1602,0.08381123787751886
1603,0.03431939257414912
1604,0.048407133783067116
1605,0.036214711544161074
1606,0.1629648815266308
1607,0.11775712365267563
1608,0.024689982861899162
1609,0.09324934484915848
1610,0.23104006603981475
1611,0.06519828229236543
1612,0.13980156188604945
1613,0.126145685974914
1614,0.23504502507285566
1615,0.15458016397627375
1616,0.019929424521795785
1617,0.06268532042939667
1618,0.1501710881856102
1619,0.02332003831887724
1620,0.3172587386727322
1621,0.05605028736449493
1622,0.10508429361120977
1623,0.045518628372537624
1624,0.19249471373182442
1625,0.07059860352053443
1626,0.09252047064289481
1627,0.19376641950405382
1628,0.2070507656568887
1629,0.08241935681520762
1630,0.05367646632064647
1631,0.3273260623568933
1632,0.04368148189872693
1633,0.02192048365263342
1634,0.019959241214350665
1635,0.29841190794663186
1636,0.11146791790995399
1637,0.10241107735371648
1638,0.016665224744548453
1639,0.25718513303622476
1640,0.42082298560826875
1641,0.07522933431828505
1642,0.2948679093608586
1643,0.013578641653267328
1644,0.12073300895180664
1645,0.03464711900598539
1646,0.07198054379421687
1647,0.10320066317691748
1648,0.2388908376181153
1649,0.01423525417574366
1650,0.0733168619119819
1651,0.07399318466563465
1652,0.012885576456155007
1653,0.31673295890736713
1654,0.07614982983701084
1655,0.07931095126057021
1656,0.0542138840631063
1657,0.09754717061370949
1658,0.0460442194572039
1659,0.028199392146649824
1660,0.04558186840352118
1661,0.014833882300597824
1662,0.1947552414783829
1663,0.0936998920073548
1664,0.12165102269593789
1665,0.1064842038478307
1666,0.018739850765053825
1667,0.1508468123926565
1668,0.02885365299404299
1669,0.15736179683779372
1670,0.019282402118418866
1671,0.053482651255068854
1672,0.11639015807845116
1673,0.22318833035858424
1674,0.10221852955156367
1675,0.058874089130363946
1676,0.2015902143685622
1677,0.030097542088254315
1678,0.05339786285444187
1679,0.09852983579976786
1680,0.03639833468385089
1681,0.022033527825490815
1682,0.0422018858432932
1683,0.049738398604166394
1684,0.06568937881727847
1685,0.2500813021224575
1686,0.04605140029097228
1687,0.07682144489936685
1688,0.18398659229246347
1689,0.05923407291277418
1690,0.04223553866791061
1691,0.05760314378373248
1692,0.03065424371985426
1693,0.029555501070036388
1694,0.058106543966252006
1695,0.07925513046815787
1696,0.26977168750532043
1697,0.10246256684009813
1698,0.2240808161578692
1699,0.22413588994804395
1700,0.1235272785192924
1701,0.06337142163470147
1702,0.0569108201119547
1703,0.032490172068035526
1704,0.015915707848783836
1705,0.1931720959035597
1706,0.021086221270954233
1707,0.19677490010291307
1708,0.15564931912996502
1709,0.04606801431006116
1710,0.0968376836394237
1711,0.1255542924094484
1712,0.21170593943213062
1713,0.05698258430073141
1714,0.05749602374283427
1715,0.078662625520415
1716,0.1948616811403677
1717,0.01661265932193879
1718,0.06266971866997943
1719,0.09391708880802435
1720,0.16090321815020042
1721,0.3120014903736088
1722,0.044328219407181416
1723,0.045952839628613996
1724,0.10383289864198027
1725,0.13137341301486727
1726,0.06261183025790326
1727,0.016269803620252057
1728,0.11883342594987305
1729,0.0402818118497525
1730,0.1428346741506979
1731,0.15137937475939425
1732,0.12630340097085374
1733,0.11479710403831124
1734,0.08994352373733025
1735,0.12235826900969972
1736,0.18191791278640837
1737,0.025213864765787637
1738,0.035346594974038546
1739,0.030991567858334724
1740,0.3571781071813318
1741,0.07692056731246033
1742,0.1847356333521527
1743,0.07384079772547687
1744,0.17534896953647972
1745,0.11893444562072518
1746,0.07081754803485864
1747,0.22526714868468992
1748,0.1469291791250535
1749,0.15704928601791332
1750,0.019648528363009034
1751,0.09765157299547425
1752,0.1103019405510189
1753,0.17495519663008166
1754,0.25436311499288977
1755,0.03762657947280744
1756,0.021274694466076532
1757,0.11906455630013887
1758,0.0931872699503431
1759,0.04759026570129289
1760,0.28591369952885237
