,Portfolio Value
0,12085.425529147105
1,12070.452725123709
2,12012.015944289818
3,12103.96086758322
4,12496.075400695874
5,12721.378406907366
6,12454.610862065312
7,12817.588546416799
8,12736.722282025963
9,12807.302860452415
10,12773.291028173218
11,12855.595987990104
12,12774.51228152629
13,12738.630638210736
14,12562.79459791839
15,12550.556339958915
16,12899.15054854764
17,12775.276549676277
18,12897.718730732664
19,12824.145868315843
20,12520.409322442154
21,12557.685756135445
22,12499.763867459027
23,12781.343381649698
24,12944.030874442065
25,12944.668633761941
26,13026.610171036387
27,13136.18799894072
28,13086.682796008095
29,13054.331932356086
30,13130.761892592713
31,12711.120579312977
32,12891.821747122971
33,12854.94902874215
34,13078.255173667447
35,13291.21830113853
36,13254.3703538236
37,13224.618914425677
38,13168.213697928857
39,13057.2225309775
40,13329.686046562507
41,13322.95157891967
42,13033.036013545425
43,12967.567266527518
44,12973.676112755082
45,13108.353405003005
46,13135.238199278974
47,12857.227784672741
48,12727.00014188815
49,12782.377228194782
50,12977.650094394421
51,12909.202531657002
52,12863.473265571754
53,12487.380314542206
54,12287.225660858807
55,12164.400342435432
56,11931.692987506482
57,11918.184955591216
58,11723.747187135104
59,12093.476805821972
60,12193.09499221604
61,12154.987463184956
62,12028.449308745625
63,11920.029495977182
64,11903.435801384476
65,11963.350691736414
66,12164.57224887526
67,11722.217253584613
68,11651.549670970682
69,11574.166811778814
70,11405.062981613572
71,11586.825386883409
72,11654.127801203957
73,11960.706041959518
74,12074.33365577676
75,11821.785820238856
76,11868.827452597776
77,11715.522746654426
78,11715.581556696976
79,12134.827516950005
80,12140.225352909481
81,12214.408909523852
82,12289.310953960241
83,12398.835249296519
84,12297.000240191946
85,12126.653696893742
86,12149.179015658516
87,12393.56035950231
88,12625.322666464252
89,12591.63441092032
90,12599.387172407767
91,12213.386998736885
92,12206.324561473773
93,12282.766586219399
94,12114.135363790801
95,11958.350908808003
96,12069.450921242664
97,12031.184559284557
98,12154.975569562419
99,12157.738746298954
100,12197.354910981147
101,12314.136950279848
102,12235.47585764686
103,12326.006283063496
104,12538.6447576494
105,12674.628056290941
106,12659.860882959456
107,12736.016664251549
108,12758.238415868542
109,12652.187376033984
110,12555.213448340772
111,12610.166010970815
112,12701.207619457777
113,12759.158486049975
114,12909.524041821618
115,12893.9124573288
116,12895.87693704482
117,12872.694736293135
118,12932.404429335327
119,12966.233939909027
120,12910.514348854595
121,12872.520126345049
122,12900.206428340585
123,12932.375911827477
124,12930.370663668235
125,12947.719639634612
126,12777.139717518494
127,12676.828797897344
128,12735.88324287199
129,12654.50020123321
130,12642.709272225598
131,12596.138574791563
132,12399.275382390992
133,12245.692007488658
134,12124.809183898422
135,12402.644251758757
136,12392.833201500212
137,12424.72871396427
138,12526.81822295102
139,12482.387225123934
140,12386.679479594053
141,12345.7637723421
142,12586.702194843405
143,12596.612153991842
144,12459.115915397
145,12403.564688957613
146,12533.955443593351
147,12480.211357060589
148,12589.165676550261
149,12438.993119577059
150,12569.226669473665
151,12626.372845071246
152,12586.638770338213
153,12806.763492795948
154,12927.02978605183
155,12907.94856192825
156,12994.470263583056
157,13110.685012797123
158,13075.371751444796
159,13027.519812909806
160,13041.720619001844
161,13281.350321696427
162,13467.973373822737
163,13447.067416088132
164,13378.734101884347
165,13416.673827186702
166,13369.911453551902
167,13332.872866707727
168,13570.520188761377
169,13695.293412523642
170,13754.6562947751
171,13517.849162163158
172,13554.694319187738
173,13455.991031775704
174,13269.990871564169
175,13211.380528268593
176,13359.084285474688
177,13294.696757834115
178,13383.313158624358
179,13424.754784612494
180,13257.16215638637
181,13249.813399548197
182,13642.934542163903
183,13450.585532754994
184,13516.186670877585
185,13575.48140670604
186,13448.798533749536
187,13323.120523754264
188,13278.444155005509
189,13441.37172713127
190,13407.318537949339
191,13274.277073481364
192,13597.10075707834
193,13550.021500244527
194,13475.826056543261
195,13294.401565169832
196,13312.126325041814
197,13324.96129073119
198,13751.336609940425
199,13766.221304185547
200,14094.639056491636
201,14395.85343963117
202,14418.020431119261
203,14543.733725431317
204,14547.373393984832
205,14740.718098193673
206,14795.659477775316
207,14818.184403611938
208,15628.104402035766
209,15775.543103246517
210,15907.579284497568
211,16081.86218331537
212,16074.864310996474
213,16171.02749465179
214,16291.292916983592
215,16472.12178294803
216,16447.914468398012
217,16513.731574352896
218,16598.03824472361
219,16408.89325481652
220,16420.828064139074
221,16443.846887148782
222,16652.495926030955
223,16611.277255929854
224,16698.307051010786
225,17108.570888597387
226,16871.049470982543
227,17074.942715103665
228,17288.039927069338
229,17213.120914981897
230,17332.049372147878
231,17306.171006956905
232,17293.559603919915
233,17408.63368297971
234,17498.134294965883
235,17695.19989393379
236,17328.434840929724
237,17275.47345915834
238,16931.95748279611
239,16805.452434911476
240,16704.31619997965
241,17140.063769811735
242,17417.72490736599
243,17422.68331176872
244,17482.673577114125
245,17218.37868150592
246,17326.36829766129
247,17459.112674839685
248,17477.44442784024
249,17404.64119283243
250,17327.497919014004
251,17386.60481841273
252,17307.36533183923
253,17330.10146442602
254,17711.46750768205
255,17810.283332305735
256,17547.858925993685
257,17634.720298514414
258,17630.327711648286
259,17472.783223261344
260,17296.322278293657
261,17476.59626249916
262,17631.125301722088
263,17612.349301442046
264,17808.540497059996
265,18097.097575709595
266,18357.682898920662
267,18191.042084969034
268,17974.129133150087
269,18058.818898634217
270,18196.254654408283
271,18326.415427670974
272,18707.132243082124
273,18584.51483674452
274,18629.529432522988
275,18611.620349612298
276,18546.732010781732
277,18646.59278412148
278,18548.212375280113
279,18548.749282329038
280,18538.85616168356
281,18683.457267127615
282,18764.24480962257
283,18862.253361077048
284,19168.704055641327
285,19304.670784752496
286,19143.43869384073
287,19323.47746520717
288,19348.511434791275
289,19213.689680505977
290,19521.734852687834
291,19432.52762237544
292,19411.4284547703
293,20088.616735633554
294,19800.220735001414
295,19865.560966917023
296,19656.414865067603
297,19657.968214596513
298,19815.954854680713
299,19764.00852349591
300,19948.722599452194
301,20029.611408744826
302,20086.817879883838
303,20348.319504514493
304,20325.376526836524
305,20233.028763437607
306,20225.77497756532
307,19839.659232105092
308,19652.85186716284
309,20133.890732949352
310,20243.591949456255
311,19994.81448547032
312,19722.276471263198
313,19785.048723619704
314,19824.291092561365
315,19904.628730365435
316,20126.881314364895
317,19870.3689046336
318,20086.02957892016
319,20291.224330238125
320,20242.137646847725
321,20272.189122367065
322,20232.362106320426
323,19937.312195637947
324,20325.432071939584
325,20602.91049893513
326,20496.571329091283
327,20516.537013511508
328,20582.07322453813
329,20108.27199558022
330,19969.507622864177
331,19974.716532798033
332,19595.4787680241
333,19880.373959991448
334,20036.751891831012
335,19771.949667837373
336,19899.140591056523
337,19955.467900558197
338,20153.144160970474
339,20036.031500508718
340,20049.480853895646
341,19930.12150690258
342,20047.01212600755
343,20260.662997181018
344,20333.49029679689
345,20356.013333374318
346,20325.31946785708
347,20297.470828176636
348,20236.625746169324
349,20172.77615702545
350,20403.27639985731
351,20299.907488660836
352,20246.586218109718
353,20200.410872522058
354,20006.34221245585
355,20123.215889279538
356,19828.99171658783
357,19797.211360573652
358,19611.16973587426
359,19571.42021223715
360,19642.6572787397
361,19660.86814239192
362,19575.965475745907
363,19325.919248630427
364,19418.76640441374
365,19580.695546126506
366,19965.462058332734
367,19893.284905768574
368,19946.433332078625
369,19902.578122222087
370,19576.31825722374
371,19445.688729864873
372,19480.900674474076
373,19061.778708120684
374,19161.54123351712
375,19314.584231669316
376,19365.29878047595
377,19440.34305758829
378,19933.23292736816
379,19654.785581782682
380,19767.750461438667
381,20085.447298768577
382,20615.89947120403
383,20888.04800381048
384,20784.463095973522
385,20948.37904714685
386,20955.591196182533
387,20955.78278940758
388,20874.986353898425
389,21037.02935962875
390,20902.252986945245
391,20585.073053994576
392,20342.70029987435
393,20422.372105126367
394,20438.950876115992
395,20399.50732019788
396,20486.14927681968
397,20487.54899041445
398,20707.487795542278
399,20959.496736378373
400,20440.938166962384
401,20167.71177099049
402,20405.89827855109
403,20392.09225040304
404,20656.320956278512
405,20604.3223328083
406,20504.52723699105
407,20963.908513965653
408,20876.642778215988
409,20719.336193703086
410,20272.467484130295
411,19635.448238906883
412,18746.00361714179
413,18928.490460780602
414,19898.39527515205
415,20505.610217243247
416,20896.899549510923
417,20782.944719080126
418,20545.621524782247
419,21126.30378677477
420,20931.640283856927
421,20740.319267978557
422,21284.142028456707
423,21003.030982483753
424,21645.558622949604
425,22024.86324238932
426,21863.95718071684
427,22153.573024025638
428,22248.376509546913
429,22194.246183938074
430,21705.42998024028
431,21517.207997755926
432,21429.73992349929
433,21701.18374425592
434,21360.5951852303
435,21254.85749512288
436,20495.6479051128
437,20894.871829181007
438,21460.776473604765
439,21928.710335690077
440,22407.34272597519
441,22409.09985940812
442,21821.058737225045
443,21531.128630787527
444,21544.178924406406
445,21863.48582197436
446,21913.484637292142
447,21608.094408663434
448,21689.557032473458
449,22247.692063171566
450,22109.635920807843
451,22457.10082028386
452,22391.63067988433
453,22437.345810635103
454,22821.726712566677
455,22742.811843020438
456,22987.078832114254
457,23317.085327256224
458,23530.39996734255
459,23326.540929496572
460,23340.103903915613
461,23763.772427174397
462,23685.798020313887
463,23330.730409961467
464,23222.187003076575
465,22337.067030496924
466,22411.19969703822
467,22717.357361707163
468,22449.63337210862
469,22296.692201274767
470,22402.199186004822
471,22709.95232726892
472,23219.490345771606
473,23735.98833498911
474,23777.3699689267
475,23541.826596987295
476,23560.328875457737
477,23355.908445215624
478,23579.294316639556
479,23778.57342183551
480,23458.57123249338
481,23333.43888172662
482,23401.491305261792
483,22977.188414039516
484,23389.621043235667
485,23329.383909925487
486,23633.260092117154
487,22770.52958800086
488,23100.63119538778
489,22730.638339892328
490,23096.14146598225
491,23396.573802690476
492,23745.03409773258
493,23419.779043340433
494,23041.7057780158
495,23183.828280585174
496,23049.73872443368
497,23246.40782204019
498,23074.981828004555
499,23060.62947282415
500,23269.11801822682
501,23094.615074988422
502,22959.449817670007
503,22402.36520422303
504,22473.756039382308
505,22234.46370885043
506,21488.57095049602
507,21188.75705007511
508,21216.67668094174
509,21195.323526408436
510,20308.565645081097
511,20645.908526811538
512,20141.188029031062
513,19942.4513980434
514,19875.40589972328
515,19941.922458087123
516,20624.567167745663
517,20281.3623834061
518,19874.059477648043
519,19719.92991704837
520,19373.519897207545
521,19770.349651736404
522,20081.765515528692
523,19661.567604231517
524,19561.70909269048
525,19543.5447591647
526,19583.93611971339
527,19786.79499953019
528,20035.8018857071
529,20050.11818782815
530,19463.74002197887
531,19952.807991754024
532,20332.18518872966
533,20738.185504075
534,20246.809591860812
535,20420.08846522117
536,20630.85009110858
537,20494.63100628314
538,21026.36549855139
539,21097.127576363862
540,20623.7426649163
541,20648.33613017568
542,20638.591919006718
543,20788.487296219835
544,20751.451546001583
545,20551.402483539277
546,20441.281099400494
547,20354.22180774704
548,20444.05676129486
549,20437.111435704814
550,20402.08343789757
551,20711.36653150908
552,20489.70092420655
553,20150.61463765584
554,19952.20303471098
555,19861.50686406415
556,19995.11519981271
557,20454.848671208678
558,20390.830822541342
559,20253.197434061673
560,20336.171873729618
561,20336.075612547116
562,20634.596658179224
563,20741.172947334548
564,20958.65065356335
565,21115.805506846744
566,21084.63864117935
567,20980.7331510632
568,21599.166223976044
569,20979.596149454235
570,20841.4870625404
571,20557.38554475572
572,20854.10482945758
573,21156.949834406907
574,21063.118829622792
575,21124.80213640212
576,21139.791414519754
577,21076.530997507063
578,21144.082202452246
579,20945.476653580754
580,20746.912199081646
581,20883.520595167753
582,20749.725943271507
583,20550.709304281943
584,20444.591796993263
585,20187.188874761952
586,20546.148663839434
587,20392.224371721364
588,20151.973191517343
589,19976.49901723924
590,19877.48551073774
591,20284.69697863501
592,20427.83137729836
593,19992.085958223117
594,19947.2431078323
595,19978.870659633678
596,20360.977645054634
597,20083.687499277574
598,20026.301993156383
599,20049.884884926138
600,20217.508683269578
601,20507.939140116392
602,20627.198089827463
603,20966.691154027576
604,21391.29440261035
605,21569.116703028823
606,21531.644427789197
607,21897.137918771754
608,21980.431967762415
609,21844.932998822514
610,21939.409586911468
611,21735.240882560236
612,21842.165639370327
613,21798.386569023845
614,21770.59641362355
615,21758.75549311087
616,21832.004542255803
617,21726.600270753726
618,21906.923168409383
619,21590.0458331896
620,21762.155191138663
621,21732.852188113247
622,21897.18694605818
623,22189.538205787692
624,21722.386628321507
625,21101.06930907676
626,21654.938361788765
627,21982.161271603934
628,22082.924889208032
629,22089.965870454864
630,21896.23587861846
631,22178.297965758604
632,22866.569950982463
633,23272.5380123228
634,23311.292091135154
635,23272.247759844853
636,23141.719063221622
637,23120.357065434844
638,23256.942604871547
639,23363.48367302719
640,23292.365805441143
641,23778.254148168904
642,23809.797781277965
643,23720.40257837135
644,23756.82684640277
645,23790.44730077983
646,23841.152352953774
647,23807.15743725618
648,24066.61153744319
649,24067.45299317356
650,23858.786739361814
651,24017.851965225855
652,24005.9100819127
653,24171.51113976821
654,23955.721808951705
655,23777.671903851944
656,23530.55999644001
657,23341.512686432576
658,23444.73707506833
659,23376.09461793917
660,23117.773756501927
661,22933.355119038595
662,22880.701333776466
663,22899.581188601558
664,23528.145631331623
665,23466.939464255585
666,23542.580150450816
667,23059.737427664448
668,23061.87203496183
669,23093.613725055042
670,22881.838466857334
671,22901.621405727397
672,22350.23236968445
673,22614.155143570082
674,22771.083094002373
675,22471.426508226334
676,22210.521396427444
677,21763.375813545008
678,22017.363019124336
679,21786.40007313787
680,21838.43044951558
681,22033.376220104976
682,22163.27874064727
683,22239.55111379675
684,22389.718746026832
685,22567.74716857576
686,22922.91697681683
687,22847.019447877406
688,22712.35377299379
689,22691.752139583805
690,22831.4067191703
691,22579.203569133704
692,23244.05258576445
693,23217.919400973857
694,23063.85100570009
695,23074.659244669117
696,22951.068332093862
697,23234.155388254178
698,23208.163490339917
699,22934.56555603715
700,22750.564789117012
701,22687.806381764793
702,22436.699840241614
703,22296.32649521999
704,22477.184486969873
705,22444.75608199676
706,22543.133211590084
707,22372.82681601286
708,22663.726483089977
709,22485.59101281277
710,22490.48713342071
711,22453.841029178962
712,22382.00520589512
713,22248.434594064005
714,22525.47104166838
715,22175.594449540084
716,21628.500021120362
717,21857.062666497433
718,22457.832004441727
719,22714.906466763
720,23671.04751605367
721,23695.317741397674
722,23948.190778210923
723,24254.10841455112
724,24064.276988119178
725,23977.02831690106
726,24085.359243311468
727,23873.970426221902
728,24422.70262985122
729,24420.80405168637
730,24295.460083110083
731,24369.141602952852
732,24135.852335985914
733,24150.9587483136
734,23827.612519738486
735,23646.06073761527
736,23860.922444089058
737,23983.424222618523
738,24120.480261637123
739,23933.735479277937
740,24368.272369871047
741,24359.730665762538
742,24442.271065043984
743,24435.945900169903
744,24432.38431373827
745,24715.829698390982
746,24596.847276832916
747,24883.5674989521
748,24978.320549141794
749,24646.908011555235
750,24686.617670466003
751,24821.27326246622
752,24783.980291756616
753,24595.50669763551
754,24681.539232755153
755,24459.673358508786
756,24596.77690833696
757,24648.643728394843
758,25035.079966680678
759,25339.555668373534
760,25766.145735403694
761,25882.46602942139
762,25611.07183114723
763,25865.013048216955
764,25875.97067185103
765,25576.240301048863
766,25690.932571288584
767,25873.738548139307
768,25889.529843381817
769,25751.0570381951
770,25858.05901917054
771,26067.341002101173
772,26039.654541668955
773,25931.14108052115
774,25936.269393881084
775,26168.617616859865
776,26215.697296207924
777,26247.65269352363
778,26226.77858780605
779,26055.76741170334
780,25984.86919779844
781,26415.498546566
782,26687.347851914434
783,26699.580356325365
784,26674.3546359407
785,26915.27540498043
786,26949.839658835892
787,26932.65552753579
788,26968.917326575098
789,27205.288111517624
790,27119.26973385171
791,27149.797455796463
792,27973.218126862565
793,28115.908989367483
794,28001.692335287844
795,28076.413553708295
796,28074.929840197743
797,27727.38453065126
798,27213.97073390393
799,27149.712401718127
800,27206.639447235677
801,27272.72601834815
802,27963.508590203885
803,27997.567858846298
804,28053.185912163222
805,28289.82205617008
806,28113.870272177657
807,28139.904293142296
808,28154.20764107903
809,27659.849479263416
810,27785.507392042222
811,27531.0694923812
812,27479.455221417455
813,27509.51847732468
814,27556.727516542036
815,27605.724361449138
816,27562.985080813392
817,27155.77302783598
818,27594.992002175808
819,27754.57721603012
820,27619.45729449944
821,27756.115995454333
822,28259.34001039878
823,28247.09927951542
824,28143.20011002533
825,28230.93174410345
826,28353.104805801602
827,27374.16276528903
828,27386.89152605392
829,27285.33758031466
830,27236.60798345761
831,27277.29495601754
832,27505.21270439958
833,27572.330551581857
834,27969.005362457057
835,28127.690531299355
836,28144.597250230952
837,28155.3560571594
838,28209.967160134096
839,28300.99376334509
840,28697.075285982883
841,28254.154402597575
842,27138.96802845012
843,27351.324220802417
844,27091.876381988415
845,26935.688947828596
846,26825.047999222083
847,27025.633912609886
848,26992.08164520418
849,26942.417217943475
850,27608.690844962075
851,27831.333043591454
852,28174.08190620388
853,28328.7788428492
854,28535.00857872019
855,28748.238311817568
856,28850.04081285654
857,28579.996927796812
858,28648.763899392732
859,28664.401833314143
860,28882.323178761097
861,28349.381790609783
862,28154.425899123213
863,27985.52102259816
864,27910.672827407165
865,27752.009709397524
866,27458.419765246224
867,27697.67476057541
868,27939.132203197536
869,27852.84013448211
870,26726.151980853334
871,26633.947955533098
872,26705.116454684125
873,27029.768075297736
874,26718.48079335767
875,26445.776012352093
876,26708.55042073502
877,26293.993354235216
878,26661.029629108587
879,26275.333564151682
880,26296.251277874457
881,26190.40444620055
882,26217.854904398773
883,26070.281182506507
884,25938.730874649656
885,25590.769270678902
886,25841.365090854124
887,25983.712129982134
888,26156.769075772216
889,26132.922233356603
890,25917.569780819766
891,25766.978365251278
892,25712.503537144366
893,25987.863957843147
894,25949.532831649223
895,26263.142219613197
896,26180.26076012965
897,26230.75350099162
898,26029.098973099255
899,26283.79048103981
900,26576.85902825367
901,26524.686445141026
902,26528.110545475593
903,26243.943443827055
904,26398.593842173916
905,26672.579880577458
906,26669.801094379603
907,26543.276721352733
908,26158.372598164526
909,26271.92160020174
910,26534.07582438661
911,26428.29840424518
912,26613.31839588498
913,26356.46527870705
914,26134.08111941981
915,26121.632226009893
916,26480.868409364215
917,26518.739780059528
918,25841.327288004264
919,25785.459962533256
920,25921.12436311916
921,26101.57551665009
922,27253.42575580675
923,27405.27913038929
924,27611.835401240263
925,27627.016954128703
926,27600.867510918903
927,27596.984514393876
928,27033.749138348227
929,26679.64508831985
930,26859.58818095209
931,27187.06229855332
932,26959.447266742332
933,26908.412026819795
934,26706.10566776731
935,26670.12606864725
936,26537.3139044497
937,26430.338844129532
938,26001.514125690752
939,26044.453103168682
940,26210.707878782112
941,26323.021936459067
942,26543.65085421245
943,26835.073400087924
944,26916.44238476283
945,26678.103301689942
946,26774.033361314734
947,26958.453383733435
948,25928.727230938497
949,25586.578117901896
950,25863.015180400518
951,25608.251690914913
952,25667.566375890805
953,26037.160085352174
954,26141.198542650905
955,26050.37192921841
956,25922.72929698079
957,25987.00708344704
958,26189.180146191793
959,26247.90039272681
960,26306.46353029579
961,26341.159213267634
962,26470.936818088754
963,26519.81683052642
964,26171.16226369873
965,26164.581835758807
966,26073.694106732317
967,26264.824970368303
968,26336.671283615557
969,26290.429699943335
970,26634.16766898451
971,26679.361276802607
972,26524.257149752695
973,26873.087954980016
974,27022.018171988937
975,26853.65208813816
976,26573.67276128707
977,26864.606469573162
978,26804.704276821456
979,26494.509222510394
980,26597.589179398303
981,26515.552206109704
982,26418.161101386708
983,26360.406967335963
984,26257.931207247773
985,26587.51850223734
986,27480.379502061463
987,27452.542141386657
988,27657.892848914456
989,27496.494172675342
990,27462.208487985692
991,27444.316677765186
992,27819.782241536086
993,27962.939997905647
994,27712.031453608084
995,28020.40685810829
996,27645.963726356713
997,28205.732339835464
998,28013.419760866003
999,27769.681840888803
1000,27599.173180224494
1001,27770.11822626346
1002,27700.431468001465
1003,27655.409652268456
1004,27734.552352342358
1005,27666.994906045213
1006,27558.61148324057
1007,28624.724438230634
1008,28853.457626538715
1009,28444.600356493786
1010,28409.48392827168
1011,28559.28740702113
1012,27957.091188631268
1013,27948.48920898851
1014,27774.589576929902
1015,28106.60747540192
1016,27814.71837434759
1017,27765.136111344033
1018,27814.35448558283
1019,27964.65287067939
1020,28248.22599712442
1021,28236.281475755175
1022,28377.28986358142
1023,28652.554531819394
1024,28886.765694805203
1025,28697.220156707037
1026,28585.916693643347
1027,28173.503107889046
1028,27977.23989181596
1029,27366.91061069713
1030,26475.106245828527
1031,26926.852752421015
1032,26635.960066463613
1033,26127.117263596
1034,26364.10876512903
1035,26804.408778598197
1036,27175.47183825514
1037,27475.378078148184
1038,27473.46704450666
1039,27529.226780568475
1040,27102.26982692028
1041,26865.538035884583
1042,26990.59590225039
1043,27571.734387178927
1044,27747.612081234947
1045,27399.56388947578
1046,27323.325852078262
1047,26953.11633005007
1048,27262.220565342148
1049,28069.2551117174
1050,28077.628120558184
1051,27735.8496981285
1052,27584.35452412858
1053,28054.031026701392
1054,28139.15725436355
1055,28007.38083594164
1056,27592.75589593825
1057,27348.27520696967
1058,27464.717197171965
1059,26946.909550544882
1060,27306.26711157805
1061,27412.2925109492
1062,26739.35163046523
1063,26392.11663000561
1064,27352.410094589573
1065,26872.688577364745
1066,26918.1019949311
1067,27152.64776592873
1068,26304.09114700144
1069,26507.46627584194
1070,27010.64870888844
1071,26973.633122828825
1072,24902.485131361296
1073,25123.27651849464
1074,25435.142570262826
1075,25390.824258912326
1076,25995.32817250992
1077,26034.55927396104
1078,26512.889799682755
1079,26650.99328824065
1080,26634.64776074497
1081,26386.01190433277
1082,26172.834077057345
1083,26130.505329902528
1084,25516.260131868963
1085,25735.39451393832
1086,25828.62447769203
1087,25988.330202607354
1088,25895.396404618245
1089,25769.331019263554
1090,25598.36113479809
1091,25733.56401466138
1092,25828.776406970217
1093,25818.6511840214
1094,25933.229910647577
1095,26238.37518282915
1096,26288.14222338778
1097,26479.062101647178
1098,26595.85478980958
1099,26573.423038779823
1100,26807.33731199407
1101,26813.525649384494
1102,26924.50438546334
1103,26838.06839008379
1104,26763.77109920285
1105,26692.601279864735
1106,26769.988197697567
1107,26999.202735756928
1108,26649.099680732565
1109,26977.36082801677
1110,26883.01783695367
1111,26744.257473051865
1112,26854.861570491048
1113,26893.819063310235
1114,26904.62902526107
1115,27320.241047911368
1116,27594.20815041453
1117,27516.437112007487
1118,27698.017579744926
1119,27622.799828108935
1120,28165.87195522793
1121,28390.35434132695
1122,28046.607467584232
1123,28319.444955264655
1124,28395.406897544297
1125,28483.88428788691
1126,28762.423155392593
1127,28484.08263142858
1128,27746.376695340885
1129,27586.963334526103
1130,27541.686045230454
1131,27711.315856502584
1132,27926.877072969575
1133,27805.654430002705
1134,28105.574653908327
1135,28421.71375911909
1136,28634.46697424113
1137,28535.354100727214
1138,28481.22952378798
1139,28843.237287869488
1140,28978.850022543527
1141,28810.52329083744
1142,28845.16615177274
1143,28870.38266128367
1144,29025.57409750009
1145,29020.70696798589
1146,29018.082679251445
1147,28997.13779957492
1148,29325.539950866943
1149,29370.269183698947
1150,29036.53620054169
1151,28981.595534858003
1152,28755.470997973243
1153,28529.368530035503
1154,28859.628707207597
1155,28858.039286028084
1156,28818.369282415566
1157,29113.11206199252
1158,29273.015879492472
1159,28825.995446904453
1160,29028.12141711071
1161,29005.273612848072
1162,29379.10453718679
1163,29408.318419464267
1164,29668.564693428183
1165,30019.914531500264
1166,30177.98731910746
1167,30357.55234645089
1168,30400.053528809225
1169,30397.08138179531
1170,30706.87419181318
1171,30929.174100838234
1172,31147.388647359105
1173,31173.300624633106
1174,31174.61172806219
1175,31416.5761104375
1176,31506.309233233704
1177,31625.447486107856
1178,31526.84507595197
1179,31620.366449573445
1180,31702.620318349618
1181,31634.81934573
1182,31448.840855095976
1183,31544.16667368142
1184,31193.25591888461
1185,30740.126794576907
1186,31043.759901254332
1187,30903.643044793127
1188,31114.974504169266
1189,30997.12181290993
1190,30857.906328865847
1191,30729.247013634704
1192,31097.816468361703
1193,31354.356987473762
1194,31424.79302259032
1195,31373.146920403287
1196,31677.005960640432
1197,31571.60457341618
1198,30893.0862399384
1199,30182.97907080745
1200,30517.02986364551
1201,30685.26546399871
1202,30133.275936668317
1203,29722.68769972815
1204,30350.490425704906
1205,30091.866664579007
1206,30739.72225341495
1207,30838.773627831208
1208,30748.473189113924
1209,31059.07628269652
1210,30903.996729109444
1211,30856.28956904247
1212,29859.771535917054
1213,30694.227627181812
1214,30086.43805470958
1215,30344.568138445633
1216,30556.29734776061
1217,31059.950412671064
1218,31556.59137713533
1219,31375.607818203618
1220,31782.615468157837
1221,31959.265641198257
1222,32356.46961960889
1223,32161.39365802503
1224,31482.30895784311
1225,30645.578942830583
1226,30795.80561748548
1227,30797.45212366524
1228,30685.051426069993
1229,31043.848379498617
1230,30532.55571011389
1231,29717.206573833868
1232,29709.54413674301
1233,29951.208160627022
1234,30239.249917642053
1235,30629.194432288692
1236,31199.24159455436
1237,31118.94355633969
1238,31075.81158092719
1239,31705.82588739082
1240,30818.497021045234
1241,31254.88480461977
1242,30644.032768682966
1243,30655.41302400254
1244,31063.852528896503
1245,31640.33462042654
1246,31467.125140726537
1247,29596.908919534635
1248,29043.755211844375
1249,29055.60977459838
1250,28644.82897824262
1251,28102.81204454875
1252,27174.425680973538
1253,26780.250907847178
1254,28158.687742744805
1255,28425.78351490844
1256,28485.545717248453
1257,28855.413261093356
1258,28959.275146421824
1259,29348.940879941823
1260,30237.839959203295
1261,30525.975270845694
1262,30752.81576503835
1263,30696.67403933092
1264,30917.973366602062
1265,30876.989092858777
1266,30695.82500580273
1267,31676.444084183924
1268,31338.49386687526
1269,31802.536727905033
1270,31908.32682007437
1271,31648.72758498115
1272,31378.680396501095
1273,31607.424413553344
1274,31778.908369268618
1275,32016.38323811074
1276,31861.844050178166
1277,32027.59574002831
1278,32392.800196219836
1279,32334.677374830637
1280,32238.40552022535
1281,32222.148340451175
1282,32224.0417617773
1283,31742.586785812775
1284,31767.882755272152
1285,31744.830987734633
1286,32214.130224329212
1287,32181.30640520769
1288,32763.795645174534
1289,33124.18656662079
1290,33255.06746176199
1291,33109.838092194914
1292,32906.46601880015
1293,33193.19411586908
1294,33588.79212886958
1295,33463.01057827898
1296,33624.886191980244
1297,33638.24099962627
1298,33862.60611948987
1299,33395.94108975527
1300,33430.72631974522
1301,33157.18490202777
1302,32881.029614426705
1303,33834.609443790294
1304,34173.30360117669
1305,34576.255583659484
1306,34994.16771095519
1307,34713.176451399246
1308,34776.08116006463
1309,35187.93506425245
1310,35239.54337792018
1311,35283.248533254606
1312,35630.708809624535
1313,35210.09412524348
1314,35258.66224098864
1315,35622.24779480368
1316,35575.67696958335
1317,35699.98746958662
1318,35819.390236929015
1319,36029.74216270116
1320,35680.73643156388
1321,35639.85407818049
1322,35474.511360411765
1323,35872.26738537297
1324,35864.1069247555
1325,35447.75799838861
1326,35613.04861159183
1327,34822.25472468052
1328,34729.39989258844
1329,34889.484699953886
1330,34631.488297158736
1331,34376.27779505564
1332,34361.116074449186
1333,34106.22488868431
1334,34610.2664373954
1335,34718.03023719148
1336,34553.663138278585
1337,34486.64280384946
1338,34385.78683623867
1339,34966.51965739467
1340,34901.90590194232
1341,35228.4717023039
1342,35612.32822816513
1343,35798.047137745845
1344,35139.743043338945
1345,35182.18781658338
1346,35229.25995938731
1347,35255.22716594015
1348,34354.44988442516
1349,34473.57246565215
1350,34674.354309908755
1351,35054.898406435816
1352,35037.478785061445
1353,35011.68832340382
1354,35394.71167172497
1355,35416.234850171684
1356,35711.75641389867
1357,35685.06294160596
1358,35581.25348278061
1359,34586.83178701608
1360,34931.56636264289
1361,34734.920529986506
1362,35002.3050350023
1363,35562.59303736208
1364,35650.82415122386
1365,35728.9114519109
1366,36257.373986313905
1367,35746.60864680479
1368,35579.87691338933
1369,35631.58583856867
1370,35923.26223843304
1371,36109.02589906071
1372,36894.92682491585
1373,37396.88244560129
1374,37548.477566105765
1375,38029.07602144261
1376,38405.964481579984
1377,38253.03057134712
1378,38305.92292470046
1379,37919.91471607471
1380,37880.355369744815
1381,37807.674062653416
1382,37807.950648934464
1383,37891.41418944359
1384,38452.698839203396
1385,38235.93217444571
1386,37800.233730652864
1387,37931.90628687374
1388,38061.82276469541
1389,38120.13509643098
1390,38303.40398742826
1391,38553.63318696619
1392,38357.95224743067
1393,38486.08368119669
1394,38802.75417684412
1395,38632.96079748079
1396,38750.78013696794
1397,38140.34243032581
1398,38279.015410766515
1399,38134.475197603126
1400,38523.05581814697
1401,38417.35180421772
1402,38983.41659018552
1403,38578.93292454134
1404,38476.70993630592
1405,38073.10183324208
1406,37007.17099764791
1407,37649.31277478514
1408,37721.530473172024
1409,37870.05390253859
1410,37931.04838515194
1411,37936.39699415295
1412,38448.56533173144
1413,37391.487110517104
1414,37666.05220975682
1415,38224.21217892012
1416,38589.101681245316
1417,38286.566409623694
1418,38902.97843712228
1419,39185.9190475637
1420,38135.74783124247
1421,38661.67123962127
1422,39573.9057377584
1423,39899.05736507917
1424,40224.77937404899
1425,39970.330463073726
1426,39528.254253637286
1427,39319.44037713648
1428,39667.665299340115
1429,40234.35235064108
1430,39819.42418090475
1431,39495.853724332985
1432,38948.64881348994
1433,38445.59136722841
1434,38667.60353761412
1435,38628.427648449804
1436,38968.37715533121
1437,38944.474466639665
1438,38505.80783084378
1439,38690.95369554971
1440,38454.20238584887
1441,38405.69421337464
1442,38267.98836106598
1443,38101.086483243314
1444,37729.46341810476
1445,38202.86297411854
1446,37847.429325393474
1447,37889.64349452178
1448,38544.89871735527
1449,38721.447452279055
1450,38891.04362992316
1451,38731.97888796124
1452,39133.39960218408
1453,39395.00612039646
1454,39505.739717983146
1455,39806.198378249224
1456,39987.2816716567
1457,39971.09527256738
1458,40245.78847493367
1459,40338.64328765365
1460,40391.492446912125
1461,40299.06779035214
1462,40040.0413939618
1463,39937.54731412549
1464,39899.13710456014
1465,40451.232671241945
1466,40698.249784456406
1467,41103.240748297736
1468,40911.33454362143
1469,40784.895784690336
1470,40997.315259962816
1471,41132.04603071578
1472,41254.46878971568
1473,41478.86641719884
1474,41564.29773853342
1475,41377.799686359125
1476,41713.84817167437
1477,42141.031389153184
1478,42033.019745724916
1479,42107.65570760165
1480,42295.665279770765
1481,42116.18214821986
1482,42069.79742469881
1483,41963.03439722758
1484,41979.789678390734
1485,42509.17730789795
1486,42695.231504833355
1487,42713.771140181394
1488,42635.932765121644
1489,42430.348744185874
1490,42251.70590444877
1491,42454.954634487716
1492,41982.10133944967
1493,42213.15470913436
1494,42276.77052283332
1495,42451.76214857737
1496,42299.85469235957
1497,42185.173429115865
1498,41450.48488392903
1499,41762.93681308564
1500,41733.64265466428
1501,41503.884171565325
1502,41596.19594357152
1503,41458.60038508237
1504,41294.377478489456
1505,41578.31785692007
1506,41433.79222665602
1507,41248.639301549374
1508,41338.70910249845
1509,41114.18048511932
1510,40669.58948180282
1511,39428.55396942759
1512,39312.17862516355
1513,39246.4173385145
1514,39425.26769575013
1515,40079.350655139184
1516,39625.79698115272
1517,39954.363992413266
1518,40438.57412127726
1519,40364.80972925305
1520,40524.66080230847
1521,40610.95579163969
1522,40564.127064777975
1523,40467.28782534488
1524,40463.2963511046
1525,40040.908556709066
1526,39831.30916617201
1527,39998.65270051846
1528,39595.206491779376
1529,39326.374140603664
1530,39089.25636709885
1531,38852.02116190142
1532,39238.577104707976
1533,39893.44956961729
1534,39945.672586928915
1535,39849.74214753008
1536,40052.94625908263
1537,39896.360948134105
1538,40103.417032986654
1539,40718.412806883374
1540,40798.16002677922
1541,41218.362881585585
1542,41897.94086237764
1543,42042.04970022619
1544,41693.03021166916
1545,40738.00112590405
1546,39788.575069423256
1547,39966.65883229926
1548,38611.81389020475
1549,37552.89798173316
1550,40692.56108931273
1551,39951.46460059701
1552,41590.72470439259
1553,40913.23214974231
1554,40119.18834407991
1555,38430.88202102987
1556,39639.79013939166
1557,38190.79466364746
1558,36265.034270745826
1559,39116.45409913374
1560,37266.55394754194
1561,39693.42566617023
1562,38827.25206449779
1563,38587.519088381356
1564,37567.37503977049
1565,36592.94389892796
1566,37537.21144218532
1567,37870.0318336553
1568,39478.346279964906
1569,38097.740111567
1570,39132.04937144994
1571,39045.856929546986
1572,39250.42302860058
1573,40051.01891749819
1574,40004.961485670516
1575,42470.8015744381
1576,42547.8363722556
1577,42906.905876450845
1578,42208.9037396314
1579,42351.940068036034
1580,44069.61148360316
1581,43766.047856192046
1582,45494.542510693645
1583,45670.48321510191
1584,45278.97450652547
1585,44102.97939791388
1586,45128.035373759725
1587,45034.98500780142
1588,45638.22430830037
1589,45408.67203166077
1590,44117.30360183959
1591,43998.185712552426
1592,43676.22875468638
1593,43520.08663322739
1594,44043.7631839097
1595,44093.695390314504
1596,43658.865132662555
1597,43405.92243003882
1598,43352.98990111494
1599,44293.6407826836
1600,43399.36234274461
1601,43142.28566342887
1602,42693.14766889316
1603,42808.16895879201
1604,43149.14881224636
1605,43174.26654635185
1606,43727.20674424894
1607,43610.877870451804
1608,43746.42686917925
1609,43932.66975666902
1610,43882.28471473104
1611,44448.342903552875
1612,44552.91787830276
1613,44522.677613410364
1614,44279.02262929661
1615,43979.566430883504
1616,43835.92684726604
1617,43875.129837447836
1618,43612.19334243123
1619,43184.2246173765
1620,43310.53841217584
1621,42359.263137785136
1622,42451.73048070634
1623,42472.56758165487
1624,43013.08639369352
1625,43025.685697333
1626,43133.96833706216
1627,44077.32401813066
1628,44893.33118161555
1629,44763.57175481137
1630,44168.855170278024
1631,44684.67982129731
1632,43467.13006843576
1633,44000.58737780336
1634,44348.65695149343
1635,44339.96090225899
1636,45316.204865983964
1637,45946.47123769176
1638,46484.57455093666
1639,46418.16223103741
1640,47041.4895820268
1641,46606.07283296685
1642,45694.20435964104
1643,46510.77310429635
1644,46723.11165257327
1645,46255.09652651532
1646,46459.16666786733
1647,47575.380407591714
1648,47428.32806070507
1649,47356.659180859926
1650,46675.424215504274
1651,46440.8520412581
1652,46772.851228485044
1653,46687.0251049872
1654,46013.24559117557
1655,46390.49768215134
1656,46222.159889027746
1657,47062.15512318938
1658,47784.58841796781
1659,47545.02307869763
1660,47772.49855838429
1661,47518.24322893603
1662,46909.740224085064
1663,46007.09304839757
1664,46599.969083489086
1665,46615.58162178306
1666,46605.40182440131
1667,47477.73749026258
1668,47557.8355064201
1669,47249.514469538204
1670,47100.70560025163
1671,47316.85525234444
1672,47267.217912132546
1673,47533.39167454667
1674,47159.10622446343
1675,47432.7512320379
1676,47494.83543628476
1677,47901.0691317014
1678,47328.407221559624
1679,48394.12750851026
1680,47025.77266548572
1681,46750.31307120373
1682,45920.151650586944
1683,46880.6011975659
1684,45747.510438111494
1685,45680.7584565213
1686,46965.519883721674
1687,46860.25405600933
1688,46638.64636108783
1689,46283.00319328817
1690,45569.109525231535
1691,45621.197720443546
1692,46276.77099150971
1693,46157.39886974561
1694,46208.074470686355
1695,46065.61402203684
1696,47380.67592257718
1697,47084.07126827597
1698,47829.857127616524
1699,48646.07312956605
1700,47588.402446598455
1701,48527.24972161598
1702,47758.6488590343
1703,48461.92610902489
1704,48975.42313680499
1705,49912.244443870964
1706,50856.5528886647
1707,51141.55029931289
1708,50390.68576489685
1709,49803.28823355383
1710,50237.78203393056
1711,49177.17378519225
1712,49731.054174159886
1713,49535.95289100448
1714,49738.841353223965
1715,49515.457637314874
1716,49317.466990713925
1717,49002.12503474152
1718,48127.11198741189
1719,48125.09474957458
1720,47484.20550005726
1721,47399.66164705869
1722,48101.84269338506
1723,49511.270618426584
1724,49493.60127744026
1725,49275.04993327863
1726,47447.40135120151
1727,47745.9693888346
1728,48218.48475834008
1729,48333.84141545699
1730,48625.5356642494
1731,49279.46309098494
1732,49141.59688350068
1733,49109.103649905825
1734,49011.491431228664
1735,48859.29084573288
1736,48800.37860971659
1737,48880.77104680644
1738,49257.611602419165
1739,49794.181724282455
1740,50296.96616429197
1741,50110.72288289851
1742,48922.85254169362
1743,48411.39761267626
1744,48399.04945920372
1745,48370.54217032087
1746,48681.31006735423
1747,47964.56739273995
1748,47986.18481867413
1749,48068.49373596232
1750,48944.7743030753
1751,48650.46489087422
1752,48449.80272587706
1753,48921.511782948946
1754,48775.46034356815
1755,48317.21955818399
1756,48202.28072276634
1757,48181.308503797816
1758,48174.71494726759
1759,48515.2501914109
1760,48560.272566154
1761,48871.86931532709
