,Profitloss
0,-0.15484923668303008
1,-0.4193647631107633
2,-0.8597619787926947
3,-0.6556280180348151
4,2.45607781612307
5,4.477001373252731
6,2.3506878364536243
7,5.023035638074602
8,4.943869889209118
9,5.294585421510023
10,4.75926900331467
11,4.4928334700042205
12,3.691825938630422
13,3.5096469227003046
14,2.4773654013488855
15,2.9242875411753078
16,4.8515424186281075
17,3.8585451154892425
18,4.524211013064461
19,3.988387773582547
20,1.7898299204116563
21,2.2799699019745656
22,1.8775300589712662
23,4.394807463495742
24,5.573349350471202
25,5.656223938668736
26,6.290154471428733
27,7.811875650033917
28,7.739529824799818
29,7.031816896973697
30,6.603282592886539
31,4.702447171688551
32,5.688839725434391
33,4.949005336467027
34,6.980367231678297
35,8.560217397343518
36,7.847885604690563
37,7.724965888331536
38,7.833672364091804
39,6.943498534174397
40,8.51634872655158
41,8.405758790545859
42,5.877788667837458
43,5.760486952114086
44,5.915244208920711
45,7.804138633302826
46,8.194487271253404
47,6.6277864335859915
48,5.693304735355387
49,6.039182624262018
50,6.932446032920403
51,6.230671189225112
52,5.791870923342146
53,5.179787385404633
54,4.003551006302031
55,2.8479134698883746
56,0.8705844025695519
57,0.6727865909812003
58,-0.6012605800651771
59,1.801851129899834
60,2.2695378014667256
61,1.943917537717721
62,1.2486111171788883
63,0.3720766815993537
64,0.23203737091543886
65,1.1134455619631556
66,3.714013552966322
67,1.2486709397263818
68,1.0625491780958063
69,0.9330882067305035
70,-0.6465450400108264
71,0.7234523336308252
72,1.0198677258228095
73,3.135127494197576
74,3.909079237146984
75,1.6155134530337456
76,1.9747142032763954
77,1.1095921773760953
78,0.9656981962648414
79,3.3759803565181157
80,3.585765392239315
81,4.72403871121887
82,4.885791697606701
83,6.489489468266885
84,5.62115438230304
85,4.096249614045311
86,5.1398765913281075
87,6.63816675585458
88,8.632053409417907
89,8.329060851662318
90,8.341685683161803
91,5.547607985098368
92,5.062456555837591
93,5.732535012334683
94,4.371199354837274
95,2.734584054280975
96,3.3639945045958575
97,3.039938344126969
98,2.7548578089777287
99,3.005194511336584
100,3.098215559463946
101,4.548388172443518
102,4.1199410718580465
103,4.9964356957471034
104,6.090614285092344
105,6.972834362071301
106,6.82790307490817
107,7.629849382178744
108,7.610459780019463
109,6.415010109456998
110,5.690129510297748
111,5.8316240648441875
112,6.0679631018056845
113,6.2646001608407165
114,7.313261958921347
115,7.169291122985277
116,7.276473761639202
117,7.0985649258615835
118,7.617290986134995
119,7.925415520705026
120,7.4058343839153995
121,7.186237422334085
122,8.153523140951634
123,8.4154633151037
124,8.306117504444298
125,8.604873504705779
126,6.91208638059686
127,6.09884057670409
128,6.606070094035443
129,6.3169902681360135
130,6.243605740613112
131,5.945128022884494
132,5.042114461283176
133,3.9470212266931926
134,2.3331006712986824
135,3.411618799083249
136,3.331536360088916
137,3.65375063153055
138,4.7309356129366265
139,4.596585750972437
140,4.031826379757808
141,3.6613546709476807
142,5.5759945173307734
143,5.363234346262358
144,4.301409063253536
145,4.3843498437740935
146,4.951783445246982
147,4.025527461067635
148,4.753479666658156
149,3.6849169330102516
150,4.815738873161335
151,5.163605390019943
152,4.904590010479892
153,5.01199819160334
154,6.021012227409717
155,5.678049508438954
156,6.262738562510317
157,7.119665305689016
158,7.166141546554128
159,6.431235575593708
160,6.4681789042975835
161,8.069254901778633
162,8.240397147843726
163,8.141639449674498
164,7.371271014372094
165,7.51578554237422
166,7.235351872737539
167,6.727764553420812
168,8.096269416321311
169,9.277762682368484
170,9.245709579713957
171,7.502989033936691
172,7.701947601709236
173,7.346227331992128
174,6.168546185597945
175,5.671420866800014
176,6.679286114488026
177,6.39131644546489
178,7.119129107689304
179,7.468602946974978
180,5.779651629753224
181,5.660977972432835
182,7.24020877665561
183,5.9399966125261106
184,6.455402357006634
185,6.500899052051401
186,5.322451571813991
187,4.508085862046629
188,4.446767084011172
189,5.655629297268905
190,5.577194813909525
191,4.63817867691767
192,7.094789732535456
193,6.569864104701062
194,5.947114986700175
195,4.862113099099452
196,4.865920408785973
197,4.465609158165251
198,5.696447783642156
199,6.674502773311453
200,9.12531465173334
201,11.082619972225348
202,11.264538138919011
203,12.154878376574807
204,12.134894612248438
205,13.712132649028375
206,14.201088463009913
207,14.28654730884733
208,17.89929314234835
209,18.707837968485386
210,19.67494925173292
211,20.467675354371863
212,20.422051831903467
213,21.14915915986164
214,21.706176410296596
215,22.823626318800173
216,22.590210482068308
217,22.659952902138116
218,23.110953491819863
219,21.841890385917374
220,21.89497923167698
221,22.454116132024637
222,23.99730779510851
223,23.667818110487083
224,24.186855486905955
225,25.546437141619414
226,23.914084696833292
227,25.770968827920516
228,27.16629552766672
229,26.712109411421146
230,27.418250203174345
231,27.151570776610544
232,27.13370245580864
233,27.75629836158695
234,28.031114875378506
235,29.055579820629298
236,26.430588052468117
237,26.538275683298252
238,23.896536183315796
239,23.606972034775133
240,22.8105078327981
241,25.582736335836476
242,27.591396912460333
243,27.655696919698734
244,27.93463133728753
245,25.344988806093504
246,27.175479438103434
247,29.041788417560266
248,29.238931813599155
249,28.406982279426597
250,27.33579406048181
251,27.453973010365228
252,26.55172643282775
253,27.717298890275742
254,30.363881869551502
255,30.043416701946192
256,28.46954746065784
257,29.334944090382663
258,29.818441040814434
259,28.75052841521859
260,26.90775871028719
261,27.474415194204415
262,29.52180863087033
263,29.3978617626204
264,30.635961640453637
265,32.29077866935317
266,33.61622455499287
267,32.51473565854972
268,30.93169713689463
269,31.485074285623348
270,32.63688184183287
271,34.11420073300331
272,38.91884532083887
273,38.98343000047346
274,35.276451581362764
275,35.0120069490294
276,34.41770902725219
277,35.08734203937538
278,34.368444477082186
279,34.400153470157925
280,34.00899297528668
281,34.99191975769889
282,35.73943620631439
283,35.74334606156435
284,37.74108282326309
285,38.51532236215023
286,37.836988756405354
287,39.80788925555614
288,40.1874436101038
289,39.90608915271323
290,41.290422332148324
291,40.72299640400463
292,40.58198883033084
293,45.33526040522522
294,43.18561019271316
295,43.96833635234145
296,42.42873634120885
297,42.07372579330701
298,43.63186210771315
299,43.15764353421378
300,44.41607559864884
301,45.144306724599616
302,45.493826079386054
303,48.54075066229504
304,48.2800883049666
305,48.02955827953741
306,48.07127545181547
307,45.57677464999297
308,44.419065379223795
309,45.57734744901627
310,46.88170233624525
311,45.03950549843585
312,43.57858062313675
313,43.841459963272754
314,44.34603037169494
315,43.986282439307004
316,44.60211932181664
317,42.93392287271256
318,43.760639450621476
319,44.53348797586931
320,44.86938982768849
321,45.20400102170843
322,45.12214780514723
323,43.50797524991536
324,45.7237546731021
325,47.40630961773007
326,46.8393875143764
327,46.973664259524824
328,47.579751668072845
329,44.5540249594611
330,43.7630274065441
331,43.04500638515889
332,40.3829115782341
333,42.36768677198346
334,43.375326960281726
335,40.95268130693255
336,42.352079116626975
337,42.5515487053086
338,44.15338227115242
339,43.38306985988438
340,43.32484301437434
341,42.48282423639915
342,43.02408054448969
343,44.18838702179937
344,44.61953943027677
345,44.52740594895144
346,43.67926932294501
347,43.83712074757011
348,43.44509860797392
349,43.00658609528891
350,44.420509362099736
351,43.47364341959161
352,43.52882028602505
353,43.31361794926081
354,42.22653813941031
355,43.224186805810014
356,41.66504224597365
357,42.4794292354433
358,41.66376870574653
359,41.06034908348892
360,41.993062912488014
361,41.94439951684974
362,41.36570164876097
363,40.01633996420673
364,40.63670953911105
365,41.75994827848981
366,44.45467679453201
367,43.93249220738586
368,44.47151315369049
369,44.05815907962642
370,42.33933323240162
371,41.47837250125277
372,41.83071132465472
373,39.44176747898498
374,40.04600641344638
375,41.28428495613428
376,41.583155298728094
377,41.890323545563724
378,45.60848562882871
379,44.512090765788635
380,44.80428977475219
381,47.33771467142678
382,49.774008696764184
383,51.259401722055564
384,50.50153230826913
385,51.51626758458596
386,51.749491958909765
387,51.5976884767529
388,50.851253757930316
389,52.00099319882305
390,51.091692983998385
391,48.72698884137448
392,47.17408323200123
393,47.630134821260924
394,47.67215820225707
395,47.1836518398751
396,47.56471584306736
397,47.677071608050035
398,49.8838430968175
399,51.935025592581766
400,49.86490244667059
401,47.5444334889328
402,48.91084397042378
403,48.76017809900961
404,50.71210487946054
405,49.976009960842106
406,50.00870595196374
407,52.84708239704483
408,52.247209665647155
409,51.419532160370515
410,47.16926610382064
411,42.932694184894274
412,37.88646596941425
413,38.4229594461043
414,46.1167673100521
415,49.76423140687021
416,50.45398926731765
417,50.07425922463005
418,48.41891815630446
419,51.32084239233543
420,49.912425383663226
421,48.31478665874038
422,51.66287957861051
423,49.63143631011799
424,51.75020701226784
425,54.27248848197903
426,53.68673889302143
427,55.6348425824102
428,56.42257837395761
429,56.02875683394366
430,53.97827995331248
431,54.012730252667374
432,53.337871010973984
433,55.26524260636849
434,53.156563589543325
435,52.87964351947314
436,49.37712611320073
437,50.4342234020313
438,53.547279726652896
439,58.19058074333503
440,62.93513455317006
441,61.46853636302494
442,58.18071118430319
443,56.792730995257635
444,58.352027842725505
445,60.730387151435174
446,60.995705700177496
447,59.31004559523885
448,59.484287984026984
449,61.875861203193196
450,60.823804369032366
451,62.420491188741444
452,63.12440202219089
453,63.46076566656489
454,66.10621244708967
455,64.477429988206
456,65.70632651585193
457,68.0883102410788
458,69.12542768473048
459,68.94695786944611
460,69.02993942687068
461,71.99333725243014
462,71.39152447637487
463,69.32061495971354
464,68.56512788753155
465,64.54831222184106
466,66.30684594697556
467,68.18398240187204
468,67.86786795576344
469,66.40621511478886
470,67.94224017975704
471,70.33381711133157
472,74.49891127427503
473,77.05647825361257
474,77.9634524327791
475,76.41494972467113
476,76.65775391605645
477,75.4193584214305
478,77.39261959250798
479,78.76663002359217
480,76.37374113548591
481,75.22587324680008
482,75.6509911202001
483,75.08077335831184
484,78.44417506193224
485,78.08414783013697
486,80.18922744101008
487,72.22123292227909
488,74.67015455151771
489,71.92958465583372
490,74.33718585029709
491,76.04131906491128
492,78.13712264409453
493,75.50778457305786
494,72.71406026929515
495,73.74105175152168
496,72.68304189993626
497,73.89485270096372
498,73.01604447869036
499,72.79434879593076
500,74.15980903373067
501,74.11061010048037
502,72.93098481324162
503,68.91800488634581
504,69.44496144442044
505,67.67153950521127
506,62.929073473617095
507,60.767052991818545
508,62.55899932031943
509,62.230012006911785
510,55.14751281759269
511,56.42249919832829
512,52.60247308663368
513,51.9751451215436
514,51.07436633273337
515,51.980704797862145
516,56.73357072397964
517,54.476461670811524
518,51.822499588555914
519,50.56896370318464
520,49.887322200524075
521,52.51615718055478
522,53.41005966094372
523,49.845084112618586
524,48.87579381489828
525,47.588905827078
526,47.77771549442886
527,49.639322019954
528,50.84693113209104
529,50.955263246968016
530,45.99829918069127
531,48.823368851661165
532,51.281007575427196
533,54.228649668416985
534,51.80149008079273
535,54.107518160703584
536,54.981631511081886
537,54.936580860121566
538,57.900259365314646
539,58.5460954643644
540,54.21041977266932
541,54.28199925130406
542,55.346498600856656
543,56.562264175469565
544,55.01365805088903
545,54.217515348326884
546,52.83626723089252
547,53.51418926992435
548,53.953807333459295
549,53.728025310932836
550,54.04468760456367
551,52.58002729605342
552,50.87092934935078
553,49.436844741454024
554,48.81470852390739
555,50.69231527446354
556,53.137123245987915
557,52.149768974179
558,52.485847893429096
559,52.786636914147
560,52.7093228012216
561,54.8703704612648
562,56.092999740391214
563,57.53437443394704
564,58.35537574822305
565,58.04006035975466
566,56.80726444830626
567,65.05203157210417
568,60.11899653061259
569,59.09725298235637
570,56.660032279840465
571,58.21979780440343
572,60.53934183603382
573,59.839797213404644
574,61.09887265121685
575,61.27088679160722
576,61.535647034019014
577,62.50211786747708
578,61.22948690403873
579,59.717361427813096
580,61.06116124535825
581,61.06820908693007
582,59.712510273967226
583,59.24476006286501
584,57.250786423099306
585,60.428458862433374
586,59.89936221124705
587,56.938682242655545
588,55.951279396161226
589,55.148749587089554
590,58.00671688590533
591,59.114798150611115
592,56.89645996694574
593,56.53187141874183
594,57.920074879598204
595,60.94440851260927
596,59.02649273807572
597,59.748727721724016
598,59.477335462054185
599,59.730853397414016
600,59.742249762024315
601,60.206524914521054
602,62.50748051506476
603,65.97426191787135
604,66.09858411692116
605,65.82130041960939
606,68.35371884147372
607,68.38417169636126
608,67.74191442811531
609,68.42214657743595
610,67.11028068172365
611,67.96504936183403
612,67.87397393353294
613,67.68342556937583
614,67.36154115316737
615,67.63200061022138
616,66.95041252549514
617,68.26859486030213
618,65.02474924975552
619,66.48497245225231
620,66.56217516395813
621,67.63923127761498
622,69.0123493802781
623,64.60899184634512
624,58.974743908533014
625,63.4404959666331
626,65.87791669144573
627,66.63055574042068
628,66.42333027443516
629,64.88070951286014
630,66.69920793773585
631,73.40708285074156
632,76.15710326536697
633,76.90609992613989
634,76.50187361869278
635,75.11630376845191
636,75.11733398877283
637,75.34384381051306
638,76.35286421900666
639,75.9621659341773
640,77.89491237706872
641,77.91746983527102
642,78.03795871472747
643,78.35022990507865
644,78.29915505128852
645,77.29236516659532
646,77.35948864998473
647,79.22313400818368
648,79.06847564995643
649,78.07460867999929
650,78.03187393860537
651,77.44335515169016
652,78.65249148913432
653,76.47116872863742
654,75.88313046761179
655,74.58587766595252
656,72.36400428402321
657,73.09083113931234
658,72.685477509122
659,70.89350172557715
660,70.09758032529614
661,69.71905094579694
662,69.85755298907898
663,73.96695815145267
664,73.55552522205144
665,73.96403259753248
666,71.01145220172391
667,70.82380679461208
668,70.94305284919282
669,69.22556831013411
670,69.3869578396626
671,64.14077862407233
672,66.30232812535863
673,66.96464699251865
674,65.45005076737074
675,64.14490430891364
676,60.88485289177821
677,62.61107831905728
678,61.088903141689
679,61.31030970138658
680,63.16837705641649
681,63.62081474836039
682,63.6093363700436
683,64.82752634045406
684,65.85497972238888
685,68.86568370659259
686,68.41462797704456
687,67.64913144719094
688,67.1970379755297
689,68.4792422380436
690,66.5554000810918
691,70.65795708014906
692,70.21530994903485
693,69.20991345196566
694,69.11081932390226
695,68.0815823912363
696,69.85091772716297
697,69.66033793926421
698,67.52562374938607
699,66.18294404282953
700,65.78080700127545
701,64.6568021579173
702,63.331288641523045
703,64.5385605402856
704,64.11378687543765
705,64.57796380097737
706,63.46839640448627
707,65.68157348582253
708,64.32158247944844
709,64.33482057404115
710,64.13755473420595
711,63.516960701780654
712,62.039474280738816
713,62.58312693346342
714,61.86947185181404
715,58.38778220270444
716,57.37808057229097
717,61.81903848896284
718,63.6136310137583
719,75.35969688849666
720,75.38973289875292
721,77.18354056400275
722,79.38685674698725
723,78.22311934335633
724,77.16988959819788
725,78.35008819368261
726,76.8814223851001
727,79.58927616833267
728,79.51781471007726
729,78.6456826500837
730,79.1644842012465
731,77.78843678562752
732,77.8367969495654
733,76.10357883092908
734,77.35295536585276
735,78.02043955695201
736,80.41074093323483
737,81.54976843786929
738,82.17588175827227
739,85.381970088176
740,86.88480497273694
741,87.46480198029343
742,87.13019115075762
743,86.76181925403795
744,88.50593149218949
745,88.46297299432324
746,90.50401244262414
747,91.58360753422909
748,89.75817471572836
749,89.75632828446311
750,90.79535434519205
751,90.60684530632304
752,89.35139261071237
753,90.18677091347223
754,88.57570650486217
755,89.17180392030998
756,89.37043265454943
757,92.24065209913495
758,92.44909556900738
759,96.47890092293692
760,97.38382444181298
761,95.66266713167224
762,97.0432164422329
763,97.13296138254972
764,98.63332895890198
765,100.16608595437103
766,100.4709886320017
767,100.94574351846313
768,99.95755257197207
769,100.82794365675052
770,101.85430563602421
771,101.64699082087432
772,100.61697575986148
773,100.02534893928004
774,101.41855957989554
775,100.31626730524921
776,104.59839639261416
777,104.42765247428825
778,103.08797839181314
779,103.11669837683684
780,106.16175658827416
781,108.66972841640488
782,108.10454502504658
783,107.90125444518904
784,110.16967342518917
785,109.89849570354421
786,109.83364476579776
787,109.99767877899842
788,111.40377230770211
789,110.63310833240556
790,110.33236052038137
791,114.77219156306946
792,115.83740256648412
793,114.99505691235932
794,115.64472860958656
795,115.5835902724522
796,110.82812504933828
797,107.25050796032285
798,107.26616222103176
799,107.04573896457555
800,107.01669941620393
801,109.77252747930892
802,109.81385892816195
803,110.2900406852826
804,111.9123595795215
805,110.91390104684322
806,111.66000795868571
807,111.56564374016025
808,108.79833189808319
809,109.7310423446333
810,108.67983778185612
811,107.97358320433928
812,108.23440596765548
813,108.64515411770572
814,109.18498325295513
815,109.00314039310581
816,107.03126566753932
817,110.00572699181079
818,111.44622639284907
819,110.00166197101824
820,111.26243083084906
821,112.8216381097169
822,113.04459793740271
823,112.20518435687481
824,112.58457466120073
825,113.39185793155546
826,111.75195710456217
827,112.0946661979597
828,111.49403334344106
829,111.25414894991704
830,111.68268452342333
831,113.44224017212032
832,113.98104004284724
833,117.57518488825313
834,118.55238125167959
835,118.66431087758671
836,118.80953882939033
837,119.30055565282092
838,120.20342973641714
839,123.34355828744603
840,120.76765422415048
841,112.08861308020239
842,112.68626578437772
843,111.21054444577814
844,110.14039796565247
845,109.54954441186855
846,110.68411309450195
847,110.38737442533639
848,110.76488040798584
849,118.29317166194637
850,120.1124444624484
851,121.82923110360586
852,122.02789288690812
853,122.97526175345021
854,124.47185028516694
855,126.86706796730269
856,127.2071978580907
857,128.29729342118546
858,128.40690130017433
859,129.55252882735118
860,128.0097450450882
861,127.07471496881482
862,125.60200842159217
863,124.75130869102809
864,123.74121266497053
865,122.3633632538991
866,124.89516214494584
867,126.68367953868352
868,125.79524284676165
869,117.8620593824522
870,117.68292633760846
871,117.79353938589226
872,123.5475902862218
873,120.20630506886252
874,117.84854550285627
875,120.69092156786124
876,118.75629969178303
877,121.3740914914255
878,117.64515099749482
879,117.10946115271561
880,116.11716397512933
881,117.06970084828244
882,116.13679274463497
883,116.30733505531023
884,113.50940415417807
885,115.21030953007099
886,116.34482958925089
887,118.35685582142324
888,118.44132567251053
889,116.89584564300768
890,115.19441890902544
891,114.81223761222287
892,115.82336175196212
893,115.45098502444677
894,118.65577732011916
895,118.05594740798418
896,117.80801552042833
897,116.43958828709415
898,118.00787515727444
899,119.31447631661341
900,118.77966813338779
901,119.58206072255652
902,116.90562358317376
903,115.91516256735429
904,117.1666179895142
905,117.5019826225447
906,116.5292948388961
907,114.77549417008856
908,114.93352530327599
909,117.05018799846592
910,115.98950050971636
911,118.27745903127594
912,115.68677067335709
913,114.50986721389862
914,114.32336606417132
915,117.43697949226308
916,117.98936863093262
917,110.04113198063675
918,110.17186645581059
919,110.89936139718861
920,112.19991046459405
921,115.23650039371027
922,117.2833180245151
923,119.08187561595125
924,118.57452829670585
925,118.63157000476696
926,118.89113683494084
927,115.09374648682082
928,113.25662276908636
929,115.44554416606974
930,118.85017842247225
931,117.0756939015559
932,116.75929995642238
933,115.03416342535911
934,115.00047872719539
935,115.5365394720158
936,114.20854266713074
937,112.72970629216879
938,112.47561951502902
939,113.40131352744507
940,114.5256265779643
941,115.47649986794038
942,118.86769811857931
943,119.87104334089307
944,118.52252264768906
945,118.96774830353243
946,120.15152945476063
947,115.20334000840636
948,112.42031231258021
949,115.11027546074048
950,114.36109303750732
951,114.0082007529613
952,116.632982352297
953,116.59003388738705
954,115.9449571694156
955,114.93918990246925
956,115.4718999894297
957,117.34592654019318
958,118.18544437985703
959,118.66645139970854
960,118.63990265539744
961,119.3689759858017
962,119.5912644453899
963,116.48492309936023
964,116.97262358699109
965,114.75762341377921
966,116.48290919107826
967,117.50220239900204
968,116.28263843763311
969,118.81952066156015
970,120.18888815191416
971,119.62445967781336
972,122.10491414621325
973,123.60897797552136
974,123.07166412382844
975,120.91499052385602
976,123.40093996355117
977,122.76448853756597
978,120.77260922431128
979,121.42224553711105
980,120.48726897212529
981,119.63126870784637
982,120.23469696822882
983,120.27397648536157
984,122.25670918321794
985,128.8240407263574
986,128.81760424549228
987,132.0971487035815
988,130.57661807730773
989,130.22098610991523
990,130.9755906601005
991,133.49955653329948
992,134.52366227296287
993,133.2556370748052
994,135.12634826919964
995,132.4918641669977
996,139.01841308245486
997,137.45603941281757
998,134.78040979152587
999,133.4442579133178
1000,133.6440685156325
1001,133.30502960465532
1002,132.8972350043722
1003,132.9199059556005
1004,132.80100321133654
1005,132.119844032997
1006,137.09585110016224
1007,138.74666206661126
1008,135.4072179498516
1009,135.69635874486633
1010,136.555863051923
1011,132.20488462927068
1012,131.71310533818445
1013,132.08608860310184
1014,133.9857205289074
1015,131.91536050142028
1016,131.51297186418844
1017,131.53662032208155
1018,133.25177700615617
1019,135.17093263114162
1020,134.88149793958382
1021,135.9714061584882
1022,137.6628115697622
1023,139.32296967122818
1024,136.7181328029365
1025,135.91233248816016
1026,131.90712960018422
1027,130.42728468321744
1028,125.9579890506516
1029,119.65746193478913
1030,123.08940420732944
1031,120.16281999762897
1032,114.48904634539478
1033,116.23294223588383
1034,118.39718073339695
1035,120.96295307011084
1036,123.34067920676031
1037,124.28051630144141
1038,124.72021865199099
1039,121.50844461369181
1040,119.14839070896753
1041,120.18707323670314
1042,124.4980147219223
1043,126.34939031553802
1044,123.6745573249085
1045,123.28795325664372
1046,120.36987234476757
1047,122.01125325965236
1048,127.13401773121946
1049,127.25539185100492
1050,124.58392819041299
1051,123.82760318129664
1052,127.09649323508718
1053,127.77373332325834
1054,127.0035259208762
1055,123.85751525831728
1056,123.26514424231121
1057,124.1154717932881
1058,121.23076772958021
1059,124.68468592744534
1060,124.17912273342174
1061,118.8163599253961
1062,115.51869565492314
1063,119.88912655932671
1064,116.54357445452219
1065,116.98497252311827
1066,120.48668967089608
1067,116.7215455473121
1068,117.43386615620457
1069,120.91100125943974
1070,121.07704947767033
1071,115.35192118070566
1072,116.53148251130783
1073,117.2143213475994
1074,116.92660090666718
1075,121.71553727944043
1076,121.90229423452936
1077,127.29188626766228
1078,128.6583484125885
1079,129.04463267511574
1080,126.96984824657838
1081,125.27454103733527
1082,124.8955717479498
1083,120.36143510565634
1084,121.97616266572791
1085,122.06647811466387
1086,123.14288749072948
1087,122.80825973234606
1088,122.01393165424142
1089,120.45201690805212
1090,120.76156769323623
1091,122.6096977093075
1092,121.99742304246617
1093,122.83681776871668
1094,125.03798060899301
1095,125.07811359324137
1096,126.10383328039374
1097,126.76247277289474
1098,126.42410478635684
1099,129.24830440327804
1100,129.44796767992227
1101,129.73997149306774
1102,130.10742834801704
1103,129.44282679761844
1104,128.75705554403072
1105,129.2894274717303
1106,130.41628559713425
1107,127.36564316439494
1108,130.50317488380156
1109,130.05570411764916
1110,128.92628238554633
1111,130.36141289302327
1112,130.27839382982202
1113,130.2491798358199
1114,134.79487824075744
1115,136.4532219369358
1116,136.82976984860554
1117,137.77808527890357
1118,137.19283425875184
1119,140.7637428100677
1120,142.51704851474116
1121,140.95404726634843
1122,142.9050405161106
1123,143.57380624308684
1124,143.51961869528478
1125,146.66573042375316
1126,144.09515466016995
1127,138.32444873527646
1128,137.27203563332816
1129,137.06275633304955
1130,138.44505216712713
1131,138.5968395690341
1132,137.60526860554148
1133,139.82670041358224
1134,140.92559759139087
1135,142.57670299974993
1136,143.03304107564077
1137,142.3863338606802
1138,145.52226661120207
1139,145.85298681134785
1140,144.36544395482804
1141,144.5904036768983
1142,144.71881663486013
1143,146.67745671465164
1144,146.3492830441862
1145,146.19329278576666
1146,146.05319563305875
1147,148.58496485967288
1148,149.0781799507384
1149,146.07017313434278
1150,145.5763532455482
1151,142.54254767858535
1152,140.5026434242193
1153,142.04844329122545
1154,139.77995766228264
1155,140.13647059623685
1156,141.54116372487357
1157,142.312087943645
1158,136.58714934134463
1159,138.16660301669867
1160,138.22339416663377
1161,141.46828284462956
1162,141.74320323715892
1163,143.71925385671375
1164,145.98682702620604
1165,147.32654495415298
1166,148.6856036676599
1167,149.04872229662482
1168,149.19550322173416
1169,151.30695791942742
1170,152.4249221043783
1171,153.73586560297534
1172,153.93843175192075
1173,154.2107468454586
1174,156.16642994998946
1175,156.97611070433527
1176,158.0095768829858
1177,157.48732894345872
1178,159.72356300620163
1179,158.95594446833653
1180,158.58601952618696
1181,156.9224610016753
1182,157.1641540700785
1183,155.70555175412707
1184,152.01388120937108
1185,154.6350135912875
1186,153.8070011939011
1187,154.37040737138295
1188,151.95031969003145
1189,151.10153797991376
1190,149.94993182354105
1191,153.17450994013902
1192,153.85094081150527
1193,154.35543040509145
1194,153.8306813533897
1195,156.33725423127268
1196,154.7382818615295
1197,149.95256605181658
1198,139.26462464777933
1199,142.94897665400234
1200,144.24715465240791
1201,140.21682849607834
1202,139.76773478831
1203,144.09754343123976
1204,141.7685085577712
1205,146.4954518048837
1206,147.17921596389996
1207,146.76151987763114
1208,149.31976960526958
1209,148.27345955928166
1210,147.96786359264692
1211,140.5897122031313
1212,147.52177492707537
1213,142.26265902466437
1214,143.4482434718587
1215,145.12968197658483
1216,148.84807462479642
1217,152.1142839433304
1218,151.53247702748146
1219,155.59582143712709
1220,157.12089173481817
1221,160.40542424217315
1222,159.25206745530951
1223,153.71235068532266
1224,146.14833934567528
1225,146.72097102525026
1226,146.55925720008898
1227,145.16703202194483
1228,147.3911170987731
1229,143.90895686714137
1230,135.88373456569127
1231,135.99730411119694
1232,137.4148878232214
1233,141.431167269208
1234,143.37329272007634
1235,146.62802923463326
1236,145.68006845679756
1237,145.40696492989304
1238,148.64493732838855
1239,141.78603049748978
1240,145.43639537817072
1241,137.952667495831
1242,136.910064268681
1243,140.11131069133222
1244,142.7157033577799
1245,141.43262058078142
1246,131.58643588061767
1247,126.30174505542251
1248,126.67206205805992
1249,124.69178021157354
1250,121.55382533202643
1251,117.14303374777262
1252,114.4826876704025
1253,123.61588665411335
1254,125.8295181464804
1255,126.24886990412998
1256,128.8462681676354
1257,129.89834647341456
1258,129.07379769404366
1259,136.53797272149083
1260,138.62690603839312
1261,140.4416756324786
1262,140.12581213023222
1263,141.58615327869364
1264,141.21282192571533
1265,139.72459480284112
1266,145.2679705882399
1267,143.35054527513068
1268,147.44153935584637
1269,148.9301548508261
1270,147.28127817282873
1271,145.14399314087797
1272,144.88771296508034
1273,146.97747226906247
1274,148.50224813231944
1275,147.0134827079674
1276,148.37164366724966
1277,151.2990484838334
1278,147.37552028092455
1279,147.22394765124864
1280,147.32680274442637
1281,147.33898800683383
1282,144.52417454455602
1283,143.94802054084704
1284,144.0290597037758
1285,147.50353639431745
1286,148.26860084596487
1287,150.55709368742743
1288,153.1692629376192
1289,154.44936631699187
1290,153.32328981106534
1291,151.81572101830113
1292,153.71308992045076
1293,155.64901249053315
1294,155.547094145717
1295,156.7910305350805
1296,157.2833096946568
1297,158.79013207494557
1298,155.07011172155026
1299,155.98360704472373
1300,153.96258346870098
1301,151.64117965323157
1302,162.40824167335842
1303,165.41990362342239
1304,168.38692916932493
1305,170.83098426339384
1306,168.0750440539279
1307,168.34826627230308
1308,171.57544158733265
1309,171.96729133548158
1310,172.4751298722105
1311,174.97961565744347
1312,172.36684835012136
1313,172.17057154607573
1314,174.4379796354182
1315,173.30941360582653
1316,174.88634101351593
1317,175.79121253814242
1318,177.65302255552925
1319,177.0027208198856
1320,177.25103054630807
1321,178.86424537309767
1322,182.498739614836
1323,182.69740062199924
1324,180.1374539461674
1325,181.15196881307267
1326,176.34429138537294
1327,174.88063982809982
1328,178.15023948592983
1329,176.61468849799456
1330,173.4086806002216
1331,173.27707026060065
1332,171.02834020299267
1333,173.54688923703057
1334,173.46267796138943
1335,171.40611124008345
1336,170.06334126453888
1337,170.23803454974188
1338,174.58364370381943
1339,171.51073826073633
1340,173.31934764368643
1341,175.95969720356405
1342,175.90220399335564
1343,171.84051612687745
1344,172.7995717545125
1345,173.57587574500056
1346,176.19239807821003
1347,168.34125369102685
1348,169.3001445961226
1349,170.64454953415967
1350,173.4385892789134
1351,174.13759769028943
1352,174.3574968195281
1353,176.494295938225
1354,176.52891147714902
1355,176.83085103430346
1356,177.8535685445559
1357,177.38589436141834
1358,169.75421283471607
1359,171.59614575083054
1360,170.17198122623057
1361,172.33207195275452
1362,176.69655487320935
1363,177.71837670119567
1364,179.58082904668794
1365,184.10402072365116
1366,182.1083289533837
1367,181.73967872655186
1368,182.09847102140066
1369,184.49848576534632
1370,185.47310495780698
1371,189.57140014213718
1372,192.8644721039047
1373,193.94840847200405
1374,198.3550359348595
1375,198.9360449616035
1376,196.56306141363288
1377,196.81692551497352
1378,193.7485378510216
1379,193.7563358791638
1380,193.173513462776
1381,192.9886335030017
1382,194.03007905914436
1383,198.07835795038287
1384,196.82342404300564
1385,194.24365437581818
1386,195.3175778763283
1387,195.79708228220744
1388,199.43241583859304
1389,200.90251621067856
1390,202.24371239827644
1391,200.71992940936144
1392,201.73055615952734
1393,203.64617825496336
1394,201.72932184442743
1395,202.02942740678685
1396,199.87987627067537
1397,200.6031829625755
1398,199.5390179810173
1399,202.00985336799317
1400,201.25554703702764
1401,208.8997091644953
1402,206.6968989292358
1403,205.8476505174556
1404,203.14064409903995
1405,195.350062413862
1406,200.0910790534703
1407,202.0333827876285
1408,202.83807155711125
1409,202.31729586432633
1410,202.62506997620739
1411,206.78353592170274
1412,198.22084598347476
1413,199.89787618205574
1414,203.72023839053918
1415,206.01598709043066
1416,203.79895743084
1417,208.83189911507682
1418,211.02971654719448
1419,202.64978713822237
1420,206.88578162007417
1421,214.89523904733701
1422,217.730240756084
1423,220.49899787667644
1424,218.45130852608872
1425,215.77070367485894
1426,216.63942192043794
1427,218.2063642801997
1428,222.00497573471742
1429,218.934687399403
1430,216.27203868868125
1431,212.78605703602219
1432,208.69520622741038
1433,210.14461332469466
1434,211.10782620717293
1435,213.79696595559145
1436,213.44626934339323
1437,210.21731901010378
1438,211.47732637090883
1439,210.16641986174082
1440,209.86641827338727
1441,207.13658822155034
1442,204.80918638930774
1443,202.38146268723497
1444,204.9000775746311
1445,200.95952243902926
1446,200.47833928996383
1447,204.62683564840614
1448,206.88220694648348
1449,208.00334630269552
1450,206.50936528596336
1451,209.84112514480054
1452,211.54261060741786
1453,212.22320994921625
1454,213.05458191785766
1455,214.48756728381255
1456,214.38139681725357
1457,215.3501987698681
1458,216.10345667952004
1459,215.43200488186645
1460,214.44899066891438
1461,212.35217495201445
1462,211.71232473626432
1463,211.45202735671478
1464,216.68267909318516
1465,216.36984394050822
1466,219.9254993023438
1467,219.43050847797488
1468,218.6269776813499
1469,219.67729852395
1470,221.38042808069676
1471,223.28143858985348
1472,225.6742540230665
1473,225.77758495554883
1474,224.14182115128415
1475,225.46859011365243
1476,228.47172318807085
1477,228.8167551291211
1478,228.3932492718702
1479,229.6491155673232
1480,227.8613404871053
1481,226.5962191944339
1482,226.20557277937405
1483,225.47798950854414
1484,229.1375251395702
1485,230.87185076443384
1486,230.8840429753797
1487,230.35987670210477
1488,229.24176595986702
1489,227.5035941485702
1490,229.39909968589512
1491,225.80892052620135
1492,227.6113234108376
1493,228.09999535789706
1494,229.45119552033586
1495,228.72885262972414
1496,228.93382286692332
1497,224.5882506307305
1498,226.41855281622742
1499,227.71386091980474
1500,224.1227019518851
1501,225.53348866792766
1502,226.3573675796232
1503,225.72475474855202
1504,228.17859842624105
1505,227.0813057776973
1506,225.63410275181286
1507,226.04365250633808
1508,224.469916004463
1509,221.5990137539813
1510,215.6131106646352
1511,215.25362853969696
1512,214.75444382373868
1513,216.54091951650133
1514,220.8918413654234
1515,218.5739941989811
1516,221.05899733999146
1517,222.91407345458927
1518,222.47340751252725
1519,224.0904843617893
1520,225.52455425912524
1521,232.08872481073328
1522,230.93600357194228
1523,231.62570786732616
1524,228.66322537013778
1525,226.86360980128762
1526,228.28176060941536
1527,225.64692006123485
1528,223.78356465304665
1529,221.78981207728094
1530,218.82474041693646
1531,222.24195908706798
1532,226.6994371817318
1533,227.93661733515341
1534,228.33881498448986
1535,229.48590797997434
1536,227.28905281728777
1537,230.45394871704084
1538,234.3776613437858
1539,234.82116253166697
1540,238.34932212091445
1541,240.26385598417738
1542,241.41670466425325
1543,236.5964706683785
1544,228.7155956731857
1545,221.6384338077227
1546,222.9250653935837
1547,210.98567264846412
1548,205.25724829134987
1549,229.96362274307563
1550,224.5873497820221
1551,239.7852401987209
1552,235.0678578389966
1553,227.26315544579387
1554,217.46899173783777
1555,226.23395353829636
1556,214.7362517886811
1557,196.9613599585339
1558,221.37578413169558
1559,211.7172605562957
1560,225.48557809005536
1561,223.65372095119963
1562,221.6018766865218
1563,213.50946401658786
1564,205.05270315865505
1565,208.54728402979376
1566,210.86004500812808
1567,221.30798332769027
1568,209.86856704487974
1569,218.598752568181
1570,213.50097009972205
1571,215.57058903804383
1572,221.50022476784338
1573,221.02937719045914
1574,236.931362628564
1575,237.43946977992084
1576,240.01206825398987
1577,234.77353155418382
1578,235.50588111652408
1579,249.60202630055727
1580,246.71764101071608
1581,258.4426589914266
1582,261.02394690469913
1583,257.5898320211626
1584,247.1249646516022
1585,255.49464908211596
1586,252.67169774256496
1587,258.279604621633
1588,257.03256846206176
1589,251.13548176913997
1590,250.16334430350202
1591,247.09847340066514
1592,245.94046238633078
1593,251.11028227526003
1594,253.1958201597248
1595,252.17762755187542
1596,248.9352291758709
1597,249.37107977800045
1598,255.89612699742926
1599,249.98318765105276
1600,248.17103110783503
1601,244.97325738636212
1602,246.5619518419039
1603,249.82826383589023
1604,250.464297954018
1605,255.29548069160933
1606,253.45371787134465
1607,254.36813651212196
1608,254.41159339568338
1609,254.6970417939445
1610,258.3165338654811
1611,257.7069383776361
1612,257.3915106809271
1613,255.55259347799316
1614,252.92049552148922
1615,254.5014749133103
1616,254.97241737206434
1617,253.56687927421814
1618,251.11680590234462
1619,252.54641866893812
1620,247.15162897183666
1621,245.45156571580264
1622,244.56471681978007
1623,250.11985733895412
1624,250.08243053859323
1625,250.5576305039435
1626,257.6075718389032
1627,262.1524469967443
1628,261.2135062140651
1629,256.6286858761264
1630,260.2073598659342
1631,255.93462596879215
1632,261.1987673210049
1633,263.54273682456653
1634,262.4306259494947
1635,265.425935250032
1636,271.1606664028534
1637,275.7474451780679
1638,275.74480994209625
1639,282.8780637657818
1640,282.33089066918933
1641,274.6038195772831
1642,279.19341754872386
1643,278.7433376441282
1644,277.46637336687525
1645,278.07437686058665
1646,282.6662361077817
1647,282.9055698793637
1648,282.91385830119975
1649,276.39544719506586
1650,273.60378635315794
1651,279.8390935218926
1652,277.9017945889364
1653,275.10521883101904
1654,275.6536231723455
1655,274.6179255333547
1656,279.42515432301366
1657,286.48545330939027
1658,284.71611119119626
1659,286.34729504503133
1660,284.0066411439516
1661,279.97427594222376
1662,273.70700533738466
1663,278.1371259117847
1664,277.9203112466341
1665,276.78031971168787
1666,282.2970840017552
1667,282.9198455986712
1668,281.1466427472129
1669,280.70116290200195
1670,282.07390496765703
1671,281.64347713072095
1672,282.68844680283445
1673,281.1974222360073
1674,283.2600726521704
1675,284.62552801519115
1676,287.4066990029872
1677,288.1002033854922
1678,296.5207209198088
1679,284.7777320045857
1680,282.30400214161983
1681,275.23129865438045
1682,283.1086626077276
1683,274.3665473262627
1684,273.8350359329181
1685,280.4369069981006
1686,279.7889048846531
1687,279.35618191421787
1688,276.2597859485157
1689,270.89452914899
1690,271.0775827307867
1691,276.3808753276918
1692,275.54078401447055
1693,274.38192235252353
1694,273.81225592565414
1695,283.71238942215723
1696,283.907655575686
1697,287.4412944258478
1698,293.306649083049
1699,288.6467956395839
1700,293.89621633266455
1701,292.4533359812104
1702,297.51188401231394
1703,301.933129919264
1704,308.5807717165534
1705,314.93444700593585
1706,318.7883317212671
1707,315.39680673690293
1708,311.83386215276
1709,316.17582018529805
1710,306.6774784830402
1711,310.47348273816306
1712,309.49611399682715
1713,309.5105462689375
1714,307.8548927117064
1715,307.1707524813855
1716,307.38639250799383
1717,299.36812875370174
1718,299.30343888740236
1719,292.9914843078329
1720,296.74973218041924
1721,301.0642108534883
1722,314.73662586196787
1723,307.0732304500895
1724,304.09873899213045
1725,286.79550982258786
1726,289.7003585028278
1727,295.14655381190806
1728,297.0154234758038
1729,299.62401205314785
1730,301.62096772350606
1731,302.2160763738576
1732,302.19419260336605
1733,301.91834385896345
1734,300.74558111080495
1735,301.15074694317923
1736,302.76946628080486
1737,305.8890741397133
1738,308.66552661962555
1739,313.2158253797181
1740,311.4998115279143
1741,304.810336798118
1742,299.7584812636864
1743,299.5497894425748
1744,299.43013684150816
1745,303.0412124484202
1746,299.42049871406545
1747,299.77186728336125
1748,300.68925655346516
1749,309.0067621096284
1750,306.35220698229534
1751,304.4769288481633
1752,305.7383553762687
1753,303.3344781081095
1754,301.42739847122914
1755,299.57648206564363
1756,299.4117376751817
1757,301.36179526537023
1758,306.93837160293265
1759,307.54883447568153
1760,309.289537146738
