,Portfolio Value
0,11956.960150254785
1,11953.978532935425
2,11942.068983579773
3,11970.42436831285
4,11891.3000463919
5,11790.159607832218
6,11783.98056888428
7,11759.086953808906
8,11748.547488436987
9,11776.46710945314
10,11826.622261860653
11,11886.698560192044
12,11898.078567959848
13,11906.26017915934
14,11894.04409388203
15,11900.274354881833
16,11831.23933954038
17,11821.214688549668
18,11807.169495773127
19,11834.33888246297
20,11848.520663833882
21,11887.070024515042
22,11912.270794880873
23,11889.517896060825
24,11944.940414649804
25,11996.535823305458
26,11926.076431755379
27,11874.749701279092
28,11899.726241051816
29,11890.238116618151
30,11874.149663042408
31,11873.45768255526
32,11900.80193721937
33,11887.724972368447
34,11899.93940116747
35,11864.054648269574
36,11898.200489699717
37,11907.378265991416
38,11913.37993076038
39,11955.078603630547
40,11972.026084448444
41,12035.366869753088
42,12005.966402893038
43,11953.861816951136
44,11895.856512639217
45,11878.134881666612
46,11871.42533599797
47,11876.90291737634
48,11885.888411431559
49,11843.105303007109
50,11920.22331095242
51,11929.911852062034
52,11930.822901777332
53,11963.412853212018
54,11947.627304272963
55,11848.691087149806
56,11831.825394184772
57,11854.307388405705
58,11884.07977624701
59,11884.472564472566
60,11916.011446560893
61,11879.0276041839
62,11835.798040819736
63,11843.534259396074
64,11927.887523482716
65,11936.946719140267
66,11901.037274775546
67,11905.475113331962
68,11890.41433521067
69,11851.370950202438
70,11816.04417234151
71,11820.785649821682
72,11831.812695454719
73,11841.290218274182
74,11918.145026022183
75,11933.093715702258
76,11993.837149216755
77,12030.444505420899
78,12013.640961808946
79,12012.565182680859
80,11849.643150217842
81,11868.005381591556
82,11877.621532774554
83,11822.891452733502
84,11806.838135889662
85,11826.651046165904
86,11843.400662169435
87,11845.438337879776
88,11798.233070312826
89,11806.095339973219
90,11810.265555711181
91,11842.905951797935
92,11816.07078610395
93,11814.79401535921
94,11825.69036921487
95,11891.547435083074
96,11917.32753865959
97,11907.41481966155
98,11926.858930664484
99,11918.034604040573
100,11919.269415934643
101,11941.06874653583
102,11966.959234321643
103,11972.543437873206
104,11957.999515026544
105,11962.885417351968
106,11954.048228281003
107,11946.016950307108
108,11972.994153146248
109,12011.764272828634
110,12014.598514135603
111,11981.469214231265
112,11985.761202499032
113,12073.884760484696
114,12079.30000048829
115,12084.905689164636
116,12118.869889924776
117,12119.933697296125
118,12101.985358537951
119,12066.918309451758
120,12026.171223274927
121,12013.282334757048
122,12005.181404631898
123,12044.893490109953
124,12017.011241182467
125,11943.215830930856
126,11901.567248790941
127,11877.837000868987
128,11951.428377684188
129,11972.018834393146
130,12015.974298430829
131,11988.998800050726
132,11908.136770083147
133,11933.02320895591
134,11946.353144541901
135,11926.606419608739
136,11957.80478850777
137,11996.015218093107
138,12002.171045431463
139,11980.920418071735
140,11909.722196331266
141,11797.747967750525
142,11822.090478794642
143,11883.89380687429
144,11871.499569364796
145,11839.49543407761
146,11842.004005093482
147,11873.949708097309
148,11879.946944572366
149,11914.088305740755
150,11963.984241408216
151,11857.31350504938
152,11817.787101575681
153,11845.423010996034
154,11863.463911771483
155,11879.522732368574
156,11863.205389395429
157,11784.955841187659
158,11711.977308394296
159,11624.083692121203
160,11523.359690882226
161,11435.245948308668
162,11490.48438140835
163,11759.976945412334
164,11758.577799088445
165,11759.12894432211
166,11679.954531626838
167,11730.401271010756
168,11748.323568547574
169,11692.249798745244
170,11786.988875826912
171,11844.229366545138
172,11709.770545424024
173,11708.884012829629
174,11645.865482618909
175,11662.001067801504
176,12023.619634824021
177,11988.144760832418
178,11932.61166412705
179,11892.596896510628
180,11745.602261937009
181,11717.48304863799
182,11671.904358508582
183,11724.896537141249
184,11692.681534197163
185,11764.416675449675
186,11834.702373846307
187,11798.10124725374
188,11881.736853773995
189,11902.986215854813
190,11907.767235183937
191,11865.236594637532
192,11817.065885874323
193,11889.913798222593
194,11926.0039438547
195,11908.263615289192
196,11886.04646299642
197,11960.317191188275
198,11967.008847262921
199,12008.952533442085
200,11997.867282260295
201,11920.674628324789
202,11932.6529859181
203,12026.037865878712
204,12182.48882375716
205,12338.60549258158
206,12346.039777215585
207,12268.591336404725
208,12670.727323007774
209,12830.411876865823
210,12812.690594296295
211,12863.751998963111
212,12881.453461818206
213,12872.637363813057
214,12839.47976751828
215,12845.441346125102
216,12868.446947592354
217,12860.849059165601
218,12751.670708205947
219,12810.253288528016
220,12790.479943691931
221,12907.63612437874
222,12987.780964312826
223,12969.573092855146
224,13036.144136908812
225,13010.242613018821
226,12942.489860664798
227,12975.930712365198
228,13223.21081844085
229,13176.41600212087
230,13175.85327166272
231,13183.477955784787
232,13186.298597760162
233,13179.088910170763
234,13147.285930562815
235,13105.141005015008
236,13088.836271806798
237,13075.270194443086
238,13049.335754230942
239,13148.594310119004
240,13155.33227892271
241,13112.551641493537
242,13060.996356191165
243,13141.325269695937
244,13158.269669238756
245,13174.432003437296
246,13159.517397351716
247,13139.73106650095
248,13165.120454674778
249,13155.149615914628
250,13137.046393903287
251,13101.746958550972
252,13114.382807147642
253,13081.829543294687
254,12997.240415038295
255,12930.107218002891
256,12958.310773351242
257,12959.677020538067
258,12881.834932616683
259,12944.085872154892
260,12743.79733991784
261,12787.0524925577
262,12699.768456084226
263,12715.879739988055
264,12772.845938863504
265,12747.165472698949
266,12746.0781259674
267,12650.215188565464
268,12638.892913229498
269,12790.504448126865
270,12772.466382929166
271,12700.49933864151
272,12645.050079175653
273,12691.290669537271
274,12605.546391943764
275,12585.84767948758
276,12552.155541858192
277,12586.343712064276
278,12518.844705139869
279,12738.21932619153
280,12754.239696489649
281,12915.161841926138
282,13044.49119655368
283,13098.008796163342
284,13163.960257451428
285,12964.811777282179
286,12947.434275651354
287,12896.796372281799
288,13106.007375831288
289,13116.488331442766
290,13310.31728987908
291,13290.175058660967
292,13302.358906478576
293,13344.771103180814
294,13340.261926728212
295,13317.062644015828
296,13501.642125122524
297,13487.830250953095
298,13594.81340466941
299,13579.54338777106
300,13576.684110886928
301,13607.85696435709
302,13612.696286231216
303,13631.776708317975
304,13623.783050609221
305,13641.073430688264
306,13582.50271126457
307,13595.834981680613
308,13600.318519277016
309,13629.250008402283
310,13645.472094441
311,13650.473979401693
312,13640.243133988552
313,13616.521640450246
314,13504.811358623856
315,13517.909116292383
316,13455.28120676997
317,13483.871741043677
318,13503.62774744035
319,13561.018233799927
320,13654.702432230413
321,13656.364414682748
322,13593.038423812111
323,13585.223540643301
324,13630.368841118234
325,13618.878521822515
326,13606.651151480008
327,13566.563183327886
328,13489.345854917672
329,13490.492508327721
330,13469.93533134885
331,13462.86774088329
332,13535.290338935038
333,13497.404612090731
334,13442.226301001825
335,13461.864114839158
336,13434.211444018114
337,13353.881435998912
338,13338.065931244844
339,13320.840827618938
340,13244.542761954588
341,13171.879393363113
342,13169.062782454164
343,13351.554926692157
344,13375.036592261882
345,13351.12060149984
346,13338.701741080782
347,13370.600797724539
348,13362.415456041746
349,13406.474661823915
350,13422.209624191597
351,13452.093258658984
352,13627.279174879968
353,13588.511466972815
354,13578.857406729061
355,13597.180950341015
356,13588.768783443405
357,13597.922213952745
358,13644.458344487899
359,13636.490014685374
360,13637.153296584755
361,13526.930209366297
362,13518.849052306745
363,13457.935064269348
364,13457.23353763848
365,13464.597407607533
366,13519.30906412565
367,13563.73412976219
368,13566.933885690638
369,13584.04959941225
370,13641.958573365191
371,13517.588276557482
372,13340.865175062596
373,13453.577343309731
374,13573.535128987087
375,13650.833561131105
376,13656.216609440618
377,13521.216119870383
378,13477.259464068198
379,13505.613157008203
380,13419.503262592123
381,13494.161429653686
382,13468.737682371315
383,13432.939338319778
384,13332.601024851225
385,13328.104861904085
386,13343.57845402087
387,13315.008543557082
388,13268.913404855313
389,13264.618573762498
390,13233.62795278347
391,13238.90601245465
392,13299.544018728393
393,13312.457085398608
394,13356.251755156101
395,13289.247916000953
396,13323.728802486365
397,13308.527133235762
398,13345.424276949425
399,13365.00566330264
400,13425.779943639807
401,13400.07473355341
402,13453.815889044106
403,13525.963789784288
404,13528.956277153718
405,13519.805648537258
406,13537.635083489387
407,13512.23379738255
408,13483.607366259228
409,13533.399436768146
410,13540.00957628702
411,13513.78963366517
412,13513.799103794592
413,13486.229349118195
414,13485.23446414491
415,13497.193038264555
416,13497.51002240408
417,13526.847872881053
418,13493.911256994244
419,13513.569415255599
420,13574.309043625544
421,13622.408812828948
422,13672.035819375898
423,13690.328888882637
424,13659.230895608509
425,13671.55479162469
426,13635.754133803312
427,13616.552858938268
428,13680.943551772914
429,13657.231683516968
430,13658.019299352698
431,13647.614227352979
432,13880.84402826169
433,13878.700470749125
434,13846.27237870009
435,13799.444016556816
436,13804.775566498945
437,13761.146219933034
438,13728.112032876901
439,13730.191601270311
440,13748.360078391028
441,13786.84546077128
442,13786.535029981827
443,13745.37812197995
444,13703.781130624315
445,13719.472183107313
446,13683.777013766754
447,13670.367576912888
448,13649.698051666523
449,13654.704622802426
450,13640.52421054254
451,13656.017895132924
452,13655.323035350924
453,13648.03781009161
454,13604.838739525592
455,13660.004190853017
456,13645.47002444138
457,13346.83397616836
458,13271.152529152796
459,13278.727330249036
460,13268.999299165132
461,13237.545137250903
462,13080.91235613656
463,13077.815249895375
464,13070.617926767536
465,13213.047799444115
466,13183.598707282967
467,13159.48678729055
468,13123.3646147817
469,13059.723006306118
470,13017.763348119419
471,13042.712381357498
472,13082.896584933631
473,13081.952385278266
474,13070.33628927956
475,13118.090646199875
476,13117.097801807045
477,13130.90739044313
478,13128.123589190895
479,13165.011588574169
480,13222.709717076585
481,13188.144777223073
482,13144.202799231423
483,13110.02092861719
484,13120.880400367594
485,13126.209942165871
486,13224.04032479413
487,13207.540820238799
488,13270.475364441287
489,13237.935656507236
490,13300.36755404865
491,13281.728725093722
492,13228.244765037462
493,13185.547084208336
494,13184.14791507258
495,13198.406116411083
496,13192.82824116166
497,13179.66375394283
498,13199.718331500631
499,13211.335033161102
500,13210.053594052515
501,13225.361465417009
502,13193.848741478123
503,13235.233868982628
504,13321.920666493124
505,13441.026583558567
506,13399.294552966665
507,13408.614168573991
508,13463.829329420987
509,13455.055829006717
510,13434.721827502095
511,13450.503593309626
512,13442.000477745703
513,13421.733150199841
514,13425.579255116423
515,13415.374705902219
516,13456.68494169243
517,13456.211089386603
518,13457.72740511987
519,13476.783575169899
520,13445.054865069127
521,13476.172702258627
522,13484.04151845425
523,13472.988334265605
524,13478.022895649157
525,13492.90191384088
526,13501.739975828219
527,13505.094536702602
528,13613.79025517172
529,13624.173389078927
530,13628.9524451584
531,13631.704341977707
532,13609.42937113244
533,13611.296695585897
534,13617.197151670114
535,13616.807453060565
536,13626.276949503128
537,13624.526682469641
538,13618.288232763382
539,13539.32572387016
540,13518.424679230313
541,13543.460272273747
542,13600.855329688307
543,13593.648149528322
544,13587.561309218769
545,13579.56927166758
546,13578.721059968371
547,13580.519535476185
548,13583.151991513834
549,13590.830025760055
550,13591.488007328066
551,13594.65932676574
552,13609.75040116011
553,13737.05282115466
554,13743.48191576628
555,13737.891879283536
556,13684.699777396601
557,13658.633422506435
558,13655.164988098673
559,13636.695767323845
560,13617.29185094279
561,13629.663924205843
562,13644.07633602517
563,13641.92569505059
564,13643.689236441645
565,13638.055845846164
566,13635.47407959766
567,13596.275512944458
568,13593.148255894628
569,13565.125709303073
570,13594.593014640861
571,13569.079985458868
572,13555.635862314604
573,13555.449519290072
574,13562.975366851018
575,13575.707867886038
576,13657.859809204536
577,13664.088976370916
578,13653.31837083579
579,13673.439190387671
580,13770.753298872902
581,13767.700197694532
582,13716.608134715074
583,13605.628174605496
584,13601.961541874312
585,13590.226569522314
586,13583.53903086
587,13461.570489552147
588,13489.515504067527
589,13501.288504166952
590,13545.60811692079
591,13540.052392682883
592,13598.58823764522
593,13640.566689537087
594,13631.11180197742
595,13662.738559969042
596,13610.029155721963
597,13591.683742835767
598,13677.2552980194
599,13719.424382858528
600,13732.58589562097
601,13707.552403848638
602,13715.603660886094
603,13737.433130736394
604,13735.455820677618
605,13671.764979642647
606,13688.829253205267
607,13689.656677343171
608,13685.354525994902
609,13676.373932233371
610,13696.276122056419
611,13674.72566908272
612,13609.253434068354
613,13603.191752557768
614,13614.261045857242
615,13606.49978535074
616,13565.880786012993
617,13520.202506848149
618,13561.243757773624
619,13571.17981656647
620,13514.73967696128
621,13553.410266265695
622,13525.38330204171
623,13543.575762100521
624,13532.520883036364
625,13534.12700208705
626,13549.259853212896
627,13667.043484656462
628,13683.766623243937
629,13720.12462225058
630,13683.765109415654
631,13668.556849573208
632,13738.551711916025
633,13749.87319659758
634,13794.118580652903
635,13808.031107235702
636,13834.926651017253
637,13831.109159380268
638,13837.79235485603
639,13867.629067807922
640,13817.398351831682
641,13847.557045480009
642,13845.975077603505
643,13830.271606239463
644,13938.247085888232
645,13935.821128542833
646,14324.036050705505
647,14392.635342711083
648,14387.342560862522
649,14482.910633585929
650,14514.671822416094
651,14505.198713875081
652,14519.325034199137
653,14546.173363528085
654,14551.51527750126
655,14487.479015485638
656,14476.532877943388
657,14482.754138234906
658,14495.067377483636
659,14490.325389064814
660,14398.08691518408
661,14389.741493673104
662,14433.597327340009
663,14473.58026633054
664,14433.84142196942
665,14453.569254229309
666,14473.610818680507
667,14373.021705273524
668,14371.054331025976
669,14363.566323737045
670,14386.697590204767
671,14438.880630038235
672,14358.330432654991
673,14369.31545530357
674,14424.105297426428
675,14388.897495974814
676,14402.32533511439
677,14444.964653116258
678,14417.298909316005
679,14449.219454587776
680,14445.876211406263
681,14458.962702994502
682,14450.603970836355
683,14450.69484860315
684,14432.16097469343
685,14441.7517036129
686,14385.976969082034
687,14360.390873664388
688,14368.6027133241
689,14347.47990014873
690,14401.478424497205
691,14405.161379534979
692,14397.463021455907
693,14346.220481393997
694,14357.616541803256
695,14391.59060944893
696,14432.95070112793
697,14695.963789068232
698,14684.270449760481
699,14680.579570790502
700,14689.736740696859
701,14799.220000119767
702,14782.595988062323
703,14773.797288048738
704,14748.46369676396
705,14753.963145999009
706,14779.421484553173
707,14760.434672389616
708,14644.252519376772
709,14639.88818866512
710,14502.04032596437
711,14480.390152111439
712,14565.441620503496
713,14577.478006848152
714,14559.02925748271
715,14552.588532384501
716,14582.34442772108
717,14573.229102189693
718,14560.022998786784
719,14533.99122495966
720,14526.226649510774
721,14517.428181541238
722,14440.62986750411
723,14424.594331258286
724,14566.420800329826
725,14595.310896049687
726,14692.620695176342
727,14773.508648213881
728,14816.636812536808
729,14803.439190676563
730,14746.527901015019
731,14725.361835409767
732,14772.978826628656
733,14752.676487911061
734,14719.336666200727
735,14737.608875575324
736,14680.269579154672
737,14730.476441692696
738,14794.864978962974
739,14776.936059749974
740,14770.917736459865
741,14771.797813571344
742,14752.02169436514
743,14742.878012989848
744,14781.658424111802
745,14671.99305447724
746,14662.270104900937
747,14681.96397007467
748,14689.341542063681
749,14684.053169080049
750,14664.70920093554
751,14637.09290304923
752,14637.169600420259
753,14703.56250140973
754,14720.02723174571
755,14749.873928773726
756,14751.170417466757
757,14796.820442887903
758,14813.345423713812
759,14741.864864991961
760,14747.927710448012
761,14809.902120390056
762,14801.222739463808
763,14793.048941117735
764,14784.776772223957
765,14788.734441398365
766,14746.74743970167
767,14785.924336422464
768,14766.534317749585
769,14758.840965896205
770,14819.56699662824
771,14756.113397479674
772,14642.510694152514
773,14683.385721473856
774,14603.60102597441
775,14470.721559223397
776,14395.068819664513
777,14416.052581244034
778,14552.394650609413
779,14383.440346341959
780,14381.233504975316
781,14482.514235325943
782,14495.28800151963
783,14510.705809081386
784,14724.898764744408
785,14661.875625808923
786,14669.30762078652
787,14692.941568955874
788,14702.033265243912
789,14711.148933444276
790,14702.80619918986
791,14665.443945365227
792,14618.103330136788
793,14565.246687667714
794,14571.603733714524
795,14626.890620856226
796,14673.89124970568
797,14670.853834036066
798,14682.0702270589
799,14785.978576719748
800,14822.300385775254
801,14719.10313094482
802,14729.48722966277
803,14814.812077275721
804,14806.81234944387
805,14709.297072487363
806,14712.817821474107
807,14689.32955909639
808,14497.063678591077
809,14398.679611122212
810,14473.921562590096
811,14386.83359654517
812,14319.71843608564
813,14324.092333294851
814,14300.762424326298
815,14275.52074796972
816,14269.897230914243
817,14279.697111262707
818,14214.443582529731
819,14230.00839372831
820,14180.344819035778
821,14142.98094966313
822,14161.129275702435
823,14156.431410017354
824,14191.968808076736
825,14277.012358096232
826,14284.174194517798
827,14279.020938642865
828,14193.44693755911
829,14181.2405798338
830,14199.341786153218
831,14199.341786153218
832,14325.256654076067
833,14547.108706434066
834,14538.156871926214
835,14551.985795063752
836,14512.166783039687
837,14511.330202938954
838,14516.106655056288
839,14539.759199700622
840,14602.925718439252
841,14607.766756181565
842,14649.073241171829
843,14662.554092388349
844,14677.351730562259
845,14665.716062304975
846,14694.996214129467
847,14626.794022052258
848,14385.129018682339
849,14301.16825363541
850,14337.544373912991
851,14310.585880894068
852,14285.497044169855
853,14322.674740584567
854,14313.43519192861
855,14287.520263973809
856,14313.4330071534
857,14407.47664413417
858,14583.785502653329
859,14577.492724568063
860,14551.190687033448
861,14555.765391748198
862,14552.159609309047
863,14639.100115555997
864,14591.053187906698
865,14600.732111357482
866,14613.501407136868
867,14623.846834034257
868,14613.73162098669
869,14527.524874222288
870,14556.579767088297
871,14497.789921385216
872,14478.522026090428
873,14448.057580404522
874,14451.983885482668
875,14428.64684624314
876,14353.02921461583
877,14377.956513246547
878,14417.407560702428
879,14430.56199688643
880,14425.313164349802
881,14564.273726033003
882,14654.286122308631
883,14642.838348266918
884,14643.77547645614
885,14594.212153631197
886,14570.226719658434
887,14602.515020824236
888,14642.879108181363
889,14641.180351513885
890,14608.800471674665
891,14605.740725989495
892,14605.00236257288
893,14597.95189004303
894,14612.11923955649
895,14603.005445681465
896,14512.171290138001
897,14505.94831186371
898,14508.54283962263
899,14457.646625081119
900,14459.892166210564
901,14479.440079735406
902,14449.549855738873
903,14383.107157121814
904,14381.434119749638
905,14364.244343231261
906,14338.630559190473
907,14303.456908359483
908,14302.180266624626
909,14201.168862089798
910,14266.80037469299
911,14390.415810841427
912,14409.507303595388
913,14405.026766954797
914,14396.600726510134
915,14326.889981041728
916,14350.029469337389
917,14413.714393314856
918,14347.939177659617
919,14375.092739375204
920,14349.236733738791
921,14381.832487082815
922,14378.49768334617
923,14192.697609853922
924,14189.071813108903
925,14217.729568102097
926,14188.457825168074
927,14241.240771380257
928,14290.317327870904
929,14362.715734285073
930,14320.586531474586
931,14292.634609486811
932,14426.241070783308
933,14517.109954030358
934,14522.535935527272
935,14474.061024188011
936,14466.878321506747
937,14432.143729582845
938,14496.679039066314
939,14450.89747785082
940,14424.365959706289
941,14353.310726166425
942,14337.352073366992
943,14285.971907052115
944,14226.784931550745
945,14194.63746092888
946,14231.223899415265
947,14152.208688106795
948,14210.58781768605
949,14312.420012781942
950,14289.35666240119
951,14410.86609910424
952,14429.86585754737
953,14336.834187260833
954,14344.871276931195
955,14399.25727825269
956,14255.330015200325
957,14008.775890184974
958,14042.681847269743
959,14015.484657014791
960,14009.72465906273
961,14010.657866882078
962,14017.463679370572
963,14213.481367786118
964,14111.89565971025
965,14026.893397791562
966,14050.590676431026
967,14152.752060538607
968,14161.485383239331
969,14126.453102662666
970,14069.514292550717
971,14117.543523396278
972,14150.451789292158
973,14169.06586004905
974,14204.786848848249
975,14094.152939496746
976,14013.513971174038
977,14043.858978493294
978,14029.18595243953
979,14104.399591519807
980,14061.559144540173
981,14122.552320966073
982,14082.030711294583
983,14223.202851530817
984,14321.658904703123
985,14246.005495118348
986,14224.934736370136
987,14205.686745432988
988,14194.316647772179
989,14171.534357418694
990,14198.309662861331
991,14199.128164747586
992,14178.158109236245
993,14107.471937119375
994,14119.582249490639
995,14035.22487880259
996,13991.473007065088
997,13973.98872014843
998,13965.60442134577
999,14069.137558458955
1000,13961.337459543245
1001,13867.880201071286
1002,13890.373772555802
1003,13739.126218327481
1004,13958.117115875115
1005,13990.237580851468
1006,14018.274254996159
1007,14074.893541215339
1008,14141.317194290912
1009,14105.420575566288
1010,14197.170106336918
1011,14207.392547082181
1012,14224.309098937021
1013,14155.353924852127
1014,14193.433362617725
1015,14046.120674955819
1016,14039.113797771648
1017,14035.508414058693
1018,14050.743236584789
1019,14027.278779094702
1020,13991.694723643144
1021,14085.03344065579
1022,14084.035505231726
1023,14079.886131681673
1024,14137.050205832707
1025,14185.084815400422
1026,14101.182318508552
1027,14033.115397187059
1028,14025.237529185326
1029,14008.190861967172
1030,14034.198659069878
1031,14116.048460616945
1032,14104.828048529322
1033,14141.217411766047
1034,14188.352095429178
1035,14141.798966695846
1036,14180.57764821596
1037,14133.32074495636
1038,14024.838199554797
1039,14036.156404144811
1040,14034.555193122655
1041,14030.882460891678
1042,13963.682592096717
1043,13950.03422555202
1044,13993.93550360556
1045,14068.302199380954
1046,13921.696205340886
1047,13894.681925488194
1048,13921.408763128955
1049,13932.58265027927
1050,13944.137769569521
1051,13950.399645647683
1052,14011.786813879211
1053,14035.432559307445
1054,13981.996905826958
1055,13990.725672450339
1056,13975.761325911812
1057,13905.887985387915
1058,13900.784891979654
1059,13920.065861644978
1060,13848.364861326903
1061,13854.165226430769
1062,13864.960762834844
1063,14045.08164081069
1064,14058.623775542952
1065,14101.849643038586
1066,14135.353887136873
1067,14120.321566495613
1068,14176.731307553324
1069,14113.602272017764
1070,14067.413005016797
1071,14036.526400840485
1072,14041.4514854265
1073,14046.403645029668
1074,14081.195287109978
1075,14103.011792722351
1076,14076.94929515847
1077,14087.156999152434
1078,14061.83681887269
1079,13991.573102410704
1080,13979.343534928865
1081,13965.316863198605
1082,13984.695418550826
1083,13988.868036925665
1084,13972.342412383729
1085,13983.814512672225
1086,13976.09406870486
1087,13893.161754508721
1088,13843.862252621377
1089,13780.589694901275
1090,13772.730995398952
1091,13803.65656657649
1092,13761.183913088253
1093,13814.640602847569
1094,13828.906477672637
1095,13868.389139316892
1096,13596.798941389996
1097,13569.308141447264
1098,13602.918740448833
1099,13542.84352314962
1100,13415.441090620561
1101,13458.446425547656
1102,13435.737981482425
1103,13394.742380292319
1104,13366.332814362791
1105,13352.852773452414
1106,13330.152401053849
1107,13220.153932887793
1108,13142.184607387608
1109,13136.81028073788
1110,13199.838370743822
1111,13217.448367577292
1112,13238.675494240317
1113,13205.831470460096
1114,13358.166466513421
1115,13315.747622249995
1116,13311.998302646092
1117,13351.815834289813
1118,13366.298200750494
1119,13399.43018088424
1120,13353.244657090461
1121,13356.821318062131
1122,13323.010194415883
1123,13377.915346348203
1124,13384.359751551232
1125,13428.233564608188
1126,13442.179486352674
1127,13455.792957377593
1128,13468.063103686489
1129,13468.231803663533
1130,13402.786237734845
1131,13449.027736799033
1132,13463.452220544974
1133,13489.683851550042
1134,13482.454918615327
1135,13495.430137093168
1136,13441.865623681098
1137,13427.279489251669
1138,13416.293516464244
1139,13377.564934152017
1140,13275.494256915923
1141,13227.804969996198
1142,13250.617678157072
1143,13238.009638587868
1144,13232.048237860647
1145,13221.111603672105
1146,13184.269449464136
1147,13107.436753542403
1148,13057.251228384655
1149,13032.533775638452
1150,12799.953516363108
1151,12869.47723290828
1152,12836.583302996933
1153,12986.143440195314
1154,12937.78534704564
1155,12859.970070854688
1156,12835.47995614448
1157,12801.003992407495
1158,12795.607957675347
1159,12849.874499714722
1160,13013.179148643332
1161,13090.016486679462
1162,13084.86049829953
1163,13003.55531964812
1164,12990.509392804242
1165,13017.569666915617
1166,13031.200344849474
1167,13021.842445496111
1168,13032.677351254397
1169,13080.492768382841
1170,12996.055342379344
1171,13007.013102430657
1172,13096.22560962633
1173,13029.044330800281
1174,13049.398929438708
1175,13190.551866441958
1176,13234.562888089298
1177,13240.123104400558
1178,13224.276178249633
1179,13306.096210150195
1180,13247.454117147458
1181,13230.66734586043
1182,13248.183567156919
1183,13236.440048587425
1184,13195.685690187736
1185,13046.113562385837
1186,13080.012814288551
1187,13137.246041284503
1188,13050.308034371543
1189,13052.497771332639
1190,13017.203812617834
1191,12974.628531643913
1192,13014.712586444519
1193,13009.831435724464
1194,12962.315735769815
1195,12895.60753532407
1196,12912.536381812648
1197,13010.845852840845
1198,13059.421589886593
1199,13066.832721211358
1200,13127.08421800505
1201,13144.927735384263
1202,13146.147222564872
1203,13084.248590117993
1204,13102.920072757985
1205,13097.45281742539
1206,13113.108627124584
1207,12985.886277233047
1208,12961.599184349714
1209,12978.595155065048
1210,12949.443684170175
1211,12950.550474226357
1212,12943.813170686404
1213,13017.355102841906
1214,13119.13630555465
1215,13103.402527086793
1216,13088.421336226926
1217,13751.935152490172
1218,13767.612672707237
1219,13676.802748160066
1220,13679.38617229916
1221,13668.4042129526
1222,13658.362767898017
1223,13636.11136424639
1224,13636.905511095189
1225,13633.267989058404
1226,13612.060469198059
1227,13627.467308636762
1228,13626.887271589016
1229,13664.481468624545
1230,13589.913234782784
1231,13576.612434222914
1232,13611.070148636452
1233,13609.731961406875
1234,13550.786873364117
1235,13553.846331899846
1236,13630.225673340312
1237,13625.699772460102
1238,13563.664149879432
1239,13562.906026981234
1240,13637.526950568808
1241,13832.728020323293
1242,13814.727446906947
1243,13952.451168060386
1244,13974.610952116205
1245,14045.723424537426
1246,14093.141476753919
1247,14098.827031439898
1248,14088.724443905301
1249,14098.882301172927
1250,14095.161758837716
1251,14046.250379582552
1252,14055.447562556548
