,Profitloss
0,-0.3586654145434576
1,-0.3835122255381185
2,-0.4827584701685539
3,-0.24646359739292079
4,-0.9058329467341641
5,-1.748669934731517
6,-1.8001619259643276
7,-2.007608718259113
8,-2.0954375963584404
9,-1.8627740878904953
10,-1.4448144844945499
11,-0.9441786650662976
12,-0.8493452670012669
13,-0.7811651736721603
14,-0.8829658843164112
15,-0.8310470426514005
16,-1.406338837163501
17,-1.489877595419431
18,-1.6069208685572711
19,-1.3805093128085866
20,-1.2623278013843109
21,-0.9410831290413202
22,-0.7310767093260617
23,-0.920684199493127
24,-0.45882987791829866
25,-0.028868139121185354
26,-0.616029735371848
27,-1.043752489340899
28,-0.8356146579015289
29,-0.9146823615154065
30,-1.0487528079799358
31,-1.0545193120395036
32,-0.8266505231719123
33,-0.9356252302629375
34,-0.8338383236044189
35,-1.1328779310868842
36,-0.8483292525023556
37,-0.7718477834048665
38,-0.7218339103301608
39,-0.37434496974544373
40,-0.23311596292963088
41,0.2947239146090741
42,0.04972002410865706
43,-0.3844848587405414
44,-0.8678623946731912
45,-1.015542652778234
46,-1.0714555333502518
47,-1.0258090218638438
48,-0.9509299047370079
49,-1.307455808274094
50,-0.6648057420631681
51,-0.5840678994830539
52,-0.5764758185222374
53,-0.30489288989985486
54,-0.4364391310586413
55,-1.260907607084949
56,-1.4014550484602317
57,-1.2141050966191225
58,-0.9660018646082458
59,-0.9627286293952819
60,-0.6999046119925523
61,-1.0081032984674998
62,-1.3683496598355327
63,-1.3038811716993837
64,-0.6009373043107002
65,-0.525444007164444
66,-0.8246893768704466
67,-0.7877073889003161
68,-0.9132138732444228
69,-1.2385754149796813
70,-1.5329652304874153
71,-1.493452918152649
72,-1.401560871210672
73,-1.3225815143818154
74,-0.6821247831484745
75,-0.5575523691478512
76,-0.05135708986037102
77,0.2537042118408328
78,0.11367468174121598
79,0.10470985567383462
80,-1.2529737481846492
81,-1.0999551534036978
82,-1.019820560212048
83,-1.4759045605541532
84,-1.6096822009194822
85,-1.4445746152841332
86,-1.3049944819213732
87,-1.288013851001868
88,-1.6813910807264465
89,-1.6158721668898424
90,-1.5811203690734854
91,-1.3091170683505404
92,-1.5327434491337444
93,-1.543383205339921
94,-1.452580256542746
95,-0.9037713743077158
96,-0.6889371778367459
97,-0.7715431694870878
98,-0.6095089111292973
99,-0.6830449663285609
100,-0.6727548672113115
101,-0.49109377886809025
102,-0.2753397139863112
103,-0.2288046843899494
104,-0.35000404144546193
105,-0.3092881887335919
106,-0.38293143099163984
107,-0.4498587474407678
108,-0.22504872378126262
109,0.09803560690528901
110,0.12165428446335724
111,-0.15442321473945197
112,-0.11865664584139735
113,0.615706337372468
114,0.6608333374024111
115,0.7075474097052892
116,0.990582416039798
117,0.9994474774676965
118,0.849877987816261
119,0.5576525787646558
120,0.21809352729105225
121,0.11068612297540081
122,0.04317837193248408
123,0.3741124175829391
124,0.14176034318722497
125,-0.47320140890952933
126,-0.8202729267421494
127,-1.0180249927584373
128,-0.40476351929843446
129,-0.2331763800571207
130,0.1331191535902443
131,-0.0916766662439561
132,-0.7655269159737799
133,-0.558139925367418
134,-0.44705712881748516
135,-0.6116131699271721
136,-0.35162676243524205
137,-0.03320651589077128
138,0.018092045262196876
139,-0.15899651606887666
140,-0.752315030572781
141,-1.6854336020789562
142,-1.4825793433779877
143,-0.9675516093809122
144,-1.0708369219600278
145,-1.3375380493532596
146,-1.3166332908876477
147,-1.0504190991890927
148,-1.0004421285636167
149,-0.7159307854937014
150,-0.300131321598196
151,-1.1890541245884956
152,-1.51844082020266
153,-1.2881415750330527
154,-1.1378007352376374
155,-1.0039772302618877
156,-1.139955088371425
157,-1.7920346567695145
158,-2.4001890967142003
159,-3.132635898989977
160,-3.9720025759814592
161,-4.706283764094432
162,-4.245963488263749
163,-2.000192121563882
164,-2.0118516742629544
165,-2.0072587973157474
166,-2.6670455697763495
167,-2.2466560749103692
168,-2.0973035954368835
169,-2.5645850104562995
170,-1.7750927014424045
171,-1.2980886121238489
172,-2.41857878813313
173,-2.42596655975309
174,-2.9511209781757586
175,-2.816657768320796
176,0.1968302902001673
177,-0.09879365972984555
178,-0.5615694656079251
179,-0.895025862411436
180,-2.11998115052493
181,-2.354307928016741
182,-2.7341303457618205
183,-2.292528857156262
184,-2.5609872150236357
185,-1.9631943712527078
186,-1.3774802179474466
187,-1.6824896062188288
188,-0.985526218550048
189,-0.8084482012098881
190,-0.7686063734671844
191,-1.123028378020563
192,-1.524450951047307
193,-0.9173850148117224
194,-0.6166338012108419
195,-0.7644698725900678
196,-0.949612808363165
197,-0.3306900734310503
198,-0.2749262728089841
199,0.0746044453507011
200,-0.017772647830871513
201,-0.6610447639600947
202,-0.5612251173491734
203,0.21698221565593645
204,1.5207401979763224
205,2.8217124381798353
206,2.883664810129871
207,2.2382611367060434
208,5.589394358398114
209,6.920098973881861
210,6.772421619135782
211,7.197933324692585
212,7.345445515151727
213,7.271978031775483
214,6.995664729319007
215,7.0453445510425095
216,7.237057896602961
217,7.173742159713337
218,6.263922568382885
219,6.752110737733474
220,6.587332864099427
221,7.563634369822836
222,8.231508035940216
223,8.079775773792885
224,8.634534474240096
225,8.41868844182352
226,7.8540821722066445
227,8.132755936376658
228,10.193423487007092
229,9.803466684340577
230,9.798777263856007
231,9.862316298206553
232,9.885821648001357
233,9.825740918089698
234,9.560716088023469
235,9.209508375125065
236,9.073635598389984
237,8.960584953692386
238,8.744464618591174
239,9.571619250991702
240,9.627768991022577
241,9.271263679112817
242,8.841636301593049
243,9.511043914132799
244,9.652247243656298
245,9.786933361977468
246,9.662644977930967
247,9.497758887507924
248,9.709337122289806
249,9.626246799288563
250,9.475386615860714
251,9.181224654591436
252,9.286523392897017
253,9.015246194122394
254,8.310336791985783
255,7.750893483357424
256,7.985923111260362
257,7.997308504483902
258,7.348624438472351
259,7.8673822679574235
260,6.198311165982018
261,6.558770771314171
262,5.831403800701884
263,5.965664499900458
264,6.440382823862523
265,6.226378939157917
266,6.217317716394999
267,5.418459904712192
268,5.324107610245821
269,6.587537067723881
270,6.437219857743037
271,5.837494488679251
272,5.375417326463783
273,5.760755579477261
274,5.046219932864693
275,4.882063995729835
276,4.601296182151593
277,4.886197600535636
278,4.323705876165573
279,6.151827718262748
280,6.285330804080402
281,7.6263486827178095
282,8.704093304613991
283,9.150073301361171
284,9.69966881209523
285,8.04009814401816
286,7.895285630427962
287,7.473303102348328
288,9.216728131927399
289,9.30406942868971
290,10.919310748992327
291,10.751458822174719
292,10.852990887321457
293,11.206425859840108
294,11.16884938940177
295,10.975522033465236
296,12.513684376021029
297,12.39858542460912
298,13.290111705578411
299,13.162861564758831
300,13.139034257391069
301,13.398808036309084
302,13.439135718593453
303,13.598139235983119
304,13.531525421743517
305,13.675611922402208
306,13.187522593871414
307,13.298624847338436
308,13.335987660641791
309,13.577083403352352
310,13.712267453674997
311,13.753949828347434
312,13.668692783237923
313,13.471013670418719
314,12.540094655198807
315,12.649242635769852
316,12.127343389749745
317,12.36559784203064
318,12.530231228669585
319,13.008485281666049
320,13.78918693525344
321,13.803036789022904
322,13.27532019843427
323,13.2101961720275
324,13.586407009318613
325,13.490654348520948
326,13.388759595666722
327,13.054693194399047
328,12.411215457647273
329,12.420770902731014
330,12.249461094573743
331,12.190564507360758
332,12.794086157791984
333,12.478371767422768
334,12.018552508348535
335,12.182200956992983
336,11.951762033484293
337,11.282345299990926
338,11.150549427040367
339,11.007006896824478
340,10.371189682954896
341,9.765661611359278
342,9.7421898537847
343,11.262957722434642
344,11.458638268849008
345,11.259338345832015
346,11.155847842339849
347,11.421673314371162
348,11.353462133681225
349,11.72062218186596
350,11.851746868263312
351,12.100777155491539
352,13.560659790666406
353,13.237595558106797
354,13.157145056075503
355,13.309841252841782
356,13.239739862028376
357,13.316018449606215
358,13.703819537399164
359,13.637416789044776
360,13.642944138206282
361,12.724418411385807
362,12.657075435889542
363,12.149458868911234
364,12.143612813653991
365,12.204978396729448
366,12.660908867713738
367,13.03111774801824
368,13.057782380755324
369,13.200413328435424
370,13.68298811137658
371,12.646568971312355
372,11.17387645885497
373,12.113144527581099
374,13.112792741559055
375,13.756946342759214
376,13.801805078671814
377,12.676800998919857
378,12.310495533901644
379,12.546776308401686
380,11.82919385493435
381,12.451345247114043
382,12.239480686427617
383,11.941161152664815
384,11.105008540426864
385,11.06754051586738
386,11.196487116840581
387,10.95840452964234
388,10.574278373794277
389,10.538488114687494
390,10.280232939862245
391,10.324216770455429
392,10.829533489403275
393,10.93714237832173
394,11.302097959634171
395,10.743732633341274
396,11.031073354053046
397,10.904392776964688
398,11.211868974578532
399,11.37504719418867
400,11.88149953033173
401,11.667289446278417
402,12.11513240870088
403,12.716364914869072
404,12.741302309614323
405,12.665047071143821
406,12.81362569574489
407,12.60194831152126
408,12.363394718826903
409,12.77832863973456
410,12.83341313572517
411,12.61491361387641
412,12.614992531621594
413,12.385244575984956
414,12.376953867874253
415,12.476608652204636
416,12.479250186700664
417,12.723732274008782
418,12.449260474952029
419,12.613078460463335
420,13.119242030212863
421,13.52007344024122
422,13.933631828132498
423,14.086074074021981
424,13.826924130070918
425,13.929623263539082
426,13.631284448360926
427,13.471273824485564
428,14.007862931440961
429,13.810264029308073
430,13.816827494605821
431,13.730118561274818
432,15.673700235514087
433,15.65583725624271
434,15.385603155834083
435,14.995366804640131
436,15.039796387491222
437,14.676218499441962
438,14.40093360730752
439,14.418263343919268
440,14.56966731992524
441,14.890378839760654
442,14.887791916515237
443,14.544817683166244
444,14.198176088535952
445,14.328934859227616
446,14.031475114722959
447,13.919729807607407
448,13.74748376388768
449,13.789205190020226
450,13.671035087854499
451,13.800149126107698
452,13.794358627924375
453,13.733648417430079
454,13.373656162713266
455,13.83336825710848
456,13.712250203678167
457,11.223616468069665
458,10.592937742939966
459,10.656061085408641
460,10.574994159709439
461,10.312876143757531
462,9.007602967804672
463,8.98179374912813
464,8.921816056396125
465,10.108731662034298
466,9.86332256069138
467,9.66238989408792
468,9.361371789847507
469,8.831025052550977
470,8.4813612343285
471,8.68926984464582
472,9.024138207780252
473,9.016269877318873
474,8.919469077329655
475,9.317422051665613
476,9.30914834839205
477,9.424228253692757
478,9.40102990992413
479,9.708429904784733
480,10.189247642304867
481,9.901206476858949
482,9.535023326928528
483,9.250174405143262
484,9.34067000306329
485,9.385082851382265
486,10.200336039951097
487,10.062840168656662
488,10.587294703677387
489,10.316130470893636
490,10.836396283738736
491,10.681072709114359
492,10.235373041978857
493,9.879559035069473
494,9.867899292271499
495,9.986717636759025
496,9.940235343013825
497,9.830531282856914
498,9.997652762505261
499,10.094458609675838
500,10.083779950437632
501,10.211345545141736
502,9.948739512317694
503,10.293615574855242
504,11.016005554109377
505,12.008554862988063
506,11.660787941388872
507,11.738451404783268
508,12.198577745174898
509,12.125465241722644
510,11.956015229184125
511,12.087529944246889
512,12.016670647880856
513,11.847776251665355
514,11.879827125970198
515,11.79478921585182
516,12.13904118077025
517,12.135092411555014
518,12.147728375998913
519,12.306529793082488
520,12.04212387557606
521,12.301439185488562
522,12.367012653785414
523,12.274902785546704
524,12.31685746374298
525,12.440849282007328
526,12.51449979856849
527,12.54245447252167
528,13.448252126430994
529,13.534778242324386
530,13.574603709653331
531,13.597536183147563
532,13.411911426103673
533,13.427472463215807
534,13.476642930584282
535,13.473395442171366
536,13.552307912526063
537,13.537722353913683
538,13.485735273028187
539,12.827714365584676
540,12.653538993585943
541,12.862168935614559
542,13.3404610807359
543,13.280401246069351
544,13.229677576823073
545,13.163077263896493
546,13.156008833069755
547,13.170996128968216
548,13.19293326261528
549,13.25691688133379
550,13.262400061067204
551,13.288827723047847
552,13.414586676334261
553,14.475440176288835
554,14.529015964719004
555,14.482432327362794
556,14.039164811638338
557,13.82194518755362
558,13.79304156748895
559,13.639131394365368
560,13.4774320911899
561,13.580532701715352
562,13.700636133543087
563,13.68271412542159
564,13.697410303680368
565,13.650465382051369
566,13.628950663313821
567,13.302295941203823
568,13.276235465788577
569,13.042714244192277
570,13.288275122007164
571,13.075666545490572
572,12.963632185955042
573,12.962079327417264
574,13.024794723758482
575,13.130898899050326
576,13.815498410037797
577,13.86740813642431
578,13.777653090298259
579,13.945326586563933
580,14.756277490607506
581,14.730834980787776
582,14.30506778929228
583,13.38023478837913
584,13.349679515619272
585,13.251888079352625
586,13.196158590500007
587,12.179754079601214
588,12.41262920056272
589,12.510737534724603
590,12.880067641006576
591,12.83376993902403
592,13.321568647043502
593,13.671389079475716
594,13.592598349811835
595,13.856154666408681
596,13.41690963101636
597,13.264031190298065
598,13.977127483495
599,14.328536523821068
600,14.438215796841414
601,14.22960336540533
602,14.296697174050777
603,14.47860942280328
604,14.462131838980152
605,13.93137483035538
606,14.073577110043889
607,14.080472311193093
608,14.044621049957517
609,13.969782768611427
610,14.135634350470161
611,13.956047242355996
612,13.41044528390296
613,13.35993127131474
614,13.452175382143672
615,13.387498211256155
616,13.049006550108277
617,12.668354223734578
618,13.010364648113537
619,13.09316513805392
620,12.622830641343995
621,12.94508555221412
622,12.711527517014254
623,12.863131350837676
624,12.771007358636366
625,12.784391684058761
626,12.910498776774126
627,13.892029038803845
628,14.031388527032806
629,14.334371852088168
630,14.031375911797106
631,13.904640413110059
632,14.487930932633542
633,14.582276638313175
634,14.950988172107515
635,15.066925893630856
636,15.291055425143774
637,15.259242994835564
638,15.314936290466918
639,15.563575565066024
640,15.144986265264016
641,15.396308712333418
642,15.383125646695884
643,15.252263385328856
644,16.1520590490686
645,16.13184273785695
646,19.36696708921255
647,19.938627855925684
648,19.89452134052101
649,20.690921946549402
650,20.95559852013411
651,20.876655948958998
652,20.994375284992817
653,21.21811136273404
654,21.262627312510496
655,20.728991795713657
656,20.637773982861574
657,20.689617818624217
658,20.792228145696967
659,20.752711575540104
660,19.98405762653399
661,19.914512447275868
662,20.27997772783341
663,20.61316888608784
664,20.282011849745164
665,20.446410451910914
666,20.613423489004212
667,19.775180877279364
668,19.75878609188313
669,19.696386031142033
670,19.88914658503973
671,20.324005250318635
672,19.652753605458262
673,19.74429546086307
674,20.20087747855357
675,19.907479133123452
676,20.01937779261993
677,20.374705442635488
678,20.144157577633372
679,20.410162121564788
680,20.382301761718868
681,20.49135585828752
682,20.421699756969637
683,20.422457071692925
684,20.268008122445245
685,20.347930863440823
686,19.883141409016947
687,19.669923947203237
688,19.738355944367502
689,19.56233250123942
690,20.012320204143386
691,20.04301149612482
692,19.978858512132568
693,19.551837344949984
694,19.64680451502714
695,19.929921745407754
696,20.274589176066083
697,22.466364908901927
698,22.36892041467067
699,22.338163089920847
700,22.414472839140487
701,23.326833334331386
702,23.18829990051936
703,23.114977400406154
704,22.90386413969967
705,22.949692883325067
706,23.161845704609775
707,23.00362226991346
708,22.03543766147311
709,21.999068238876006
710,20.850336049703078
711,20.66991793426198
712,21.378680170862463
713,21.47898339040126
714,21.32524381235592
715,21.271571103204167
716,21.51953689767567
717,21.443575851580764
718,21.333524989889874
719,21.11659354133051
720,21.05188874592312
721,20.978568179510315
722,20.33858222920093
723,20.204952760485707
724,21.386840002748553
725,21.627590800414055
726,22.438505793136176
727,23.112572068449012
728,23.47197343780674
729,23.361993255638037
730,22.88773250845848
731,22.71134862841473
732,23.10815688857213
733,22.93897073259219
734,22.66113888500605
735,22.81340729646104
736,22.33557982628893
737,22.753970347439136
738,23.29054149135812
739,23.141133831249782
740,23.090981137165546
741,23.098315113094525
742,22.933514119709496
743,22.857316774915404
744,23.180486867598347
745,22.266608787310325
746,22.1855842075078
747,22.349699750622243
748,22.411179517197333
749,22.367109742333735
750,22.20591000779617
751,21.975774192076926
752,21.97641333683549
753,22.529687511747753
754,22.66689359788092
755,22.915616073114386
756,22.926420145556303
757,23.306837024065864
758,23.444545197615096
759,22.84887387493302
760,22.899397587066762
761,23.415851003250452
762,23.34352282886507
763,23.275407842647788
764,23.206473101866298
765,23.2394536783197
766,22.88956199751393
767,23.21603613685386
768,23.054452647913216
769,22.990341382468383
770,23.49639163856867
771,22.967611645663943
772,22.02092245127094
773,22.361547678948803
774,21.69667521645342
775,20.589346326861644
776,19.958906830537604
777,20.133771510366948
778,21.269955421745102
779,19.862002886182985
780,19.843612541460963
781,20.687618627716198
782,20.794066679330236
783,20.922548409011554
784,22.707489706203397
785,22.182296881741024
786,22.24423017322099
787,22.441179741298956
788,22.516943877032602
789,22.59290777870231
790,22.52338499324882
791,22.212032878043566
792,21.8175277511399
793,21.377055730564276
794,21.430031114287694
795,21.890755173801878
796,22.282427080880684
797,22.257115283633876
798,22.35058522549085
799,23.216488139331236
800,23.519169881460456
801,22.659192757873512
802,22.745726913856412
803,23.456767310631
804,23.39010291203225
805,22.57747560406136
806,22.60681517895089
807,22.41107965913658
808,20.808863988258985
809,19.988996759351775
810,20.616013021584134
811,19.890279971209758
812,19.330986967380337
813,19.367436110790436
814,19.173020202719158
815,18.962672899747666
816,18.91581025761868
817,18.997475927189235
818,18.453696521081085
819,18.583403281069266
820,18.16954015863148
821,17.858174580526075
822,18.009410630853615
823,17.970261750144623
824,18.266406733972794
825,18.975102984135273
826,19.034784954314986
827,18.991841155357214
828,18.27872447965926
829,18.17700483194833
830,18.327848217943487
831,18.327848217943487
832,19.37713878396723
833,21.225905886950546
834,21.151307266051788
835,21.26654829219794
836,20.934723191997385
837,20.927751691157948
838,20.9675554588024
839,21.164659997505186
840,21.691047653660434
841,21.731389634846376
842,22.075610343098575
843,22.18795076990292
844,22.311264421352163
845,22.21430051920812
846,22.45830178441224
847,21.889950183768825
848,19.876075155686166
849,19.17640211362841
850,19.47953644927494
851,19.254882340783897
852,19.045808701415456
853,19.355622838204734
854,19.27862659940507
855,19.062668866448405
856,19.278608392944996
857,20.06230536778475
858,21.531545855444413
859,21.479106038067197
860,21.25992239194541
861,21.298044931234994
862,21.267996744242048
863,21.99250096296663
864,21.59210989922249
865,21.67276759464567
866,21.779178392807232
867,21.8653902836188
868,21.781096841555737
869,21.062707285185734
870,21.30483139240247
871,20.81491601154346
872,20.654350217420237
873,20.400479836704342
874,20.433199045688898
875,20.238723718692842
876,19.60857678846526
877,19.816304277054563
878,20.14506300585357
879,20.254683307386912
880,20.210943036248352
881,21.36894771694169
882,22.11905101923859
883,22.02365290222432
884,22.031462303801153
885,21.61843461359332
886,21.41855599715361
887,21.68762517353531
888,22.02399256817802
889,22.0098362626157
890,21.74000393062221
891,21.71450604991245
892,21.708353021440672
893,21.64959908369193
894,21.767660329637415
895,21.691712047345547
896,20.934760751150016
897,20.88290259886425
898,20.904523663521914
899,20.480388542342666
900,20.499101385088036
901,20.66200066446171
902,20.4129154644906
903,19.859226309348443
904,19.845284331246994
905,19.70203619359385
906,19.488587993253947
907,19.195474236329034
908,19.184835555205204
909,18.343073850748315
910,18.890003122441577
911,19.920131757011884
912,20.079227529961564
913,20.041889724623307
914,19.971672720917777
915,19.390749842014408
916,19.583578911144905
917,20.114286610957134
918,19.56615981383014
919,19.792439494793367
920,19.5769727811566
921,19.848604059023444
922,19.820814027884737
923,18.272480082116015
924,18.24226510924085
925,18.481079734184135
926,18.237148543067285
927,18.67700642816881
928,19.085977732257533
929,19.689297785708938
930,19.338221095621556
931,19.1052884123901
932,20.2186755898609
933,20.975916283586326
934,21.02113279606059
935,20.617175201566763
936,20.557319345889557
937,20.267864413190374
938,20.80565865888595
939,20.42414564875683
940,20.203049664219066
941,19.610922718053537
942,19.477933944724924
943,19.049765892100968
944,18.556541096256197
945,18.288645507740654
946,18.593532495127207
947,17.93507240088996
948,18.421565147383756
949,19.27016677318285
950,19.077972186676572
951,20.090550825868657
952,20.248882146228087
953,19.473618227173596
954,19.540593974426624
955,19.993810652105747
956,18.794416793336044
957,16.739799084874775
958,17.02234872724786
959,16.795705475123256
960,16.747705492189404
961,16.755482224017328
962,16.812197328088097
963,18.44567806488433
964,17.599130497585413
965,16.89077831492969
966,17.08825563692522
967,17.939600504488396
968,18.012378193661082
969,17.720442522188897
970,17.24595243792264
971,17.646196028302306
972,17.920431577434638
973,18.075548833742072
974,18.373223740402068
975,17.451274495806214
976,16.77928309311698
977,17.03215815411079
978,16.90988293699609
979,17.53666326266505
980,17.17965953783478
981,17.68793600805061
982,17.35025592745485
983,18.526690429423475
984,19.347157539192693
985,18.716712459319563
986,18.541122803084463
987,18.380722878608236
988,18.285972064768163
989,18.096119645155785
990,18.3192471905111
991,18.326068039563225
992,18.151317576968708
993,17.562266142661453
994,17.663185412422
995,16.960207323354926
996,16.59560839220906
997,16.449906001236926
998,16.380036844548073
999,17.24281298715795
1000,16.344478829527056
1001,15.565668342260718
1002,15.75311477129835
1003,14.492718486062351
1004,16.31764263229263
1005,16.585313173762238
1006,16.81895212496798
1007,17.29077951012783
1008,17.844309952424275
1009,17.54517146305239
1010,18.309750886140996
1011,18.394937892351514
1012,18.53590915780852
1013,17.961282707101045
1014,18.2786113551477
1015,17.05100562463182
1016,16.99261498143041
1017,16.962570117155785
1018,17.089526971539915
1019,16.89398982578918
1020,16.597456030359538
1021,17.37527867213158
1022,17.36696254359773
1023,17.332384430680612
1024,17.808751715272564
1025,18.209040128336838
1026,17.509852654237946
1027,16.94262830989215
1028,16.876979409877713
1029,16.734923849726435
1030,16.951655492248975
1031,17.633737171807873
1032,17.540233737744337
1033,17.84347843138372
1034,18.236267461909826
1035,17.84832472246538
1036,18.171480401799656
1037,17.77767287463634
1038,16.873651662956647
1039,16.96797003454009
1040,16.95462660935545
1041,16.924020507430647
1042,16.364021600805966
1043,16.250285212933502
1044,16.616129196713004
1045,17.23585166150796
1046,16.014135044507395
1047,15.78901604573495
1048,16.0117396927413
1049,16.104855418993914
1050,16.201148079745998
1051,16.253330380397358
1052,16.76489011566009
1053,16.961937994228716
1054,16.51664088189131
1055,16.58938060375281
1056,16.464677715931764
1057,15.882399878232633
1058,15.839874099830453
1059,16.000548847041497
1060,15.403040511057519
1061,15.451376886923063
1062,15.541339690290368
1063,17.042347006755755
1064,17.155198129524596
1065,17.515413691988215
1066,17.794615726140606
1067,17.66934638746345
1068,18.139427562944356
1069,17.613352266814708
1070,17.22844170847331
1071,16.97105334033737
1072,17.01209571188751
1073,17.05336370858057
1074,17.343294059249814
1075,17.525098272686268
1076,17.307910792987258
1077,17.39297499293695
1078,17.18197349060575
1079,16.596442520089205
1080,16.494529457740548
1081,16.377640526655046
1082,16.539128487923538
1083,16.573900307713885
1084,16.436186769864403
1085,16.531787605601878
1086,16.46745057254051
1087,15.776347954239345
1088,15.3655187718448
1089,14.838247457510633
1090,14.772758294991274
1091,15.030471388137423
1092,14.676532609068783
1093,15.122005023729734
1094,15.240887313938645
1095,15.569909494307431
1096,13.306657844916625
1097,13.077567845393867
1098,13.35765617040694
1099,12.857029359580174
1100,11.795342421838019
1101,12.153720212897134
1102,11.964483179020213
1103,11.622853169102655
1104,11.386106786356587
1105,11.273773112103447
1106,11.084603342115408
1107,10.167949440731604
1108,9.5182050615634
1109,9.473419006148998
1110,9.99865308953185
1111,10.145403063144087
1112,10.322295785335967
1113,10.048595587167464
1114,11.318053887611846
1115,10.96456351874997
1116,10.933319188717427
1117,11.26513195241512
1118,11.38581833958745
1119,11.661918174035325
1120,11.27703880908717
1121,11.306844317184428
1122,11.025084953465702
1123,11.482627886235019
1124,11.536331262926925
1125,11.901946371734894
1126,12.01816238627229
1127,12.131607978146608
1128,12.233859197387398
1129,12.235265030529451
1130,11.68988531445705
1131,12.075231139991939
1132,12.195435171208114
1133,12.41403209625036
1134,12.353790988461055
1135,12.461917809109725
1136,12.015546864009163
1137,11.893995743763908
1138,11.80244597053537
1139,11.479707784600146
1140,10.629118807632686
1141,10.23170808330165
1142,10.42181398464226
1143,10.31674698823224
1144,10.267068648838729
1145,10.175930030600867
1146,9.868912078867798
1147,9.228639612853362
1148,8.81042690320546
1149,8.604448130320442
1150,6.6662793030259015
1151,7.245643607569008
1152,6.97152752497443
1153,8.21786200162762
1154,7.814877892047001
1155,7.166417257122393
1156,6.962332967870655
1157,6.675033270062469
1158,6.630066313961236
1159,7.082287497622697
1160,8.44315957202777
1161,9.083470722328846
1162,9.040504152496087
1163,8.36296099706766
1164,8.254244940035349
1165,8.479747224296808
1166,8.593336207078961
1167,8.515353712467588
1168,8.605644593786632
1169,9.004106403190338
1170,8.300461186494545
1171,8.391775853588811
1172,9.135213413552744
1173,8.575369423335676
1174,8.744991078655895
1175,9.921265553682979
1176,10.288024067410827
1177,10.334359203337984
1178,10.202301485413612
1179,10.884135084584967
1180,10.395450976228805
1181,10.255561215503572
1182,10.401529726307658
1183,10.303667071561872
1184,9.964047418231136
1185,8.717613019881988
1186,9.000106785737927
1187,9.477050344037519
1188,8.752566953096185
1189,8.770814761105328
1190,8.476698438481955
1191,8.121904430365955
1192,8.455938220370985
1193,8.415261964370524
1194,8.019297798081793
1195,7.4633961277005945
1196,7.604469848438744
1197,8.423715440340374
1198,8.828513249054936
1199,8.890272676761324
1200,9.392368483375414
1201,9.54106446153553
1202,9.551226854707263
1203,9.035404917649936
1204,9.191000606316546
1205,9.145440145211591
1206,9.275905226038205
1207,8.215718976942066
1208,8.013326536247622
1209,8.15495962554207
1210,7.912030701418127
1211,7.921253951886298
1212,7.8651097557200345
1213,8.477959190349216
1214,9.326135879622077
1215,9.195021059056607
1216,9.070177801891056
1217,14.599459604084775
1218,14.730105605893652
1219,13.973356234667222
1220,13.994884769159665
1221,13.903368441271668
1222,13.819689732483486
1223,13.634261368719924
1224,13.640879259126582
1225,13.610566575486693
1226,13.433837243317148
1227,13.562227571973008
1228,13.557393929908468
1229,13.870678905204548
1230,13.249276956523204
1231,13.138436951857614
1232,13.425584571970429
1233,13.414433011723958
1234,12.923223944700979
1235,12.948719432498713
1236,13.585213944502605
1237,13.547498103834176
1238,13.030534582328613
1239,13.024216891510276
1240,13.64605792140674
1241,15.272733502694113
1242,15.122728724224554
1243,16.270426400503226
1244,16.455091267635048
1245,17.04769520447855
1246,17.442845639616
1247,17.49022526199915
1248,17.406037032544177
1249,17.490685843107734
1250,17.459681323647636
1251,17.05208649652128
1252,17.128729687971234
