,Portfolio Value
0,11955.90894372911
1,11963.318712528384
2,12038.44551750308
3,12097.538785177387
4,12048.422458209818
5,11921.533186366594
6,11913.748952320373
7,11838.818591001283
8,11828.087268332294
9,11846.812720418731
10,11851.723824702498
11,11919.5619871979
12,11937.780824835725
13,11988.870973127323
14,11964.121680477985
15,11936.65699899567
16,11864.470451695444
17,11856.088672649576
18,11834.59935484513
19,11831.569134374733
20,11837.91722229358
21,11843.220861776448
22,11858.362350931762
23,11788.29730081759
24,11843.871834973947
25,11942.570055947535
26,11881.800891457664
27,11781.681319295507
28,11884.669342416557
29,11820.023764318015
30,11788.594936269214
31,11789.142952723254
32,11817.3950324852
33,11741.595034496178
34,11777.787404846547
35,11712.10293346825
36,11767.529601849059
37,11747.806628861645
38,11761.620859772334
39,11786.053196903322
40,11806.310194670741
41,11920.454947670134
42,11892.883442601473
43,11862.674441073419
44,11834.876560011337
45,11734.22146605831
46,11735.499552931708
47,11750.4873525625
48,11766.984153020947
49,11712.00339808879
50,11893.554123858856
51,11949.195283399142
52,11930.199104020445
53,11968.805742070233
54,11946.54035822299
55,11899.89820390083
56,11871.40440979217
57,11902.70021806189
58,11961.417176933399
59,11956.243556351812
60,11966.776501663759
61,11948.143482135845
62,11842.654670486705
63,11863.587469608068
64,11948.692402462613
65,12029.591588111238
66,11989.915163928736
67,11998.57726277078
68,11977.268377885153
69,11967.609707233116
70,11888.30631196515
71,11898.963888348882
72,11964.605829660086
73,11977.792439973213
74,12017.892986561155
75,12028.589014040486
76,12090.62396379492
77,12145.509072839286
78,12085.987164800137
79,12083.32534223265
80,11827.800858871036
81,11868.440761717506
82,11892.673745193142
83,11814.313844689777
84,11716.371149845016
85,11761.765328623598
86,11766.494121931664
87,11752.803156535447
88,11695.701157222891
89,11685.30444236708
90,11700.607561989587
91,11733.96773959989
92,11695.762060950305
93,11753.19547549048
94,11780.484469391013
95,11930.378546381757
96,12042.644775721945
97,12000.763206777963
98,12028.93053824595
99,12020.216153086933
100,11976.434696246653
101,12085.478455467237
102,12112.223763276994
103,12134.736538987592
104,12137.957043509625
105,12139.56501778839
106,12090.296193170238
107,12078.871138151972
108,12132.991275931114
109,12171.361799569819
110,12177.274899427473
111,12058.256360078354
112,12051.823518957142
113,12087.108615885587
114,12100.51628456355
115,12103.622404242362
116,12090.661257578528
117,12136.334437188416
118,12082.68583269981
119,12060.378058952701
120,12003.014848664892
121,11935.294311676826
122,11911.188317899909
123,11930.549251399818
124,11901.436280486414
125,11775.125915783801
126,11742.282154785975
127,11673.345037927265
128,11748.309484665277
129,11766.413079869602
130,11834.357667787703
131,11789.852459887003
132,11685.102498931305
133,11795.165165331891
134,11978.701390095532
135,11952.724623247332
136,11992.063902910584
137,12052.882594734572
138,12088.151907092786
139,12068.23769979337
140,11905.81807036733
141,11711.797458818572
142,11773.431486592977
143,11817.238801111096
144,11797.292060248472
145,11734.197344391203
146,11757.051255503804
147,11809.57869034148
148,11806.0619042795
149,11839.078131088725
150,11875.990804546567
151,11717.164118331646
152,11636.154770212654
153,11641.126851420424
154,11677.995002073287
155,11738.631169224356
156,11685.238916212506
157,11565.386750907704
158,11404.863206241116
159,11324.646816892213
160,11113.02711534172
161,10938.288497572068
162,11033.04258488187
163,11235.932786334492
164,11235.684469712989
165,11073.71605415271
166,10950.68630030871
167,11062.276495239377
168,11090.888649964789
169,11011.459425617664
170,11042.692367761141
171,11104.771787879274
172,11026.256505572912
173,10951.256063803257
174,10810.794504530553
175,10825.253962355782
176,11006.657312873735
177,10973.913469057428
178,10856.959879506465
179,10824.127906175348
180,10700.845764638612
181,10595.923868522817
182,10517.272274996603
183,10585.754787985295
184,10538.841193405427
185,10625.378917356236
186,10662.304122743182
187,10647.978286540405
188,11013.659472597777
189,11037.191687032939
190,11043.928050103017
191,10963.208124422132
192,10881.437002204859
193,10934.69662053421
194,10960.919849918595
195,11036.572312457505
196,11002.069942296137
197,11118.942205279465
198,11134.08113390498
199,11193.074226073393
200,11160.749066254231
201,11018.582542165026
202,11082.27642310456
203,11211.097578915691
204,11369.22606167208
205,11640.463228832228
206,11634.9924889061
207,11543.171593905248
208,11793.387659012846
209,12013.426676235344
210,11958.721936199196
211,12023.614420912756
212,12033.170011662609
213,12045.661001259832
214,11938.031687934428
215,11986.85916061819
216,12007.818590760911
217,11971.284982284695
218,11875.763161078183
219,11944.509036161351
220,11912.318114888845
221,12032.23564967123
222,12137.916177329
223,12113.402680404386
224,12173.43800337068
225,12133.463493358058
226,12098.98614371393
227,12139.471597138476
228,12308.988728984275
229,12271.72798723923
230,12258.263185712964
231,12236.862946523313
232,12252.883622550919
233,12255.548702500124
234,12205.525027932828
235,12097.429210901595
236,12076.715658464012
237,12033.342097497134
238,12035.65086410944
239,12105.409027307483
240,12112.00740237478
241,12060.921455883583
242,11988.214945510867
243,12072.817645968718
244,12076.60411797353
245,12077.424980748898
246,12058.562217942284
247,12042.152417223906
248,12095.819695772896
249,12070.217087282586
250,11996.67968196767
251,11932.487003782446
252,11961.197350724158
253,11903.905423342658
254,11742.529513593927
255,11666.166210798972
256,11666.097430767471
257,11691.407798396081
258,11503.976927727876
259,11639.176998755254
260,11398.451494797904
261,11450.06288303636
262,11360.042101385521
263,11448.160170098765
264,11516.134493070931
265,11449.759804354204
266,11445.850918771364
267,11218.142668780118
268,11180.97479771368
269,11236.059990869697
270,11208.051348513292
271,11082.454171269339
272,11031.59369694487
273,11132.06619787644
274,11044.4302976244
275,11019.398227710622
276,10935.250959008052
277,11051.012154195163
278,11013.317142230188
279,11172.549385586175
280,11280.83902301451
281,11451.166788565075
282,11391.626011812688
283,11492.253867992913
284,11550.174909448191
285,11310.273506301904
286,11303.509881274236
287,11292.872658728502
288,11613.325978757795
289,11628.724987898233
290,11748.309925098034
291,11754.166911475186
292,11761.012657933034
293,11783.951357375074
294,11780.313870097956
295,11688.805615189409
296,11725.228233539641
297,11712.462428636794
298,11804.990342352368
299,11782.229676532097
300,11754.382630877888
301,11782.812296102902
302,11791.823502522595
303,11881.606233500628
304,11873.907239900047
305,11908.21025437654
306,11865.07890842102
307,11876.00935266318
308,11879.657782937593
309,12001.273199544808
310,12020.683433617798
311,12023.42688552518
312,12011.890792071361
313,11994.177245807288
314,11846.43497571141
315,11900.321660377862
316,11798.35593179391
317,11847.035101850212
318,11874.122010303345
319,11959.63981386882
320,12178.564002480793
321,12209.044423624202
322,12201.378588796442
323,12168.165173910395
324,12193.123320290037
325,12187.288489087401
326,12178.590257744081
327,12152.618278680091
328,12114.043938780444
329,12115.889301521782
330,12057.275510199912
331,12027.440981107868
332,12168.85037092814
333,12021.210146488751
334,11924.402870478792
335,11946.58381977851
336,11889.279348066655
337,11845.553639012916
338,11686.375001516797
339,11640.326637937706
340,11560.579917700585
341,11532.21020028821
342,11514.571552819387
343,11655.351836955791
344,11728.085803052734
345,11705.788997830545
346,11671.590219571848
347,11724.896173790312
348,11719.302236999929
349,11893.5785201907
350,11903.586430249674
351,11936.750841915626
352,12109.04843258162
353,12040.901862991544
354,12005.145228806708
355,11991.174787263519
356,11966.109824970572
357,11996.486520208156
358,11970.77440987052
359,11917.860743897778
360,11902.77425048521
361,11788.317597767102
362,11796.700082541425
363,11732.833859766972
364,11732.127916868078
365,11805.998764595599
366,11772.250926995104
367,11868.780962254092
368,11766.417210374304
369,11757.03615970975
370,11822.474883473782
371,11496.534258350452
372,11380.905235567143
373,11515.648784980462
374,11627.339016644506
375,11695.327653193035
376,11710.264290505336
377,11629.106267809826
378,11615.722113094438
379,11653.06077865346
380,11551.202705005726
381,11690.537212341624
382,11666.162963294433
383,11656.367514299307
384,11656.189466318836
385,11620.16593924436
386,11646.918091126607
387,11603.801390917373
388,11597.030195348514
389,11548.360049516348
390,11536.255440339872
391,11537.264860225148
392,11606.998314789309
393,11639.079402481675
394,11644.892895954363
395,11563.987816572313
396,11650.752043229742
397,11560.375465474906
398,11569.490283297217
399,11597.128162508045
400,11674.72217757016
401,11653.37015816932
402,11630.15543341286
403,11636.040547818413
404,11679.77892502128
405,11643.908419808993
406,11689.117553508757
407,11693.188926549461
408,11675.042593722137
409,11718.219162200885
410,11725.137491694824
411,11691.417538190064
412,11689.877390722095
413,11636.54630331439
414,11646.283808323069
415,11665.160253305283
416,11657.611223454394
417,11703.723976405478
418,11591.768900416459
419,11646.946231490989
420,11680.30331553713
421,11839.52426990525
422,11855.537910674548
423,11858.67870957721
424,11736.821723441335
425,11727.105171702073
426,11688.8181405781
427,11687.396145023024
428,11782.861443595408
429,11740.586014178098
430,11750.539695435054
431,11754.973455239973
432,12012.213112920617
433,12014.295602090035
434,11937.846004356976
435,11910.93768635024
436,11914.06476210308
437,11888.205013958905
438,11821.55032800935
439,11830.253528828373
440,11842.584728630132
441,11851.95517842642
442,11852.19592362754
443,11841.224244423353
444,11822.065393012896
445,11817.42713620258
446,11732.478702037864
447,11708.311495016793
448,11679.108203859474
449,11671.63409049274
450,11653.463742682921
451,11666.138113295612
452,11661.899741163348
453,11659.80522276739
454,11681.942289735633
455,11745.96395651466
456,11661.945807876687
457,11569.625210794971
458,11602.401733753151
459,11724.31169932974
460,11658.839430140517
461,11595.091691484264
462,11503.719812098252
463,11501.216680059973
464,11479.377783893764
465,11534.932160390632
466,11503.593171760547
467,11436.400499293202
468,11346.899106457273
469,11317.780763761792
470,11266.327207558574
471,11318.27997929048
472,11408.659036511192
473,11419.752310983651
474,11387.098060227443
475,11428.047563735297
476,11431.101092932342
477,11437.652925085018
478,11438.06458441115
479,11480.826913139443
480,11510.539583405074
481,11440.200331149088
482,11351.368198118666
483,11306.262439543352
484,11405.320709591077
485,11424.932779829962
486,11463.267223717232
487,11422.642988143969
488,11473.559969749458
489,11456.996258963996
490,11517.134991135634
491,11474.283465657452
492,11394.02751326792
493,11372.02927496177
494,11362.915469466141
495,11388.167166513083
496,11367.891738699218
497,11353.281824650072
498,11380.022309741908
499,11405.613717783082
500,11411.039617158378
501,11424.412982696671
502,11379.838498670375
503,11465.685044046439
504,11586.369993853461
505,11651.470675058566
506,11625.590112812999
507,11708.2620740015
508,11769.718884779166
509,11751.359992075486
510,11702.695011798423
511,11740.501234580339
512,11752.74413779733
513,11735.632909879538
514,11735.528097699023
515,11708.032483862375
516,11744.464624590084
517,11743.795812177386
518,11751.700977886248
519,11735.49998289756
520,11714.23358133213
521,11720.986772711934
522,11724.596074368823
523,11690.296021204875
524,11695.96606853861
525,11724.487951480467
526,11740.673329827441
527,11755.907528024385
528,11856.238167990567
529,11868.388512709298
530,11881.066099113343
531,11894.081364375186
532,11869.904813522402
533,11884.936001762811
534,11908.907169620998
535,11905.412806735147
536,11921.084329154324
537,11918.638483277366
538,11869.006374401779
539,11753.455790306243
540,11696.50942002222
541,11713.406301875155
542,11737.888687776542
543,11721.028242398617
544,11709.291707173526
545,11702.418824680928
546,11706.16394822684
547,11706.52266303364
548,11703.015061323385
549,11696.378210811918
550,11700.54588607009
551,11712.959876683788
552,11705.182272061267
553,11818.018609787709
554,11833.021523607265
555,11823.894133640786
556,11741.207456681268
557,11711.199028884786
558,11710.710812515947
559,11692.651562679579
560,11690.315351616493
561,11698.95507306818
562,11737.311482075176
563,11770.581835480281
564,11774.46628351871
565,11821.941661425997
566,11822.007404266948
567,11789.033594796483
568,11790.696701044244
569,11761.04883909467
570,11766.298191774587
571,11739.16377201712
572,11743.645498133286
573,11778.45518273497
574,11794.15134692237
575,11808.8799675626
576,11868.812051546205
577,11878.947571128734
578,11867.764634979294
579,11913.187202885187
580,12004.862380918797
581,11992.172903231776
582,11997.894951324552
583,11954.690607825274
584,11950.41125726753
585,11922.54002250394
586,11910.616364771187
587,11881.579375364934
588,11915.19650080816
589,11905.865495734306
590,11979.49193368546
591,11992.368403778246
592,12068.995851619817
593,12091.388957436582
594,12051.743107149789
595,12210.457488370377
596,12124.055506451135
597,12076.780482646867
598,12165.263868314067
599,12244.968233431096
600,12248.293344477552
601,12225.352852861019
602,12261.213657941258
603,12245.121864719404
604,12236.73601236195
605,12177.678965650864
606,12196.470459175665
607,12199.486552772734
608,12195.522710367619
609,12173.138209041172
610,12210.314465354302
611,12156.638590130246
612,12066.892163690543
613,12053.801767379682
614,12052.134045763836
615,12058.89703858957
616,12041.52196427183
617,12001.712207946828
618,12063.585171061142
619,12072.087030039758
620,12072.261701247064
621,12114.442618803423
622,12095.041297318337
623,12109.048562308002
624,12064.385188590633
625,12063.67733875341
626,12086.615985142324
627,12080.805785548393
628,12106.253217469133
629,12165.16598060446
630,12136.466883263533
631,12125.233018136427
632,12149.996402432971
633,12171.162980010344
634,12195.24838339081
635,12205.935128195748
636,12230.954236737425
637,12228.569514639605
638,12249.266600506808
639,12301.90840532575
640,12303.5149126462
641,12451.838504760446
642,12528.202633314973
643,12509.78164472763
644,12612.892380873976
645,12610.23169277767
646,12861.087607963054
647,12933.475116972879
648,12925.669010089721
649,12896.40925888818
650,12967.432777781425
651,12959.20694369329
652,12989.269578620404
653,13006.735095197768
654,13015.773981109047
655,12808.092928954586
656,12815.933992386232
657,12824.435942752218
658,12843.328589846531
659,12844.65668394161
660,12758.004466065926
661,12742.273253443609
662,12738.076913286095
663,12792.734399520352
664,12767.176826586947
665,12779.896909628715
666,12810.079528485905
667,12732.25821540803
668,12744.092289224604
669,12786.732903210046
670,12871.436165770132
671,12935.05858937336
672,12893.649086532332
673,12900.402572213616
674,12931.185837321751
675,12955.398512458294
676,13007.499335217364
677,13103.24691012938
678,13071.121827874591
679,13157.747873270331
680,13142.69581837401
681,13230.645543662937
682,13208.518066727243
683,13206.797818176026
684,13224.152704867112
685,13250.60358661569
686,13131.95219079175
687,13150.177022177586
688,13208.008325051553
689,13203.71137303282
690,13316.37614708774
691,13328.381570877136
692,13320.98356936149
693,13239.874481600025
694,13241.07922794636
695,13233.058345256995
696,13319.466991806165
697,13494.120111812437
698,13467.820856946866
699,13453.35091363667
700,13454.999432943372
701,13669.061857602144
702,13648.023284047122
703,13644.063381957138
704,13581.33007096381
705,13587.800693509644
706,13609.870823807203
707,13580.892360694594
708,13552.498406012353
709,13519.771622005883
710,13251.994760740821
711,13211.177440875037
712,13324.320729525567
713,13351.070695986891
714,13314.248883297809
715,13302.034062260027
716,13363.488533607004
717,13349.20147080534
718,13290.842862081932
719,13268.64908140264
720,13257.595685798557
721,13204.765682743187
722,13183.526891239126
723,13148.00776753542
724,13247.518598515442
725,13253.986944852197
726,13250.066750494334
727,13284.332434503642
728,13411.573006597744
729,13360.18134096512
730,13317.518165411919
731,13216.239009717234
732,13291.420654770298
733,13249.702148954671
734,13184.785375130012
735,13196.801403842124
736,13124.063160787011
737,13160.033803856702
738,13187.945511842117
739,13168.832326179667
740,13165.286787157143
741,13174.930607671307
742,13139.568723873013
743,13140.36986207494
744,13262.230170454583
745,13208.15901225065
746,13163.083800637925
747,13265.269029157216
748,13271.613724339313
749,13269.078993601734
750,13244.918701625746
751,13187.76228808075
752,13181.529874591826
753,13259.791763710378
754,13298.561667473421
755,13306.218840479909
756,13324.846926278093
757,13417.19585115552
758,13479.350213126656
759,13439.86813086541
760,13465.138453482443
761,13519.856450844254
762,13521.313767450694
763,13505.98861529109
764,13499.561114124273
765,13505.158662167914
766,13484.10595413391
767,13578.929956380838
768,13557.63151130196
769,13510.175186943312
770,13585.612198221797
771,13507.578174814686
772,13412.03736594467
773,13449.76780493632
774,13367.487150577577
775,13250.303119949645
776,13046.78899844483
777,13093.764466530492
778,12996.446298340534
779,12840.455476078354
780,12954.677622108753
781,13100.656644757008
782,13152.50655464266
783,13252.007511905591
784,13596.974790483706
785,13569.085779414803
786,13580.169213107321
787,13592.1974627089
788,13569.621609526215
789,13624.664248773555
790,13669.172913752998
791,13565.07839293708
792,13548.757639227555
793,13489.681633978587
794,13490.9846358474
795,13593.377620876694
796,13688.057609457503
797,13666.883022175276
798,13668.314428722295
799,13831.222888354147
800,13945.868289928538
801,13799.4528313037
802,13874.764159806578
803,13945.404223299527
804,13930.685678672064
805,13830.516214765088
806,13844.748322644762
807,13786.705233091561
808,13561.189257120492
809,13384.458171092836
810,13488.533496355049
811,13368.175469022877
812,13250.451674439606
813,13269.376474085511
814,13232.683548846522
815,13173.014454460055
816,13276.902326882795
817,13295.039583791628
818,13260.903493069516
819,13332.255740875516
820,13422.916506732488
821,13377.76646464401
822,13395.649849715119
823,13369.680643795617
824,13397.840375023878
825,13487.977931430534
826,13520.553749816063
827,13509.602871252806
828,13439.67689491236
829,13424.633249472488
830,13427.572567164898
831,13427.572567164898
832,13484.513945944447
833,13658.343554795867
834,13643.494717742491
835,13654.680683944993
836,13615.150262703028
837,13634.55101453039
838,13637.789290656621
839,13691.931617149081
840,13878.788879896856
841,13875.368639942028
842,13977.538027468421
843,13994.169244605038
844,14000.74502736203
845,13983.042719428853
846,14099.139001308678
847,14009.478804283253
848,13626.266725537012
849,13505.17547729512
850,13502.754176576644
851,13504.114359552106
852,13444.521699622375
853,13498.015215520163
854,13441.7729268773
855,13418.01642216157
856,13487.06653767746
857,13577.407211626738
858,13846.21109165824
859,13835.687530640113
860,13844.290896011527
861,13831.0245248224
862,13833.719407760635
863,13908.50215286948
864,13862.0287088808
865,13893.869987315806
866,13907.2639731296
867,13951.63663212764
868,13892.064371428682
869,13811.559687171179
870,13853.95120315644
871,13771.265533963346
872,13773.377863932867
873,13723.418707195528
874,13728.117606714262
875,13500.651949087216
876,13442.682447550822
877,13476.442463209138
878,13540.596933690313
879,13571.628338643888
880,13559.181943362695
881,13675.83890722918
882,13772.43260120731
883,13752.974222040126
884,13760.886276214002
885,13836.51977221993
886,13802.222064971364
887,13819.585027341509
888,13869.889782881037
889,13865.864812201036
890,13802.225681460954
891,13819.036931374023
892,13822.695025898312
893,13755.324542067223
894,13872.822159434629
895,13818.485630435885
896,13698.141263069407
897,13659.184480723015
898,13641.494770173767
899,13398.734030006373
900,13430.006721311913
901,13460.2461161583
902,13434.230893487096
903,13369.068094243405
904,13309.240451023514
905,13260.596398748301
906,13256.737339547466
907,13176.708036552598
908,13212.675354700337
909,13152.210911490596
910,13220.265834858792
911,13347.962807193388
912,13343.71535422065
913,13341.152354338898
914,13317.142878269067
915,13202.310244577297
916,13257.25406126231
917,13296.760769676028
918,13252.586298799706
919,13281.408787533286
920,13264.020267026586
921,13298.673220577642
922,13277.972824316003
923,13178.509563470472
924,13167.235938643546
925,13201.577386751735
926,13194.47695286323
927,13233.393289860696
928,13310.333897579414
929,13404.178274175716
930,13332.40083045796
931,13300.844429042494
932,13565.395164916648
933,13634.092357021898
934,13646.129179094249
935,13572.015184144468
936,13569.236634611027
937,13559.449651899593
938,13610.309643629413
939,13590.839134298843
940,13569.232806632637
941,13434.716939551909
942,13399.051261503326
943,13285.837015894762
944,13202.381025246565
945,13155.46696879024
946,13127.825570557236
947,12947.379923191898
948,13012.775932036722
949,13105.349187589361
950,13055.847119162976
951,13164.128696463886
952,13131.339689654715
953,13021.147719024575
954,13026.769443033623
955,13122.387140499388
956,13036.584092301957
957,12837.418910778895
958,12947.13253880066
959,12903.71528653754
960,12811.604603135213
961,12850.64855099537
962,12996.53051707581
963,13263.096828912894
964,13146.341551419024
965,13059.309105537657
966,13128.945171099402
967,13194.419332687205
968,13214.184092095637
969,13167.924512318703
970,13098.90077582379
971,13062.092372377656
972,13120.368129063212
973,13186.859177611663
974,13213.407797236332
975,13143.059812750558
976,13010.74915496153
977,13254.392664419956
978,13226.00280687091
979,13276.58235396176
980,13236.71728369339
981,13372.992390269545
982,13286.097657613409
983,13381.07581773885
984,13484.713083315837
985,13336.147860782878
986,13307.893455264688
987,13285.149115855529
988,13275.614007641567
989,13285.441536325008
990,13347.430028881814
991,13347.783168111033
992,13308.71816538464
993,13320.403283492764
994,13280.939230781778
995,13184.931378813077
996,13154.389175124828
997,13085.929807708575
998,13068.077487815233
999,13181.572929476051
1000,13188.0266107995
1001,13172.111081438787
1002,13235.10788114677
1003,13075.483061538756
1004,13294.740998244972
1005,13333.851784468738
1006,13351.209565331035
1007,13445.179416879122
1008,13507.389075398176
1009,13425.109026681239
1010,13451.872759709622
1011,13523.61751093108
1012,13582.296089202073
1013,13557.233128445463
1014,13623.974092798433
1015,13490.994305782651
1016,13523.842388271749
1017,13511.525798133394
1018,13647.922291577106
1019,13648.402927344046
1020,13606.796885356078
1021,13670.436880765115
1022,13674.264646241847
1023,13659.380668444244
1024,13761.96213685071
1025,13825.379581450647
1026,13786.498383104665
1027,13721.778015046984
1028,13692.609544434894
1029,13655.696369017118
1030,13721.342193799857
1031,13795.805624122177
1032,13788.578983986614
1033,13730.658025177077
1034,13797.130068297902
1035,13757.19314778937
1036,13851.397748695581
1037,13813.764105816808
1038,13740.179220576843
1039,13696.732814067429
1040,13690.349257647
1041,13698.732659206245
1042,13674.784115995419
1043,13657.141109414331
1044,13735.297187511846
1045,13811.219894240756
1046,13688.926890338424
1047,13625.956634915368
1048,13692.569520593861
1049,13701.60941989605
1050,13741.88836175891
1051,13746.009642888615
1052,13824.887704550594
1053,13843.844259332494
1054,13827.211368224953
1055,13814.012440813556
1056,13855.359644576729
1057,13732.686993069197
1058,13721.878782163205
1059,13732.532715370908
1060,13615.260572390494
1061,13616.348039343977
1062,13632.147924444384
1063,13722.730450400773
1064,13730.95659634951
1065,13804.89727973339
1066,13899.12417309275
1067,13944.377722299032
1068,13993.492301534405
1069,13923.11456128545
1070,13872.341604558742
1071,13779.64532131761
1072,13792.5512480184
1073,13669.681873448888
1074,13702.38685453991
1075,13716.847379705674
1076,13715.988425171643
1077,13701.329321715795
1078,13780.50000861284
1079,13713.186113366884
1080,13673.55178544837
1081,13629.114770020631
1082,13665.76424916142
1083,13675.543574111796
1084,13663.089751428899
1085,13676.420390645668
1086,13678.307707256285
1087,13636.848383559454
1088,13572.519940135566
1089,13470.715080256441
1090,13429.024305534436
1091,13380.116337753232
1092,13251.887853712691
1093,13269.95403004015
1094,13277.983203122434
1095,13320.465765057477
1096,13128.376707965246
1097,12738.229196112074
1098,12787.33166549811
1099,12700.57396157674
1100,12441.762605308166
1101,12491.980505998294
1102,12440.457011612774
1103,12384.480385318297
1104,12351.797470702175
1105,12351.234547260301
1106,12283.045733461182
1107,12322.955348460206
1108,12209.789445070643
1109,12198.25062454164
1110,12331.888967222545
1111,12379.777736352482
1112,12429.69269027389
1113,12348.15138588113
1114,12486.92815837642
1115,12414.040670454237
1116,12426.663311708915
1117,12514.312361830918
1118,12538.126276195688
1119,12558.25097522387
1120,12515.838900137756
1121,12526.87173351982
1122,12469.87910173029
1123,12507.32530260474
1124,12524.309928694143
1125,12579.362979013396
1126,12600.018119287692
1127,12648.62729152337
1128,12691.37224083973
1129,12580.048549479703
1130,12473.410970867844
1131,12539.742648142135
1132,12548.110392792854
1133,12565.657941531932
1134,12566.520898618304
1135,12569.161059112746
1136,12530.864568343644
1137,12504.576471126267
1138,12444.723097470101
1139,12452.012368902992
1140,12411.66259461291
1141,12471.81182605854
1142,12497.131244722348
1143,12437.219112137569
1144,12425.41079977233
1145,12389.637303837791
1146,12352.409272812969
1147,12315.649658410319
1148,12194.597082149608
1149,12160.780123357998
1150,11774.886082374214
1151,11772.632500065893
1152,11761.459876732948
1153,11836.225978806322
1154,11735.737991038563
1155,11678.1777305157
1156,11685.189108350865
1157,11603.064773048956
1158,11582.417088350321
1159,11652.696227514563
1160,11778.25084720122
1161,11988.790084432736
1162,11987.053422566672
1163,11964.764391377714
1164,11863.681904824627
1165,11941.98443727308
1166,11959.935217637842
1167,11954.401072547582
1168,11990.720230263414
1169,11995.834911214934
1170,11891.293500114029
1171,11903.452245839519
1172,11949.768222998187
1173,11895.925015515155
1174,11949.113071867967
1175,12146.000008660361
1176,12189.040193423625
1177,12193.138384507321
1178,12158.703750302051
1179,12191.92548446148
1180,12136.542359581545
1181,12109.00854416985
1182,12089.275048831278
1183,12037.759422487838
1184,11933.002883478375
1185,11804.32546935766
1186,11940.47708096595
1187,12030.899753608956
1188,11879.05623292111
1189,11881.967333264645
1190,11865.228842544004
1191,11869.51130232932
1192,11918.465969301027
1193,11914.229017940088
1194,11861.321216148513
1195,11713.43793231732
1196,11724.30577923951
1197,11930.024597292588
1198,11961.550475164142
1199,11986.037830127756
1200,12107.99112614322
1201,12149.672874040696
1202,12132.073135527879
1203,11994.142647857458
1204,12017.426747673971
1205,12013.432085981109
1206,12057.298837277405
1207,11943.877156820025
1208,11929.141181474683
1209,11957.493048661272
1210,11882.805981147183
1211,11885.921803463341
1212,11872.123645133224
1213,11932.370540996237
1214,12140.974454241623
1215,12084.45361863234
1216,12054.912713870031
1217,12640.020652514035
1218,12711.980515908648
1219,12626.173898557208
1220,12626.416520288283
1221,12582.787020681702
1222,12560.22988251684
1223,12542.768811039274
1224,12535.92413030745
1225,12530.570622971281
1226,12530.717038584662
1227,12568.84094302228
1228,12620.258293000348
1229,12695.825962543471
1230,12589.265771218483
1231,12624.431918659913
1232,12638.139682900272
1233,12699.331484682465
1234,12636.218247279103
1235,12730.554537078024
1236,12864.918423917401
1237,12831.659915439212
1238,12796.11618189281
1239,12789.300879330849
1240,12851.196420135491
1241,12975.611627435797
1242,12946.301673339312
1243,13109.920160802261
1244,13133.584638909839
1245,13201.392897730644
1246,13246.829582969507
1247,13246.041986410988
1248,13255.679757911592
1249,13263.96981551481
1250,13240.301062190547
1251,13211.654398893954
1252,13223.8905983063
