,Profitloss
0,-0.36742546892408745
1,-0.30567739559680396
2,0.32037931252566487
3,0.8128232098115529
4,0.4035204850818097
5,-0.6538901136117103
6,-0.7187587306635601
7,-1.3431784083226428
8,-1.4326060972308818
9,-1.2765606631772397
10,-1.2356347941458456
11,-0.670316773350832
12,-0.5184931263689574
13,-0.09274189060564098
14,-0.2989859960167873
15,-0.5278583417027471
16,-1.129412902537963
17,-1.1992610612535426
18,-1.3783387096239164
19,-1.4035905468772203
20,-1.350689814220174
21,-1.3064928185296032
22,-1.1803137422353172
23,-1.7641891598534132
24,-1.3010680418837794
25,-0.47858286710387166
26,-0.9849925711861385
27,-1.8193223392041102
28,-0.9610888131953543
29,-1.4998019640165339
30,-1.761708864423217
31,-1.7571420606395494
32,-1.5217080626233392
33,-2.1533747125318414
34,-1.8517716262787753
35,-2.3991422210979163
36,-1.9372533179245033
37,-2.1016114261529606
38,-1.9864928352305466
39,-1.7828900258056501
40,-1.6140817110771533
41,-0.6628754360822109
42,-0.8926379783210647
43,-1.144379657721506
44,-1.3760286665721932
45,-2.214821116180743
46,-2.2041703922357714
47,-2.079272061979165
48,-1.9417987248254387
49,-2.399971682593427
50,-0.8870489678428739
51,-0.4233726383404801
52,-0.5816741331629571
53,-0.25995214941472167
54,-0.44549701480841586
55,-0.8341816341597474
56,-1.0716299183985756
57,-0.8108315161509227
58,-0.32152352555501196
59,-0.36463703040157114
60,-0.27686248613534303
61,-0.43213764886795847
62,-1.3112110792774523
63,-1.1367710865994307
64,-0.4275633128115519
65,0.24659656759364879
66,-0.08404030059386836
67,-0.011856143576838285
68,-0.1894301842903845
69,-0.2699191063907036
70,-0.9307807336237484
71,-0.8419675970926521
72,-0.2949514194992897
73,-0.18506300022322897
74,0.14910822134295287
75,0.2382417836707118
76,0.7551996982910092
77,1.2125756069940596
78,0.7165597066678187
79,0.6943778519387545
80,-1.4349928427413672
81,-1.096326985687457
82,-0.8943854567238119
83,-1.547384627585191
84,-2.3635737512915367
85,-1.985288928136686
86,-1.9458823172361361
87,-2.059973695537942
88,-2.5358236898092357
89,-2.6224629802743316
90,-2.494936983420104
91,-2.2169355033342497
92,-2.535316158747458
93,-2.0567043709126653
94,-1.8292960884082277
95,-0.5801787801520297
96,0.35537313101621226
97,0.006360056483023513
98,0.24108781871625684
99,0.16846794239111507
100,-0.19637753127789148
101,0.7123204622269785
102,0.9351980273082816
103,1.1228044915632784
104,1.1496420292468779
105,1.163041814903254
106,0.7524682764186386
107,0.6572594845997592
108,1.1082606327592837
109,1.4280149964151612
110,1.4772908285622721
111,0.4854696673196157
112,0.4318626579761897
113,0.7259051323798893
114,0.8376357046962379
115,0.8635200353530159
116,0.7555104798210532
117,1.1361203099034656
118,0.6890486058317435
119,0.5031504912725193
120,0.025123738874111012
121,-0.5392140693597836
122,-0.7400973508340902
123,-0.5787562383348543
124,-0.8213643292798833
125,-1.8739507018016521
126,-2.1476487101168784
127,-2.722124683939453
128,-2.097420961122698
129,-1.9465576677533125
130,-1.3803527684358108
131,-1.7512295009416423
132,-2.624145842239134
133,-1.7069569555675734
134,-0.17748841587057473
135,-0.3939614729388974
136,-0.06613414241180005
137,0.44068828945476035
138,0.7345992257732137
139,0.5686474982780743
140,-0.7848494136055817
141,-2.401687843178568
142,-1.8880709450585176
143,-1.5230099907408645
144,-1.6892328312627325
145,-2.2150221300733075
146,-2.024572870801633
147,-1.5868442471543398
148,-1.6161507976708234
149,-1.341015574260629
150,-1.033409962111942
151,-2.3569656805696115
152,-3.032043581561217
153,-2.990609571496472
154,-2.6833749827226083
155,-2.178073589797036
156,-2.623009031562451
157,-3.621777075769128
158,-4.959473281324033
159,-5.627943192564889
160,-7.391440705485664
161,-8.847595853566103
162,-8.057978459317749
163,-6.367226780545909
164,-6.369296085725096
165,-7.71903288206075
166,-8.744280830760754
167,-7.81436253967186
168,-7.57592791696009
169,-8.237838119852803
170,-7.977563601990489
171,-7.460235101006052
172,-8.114529120225733
173,-8.739532801639527
174,-9.910045795578725
175,-9.789550313701811
176,-8.277855726052207
177,-8.550721091188096
178,-9.525334337446123
179,-9.798934115205427
180,-10.826285294678229
181,-11.70063442897652
182,-12.356064375028309
183,-11.785376766789202
184,-12.176323388288102
185,-11.455175688698027
186,-11.14746564380682
187,-11.26684761216329
188,-8.219504395018518
189,-8.023402608058849
190,-7.967266249141525
191,-8.639932296482232
192,-9.321358314959504
193,-8.87752816221491
194,-8.659001250678378
195,-8.028564062854127
196,-8.31608381419886
197,-7.342148289337791
198,-7.21599055079184
199,-6.724381449388394
200,-6.993757781214738
201,-8.178478815291445
202,-7.647696474128662
203,-6.5741868423692456
204,-5.256449486066006
205,-2.996139759731431
206,-3.041729259115833
207,-3.8069033841229283
208,-1.7217695082262896
209,0.11188896862786013
210,-0.34398386500670286
211,0.1967868409396445
212,0.27641676385508074
213,0.3805083438319423
214,-0.5164026005464284
215,-0.10950699484840731
216,0.06515492300760428
217,-0.23929181429420687
218,-1.0353069910151391
219,-0.4624246986554059
220,-0.7306823759262948
221,0.2686304139269069
222,1.14930147774166
223,0.9450223367032162
224,1.4453166947556717
225,1.1121957779838265
226,0.8248845309494213
227,1.1622633094872992
228,2.5749060748689656
229,2.2643998936602516
230,2.152193214274689
231,1.9738578876942858
232,2.1073635212576436
233,2.1295725208343663
234,1.712708566106902
235,0.8119100908466237
236,0.6392971538667691
237,0.2778508124761103
238,0.2970905342453367
239,0.8784085608956937
240,0.93339501978984
241,0.5076787990298648
242,-0.09820878740944838
243,0.606813716405985
244,0.6383676497794033
245,0.6452081729074743
246,0.48801848285235927
247,0.35127014353255603
248,0.7984974647741394
249,0.5851423940215428
250,-0.02766931693608532
251,-0.5626083018129502
252,-0.3233554106320091
253,-0.8007881388111815
254,-2.1455873867172737
255,-2.781948243341892
256,-2.782521410271066
257,-2.5716016800326535
258,-4.1335256022677065
259,-3.006858343706209
260,-5.0129042100174654
261,-4.582809308030333
262,-5.332982488453986
263,-4.598665249176959
264,-4.032212557742243
265,-4.5853349637149705
266,-4.61790901023863
267,-6.515477760165689
268,-6.825210019052674
269,-6.3661667427525215
270,-6.599572095722561
271,-7.646215239422172
272,-8.070052525459415
273,-7.232781684362999
274,-7.96308085313
275,-8.171681435744816
276,-8.8729086749329
277,-7.908232048373643
278,-8.222357148081771
279,-6.895421786781874
280,-5.993008141545742
281,-4.5736100952910475
282,-5.069783234894265
283,-4.231217766725726
284,-3.7485424212650775
285,-5.747720780817467
286,-5.804084322714697
287,-5.892727843929146
288,-3.222283510351709
289,-3.0939584341813875
290,-2.0974172908497124
291,-2.0486090710401195
292,-1.9915611838913883
293,-1.8004053552077237
294,-1.8307177491836968
295,-2.5932865400882577
296,-2.2897647205029847
297,-2.396146428026713
298,-1.6250804803969343
299,-1.8147526955658577
300,-2.046811409350935
301,-1.8098975324758126
302,-1.7348041456450414
303,-0.986614720828094
304,-1.0507730008329386
305,-0.7649145468621721
306,-1.1243424298248428
307,-1.033255394473498
308,-1.0028518088533889
309,0.010609996206745187
310,0.17236194681498063
311,0.19522404604315202
312,0.09908993392799825
313,-0.048522951605933784
314,-1.2797085357382443
315,-0.8306528301844862
316,-1.6803672350507393
317,-1.274707484581572
318,-1.048983247472124
319,-0.3363348844265035
320,1.4880333540066015
321,1.7420368635350236
322,1.6781549066370083
323,1.4013764492532887
324,1.6093610024169758
325,1.5607374090616855
326,1.4882521478673416
327,1.2718189890007503
328,0.9503661565037014
329,0.9657441793481825
330,0.47729591833260976
331,0.22867484256556825
332,1.4070864244011716
333,0.1767512207395905
334,-0.6299760793433973
335,-0.44513483517907293
336,-0.9226720994445436
337,-1.2870530082256915
338,-2.6135416540266965
339,-2.9972780171857893
340,-3.6618340191617915
341,-3.8982483309315863
342,-4.045237059838447
343,-2.8720680253684017
344,-2.265951641227215
345,-2.4517583514121255
346,-2.736748170234604
347,-2.2925318850807397
348,-2.3391480250005925
349,-0.8868456650774958
350,-0.8034464145860509
351,-0.5270763173697901
352,0.9087369381801658
353,0.3408488582628655
354,0.0428769067225776
355,-0.0735434394706802
356,-0.2824181252452318
357,-0.029278998265358513
358,-0.24354658441232413
359,-0.6844938008518486
360,-0.810214579289914
361,-1.7640200186074817
362,-1.6941659788214603
363,-2.2263845019419026
364,-2.2322673594326825
365,-1.616676961703345
366,-1.8979089417074602
367,-1.0934919812158994
368,-1.9465232468808047
369,-2.024698669085412
370,-1.4793759710518217
371,-4.195547847079572
372,-5.159123036940471
373,-4.036260125162816
374,-3.105508194629114
375,-2.538936223391375
376,-2.414464245788861
377,-3.090781101584783
378,-3.202315724213012
379,-2.8911601778878304
380,-3.739977458285615
381,-2.578856563819798
382,-2.7819753058797247
383,-2.8636040475057745
384,-2.8650877806763675
385,-3.1652838396303395
386,-2.942349240611608
387,-3.3016550756885588
388,-3.35808170542905
389,-3.763666254030429
390,-3.8645379971677385
391,-3.85612616479043
392,-3.2750140434224195
393,-3.007671645986043
394,-2.9592258670469773
395,-3.633434861897389
396,-2.910399639752148
397,-3.6635377877091146
398,-3.5875809725231966
399,-3.3572653124329666
400,-2.7106485202486708
401,-2.8885820152556585
402,-3.082038054892833
403,-3.0329954348465638
404,-2.6685089581559907
405,-2.9674298349250616
406,-2.5906870540936877
407,-2.556758945421156
408,-2.707978385648857
409,-2.3481736483259574
410,-2.290520902543125
411,-2.5715205150828035
412,-2.5843550773158808
413,-3.028780805713416
414,-2.9476349306410965
415,-2.7903312224559773
416,-2.8532398045467144
417,-2.4689668632876915
418,-3.4019258298628507
419,-2.9421147375750967
420,-2.6641390371905826
421,-1.337297750789579
422,-1.203850744378765
423,-1.1776774201899154
424,-2.1931523046555434
425,-2.274123569149389
426,-2.5931821618491724
427,-2.6050321248081376
428,-1.8094879700382704
429,-2.1617832151825223
430,-2.0788358713745514
431,-2.0418878730002255
432,0.10177594100513332
433,0.11913001741694629
434,-0.5179499636918661
435,-0.7421859470813308
436,-0.7161269824743299
437,-0.9316248836757968
438,-1.4870805999220749
439,-1.4145539264302287
440,-1.3117939280822277
441,-1.2337068464464918
442,-1.2317006364371719
443,-1.3231312964720576
444,-1.4827883915592088
445,-1.5214405316451685
446,-2.2293441496844646
447,-2.4307375415267285
448,-2.674098301171046
449,-2.73638257922717
450,-2.887802144308993
451,-2.782182389203236
452,-2.817502156972096
453,-2.8349564769384106
454,-2.6504809188697243
455,-2.116967029044492
456,-2.817118267694274
457,-3.5864565767085743
458,-3.313318885390404
459,-2.2974025055854885
460,-2.8430047488290255
461,-3.3742359042978065
462,-4.135668232514567
463,-4.1565276661668875
464,-4.338518467551966
465,-3.875565330078068
466,-4.136723568662104
467,-4.696662505889981
468,-5.442507446189393
469,-5.6851603019850705
470,-6.113939937011881
471,-5.681000172579331
472,-4.927841362406737
473,-4.835397408469577
474,-5.107516164771308
475,-4.7662703022058555
476,-4.740824225563822
477,-4.686225624291518
478,-4.682795129907092
479,-4.326442390504647
480,-4.078836804957719
481,-4.664997240424262
482,-5.405265015677784
483,-5.781146337138732
484,-4.955660753407698
485,-4.792226834750313
486,-4.472773135689733
487,-4.811308432133588
488,-4.387000252087847
489,-4.525031175300032
490,-4.02387507386972
491,-4.380971119521226
492,-5.049770722767333
493,-5.233089375318589
494,-5.30903775444882
495,-5.098606945724304
496,-5.267568844173187
497,-5.389318127916065
498,-5.16648075215077
499,-4.953219018474309
500,-4.908003190346855
501,-4.796558477527746
502,-5.168012511080211
503,-4.452624632946344
504,-3.446916717887827
505,-2.9044110411786117
506,-3.12008239322501
507,-2.4311493833208297
508,-1.919009293506957
509,-2.072000066037616
510,-2.477541568346475
511,-2.1624897118305064
512,-2.060465518355581
513,-2.203059084337189
514,-2.2039325191748005
515,-2.4330626344802098
516,-2.1294614617493046
517,-2.1350348985217815
518,-2.0691585176146
519,-2.2041668091870026
520,-2.3813868222322565
521,-2.325110227400551
522,-2.295032713593148
523,-2.580866489959377
524,-2.5336160955115816
525,-2.2959337376627698
526,-2.161055584771321
527,-2.034103933130127
528,-1.1980152667452781
529,-1.096762394089179
530,-0.9911158407221454
531,-0.8826552968734469
532,-1.0841265539799805
533,-0.9588666519765754
534,-0.7591069198250255
535,-0.7882266105404434
536,-0.6576305903806312
537,-0.6780126393552854
538,-1.0916135466518373
539,-2.0545350807813056
540,-2.529088166481508
541,-2.3882808177070447
542,-2.184260935195481
543,-2.32476464667819
544,-2.4225691068872846
545,-2.4798431276589317
546,-2.448633764776331
547,-2.445644474719666
548,-2.47487448897179
549,-2.5301815765673585
550,-2.4954509494159227
551,-2.3920010276351045
552,-2.4568143994894376
553,-1.5165115851024313
554,-1.391487303272787
555,-1.467548886326786
556,-2.156604527656103
557,-2.406674759293448
558,-2.410743229033774
559,-2.561236977670178
560,-2.580705403195893
561,-2.5087077244318357
562,-2.1890709827068644
563,-1.9118180376643257
564,-1.8794476373440783
565,-1.4838194881166888
566,-1.4832716311087735
567,-1.7580533766959783
568,-1.7441941579646292
569,-1.9912596742110766
570,-1.9475150685451026
571,-2.1736352331906628
572,-2.1362875155559458
573,-1.8462068105419172
574,-1.7154054423135778
575,-1.5926669369783375
576,-1.0932329037816269
577,-1.0087702405938814
578,-1.1019613751725554
579,-0.7234399759567745
580,0.04051984098998318
581,-0.06522580640186959
582,-0.01754207229540672
583,-0.37757826812271356
584,-0.41323952277059206
585,-0.6454998124671762
586,-0.7448636269067666
587,-0.9868385386255452
588,-0.7066958265986578
589,-0.7844542022141132
590,-0.1709005526211671
591,-0.06359663518128444
592,0.5749654301651308
593,0.7615746453048411
594,0.43119255958157243
595,1.7538124030864743
596,1.0337958870928032
597,0.6398373553905712
598,1.377198902617227
599,2.041401945259147
600,2.06911120397959
601,1.8779404405084854
602,2.176780482843821
603,2.042682205995039
604,1.9728001030162368
605,1.480658047090544
606,1.6372538264638692
607,1.6623879397727803
608,1.6293559197301466
609,1.4428184086764384
610,1.7526205446191767
611,1.3053215844187172
612,0.5574346974211997
613,0.44834806149736117
614,0.43445038136529224
615,0.49080865491308856
616,0.3460163689319007
617,0.01426839955689374
618,0.5298764255095234
619,0.6007252503313243
620,0.6021808437255416
621,0.9536884900285258
622,0.7920108109861435
623,0.9087380192333461
624,0.5365432382552715
625,0.5306444896117535
626,0.7217998761860356
627,0.6733815462366177
628,0.8854434789094423
629,1.3763831717038322
630,1.1372240271960932
631,1.0436084844702265
632,1.24997002027476
633,1.4263581667528724
634,1.6270698615900914
635,1.7161260682978963
636,1.924618639478548
637,1.9047459553300339
638,2.0772216708900615
639,2.51590337771459
640,2.5292909387183427
641,3.765320873003719
642,4.40168861095811
643,4.248180372730248
644,5.107436507283136
645,5.08526410648058
646,7.1757300663587875
647,7.778959308107325
648,7.71390841741435
649,7.470077157401489
650,8.061939814845198
651,7.9933911974440885
652,8.243913155170034
653,8.389459126648058
654,8.46478317590873
655,6.73410774128822
656,6.799449936551927
657,6.870299522935142
658,7.027738248721094
659,7.038805699513406
660,6.316703883882724
661,6.18561044536341
662,6.1506409440508
663,6.606119996002935
664,6.39314022155788
665,6.499140913572621
666,6.75066273738254
667,6.1021517950669235
668,6.200769076871704
669,6.556107526750377
670,7.261968048084433
671,7.792154911444671
672,7.447075721102769
673,7.5033547684467905
674,7.759881977681249
675,7.961654270485785
676,8.395827793478027
677,9.193724251078162
678,8.926015232288265
679,9.647898943919419
680,9.522465153116745
681,10.255379530524467
682,10.070983889393691
683,10.056648484800213
684,10.20127254055927
685,10.421696555130765
686,9.432934923264579
687,9.58480851814656
688,10.06673604209627
689,10.03092810860684
690,10.969801225731167
691,11.069846423976127
692,11.00819641134574
693,10.332287346666869
694,10.342326899553012
695,10.27548621047496
696,10.995558265051365
697,12.451000931770317
698,12.23184047455721
699,12.111257613638916
700,12.124995274528105
701,13.908848813351193
702,13.73352736705935
703,13.700528182976157
704,13.17775059136508
705,13.2316724459137
706,13.415590198393357
707,13.174103005788274
708,12.93748671676962
709,12.664763516715682
710,10.433289672840186
711,10.093145340625309
712,11.036006079379735
713,11.258922466557419
714,10.95207402748175
715,10.850283852166886
716,11.362404446725026
717,11.243345590044495
718,10.757023850682778
719,10.572075678355342
720,10.4799640483213
721,10.039714022859902
722,9.86272409365938
723,9.566731396128514
724,10.395988320962024
725,10.449891207101647
726,10.417222920786106
727,10.702770287530349
728,11.763108388314535
729,11.334844508042675
730,10.97931804509933
731,10.135325080976942
732,10.761838789752476
733,10.414184574622265
734,9.873211459416776
735,9.9733450320177
736,9.367193006558416
737,9.666948365472528
738,9.89954593201765
739,9.740269384830547
740,9.710723226309526
741,9.791088397260905
742,9.496406032275107
743,9.503082183957833
744,10.518584753788197
745,10.067991768755412
746,9.69236500531605
747,10.543908576310134
748,10.596781036160952
749,10.575658280014455
750,10.374322513547884
751,9.89801906733958
752,9.846082288265222
753,10.498264697586478
754,10.821347228945166
755,10.885157003999236
756,11.040391052317444
757,11.809965426296
758,12.32791844272214
759,11.99890109054509
760,12.2094871123537
761,12.665470423702118
762,12.677614728755792
763,12.549905127425752
764,12.496342617702272
765,12.542988851399283
766,12.367549617782569
767,13.157749636506978
768,12.980262594182989
769,12.58479322452759
770,13.213434985181639
771,12.563151456789058
772,11.766978049538924
773,12.081398374469332
774,11.395726254813155
775,10.419192666247046
776,8.723241653706925
777,9.114703887754105
778,8.303719152837786
779,7.003795633986276
780,7.955646850906284
781,9.172138706308397
782,9.60422128868883
783,10.433395932546595
784,13.308123254030878
785,13.075714828456686
786,13.168076775894356
787,13.268312189240827
788,13.080180079385118
789,13.53886873977963
790,13.909774281274977
791,13.042319941142333
792,12.906313660229628
793,12.414013616488218
794,12.424871965395013
795,13.278146840639128
796,14.067146745479198
797,13.890691851460634
798,13.902620239352448
799,15.260190736284551
800,16.215569082737822
801,14.995440260864168
802,15.623034665054814
803,16.211701860829386
804,16.08904732226719
805,15.254301789709057
806,15.372902688706347
807,14.88921027576302
808,13.009910476004105
809,11.53715142577363
810,12.40444580295874
811,11.401462241857319
812,10.420430620330045
813,10.57813728404593
814,10.272362907054355
815,9.775120453833797
816,10.640852724023286
817,10.791996531596904
818,10.507529108912639
819,11.102131173962636
820,11.857637556104073
821,11.481387205366755
822,11.63041541429266
823,11.414005364963465
824,11.64866979186565
825,12.399816095254446
826,12.671281248467192
827,12.580023927106708
828,11.99730745760299
829,11.871943745604074
830,11.896438059707481
831,11.896438059707481
832,12.370949549537059
833,13.819529623298887
834,13.695789314520756
835,13.789005699541601
836,13.459585522525241
837,13.621258454419927
838,13.648244088805184
839,14.099430142908997
840,15.656573999140466
841,15.628071999516902
842,16.47948356223685
843,16.618077038375322
844,16.672875228016927
845,16.525355995240453
846,17.492825010905655
847,16.745656702360435
848,13.552222712808447
849,12.54312897745935
850,12.522951471472021
851,12.534286329600874
852,12.03768083018646
853,12.4834601293347
854,12.014774390644156
855,11.816803518013085
856,12.392221147312155
857,13.145060096889495
858,15.385092430485336
859,15.297396088667604
860,15.369090800096053
861,15.258537706853325
862,15.280995064671954
863,15.904184607245675
864,15.516905907340007
865,15.782249894298372
866,15.893866442746663
867,16.263638601063658
868,15.767203095239024
869,15.096330726426487
870,15.449593359637003
871,14.760546116361217
872,14.778148866107221
873,14.361822559962722
874,14.400980055952184
875,12.505432909060143
876,12.022353729590174
877,12.303687193409484
878,12.838307780752611
879,13.096902822032398
880,12.993182861355802
881,13.965324226909836
882,14.770271676727598
883,14.608118517001056
884,14.674052301783336
885,15.304331435166073
886,15.018517208094707
887,15.163208561179232
888,15.582414857341975
889,15.548873435008638
890,15.018547345507937
891,15.158641094783531
892,15.189125215819278
893,14.627704517226858
894,15.606851328621897
895,15.154046920299047
896,14.151177192245058
897,13.826537339358458
898,13.679123084781386
899,11.656116916719771
900,11.916722677599267
901,12.168717634652504
902,11.951924112392476
903,11.408900785361698
904,10.91033709186262
905,10.50496998956918
906,10.472811162895557
907,9.805900304604975
908,10.105627955836137
909,9.601757595754968
910,10.168881957156595
911,11.23302339327823
912,11.197627951838761
913,11.176269619490808
914,10.976190652242224
915,10.019252038144133
916,10.477117177185914
917,10.806339747300232
918,10.438219156664207
919,10.678406562777386
920,10.533502225221557
921,10.822276838147026
922,10.649773535966677
923,9.820913028920607
924,9.72696615536288
925,10.013144889597791
926,9.953974607193583
927,10.278277415505798
928,10.919449146495118
929,11.701485618130958
930,11.103340253816341
931,10.84037024202078
932,13.044959707638725
933,13.617436308515817
934,13.717743159118733
935,13.100126534537226
936,13.0769719550919
937,12.995413765829934
938,13.419247030245106
939,13.256992785823684
940,13.07694005527198
941,11.95597449626591
942,11.65876051252772
943,10.715308465789676
944,10.019841877054713
945,9.628891406585339
946,9.398546421310305
947,7.89483269326583
948,8.439799433639351
949,9.211243229911336
950,8.798725993024803
951,9.70107247053238
952,9.427830747122613
953,8.5095643252048
954,8.556412025280192
955,9.353226170828233
956,8.63820076918298
957,6.978490923157454
958,7.892771156672174
959,7.530960721146163
960,6.763371692793441
961,7.08873792496143
962,8.304420975631754
963,10.52580690760745
964,9.552846261825199
965,8.827575879480488
966,9.407876425828343
967,9.95349443906004
968,10.118200767463637
969,9.732704269322534
970,9.157506465198239
971,8.850769769813805
972,9.336401075526757
973,9.890493146763845
974,10.111731643636102
975,9.525498439587988
976,8.42290962467942
977,10.45327220349963
978,10.216690057257583
979,10.638186283014672
980,10.305977364111584
981,11.441603252246214
982,10.71748048011174
983,11.508965147823758
984,12.372609027631976
985,11.134565506523986
986,10.899112127205735
987,10.709575965462736
988,10.630116730346394
989,10.712012802708394
990,11.228583574015127
991,11.231526400925285
992,10.905984711538675
993,11.003360695773035
994,10.674493589848154
995,9.87442815677564
996,9.619909792706904
997,9.049415064238131
998,8.90064573179361
999,9.846441078967082
1000,9.900221756662496
1001,9.767592345323228
1002,10.292565676223099
1003,8.962358846156304
1004,10.789508318708108
1005,11.115431537239484
1006,11.260079711091953
1007,12.043161807326008
1008,12.561575628318122
1009,11.875908555676995
1010,12.098939664246844
1011,12.696812591092343
1012,13.185800743350606
1013,12.976942737045526
1014,13.533117439986952
1015,12.424952548188761
1016,12.698686568931251
1017,12.596048317778298
1018,13.732685763142548
1019,13.73669106120039
1020,13.389974044633979
1021,13.920307339709304
1022,13.952205385348716
1023,13.828172237035364
1024,14.68301780708925
1025,15.211496512088729
1026,14.887486525872195
1027,14.348150125391545
1028,14.105079536957454
1029,13.797469741809309
1030,14.344518281665476
1031,14.965046867684805
1032,14.90482486655511
1033,14.42215020980897
1034,14.976083902482507
1035,14.643276231578085
1036,15.428314572463165
1037,15.11470088180673
1038,14.501493504807028
1039,14.139440117228585
1040,14.086243813725009
1041,14.156105493385374
1042,13.95653429996182
1043,13.809509245119433
1044,14.460809895932037
1045,15.09349911867297
1046,14.074390752820198
1047,13.549638624294747
1048,14.104746004948844
1049,14.180078499133764
1050,14.515736347990927
1051,14.550080357405125
1052,15.207397537921619
1053,15.365368827770777
1054,15.226761401874601
1055,15.11677034011296
1056,15.461330371472748
1057,14.439058275576656
1058,14.348989851360038
1059,14.437772628090894
1060,13.460504769920778
1061,13.469566994533144
1062,13.601232703703193
1063,14.356087086673108
1064,14.424638302912584
1065,15.040810664444916
1066,15.826034775772913
1067,16.20314768582527
1068,16.612435846120043
1069,16.02595467737875
1070,15.602846704656193
1071,14.830377677646744
1072,14.93792706682
1073,13.91401561207406
1074,14.1865571211659
1075,14.30706149754728
1076,14.299903543097026
1077,14.177744347631638
1078,14.837500071773668
1079,14.276550944724043
1080,13.946264878736404
1081,13.575956416838597
1082,13.881368743011846
1083,13.962863117598312
1084,13.859081261907491
1085,13.970169922047226
1086,13.985897560469041
1087,13.640403196328776
1088,13.10433283446304
1089,12.255959002137008
1090,11.908535879453641
1091,11.500969481276924
1092,10.432398780939089
1093,10.582950250334576
1094,10.649860026020285
1095,11.003881375478986
1096,9.403139233043722
1097,6.151909967600622
1098,6.561097212484257
1099,5.838116346472821
1100,3.6813550442347243
1101,4.099837549985774
1102,3.670475096773118
1103,3.204003210985795
1104,2.931645589184795
1105,2.926954560502515
1106,2.3587144455098574
1107,2.6912945705017233
1108,1.7482453755886862
1109,1.6520885378469963
1110,2.765741393521215
1111,3.164814469604016
1112,3.5807724189490964
1113,2.9012615490094262
1114,4.057734653136835
1115,3.4503389204519674
1116,3.555527597574293
1117,4.28593634859098
1118,4.484385634964072
1119,4.652091460198915
1120,4.298657501147973
1121,4.39059777933184
1122,3.915659181085762
1123,4.2277108550395015
1124,4.369249405784537
1125,4.828024825111643
1126,5.000150994064101
1127,5.405227429361403
1128,5.761435340331089
1129,4.83373791233086
1130,3.9450914238986945
1131,4.4978554011844585
1132,4.567586606607121
1133,4.7138161794327615
1134,4.721007488485873
1135,4.743008825939543
1136,4.4238714028637105
1137,4.204803926052225
1138,3.706025812250835
1139,3.7667697408582557
1140,3.4305216217742407
1141,3.9317652171545037
1142,4.142760372686238
1143,3.643492601146403
1144,3.545089998102746
1145,3.2469775319815986
1146,2.9367439401080775
1147,2.6304138200859972
1148,1.6216423512467326
1149,1.3398343613166386
1150,-1.8759493135482086
1151,-1.8947291661175591
1152,-1.9878343605587712
1153,-1.3647835099473205
1154,-2.2021834080119818
1155,-2.6818522457025096
1156,-2.6234240970761213
1157,-3.307793557925365
1158,-3.47985759708066
1159,-2.894198104045309
1160,-1.847909606656506
1161,-0.09341596306053912
1162,-0.10788814527773471
1163,-0.2936300718523799
1164,-1.1359841264614423
1165,-0.4834630227243286
1166,-0.3338731863513189
1167,-0.37999106210347966
1168,-0.07733141447154868
1169,-0.034709073208882835
1170,-0.9058874990497623
1171,-0.8045646180040111
1172,-0.4185981416817697
1173,-0.8672915373737045
1174,-0.42405773443361383
1175,1.2166667388363361
1176,1.5753349451968823
1177,1.6094865375610112
1178,1.3225312525170896
1179,1.5993790371790162
1180,1.137852996512878
1181,0.9084045347487413
1182,0.7439587402606529
1183,0.31466185406532343
1184,-0.5583093043468712
1185,-1.6306210886861683
1186,-0.4960243252837504
1187,0.257497946741303
1188,-1.0078647256574147
1189,-0.9836055561279533
1190,-1.1230929787999666
1191,-1.0874058139223375
1192,-0.6794502558247761
1193,-0.7147581838325978
1194,-1.1556565320957168
1195,-2.388017230688999
1196,-2.29745183967075
1197,-0.5831283558951017
1198,-0.3204127069654783
1199,-0.11635141560203399
1200,0.8999260511935114
1201,1.247273950339145
1202,1.100609462732316
1203,-0.0488112678545205
1204,0.14522289728309268
1205,0.11193404984257693
1206,0.47749031064503455
1207,-0.46769035983312834
1208,-0.5904901543776431
1209,-0.35422459448940513
1210,-0.9766168237734796
1211,-0.9506516378054886
1212,-1.0656362905564598
1213,-0.5635788250313634
1214,1.1747871186801984
1215,0.7037801552695067
1216,0.4576059489169282
1217,5.333505437616948
1218,5.933170965905399
1219,5.218115821310065
1220,5.220137669069036
1221,4.8565585056808525
1222,4.668582354307005
1223,4.523073425327273
1224,4.466034419228748
1225,4.421421858094021
1226,4.422641988205522
1227,4.7403411918523375
1228,5.168819108336242
1229,5.798549687862264
1230,4.910548093487366
1231,5.203599322165942
1232,5.317830690835601
1233,5.827762372353873
1234,5.301818727325847
1235,6.0879544756502035
1236,7.207653532645009
1237,6.930499295326764
1238,6.634301515773422
1239,6.577507327757082
1240,7.093303501129089
1241,8.130096895298312
1242,7.885847277827596
1243,9.249334673352184
1244,9.446538657581982
1245,10.011607481088692
1246,10.390246524745894
1247,10.383683220091577
1248,10.463997982596606
1249,10.533081795956756
1250,10.33584218492123
1251,10.097119990782954
1252,10.199088319219163
