,Portfolio Value
0,11981.507414587624
1,11982.325146194993
2,11958.780841978085
3,12039.908351278338
4,11946.719548267223
5,11847.817806111447
6,11839.893033432385
7,11764.634421654917
8,11763.41232452333
9,11808.455369382486
10,11821.337406830931
11,11886.402847752106
12,11892.556091793911
13,11892.758692190357
14,11886.528587539891
15,11879.77583956208
16,11808.153905737587
17,11799.759527631677
18,11776.909581362474
19,11777.378086079845
20,11794.22703644249
21,11847.405134714623
22,11859.765539019805
23,11779.939645025992
24,11805.9432309149
25,11885.936630455799
26,11828.795153423003
27,11769.624216270957
28,11793.117500283115
29,11741.622452826023
30,11744.871304174232
31,11741.143165631192
32,11764.437620360777
33,11727.278154319149
34,11739.065887510733
35,11683.182831223545
36,11709.890880798801
37,11696.006796809626
38,11714.647743406947
39,11750.446471084972
40,11779.407141544849
41,11802.611079435947
42,11753.38801030003
43,11738.39143628059
44,11706.717738078205
45,11587.911713804644
46,11580.075675864047
47,11590.706569315285
48,11601.653278963267
49,11556.130124174022
50,11733.553031835858
51,11796.418891755917
52,11849.735068714797
53,11897.229371179736
54,11869.736513310989
55,11796.86901637611
56,11786.068881968757
57,11814.728073095004
58,11852.161440520827
59,11850.382004548923
60,11881.73306665446
61,11850.310347279948
62,11808.098837633514
63,11818.403173100365
64,11938.032002123924
65,12014.982586071417
66,11991.716254975927
67,11991.580935453196
68,11976.835800335204
69,11978.007197601832
70,11934.115899912567
71,11944.71773638015
72,11969.924173437852
73,11976.16583723428
74,12081.17913768141
75,12086.386744021667
76,12127.345262716777
77,12177.291145767394
78,12152.161453904375
79,12150.441192265997
80,11941.246358919881
81,11952.772417741053
82,11956.324300187045
83,11860.274487986018
84,11818.010102928503
85,11839.830863548383
86,11843.097859999169
87,11828.215909925706
88,11784.905731583995
89,11775.184599626877
90,11792.637383591335
91,11848.884999166223
92,11818.416379778746
93,11782.674006734935
94,11802.981268747475
95,11915.75485544246
96,11977.644001544842
97,11947.529631730302
98,11960.83382437121
99,11941.22599152577
100,11923.409655010948
101,11930.063163333976
102,11959.642508238567
103,11987.45436566573
104,11973.960291406393
105,11913.492064410633
106,11881.386100262142
107,11864.88671322292
108,11929.892666361544
109,11957.045117378677
110,11957.260616985863
111,11926.717389110358
112,11940.097270017142
113,12021.68636939866
114,12029.385973797562
115,12035.395559078293
116,12071.031223246278
117,12082.128124353556
118,12052.442740866158
119,12002.665306054068
120,11912.730429737869
121,11893.2293986672
122,11869.473129134514
123,11901.137553332414
124,11869.338984956052
125,11752.615282335908
126,11734.637982793929
127,11691.765305228379
128,11821.021640348175
129,11860.200025525672
130,11908.491246953186
131,11885.996267307652
132,11810.649647480921
133,11847.063431869543
134,11944.37605610695
135,11943.004783237719
136,11983.470321862467
137,12021.03220761385
138,12042.271184963583
139,12031.632138250397
140,11940.714093672488
141,11744.552894220018
142,11767.104791698252
143,11860.739147559623
144,11858.82962246714
145,11785.410851298719
146,11789.70844849269
147,11755.9171189662
148,11759.724250552807
149,11755.283537412352
150,11804.978720499157
151,11671.533107276566
152,11529.658902677947
153,11561.937615433711
154,11652.343129580571
155,11672.940769773648
156,11642.819669643286
157,11599.698290430764
158,11469.756698341169
159,11337.960648306473
160,11157.087318225264
161,11081.692434174282
162,11209.091747565852
163,11336.965870409298
164,11333.725354774799
165,11241.076648049613
166,11111.896591781197
167,11192.787621810781
168,11243.371173497457
169,11209.346354304997
170,11252.597322776166
171,11301.472794145164
172,11198.379706722668
173,11150.405660797622
174,11051.635764199982
175,11057.772281836127
176,11265.728847989802
177,11255.911050073286
178,11163.06824039938
179,11126.637528171348
180,11047.22804224354
181,11028.041285321051
182,10980.772043180608
183,11077.553273035432
184,11030.170851458488
185,11107.583561265159
186,11164.139682934561
187,11140.167986159158
188,11361.644755645826
189,11389.380924305086
190,11417.204685820212
191,11364.0293895661
192,11304.336844648824
193,11398.920100041372
194,11403.248305414543
195,11429.974638082267
196,11363.104437154461
197,11404.03299170918
198,11412.970331116197
199,11446.276444675143
200,11421.826346356233
201,11266.480171979229
202,11186.238819976723
203,11218.427678540189
204,11329.839945927717
205,11417.894592382774
206,11484.699385540607
207,11390.524394735545
208,11773.888131206695
209,11890.289033007159
210,11867.59654125476
211,11897.607186408572
212,11907.399735127698
213,11918.547913674149
214,11889.727864990804
215,11903.11188956484
216,11939.284684432132
217,11919.49677633628
218,11815.706733546329
219,11863.550989648149
220,11843.205813299184
221,11937.21549012891
222,11983.734180577898
223,11967.762216836745
224,12036.330586670549
225,12020.00567362994
226,11966.856061805158
227,12008.41480562315
228,12047.69859229029
229,12038.968695400794
230,12018.067709606194
231,12014.339471506995
232,11994.099522905095
233,11984.534306363235
234,11917.45445343965
235,11875.088662789109
236,11845.510080662034
237,11779.16905350874
238,11762.399621454877
239,11825.278105166555
240,11829.567053700095
241,11784.833266768286
242,11702.026444101575
243,11767.469290189227
244,11798.338761686871
245,11804.832840746541
246,11790.430556408655
247,11767.290896838475
248,11806.535876943773
249,11752.700653010925
250,11697.15054570737
251,11577.613605829629
252,11604.672143733738
253,11561.78823898219
254,11486.339428098501
255,11399.551928415218
256,11414.347552589321
257,11431.814644968985
258,11322.928006243956
259,11339.006489690877
260,11143.238311400635
261,11164.035092146278
262,11123.944603483305
263,11196.967705736248
264,11221.58617301977
265,11171.152412191812
266,11169.101572236274
267,11078.172149717178
268,11066.630668791031
269,11127.387835214195
270,11116.32266586565
271,10967.985288483644
272,10919.148931418564
273,10965.301175169056
274,10866.428102410833
275,10841.551123275938
276,10768.96469784756
277,10850.039419865698
278,10810.363601091143
279,10870.765727890639
280,10955.098462833856
281,10958.879232769246
282,10948.97375043687
283,10963.656616171455
284,11092.323969952688
285,10988.19914402969
286,10992.852140885734
287,10967.439642947951
288,11192.51851641645
289,11190.331581610164
290,11268.845990247823
291,11287.033014725956
292,11305.319733555225
293,11326.18626761637
294,11321.774952550351
295,11274.145293942642
296,11340.864004897094
297,11334.368061819783
298,11440.603418910243
299,11417.057241776496
300,11404.245995745754
301,11442.899284542764
302,11449.44398137147
303,11492.412905844845
304,11488.884575504255
305,11497.013129037521
306,11483.560802889999
307,11491.310834884835
308,11493.316674201817
309,11614.328847086037
310,11675.884240674666
311,11684.329468546071
312,11660.91637378939
313,11629.003029593385
314,11508.393033267696
315,11538.988512343489
316,11454.38968637634
317,11543.24202550973
318,11567.906706454067
319,11592.282925340332
320,11738.021118150946
321,11757.087511256499
322,11722.982109744104
323,11711.74435154954
324,11777.130619595406
325,11767.151067902007
326,11756.834844756637
327,11736.412263869895
328,11751.20422808597
329,11753.19662116728
330,11692.187886912305
331,11681.599305653905
332,11739.827487853543
333,11567.565005381082
334,11491.524667422476
335,11530.440879199126
336,11503.431331230902
337,11472.045102548404
338,11326.19065155802
339,11321.448542044029
340,11283.650615278233
341,11238.229576517126
342,11291.813675754389
343,11359.50915733471
344,11404.440583357515
345,11374.097930389958
346,11331.929346953562
347,11364.78332937546
348,11356.846447567856
349,11427.943857030194
350,11453.916693071367
351,11504.885528338536
352,11571.327612787974
353,11515.477821329232
354,11488.235892276978
355,11488.427145644728
356,11477.27001163403
357,11493.721664139106
358,11496.62063541241
359,11485.26431669582
360,11471.811423859308
361,11311.708393124758
362,11301.683161465742
363,11256.995511114272
364,11256.498905694782
365,11237.900631180803
366,11237.48911106703
367,11330.761298982323
368,11325.66755709222
369,11348.822679683059
370,11394.32412184049
371,11198.425518872786
372,11141.621896113975
373,11210.209580371
374,11306.4388872262
375,11388.372915768483
376,11416.085657928295
377,11357.97300954868
378,11345.82537376452
379,11343.880207873408
380,11261.162218534613
381,11376.397006449584
382,11360.971052706027
383,11348.402140590695
384,11349.379441539433
385,11326.40176707394
386,11339.992868389254
387,11274.028314233376
388,11266.979279595773
389,11250.568059745576
390,11222.754783257653
391,11221.406403631285
392,11239.80668415681
393,11264.735827193814
394,11277.89599840864
395,11188.17793390814
396,11213.151942107463
397,11166.185851642842
398,11189.055333511562
399,11202.07154868974
400,11282.750050296227
401,11264.237218459191
402,11330.761190061992
403,11343.98203192183
404,11367.586351047275
405,11341.190021456245
406,11451.282622913724
407,11450.165340247553
408,11414.280720315774
409,11461.55267354072
410,11497.042799070383
411,11463.612970128876
412,11460.781801689962
413,11419.682941128463
414,11432.726133285163
415,11440.707644413895
416,11432.340186007556
417,11439.318176059403
418,11351.422829550167
419,11409.29445553122
420,11477.278621077337
421,11703.254093728861
422,11748.430216929832
423,11799.669703418173
424,11720.669469796025
425,11745.925960710523
426,11722.843773846704
427,11721.194720927222
428,11741.807249968107
429,11697.441686870376
430,11702.352155153649
431,11712.481958797736
432,11847.493261816271
433,11855.59372153443
434,11785.964124862256
435,11732.251385467627
436,11734.64094981455
437,11710.73298729756
438,11644.870699644584
439,11664.263986126458
440,11684.097811130778
441,11699.413281089628
442,11699.522435234265
443,11650.524156573609
444,11629.595359622626
445,11637.856277533027
446,11580.058358060796
447,11572.456098903987
448,11549.771117254892
449,11549.937406394423
450,11541.497841814042
451,11571.910644776592
452,11573.322667583787
453,11569.8192590939
454,11577.894994609784
455,11665.9274493264
456,11640.184858357577
457,11566.965276629611
458,11585.499482556186
459,11578.149044723184
460,11569.628372673458
461,11541.297818483517
462,11481.165561640639
463,11480.373579636625
464,11451.769093515992
465,11582.573945914663
466,11531.411632753063
467,11497.089377641849
468,11455.4643923569
469,11391.481018128201
470,11362.594417683791
471,11385.100855956927
472,11429.422362224708
473,11451.930536900682
474,11423.565326103791
475,11465.736129657333
476,11446.12556170188
477,11453.60010514115
478,11442.152039582606
479,11461.086668843203
480,11494.251947049182
481,11449.177194963842
482,11394.268831525278
483,11370.190015899825
484,11402.083781417718
485,11418.040086578276
486,11481.275018364342
487,11463.621605155153
488,11498.107190220298
489,11469.788248553366
490,11518.867409356624
491,11498.83908040437
492,11448.933756066905
493,11421.284874471929
494,11411.831199063301
495,11430.064271332336
496,11424.89326775999
497,11400.897229810664
498,11429.982556635103
499,11441.76700673455
500,11457.052344294036
501,11467.466554349723
502,11397.971825387842
503,11479.945381419022
504,11546.200515576285
505,11602.611237700576
506,11591.523356421078
507,11658.591421066874
508,11718.100340934281
509,11708.267197617468
510,11686.600507366347
511,11688.628692549904
512,11682.779836860798
513,11660.62536337424
514,11661.402883695675
515,11666.079472797228
516,11678.624408886119
517,11676.302273234307
518,11682.13373134243
519,11690.762167631634
520,11675.396541021979
521,11721.20316256458
522,11753.29397691475
523,11709.487352148379
524,11725.223943517645
525,11747.021783558634
526,11764.1082151014
527,11794.39808785512
528,11914.599733917028
529,11930.222498406933
530,11904.69778096712
531,11930.743430749888
532,11940.62397102236
533,11940.07795968897
534,11960.897377124957
535,11936.738252639629
536,11964.345907910538
537,11966.08105210914
538,11938.574674780419
539,11845.459899825917
540,11837.44414630266
541,11859.298470094356
542,11870.809192827064
543,11863.156123383236
544,11868.315476075613
545,11863.35291870065
546,11862.274885120763
547,11863.100304608619
548,11872.347828745886
549,11874.378284214277
550,11880.9145143413
551,11886.536209878019
552,11903.88657047342
553,11963.029467410448
554,11969.477943080952
555,11959.43893399208
556,11903.09929423776
557,11886.057422910133
558,11880.253774749139
559,11863.962641857033
560,11858.120237976887
561,11871.21774645922
562,11903.387292832242
563,11914.571414407073
564,11917.18363728226
565,11948.710175337617
566,11934.609599285304
567,11904.097748777614
568,11854.858386242338
569,11845.566219593875
570,11883.70292006798
571,11859.419569828768
572,11836.047419907085
573,11870.02819471229
574,11883.232043788188
575,11888.150326060102
576,11923.083418713362
577,11926.957244301142
578,11903.218392405734
579,11989.50577349082
580,12030.222120651119
581,12002.926983533169
582,11990.833762644515
583,11950.177870861107
584,11946.834735627655
585,11983.73612730201
586,11963.941570540243
587,11808.57725946103
588,11825.88225486697
589,11820.715987259606
590,11885.751413834878
591,11876.267545292398
592,11919.088802605082
593,12029.117367064526
594,11991.099649356664
595,12082.444270959946
596,12036.354893754446
597,11993.74540890351
598,12073.197842708807
599,12165.71760960155
600,12169.134576429376
601,12160.44721947628
602,12173.022553102293
603,12278.945353597119
604,12267.20852083124
605,12223.00024835379
606,12235.50075861885
607,12238.82931881339
608,12235.639488069455
609,12219.224079880363
610,12254.667661745645
611,12182.607252748277
612,12141.387856917861
613,12124.790871716828
614,12151.304847587886
615,12162.330691038527
616,12156.425245156366
617,12104.912263801813
618,12137.53421690935
619,12165.106851018536
620,12152.415593326958
621,12154.185231020896
622,12150.848363359315
623,12162.890381540472
624,12141.727858117876
625,12152.059690563481
626,12172.120310842085
627,12188.88837202174
628,12212.512978594143
629,12269.096689906131
630,12240.965320184954
631,12233.234116817903
632,12246.685918056373
633,12274.933697594568
634,12300.42551480468
635,12346.12104982254
636,12378.832157257988
637,12380.273473718753
638,12378.245409748408
639,12426.829752665513
640,12397.262498802762
641,12461.847155563617
642,12487.879666502777
643,12475.433924452467
644,12567.117295546865
645,12566.258511068816
646,12966.743341005616
647,13047.677455098315
648,13040.693518785578
649,13036.266193791678
650,13048.586555093605
651,13034.650498290854
652,13053.416588920474
653,13052.847374400753
654,13071.089049663839
655,13029.497623540234
656,13036.680619065317
657,13042.31100973259
658,13056.04364179053
659,13067.149758658052
660,12948.610031511927
661,12921.626907176738
662,12928.41519730398
663,12956.349082396888
664,12936.029741322513
665,12970.736875586605
666,12996.707843188353
667,12922.916230982297
668,12925.739368569602
669,12912.88751771953
670,12970.357900451252
671,13043.58324133369
672,12976.6248522152
673,12992.485458066185
674,13047.388943341439
675,13025.252116887605
676,13090.641526372012
677,13144.86984476369
678,13121.11293371773
679,13153.058607851975
680,13193.975366721384
681,13235.576374385202
682,13204.313003783958
683,13197.540998265407
684,13182.325389417301
685,13190.636773223929
686,13176.869874381646
687,13176.478557681357
688,13189.33376475792
689,13172.810400811693
690,13242.367241098065
691,13249.239833057632
692,13238.323832811093
693,13199.723207124269
694,13211.379352440737
695,13228.442334138423
696,13286.626926176637
697,13457.762904697845
698,13436.014118900319
699,13402.656345599222
700,13402.309449108214
701,13482.909083617344
702,13466.61334409511
703,13459.290908840598
704,13415.427453393178
705,13424.992385093501
706,13468.760714357937
707,13430.536086025977
708,13375.662481228072
709,13381.278591481487
710,13261.631354614885
711,13219.783646418828
712,13363.578376149388
713,13389.011889745609
714,13333.53277733142
715,13326.49948631317
716,13347.329484312731
717,13331.478850561456
718,13309.866871381628
719,13293.753907107071
720,13259.627582906785
721,13238.097738563529
722,13189.796120021592
723,13104.958417598042
724,13176.562319061723
725,13186.861103120553
726,13196.136041348398
727,13250.9042699186
728,13274.518580756376
729,13231.982204495907
730,13194.393204524513
731,13047.179197839989
732,13102.681536848328
733,13072.436544965482
734,13027.778754468274
735,13056.296346520405
736,13031.103782076529
737,13132.439753499128
738,13161.355426259757
739,13137.442291161144
740,13133.335052412398
741,13117.253843798488
742,13100.848397691545
743,13105.444605610313
744,13217.29439102141
745,13173.542979545093
746,13149.613963231226
747,13183.542050477889
748,13185.54720738297
749,13175.781528124742
750,13163.700041287426
751,13156.824009376855
752,13151.921904003215
753,13246.004420443805
754,13300.52709423513
755,13315.508795935948
756,13347.95546239445
757,13411.095413394438
758,13441.310033579493
759,13404.676770994665
760,13440.835557161447
761,13526.163863172997
762,13551.245895932429
763,13528.411710412543
764,13519.741546265319
765,13523.44341945348
766,13521.072303723678
767,13576.027665385676
768,13568.40135016302
769,13561.770716974552
770,13627.685046617305
771,13573.186384658587
772,13446.621611510516
773,13488.043516070373
774,13388.859222986839
775,13291.550133491719
776,13169.155219315222
777,13185.993689805831
778,13151.80190042404
779,13066.903558596616
780,13087.483135158462
781,13215.313702089334
782,13294.658343334593
783,13371.347481081939
784,13472.38232979956
785,13451.17391447517
786,13451.160303764835
787,13473.884151633483
788,13477.99337120934
789,13549.639097276397
790,13652.606350430873
791,13596.705242358046
792,13576.843679374062
793,13503.438455137204
794,13485.569253378268
795,13548.826387378162
796,13588.523118969037
797,13574.869874847413
798,13580.983987936252
799,13626.788897165781
800,13713.572309756204
801,13597.384399270262
802,13666.589703605114
803,13722.101524290787
804,13691.891196859937
805,13629.065640088456
806,13637.40876986011
807,13694.17478119476
808,13599.089000341088
809,13514.498749851875
810,13638.548089811042
811,13585.342467357868
812,13441.329650187035
813,13461.083096826369
814,13456.847645473224
815,13444.940062864236
816,13488.439336381038
817,13498.833599656298
818,13404.786788844627
819,13461.088101445077
820,13484.761089328633
821,13447.735087908535
822,13453.819775780472
823,13480.86803290097
824,13505.615135111228
825,13577.785043483585
826,13610.004043357345
827,13603.017482364587
828,13549.038310828631
829,13525.593740523174
830,13538.963379369894
831,13538.963379369894
832,13587.920227495773
833,13684.835985577534
834,13684.352719668655
835,13689.819800398382
836,13659.9114820365
837,13647.108226973294
838,13653.462968810409
839,13682.086990282936
840,13800.826000897432
841,13791.23464433695
842,13886.32223228969
843,13900.726086981249
844,13919.46666873636
845,13888.50035474381
846,14026.925907271032
847,13984.453256486302
848,13790.51698078187
849,13675.046590083819
850,13679.852915111773
851,13677.33282293592
852,13628.22758947565
853,13671.588572268494
854,13642.408778505887
855,13601.695663932129
856,13628.878243397467
857,13697.327725230496
858,13873.210577870246
859,13862.25863432675
860,13876.49700839058
861,13876.987209470222
862,13930.598102629234
863,13997.294715164797
864,13969.704638001149
865,13991.33566277775
866,14005.179299884905
867,14013.514606733455
868,14016.072053455944
869,13915.10232533174
870,13958.754923142162
871,13917.269117633277
872,13924.379508920423
873,13863.342122485888
874,13869.559669964507
875,13804.680360025133
876,13756.328618567688
877,13763.11589847369
878,13801.493053953322
879,13817.016570559625
880,13822.32464212504
881,13894.368460322112
882,13990.495808752818
883,13966.233373482
884,13970.622239429398
885,14043.82674907633
886,13998.287066029061
887,14017.613243381551
888,14046.713103417318
889,14045.679720689248
890,13986.851740878119
891,13968.301228189495
892,13969.286606915575
893,13888.624754630873
894,13970.574348884971
895,13939.854858154833
896,13890.503276861491
897,13855.652490901699
898,13828.093408963754
899,13686.068936311372
900,13714.277172527345
901,13727.338094414707
902,13712.321321102967
903,13644.963774226002
904,13620.764591033065
905,13606.444181721994
906,13600.16353694243
907,13565.81803455015
908,13613.963361340155
909,13528.115524843499
910,13582.987433304159
911,13622.40750371251
912,13599.234386754957
913,13608.849710524539
914,13576.181609988245
915,13508.69486483906
916,13593.303660992835
917,13657.270784668246
918,13605.311049166325
919,13614.206258553611
920,13596.039713515416
921,13621.811263199608
922,13518.80614764752
923,13404.307154762557
924,13387.755853705923
925,13399.442140324249
926,13382.746623072202
927,13435.555942994763
928,13466.030680696836
929,13516.353348497822
930,13475.457612604956
931,13465.511177556124
932,13641.91500936582
933,13737.684170163486
934,13749.561695127402
935,13711.509777658546
936,13704.503358270496
937,13692.91586785312
938,13736.569913530944
939,13725.2265827496
940,13707.431679206988
941,13576.58686791105
942,13548.89784387606
943,13454.277718827601
944,13361.096989893918
945,13309.984812205701
946,13384.08842661581
947,13259.703452596044
948,13324.721544535303
949,13427.847630937695
950,13412.920444926602
951,13496.822744402885
952,13487.452357635431
953,13365.051766940018
954,13397.251169614421
955,13425.176959676255
956,13327.009212352663
957,13245.702856833763
958,13295.136516753002
959,13241.316748393238
960,13222.557297260906
961,13246.67932059021
962,13387.451303338494
963,13744.714241701935
964,13623.032985206093
965,13529.975082911671
966,13602.232632444551
967,13625.601714042688
968,13539.691156241477
969,13439.385419499768
970,13298.961987827044
971,13302.532739784736
972,13340.910716620154
973,13368.07071608096
974,13385.382987960897
975,13349.379288597936
976,13232.624758725888
977,13444.143259339446
978,13422.47175684063
979,13486.264582235926
980,13431.22786346851
981,13489.664851521567
982,13400.06770688123
983,13447.159448964296
984,13538.306663805584
985,13464.78799813021
986,13422.687291649243
987,13413.985090194547
988,13405.857468068963
989,13422.35469166632
990,13478.056729756196
991,13475.42648795023
992,13421.341462272843
993,13348.078369455903
994,13284.19616206587
995,13196.05923919467
996,13130.911760664603
997,13061.65925065189
998,13050.12987644688
999,13144.471983711803
1000,13074.009149402205
1001,13018.659770328595
1002,13057.57402833767
1003,12959.918168417265
1004,13183.657787365042
1005,13240.502555656105
1006,13259.118410293115
1007,13346.88198302525
1008,13402.5563280066
1009,13368.655392841689
1010,13316.515037378831
1011,13310.871078620892
1012,13337.590883647354
1013,13255.17172839684
1014,13334.770834230274
1015,13232.13013255525
1016,13174.749020635607
1017,13169.531653433462
1018,13243.906128349052
1019,13235.053624745968
1020,13197.097103262367
1021,13290.197243322114
1022,13323.03563563157
1023,13329.800667386242
1024,13351.311319793947
1025,13412.28675384909
1026,13356.323440971944
1027,13290.04426605663
1028,13264.592769888475
1029,13232.631328298728
1030,13271.723198809346
1031,13364.850710071503
1032,13355.443491480417
1033,13314.140289964624
1034,13329.523725312132
1035,13290.064770458019
1036,13510.930820976315
1037,13402.605599732939
1038,13383.125297034776
1039,13369.45023341774
1040,13343.878545320613
1041,13344.86801177785
1042,13328.900444424915
1043,13317.744923509725
1044,13512.555388392833
1045,13561.506313223761
1046,13532.03222922823
1047,13475.572237526718
1048,13500.955874942729
1049,13509.358287067258
1050,13518.015050722834
1051,13526.700672186877
1052,13614.613464487767
1053,13634.936823523149
1054,13604.557677937886
1055,13607.96207860636
1056,13613.135730811766
1057,13558.653340311352
1058,13552.317569221193
1059,13571.807233038111
1060,13557.2918582827
1061,13558.85090102205
1062,13576.986648310714
1063,13681.381958864607
1064,13698.828913651914
1065,13757.455910312232
1066,13815.400224167954
1067,13790.587461674617
1068,13841.664165276674
1069,13759.768000146229
1070,13757.756477663648
1071,13709.400138408362
1072,13735.546397196655
1073,13681.02051505762
1074,13681.766793218565
1075,13705.40100130467
1076,13701.57290051336
1077,13696.408476646817
1078,13721.720066725877
1079,13652.85923401409
1080,13628.265356511023
1081,13597.89519678311
1082,13634.726571689424
1083,13641.592186835373
1084,13621.19152943067
1085,13638.469876819074
1086,13630.647423775834
1087,13559.835369911501
1088,13540.157680661534
1089,13488.468884490096
1090,13466.300246653664
1091,13471.453318091912
1092,13391.333523547148
1093,13419.46891918509
1094,13423.802083858416
1095,13449.93219833208
1096,13091.26251043379
1097,12804.728392039402
1098,12905.090016201355
1099,12861.433507469977
1100,12784.820560520302
1101,12812.136325118225
1102,12788.28845218258
1103,12746.631768755913
1104,12731.874681599078
1105,12758.737599176144
1106,12748.16777273787
1107,12582.18980870191
1108,12614.133798089679
1109,12600.670046637084
1110,12679.529385083857
1111,12696.08045929693
1112,12583.121168431877
1113,12519.50263906529
1114,12809.023319705222
1115,12753.27471071432
1116,12750.320556758867
1117,12780.020779923652
1118,12816.145726785326
1119,12862.461427908314
1120,12831.679078129155
1121,12865.753789047896
1122,12799.139388752928
1123,12843.700893756171
1124,12840.007306088715
1125,12869.734234812206
1126,12898.684262362967
1127,12943.868594131132
1128,12959.044798969315
1129,12907.634177065793
1130,12897.084677782042
1131,12944.59572881024
1132,12941.802712231629
1133,12954.299090298457
1134,12906.017040297762
1135,12932.525758422184
1136,12916.120715497114
1137,12892.544555232518
1138,12879.521693615709
1139,12855.93561199238
1140,12769.36730301676
1141,12772.161083529802
1142,12815.019022317661
1143,12798.67168478312
1144,12798.213838173504
1145,12785.355116897288
1146,12737.564510336279
1147,12695.590979112087
1148,12622.145987552994
1149,12588.727316865512
1150,12429.127372263527
1151,12425.058885007538
1152,12407.5728490494
1153,12464.626836747228
1154,12414.629906457842
1155,12387.182633645236
1156,12431.421974290059
1157,12304.467680827463
1158,12290.054683540024
1159,12300.908745510458
1160,12631.65036091395
1161,12759.05805319564
1162,12731.49618771104
1163,12639.262638715449
1164,12482.069977331535
1165,12561.049165111759
1166,12589.443608323729
1167,12582.267414913138
1168,12616.330841829202
1169,12633.806158512045
1170,12599.070978694715
1171,12626.519006756953
1172,12674.351475458307
1173,12647.485201531052
1174,12661.761237791952
1175,12765.23467459345
1176,12818.870966213472
1177,12829.43173496335
1178,12804.17439278855
1179,12834.249497470177
1180,12716.969515048226
1181,12675.566068727387
1182,12705.709856001275
1183,12618.921377773882
1184,12565.972346553142
1185,12465.602226627485
1186,12548.840765738798
1187,12639.335257246179
1188,12530.628018462112
1189,12556.078612869585
1190,12463.391155982703
1191,12434.517171753254
1192,12449.204323135957
1193,12445.06585480195
1194,12305.967723159687
1195,12237.961276456153
1196,12269.09830519509
1197,12397.793703638989
1198,12462.168889832861
1199,12471.75919062399
1200,12518.637308549922
1201,12556.279893413312
1202,12554.108668060158
1203,12536.364108897125
1204,12552.724612234535
1205,12544.392791659315
1206,12581.225699830575
1207,12506.140148152324
1208,12482.884812564424
1209,12521.88448625789
1210,12469.25548230523
1211,12474.921643496624
1212,12447.457503405132
1213,12568.684623000194
1214,12682.929427557443
1215,12622.340868114397
1216,12608.385000922124
1217,12820.186734939964
1218,12864.023419410449
1219,12711.020331045855
1220,12720.355387870166
1221,12667.213510277194
1222,12644.74559869632
1223,12556.323171678927
1224,12566.370411894024
1225,12635.924285742934
1226,12627.179635443335
1227,12647.514045722495
1228,12704.999346329798
1229,12774.170930138951
1230,12715.802340299917
1231,12699.539406692993
1232,12750.962694621958
1233,12752.80954543634
1234,12657.565406791788
1235,12659.191101670705
1236,12732.414937198391
1237,12734.627833598002
1238,12693.454258894404
1239,12689.562083961817
1240,12733.86782750034
1241,12882.470519164799
1242,12853.267299336068
1243,12950.723482501642
1244,12987.965222752307
1245,13011.074735677563
1246,13071.855435181391
1247,13067.365302921598
1248,13009.730780424716
1249,13024.367270128369
1250,13015.573049244591
1251,12998.295696602312
1252,13005.298222459467
