,Profitloss
0,-0.15410487843646736
1,-0.14729044837505922
2,-0.34349298351595836
3,0.33256959398615393
4,-0.44400376443980427
5,-1.2681849490712716
6,-1.3342247213967928
7,-1.9613798195423637
8,-1.9715639623055892
9,-1.596205255145955
10,-1.4888549430755682
11,-0.9466429353991113
12,-0.8953659017174043
13,-0.8936775650803641
14,-0.9455951038342403
15,-1.001868003649331
16,-1.598717452186782
17,-1.6686706030693554
18,-1.8590868219793832
19,-1.855182616001294
20,-1.7147746963125932
21,-1.2716238773781363
22,-1.1686205081682943
23,-1.8338362914500639
24,-1.6171397423758394
25,-0.9505280795350068
26,-1.4267070548083072
27,-1.9197981977420286
28,-1.724020830974038
29,-2.153146226449809
30,-2.1260724652147345
31,-2.1571402864067335
32,-1.963019830326862
33,-2.272682047340424
34,-2.1744509374105547
35,-2.6401430731371245
36,-2.417575993343324
37,-2.533276693253117
38,-2.377935471608772
39,-2.0796127409585696
40,-1.8382738204595905
41,-1.644907671367113
42,-2.055099914166414
43,-2.1800713643284175
44,-2.444018849348295
45,-3.4340690516279637
46,-3.4993693677996096
47,-3.410778589039287
48,-3.319556008639435
49,-3.6989156318831484
50,-2.2203914013678494
51,-1.6965092353673605
52,-1.2522077607100224
53,-0.8564219068355361
54,-1.085529055741763
55,-1.6927581968657512
56,-1.7827593169270295
57,-1.5439327242082967
58,-1.2319879956597668
59,-1.2468166287589733
60,-0.9855577778794977
61,-1.2474137726670942
62,-1.5991763530540548
63,-1.5133068908302905
64,-0.5163999823006304
65,0.12485488392848243
66,-0.06903120853394284
67,-0.07015887122336917
68,-0.19303499720663142
69,-0.1832733533180697
70,-0.5490341673952681
71,-0.4606855301654278
72,-0.2506318880179048
73,-0.19861802304765863
74,0.6764928140117643
75,0.7198895335138955
76,1.0612105226398105
77,1.4774262147282835
78,1.2680121158697988
79,1.2536766022166468
80,-0.489613675667655
81,-0.39356318549123026
82,-0.36396416510795504
83,-1.1643792667831776
84,-1.5165824755958068
85,-1.3347428037634779
86,-1.307517833340266
87,-1.431534083952446
88,-1.7924522368000462
89,-1.8734616697760331
90,-1.728021803405544
91,-1.2592916736148152
92,-1.513196835177122
93,-1.8110499438755423
94,-1.6418227604377056
95,-0.7020428713128357
96,-0.1862999871263149
97,-0.4372530689141563
98,-0.32638479690658695
99,-0.48978340395192665
100,-0.6382528749087624
101,-0.582806972216865
102,-0.3363124313452759
103,-0.10454695278558912
104,-0.2169975716133976
105,-0.7208994632447174
106,-0.9884491644821525
107,-1.1259440564756584
108,-0.5842277803204676
109,-0.357957355177696
110,-0.3561615251178152
111,-0.6106884240803523
112,-0.4991894165238153
113,0.18071974498883314
114,0.24488311497967707
115,0.2949629923191033
116,0.5919268603856498
117,0.6844010362796249
118,0.43702284055131546
119,0.022210883783913005
120,-0.7272464188510908
121,-0.8897550111066743
122,-1.087723923879047
123,-0.8238537222298836
124,-1.0888417920329019
125,-2.061539313867433
126,-2.2113501433839278
127,-2.5686224564301807
128,-1.4914863304318682
129,-1.1649997872860696
130,-0.7625729420567828
131,-0.9500311057695665
132,-1.5779196043256616
133,-1.2744714010871405
134,-0.46353286577541786
135,-0.4749601396856762
136,-0.13774731781277527
137,0.17526839678208006
138,0.35225987469653663
139,0.2636011520866566
140,-0.49404921939593116
141,-2.128725881499849
142,-1.9407934025145734
143,-1.1605071036698056
144,-1.1764198127738434
145,-1.7882429058440064
146,-1.7524295958942449
147,-2.0340240086150096
148,-2.002297912059947
149,-2.0393038548970677
150,-1.6251773291736882
151,-2.737224106028624
152,-3.9195091443504415
153,-3.650519871385738
154,-2.8971405868285727
155,-2.725493585219596
156,-2.9765027529726207
157,-3.3358475797436338
158,-4.418694180490257
159,-5.516994597446057
160,-7.024272348122807
161,-7.6525630485476555
162,-6.590902103617902
163,-5.525284413255848
164,-5.552288710210007
165,-6.32436126625322
166,-7.400861735156694
167,-6.726769818243494
168,-6.305240220854524
169,-6.588780380791692
170,-6.2283556435319465
171,-5.821060048790305
172,-6.68016911064443
173,-7.079952826686487
174,-7.903035298333483
175,-7.8518976513656025
176,-6.118926266751656
177,-6.200741249389285
178,-6.974431330005171
179,-7.278020598572099
180,-7.939766314637165
181,-8.099655955657914
182,-8.49356630682826
183,-7.687056058038067
184,-8.081909571179269
185,-7.4368036561236694
186,-6.965502642211985
187,-7.165266782007018
188,-5.31962703628478
189,-5.088492297457625
190,-4.856627618164899
191,-5.299755086949165
192,-5.7971929612598005
193,-5.0089991663218925
194,-4.972930788212137
195,-4.750211349314437
196,-5.307463023712822
197,-4.966391735756826
198,-4.891913907365019
199,-4.614362961040475
200,-4.81811378036473
201,-6.112665233506432
202,-6.781343166860642
203,-6.513102678831761
204,-5.584667117269026
205,-4.850878396810221
206,-4.294171787161605
207,-5.078963377203793
208,-1.8842655732775437
209,-0.9142580582736759
210,-1.1033621562103413
211,-0.8532734465952374
212,-0.771668873935849
213,-0.678767386048762
214,-0.9189344584099701
215,-0.8074009202929999
216,-0.5059609630655659
217,-0.6708601971976647
218,-1.5357772204472542
219,-1.1370750862654266
220,-1.3066182225067946
221,-0.523204248925746
222,-0.135548495184179
223,-0.2686481930271212
224,0.3027548889212417
225,0.1667139469161638
226,-0.2761994849570182
227,0.0701233801929213
228,0.397488269085744
229,0.3247391283399459
230,0.15056424671828772
231,0.11949559589161662
232,-0.0491706424575411
233,-0.12888078030637296
234,-0.6878795546695793
235,-1.0409278100907637
236,-1.2874159944830543
237,-1.8402578874271658
238,-1.9800031545426866
239,-1.4560157902787085
240,-1.4202745524992122
241,-1.7930561102642795
242,-2.483112965820211
243,-1.9377559150897783
244,-1.680510319276074
245,-1.6263929937788246
246,-1.7464120299278685
247,-1.939242526346041
248,-1.6122010254685515
249,-2.060827891575623
250,-2.523745452438575
251,-3.519886618086432
252,-3.2943988022188453
253,-3.6517646751484167
254,-4.280504765845827
255,-5.003733929873189
256,-4.880437061755661
257,-4.734877958591799
258,-5.642266614633707
259,-5.5082792525760205
260,-7.139680738328035
261,-6.966374232114347
262,-7.300461637639122
263,-6.691935785531267
264,-6.486781891501914
265,-6.9070632317349006
266,-6.924153564697722
267,-7.681898752356842
268,-7.778077760074742
269,-7.27176803988171
270,-7.363977784452924
271,-8.600122595969639
272,-9.007092238178638
273,-8.622490206924539
274,-9.446432479909728
275,-9.65374063936718
276,-10.258627517937002
277,-9.583004834452524
278,-9.91363665757381
279,-9.410285600911338
280,-8.707512809717866
281,-8.676006393589619
282,-8.75855207969275
283,-8.63619486523788
284,-7.563966917060938
285,-8.43167379975258
286,-8.39289882595221
287,-8.604669642100404
288,-6.729012363196252
289,-6.747236819915303
290,-6.092950081268144
291,-5.9413915439503695
292,-5.7890022203731295
293,-5.615114436530256
294,-5.651875395413741
295,-6.048789217144657
296,-5.4927999591908865
297,-5.546932818168471
298,-4.661638175747973
299,-4.857856318529197
300,-4.964616702118718
301,-4.642505962143639
302,-4.58796682190441
303,-4.22989245129296
304,-4.259295204131208
305,-4.191557258020662
306,-4.303659975916673
307,-4.239076375959716
308,-4.222361048318191
309,-3.21392627428303
310,-2.700964661044447
311,-2.6305877621160767
312,-2.8256968850884134
313,-3.0916414200551245
314,-4.096724722769207
315,-3.8417623971375936
316,-4.5467526135305025
317,-3.80631645408559
318,-3.600777446216108
319,-3.39764228883056
320,-2.183157348742115
321,-2.024270739529177
322,-2.3084824187991404
323,-2.4021304037538327
324,-1.857244836704952
325,-1.9404077674832765
326,-2.0263762936946983
327,-2.196564467750872
328,-2.0732980992835826
329,-2.056694823605998
330,-2.565100942397458
331,-2.6533391195507905
332,-2.1681042678871387
333,-3.603624955157647
334,-4.237294438146034
335,-3.9129926733406095
336,-4.138072239742485
337,-4.39962414542997
338,-5.615077903683174
339,-5.654595482966429
340,-5.9695782060147256
341,-6.348086862357283
342,-5.901552702046764
343,-5.337423688877408
344,-4.962995138687376
345,-5.21585058008368
346,-5.567255442053643
347,-5.293472255204501
348,-5.359612936934532
349,-4.767134524748384
350,-4.550694224405271
351,-4.125953930512194
352,-3.572269893433544
353,-4.037684822256404
354,-4.264700897691853
355,-4.263107119627274
356,-4.356083236383091
357,-4.218986132174118
358,-4.194828038229915
359,-4.289464027534828
360,-4.401571467839105
361,-5.735763390627014
362,-5.8193069877854775
363,-6.191704074047733
364,-6.195842452543488
365,-6.350828073493309
366,-6.354257407774744
367,-5.576989175147307
368,-5.6194370242315
369,-5.42647766930785
370,-5.047298984662585
371,-6.679787342726784
372,-7.1531508657168725
373,-6.581586830241671
374,-5.779675939781659
375,-5.096892368595974
376,-4.865952850597544
377,-5.350224920427671
378,-5.451455218629009
379,-5.467664934388273
380,-6.156981512211557
381,-5.196691612920135
382,-5.325241227449773
383,-5.429982161744206
384,-5.421837987171385
385,-5.613318607717166
386,-5.5000594300895544
387,-6.049764048055206
388,-6.108506003368563
389,-6.245266168786867
390,-6.477043472852895
391,-6.488279969739297
392,-6.334944298693246
393,-6.1272014400515555
394,-6.017533346594672
395,-6.765183884098835
396,-6.557067149104478
397,-6.94845123630965
398,-6.757872220736982
399,-6.649403760918826
400,-5.977082914198107
401,-6.131356512840069
402,-5.576990082816735
403,-5.466816400651409
404,-5.270113741272708
405,-5.490083154531289
406,-4.572644809052296
407,-4.581955497937063
408,-4.880993997368554
409,-4.487061053827334
410,-4.191310007746807
411,-4.469891915592705
412,-4.493484985916984
413,-4.835975490596134
414,-4.727282222623641
415,-4.660769629884209
416,-4.730498449937038
417,-4.672348532838299
418,-5.404809753748607
419,-4.9225462039064976
420,-4.3560114910221825
421,-2.472882552259492
422,-2.096414858918072
423,-1.6694191381818935
424,-2.3277544183664567
425,-2.117283660745639
426,-2.3096352179441393
427,-2.3233773256064794
428,-2.1516062502657696
429,-2.521319276080203
430,-2.480398707052922
431,-2.3959836766855314
432,-1.2708894848644126
433,-1.2033856538797516
434,-1.783632292814541
435,-2.231238454436435
436,-2.2113254182120845
437,-2.410558439186994
438,-2.95941083629514
439,-2.7978001156128474
440,-2.6325182405768532
441,-2.504889324253101
442,-2.503979706381132
443,-2.912298695219928
444,-3.0867053364781127
445,-3.017864353891442
446,-3.4995136828266937
447,-3.562865842466767
448,-3.7519073562092387
449,-3.750521613379809
450,-3.820851318216323
451,-3.5674112935283997
452,-3.5556444368017748
453,-3.58483950755083
454,-3.517541711585137
455,-2.78393792228
456,-2.9984595136868575
457,-3.6086226947532385
458,-3.4541709786984454
459,-3.5154246273067957
460,-3.5864302277211824
461,-3.822518179304024
462,-4.323620319661348
463,-4.330220169694787
464,-4.568590887366741
465,-3.4785504507111487
466,-3.9049030603911405
467,-4.190921852984597
468,-4.537796730359167
469,-5.0709915155983225
470,-5.311713185968403
471,-5.124159533692274
472,-4.754813648127431
473,-4.567245525827657
474,-4.8036222824684005
475,-4.452198919522232
476,-4.615620319151004
477,-4.553332457157088
478,-4.648733003478278
479,-4.490944426306642
480,-4.214567107923484
481,-4.590190041967979
482,-5.047759737289348
483,-5.248416534168121
484,-4.982635154852355
485,-4.849665945181036
486,-4.322708180297152
487,-4.4698199570403885
488,-4.182440081497518
489,-4.418431262055278
490,-4.009438255361464
491,-4.176340996630246
492,-4.592218699442463
493,-4.822626046067258
494,-4.9014066744724865
495,-4.749464405563863
496,-4.7925561020000895
497,-4.992523084911138
498,-4.750145361374147
499,-4.651941610545418
500,-4.524563797549708
501,-4.437778713752305
502,-5.016901455101319
503,-4.333788488174816
504,-3.781662370197625
505,-3.311573019161873
506,-3.4039720298243537
507,-2.8450714911093855
508,-2.349163825547662
509,-2.4311066865211006
510,-2.611662438613771
511,-2.5947608954174584
512,-2.64350135949335
513,-2.8281219718813366
514,-2.8216426358693703
515,-2.782671060023101
516,-2.6781299259490132
517,-2.6974810563807794
518,-2.64888557214642
519,-2.5769819364030555
520,-2.7050288248168464
521,-2.323306978628503
522,-2.0558835257104113
523,-2.4209387320968445
524,-2.2898004706862873
525,-2.108151803678049
526,-1.9657648741550071
527,-1.7133492678740092
528,-0.7116688840247631
529,-0.5814791799422236
530,-0.7941851586073301
531,-0.5771380770842716
532,-0.49480024148033097
533,-0.4993503359252527
534,-0.32585519062535706
535,-0.527181228003093
536,-0.29711743407885294
537,-0.2826578990904993
538,-0.5118777101631777
539,-1.2878341681173522
540,-1.354632114144505
541,-1.1725127492136944
542,-1.0765900597744626
543,-1.1403656384730287
544,-1.0973710327032205
545,-1.1387256774945897
546,-1.1477092906603037
547,-1.1408307949281715
548,-1.0637680937842897
549,-1.0468476315476871
550,-0.9923790471558225
551,-0.9455315843498457
552,-0.8009452460548294
553,-0.30808777157960154
554,-0.25435047432539326
555,-0.3380088833993322
556,-0.8075058813519997
557,-0.9495214757488935
558,-0.9978852104238434
559,-1.13364465119139
560,-1.1823313501926003
561,-1.0731854461731638
562,-0.8051058930646504
563,-0.7119048799410499
564,-0.6901363559811635
565,-0.42741520551985435
566,-0.5449200059557957
567,-0.7991854268532106
568,-1.2095134479805147
569,-1.2869481700510388
570,-0.9691423327668258
571,-1.1715035847602695
572,-1.3662715007742965
573,-1.0830983773975844
574,-0.973066301765102
575,-0.9320806161658202
576,-0.6409715107219771
577,-0.608689630823811
578,-0.8065133966188909
579,-0.08745188757649514
580,0.2518510054259959
581,0.02439152944306855
582,-0.07638531129570136
583,-0.4151844094907764
584,-0.4430438697695438
585,-0.13553227248324085
586,-0.3004869121646436
587,-1.5951895044914233
588,-1.450981209441915
589,-1.494033439503284
590,-0.9520715513760214
591,-1.0311037892300146
592,-0.6742599782909919
593,0.24264472553772176
594,-0.07416958869447265
595,0.6870355913328741
596,0.30295744795372226
597,-0.052121592470744105
598,0.6099820225733854
599,1.380980080012928
600,1.4094548035781473
601,1.3370601623023282
602,1.4418546091857776
603,2.3245446133093317
604,2.2267376735936706
605,1.8583354029482413
606,1.9625063218237537
607,1.990244323444923
608,1.9636624005787917
609,1.8268673323363682
610,2.122230514547052
611,1.5217271062356375
612,1.1782321409821828
613,1.039923930973563
614,1.260873729899048
615,1.3527557586543892
616,1.30354370963639
617,0.8742688650151154
618,1.146118474244573
619,1.375890425154469
620,1.2701299443913072
621,1.2848769251741388
622,1.2570696946609505
623,1.3574198461705933
624,1.1810654843156243
625,1.2671640880290047
626,1.4343359236840492
627,1.574069766847841
628,1.7709414882845165
629,2.2424724158844223
630,2.0080443348746257
631,1.9436176401491867
632,2.055715983803119
633,2.291114146621398
634,2.503545956705655
635,2.884342081854485
636,3.156934643816567
637,3.168945614322949
638,3.152045081236743
639,3.5569146055459466
640,3.3105208233563443
641,3.8487262963634805
642,4.065663887523141
643,3.9619493704372344
644,4.72597746289054
645,4.718820925573475
646,8.056194508380132
647,8.73064545915263
648,8.672445989879819
649,8.635551614930659
650,8.738221292446703
651,8.622087485757124
652,8.778471574337289
653,8.773728120006275
654,8.925742080531984
655,8.579146862835273
656,8.639005158877634
657,8.685925081104905
658,8.800363681587742
659,8.892914655483764
660,7.905083595932738
661,7.680224226472809
662,7.736793310866497
663,7.96957568664074
664,7.800247844354269
665,8.089473963221705
666,8.30589869323628
667,7.690968591519143
668,7.714494738080013
669,7.60739598099609
670,8.08631583709376
671,8.696527011114075
672,8.138540435126673
673,8.270712150551551
674,8.728241194511988
675,8.543767640730039
676,9.08867938643343
677,9.540582039697432
678,9.342607780981083
679,9.608821732099804
680,9.949794722678206
681,10.29646978654335
682,10.035941698199657
683,9.979508318878395
684,9.852711578477514
685,9.9219731101994
686,9.807248953180391
687,9.803987980677986
688,9.911114706316004
689,9.77342000676411
690,10.353060342483866
691,10.410331942146932
692,10.319365273425785
693,9.997693392702246
694,10.094827937006134
695,10.237019451153518
696,10.721891051471989
697,12.148024205815378
698,11.966784324169332
699,11.68880287999352
700,11.685912075901772
701,12.357575696811196
702,12.22177786745926
703,12.160757573671654
704,11.795228778276478
705,11.874936542445846
706,12.239672619649467
707,11.921134050216487
708,11.46385401023393
709,11.510654929012398
710,10.513594621790713
711,10.164863720156902
712,11.36315313457823
713,11.575099081213413
714,11.112773144428512
715,11.054162385943078
716,11.227745702606097
717,11.095657088012123
718,10.915557261513564
719,10.781282559225591
720,10.49689652422321
721,10.317481154696061
722,9.914967666846607
723,9.207986813317003
724,9.804685992181028
725,9.89050919267127
726,9.967800344569987
727,10.424202249321656
728,10.620988172969792
729,10.266518370799238
730,9.95327670437094
731,8.72649331533324
732,9.189012807069407
733,8.936971208045685
734,8.564822953902285
735,8.8024695543367
736,8.592531517304414
737,9.436997945826064
738,9.677961885497988
739,9.478685759676186
740,9.444458770103314
741,9.310448698320739
742,9.173736647429532
743,9.212038380085952
744,10.14411992517843
745,9.77952482954243
746,9.580116360260217
747,9.862850420649071
748,9.87956006152475
749,9.798179401039508
750,9.697500344061872
751,9.64020007814046
752,9.599349200026786
753,10.383370170365037
754,10.837725785292761
755,10.96257329946624
756,11.232962186620421
757,11.75912844495366
758,12.010916946495787
759,11.70563975828889
760,12.006962976345381
761,12.718032193108296
762,12.927049132770229
763,12.73676425343786
764,12.664512885544333
765,12.695361828778996
766,12.67560253103066
767,13.13356387821396
768,13.070011251358494
769,13.014755974787938
770,13.56404205514421
771,13.10988653882157
772,12.05518009592097
773,12.40036263391977
774,11.573826858223658
775,10.76291777909766
776,9.742960160960191
777,9.883280748381917
778,9.598349170200326
779,8.890862988305127
780,9.062359459653857
781,10.127614184077771
782,10.788819527788274
783,11.42789567568283
784,12.26985274832968
785,12.093115953959742
786,12.093002531373621
787,12.282367930279037
788,12.316611426744494
789,12.91365914396998
790,13.771719586923936
791,13.305877019650381
792,13.140363994783844
793,12.52865379281003
794,12.37974377815223
795,12.906886561484686
796,13.237692658075307
797,13.123915623728433
798,13.174866566135425
799,13.556574143048184
800,14.279769247968366
801,13.31153666058551
802,13.888247530042609
803,14.35084603575656
804,14.099093307166143
805,13.575547000737131
806,13.645073082167581
807,14.118123176622998
808,13.32574166950906
809,12.620822915432296
810,13.65456741509201
811,13.211187227982247
812,12.011080418225294
813,12.17569247355308
814,12.140397045610207
815,12.041167190535296
816,12.403661136508637
817,12.490279997135811
818,11.706556573705228
819,12.175734178708986
820,12.373009077738617
821,12.064459065904455
822,12.115164798170607
823,12.340566940841402
824,12.546792792593564
825,13.14820869569655
826,13.416700361311218
827,13.358479019704884
828,12.908652590238589
829,12.713281171026459
830,12.82469482808246
831,12.82469482808246
832,13.232668562464788
833,14.040299879812789
834,14.036272663905457
835,14.08183166998651
836,13.832595683637505
837,13.725901891444114
838,13.778858073420075
839,14.01739158569113
840,15.006883340811928
841,14.92695536947457
842,15.719351935747428
843,15.839384058177064
844,15.99555557280301
845,15.737502956198423
846,16.89104922725859
847,16.537110470719174
848,14.92097483984891
849,13.958721584031819
850,13.998774292598103
851,13.977773524465986
852,13.568563245630404
853,13.929904768904123
854,13.686739820882398
855,13.347463866101084
856,13.573985361645558
857,14.14439771025413
858,15.61008814891871
859,15.518821952722917
860,15.637475069921503
861,15.641560078918527
862,16.08831752191029
863,16.644122626373314
864,16.414205316676235
865,16.594463856481244
866,16.709827499040884
867,16.77928838944547
868,16.80060044546621
869,15.959186044431162
870,16.322957692851347
871,15.977242646943978
872,16.0364959076702
873,15.527851020715744
874,15.57966391637089
875,15.039003000209439
876,14.63607182139739
877,14.692632487280743
878,15.012442116277679
879,15.141804754663536
880,15.186038684375337
881,15.786403836017593
882,16.587465072940155
883,16.38527811235
884,16.421851995244975
885,17.031889575636082
886,16.65239221690884
887,16.813443694846253
888,17.05594252847764
889,17.047331005743736
890,16.557097840651004
891,16.40251023491246
892,16.41072172429645
893,15.738539621923952
894,16.421452907374757
895,16.165457151290276
896,15.754193973845766
897,15.463770757514151
898,15.23411174136462
899,14.050574469261434
900,14.285643104394552
901,14.394484120122563
902,14.269344342524715
903,13.70803145188335
904,13.506371591942212
905,13.387034847683289
906,13.33469614118692
907,13.04848362125124
908,13.449694677834634
909,12.73429604036249
910,13.191561944201325
911,13.520062530937583
912,13.326953222957982
913,13.407080921037817
914,13.13484674990204
915,12.572457206992183
916,13.277530508273628
917,13.81058987223538
918,13.377592076386048
919,13.451718821280089
920,13.300330945961791
921,13.51509385999674
922,12.656717897062663
923,11.702559623021314
924,11.564632114216034
925,11.6620178360354
926,11.522888525601683
927,11.962966191623025
928,12.216922339140313
929,12.636277904148518
930,12.295480105041289
931,12.212593146301032
932,13.682625078048517
933,14.48070141802904
934,14.579680792728356
935,14.26258148048789
936,14.204194652254131
937,14.107632232109335
938,14.471415946091204
939,14.376888189580006
940,14.228597326724902
941,13.138223899258739
942,12.9074820323005
943,12.11898099023001
944,11.342474915782663
945,10.916540101714167
946,11.53407022179842
947,10.497528771633702
948,11.039346204460854
949,11.898730257814115
950,11.774337041055016
951,12.473522870024034
952,12.395436313628604
953,11.375431391166813
954,11.643759746786841
955,11.876474663968795
956,11.058410102938865
957,10.380857140281364
958,10.792804306275027
959,10.344306236610311
960,10.187977477174215
961,10.388994338251756
962,11.562094194487438
963,14.539285347516117
964,13.525274876717441
965,12.749792357597256
966,13.351938603704582
967,13.54668095035574
968,12.830759635345634
969,11.994878495831408
970,10.82468323189203
971,10.854439498206126
972,11.174255971834612
973,11.400589300674667
974,11.544858233007481
975,11.244827404982804
976,10.271872989382391
977,12.034527161162046
978,11.85393130700525
979,12.385538185299394
980,11.92689886223759
981,12.413873762679728
982,11.667230890676915
983,12.059662074702459
984,12.819222198379876
985,12.206566651085083
986,11.855727430410369
987,11.78320908495456
988,11.715478900574695
989,11.852955763886008
990,12.317139414634969
991,12.295220732918576
992,11.844512185607027
993,11.233986412132534
994,10.701634683882254
995,9.96716032662226
996,9.42426467220503
997,8.847160422099076
998,8.75108230372399
999,9.5372665309317
1000,8.95007624501838
1001,8.488831419404953
1002,8.813116902813922
1003,7.999318070143868
1004,9.863814894708689
1005,10.337521297134211
1006,10.492653419109299
1007,11.224016525210413
1008,11.68796940005501
1009,11.405461607014079
1010,10.970958644823604
1011,10.923925655174106
1012,11.146590697061276
1013,10.459764403307004
1014,11.12309028525229
1015,10.267751104627077
1016,9.789575171963394
1017,9.746097111945517
1018,10.365884402908776
1019,10.29211353954973
1020,9.975809193853058
1021,10.751643694350953
1022,11.025296963596421
1023,11.081672228218675
1024,11.260927664949572
1025,11.769056282075741
1026,11.302695341432866
1027,10.750368883805251
1028,10.53827308240396
1029,10.271927735822729
1030,10.597693323411228
1031,11.373755917262528
1032,11.295362429003465
1033,10.951169083038526
1034,11.07936437760111
1035,10.750539753816813
1036,12.591090174802622
1037,11.68837999777448
1038,11.52604414195646
1039,11.412085278481165
1040,11.198987877671772
1041,11.207233431482088
1042,11.074170370207614
1043,10.981207695914375
1044,12.604628236606953
1045,13.012552610198004
1046,12.7669352435686
1047,12.296435312722643
1048,12.507965624522743
1049,12.577985725560481
1050,12.650125422690284
1051,12.722505601557298
1052,13.455112204064722
1053,13.624473529359582
1054,13.371313982815725
1055,13.399683988386336
1056,13.442797756764712
1057,12.988777835927934
1058,12.93597974350995
1059,13.098393608650927
1060,12.977432152355828
1061,12.990424175183746
1062,13.141555402589278
1063,14.01151632387172
1064,14.156907613765956
1065,14.645465919268608
1066,15.128335201399622
1067,14.921562180621816
1068,15.347201377305609
1069,14.664733334551915
1070,14.647970647197074
1071,14.245001153403013
1072,14.462886643305461
1073,14.008504292146839
1074,14.014723276821384
1075,14.21167501087226
1076,14.17977417094467
1077,14.136737305390135
1078,14.347667222715632
1079,13.773826950117417
1080,13.568877970925186
1081,13.315793306525926
1082,13.622721430745187
1083,13.679934890294776
1084,13.50992941192224
1085,13.653915640158942
1086,13.58872853146529
1087,12.998628082595843
1088,12.834647338846118
1089,12.403907370750789
1090,12.21916872211386
1091,12.262110984099262
1092,11.594446029559569
1093,11.828907659875743
1094,11.865017365486796
1095,12.082768319434
1096,9.093854253614907
1097,6.706069933661674
1098,7.542416801677954
1099,7.178612562249809
1100,6.540171337669176
1101,6.767802709318538
1102,6.56907043485484
1103,6.221931406299275
1104,6.098955679992324
1105,6.322813326467869
1106,6.234731439482255
1107,4.851581739182587
1108,5.117781650747322
1109,5.005583721975704
1110,5.6627448756988
1111,5.80067049414108
1112,4.8593430702656315
1113,4.329188658877414
1114,6.741860997543525
1115,6.277289255952678
1116,6.252671306323898
1117,6.500173166030443
1118,6.801214389877708
1119,7.18717856590263
1120,6.930658984409632
1121,7.214614908732475
1122,6.659494906274399
1123,7.030840781301428
1124,7.000060884072634
1125,7.247785290101705
1126,7.4890355196914005
1127,7.865571617759426
1128,7.99203999141096
1129,7.563618142214934
1130,7.475705648183695
1131,7.871631073418661
1132,7.8483559352635845
1133,7.9524924191538116
1134,7.5501420024813415
1135,7.771047986851531
1136,7.634339295809278
1137,7.4378712936043145
1138,7.329347446797563
1139,7.132796766603167
1140,6.411394191806319
1141,6.434675696081671
1142,6.791825185980516
1143,6.6555973731926565
1144,6.651781984779204
1145,6.544625974144069
1146,6.146370919468991
1147,5.796591492600722
1148,5.184549896274948
1149,4.906060973879267
1150,3.5760614355293985
1151,3.5421573750628266
1152,3.396440408745005
1153,3.8718903062268994
1154,3.455249220482015
1155,3.2265219470436257
1156,3.5951831190838224
1157,2.5372306735621963
1158,2.4171223628335348
1159,2.5075728792538277
1160,5.263753007616256
1161,6.325483776630336
1162,6.095801564258663
1163,5.327188655962067
1164,4.017249811096124
1165,4.675409709264655
1166,4.912030069364404
1167,4.8522284576094865
1168,5.136090348576672
1169,5.281717987600376
1170,4.9922581557892975
1171,5.220991722974611
1172,5.619595628819218
1173,5.395710012758759
1174,5.514676981599598
1175,6.37695562161209
1176,6.823924718445595
1177,6.91193112469457
1178,6.701453273237923
1179,6.9520791455848
1180,5.974745958735217
1181,5.6297172393948935
1182,5.880915466677283
1183,5.157678148115696
1184,4.716436221276177
1185,3.8800185552290367
1186,4.573673047823323
1187,5.327793810384818
1188,4.421900153850933
1189,4.633988440579873
1190,3.8615929665225313
1191,3.620976431277123
1192,3.7433693594663087
1193,3.708882123349566
1194,2.549731026330715
1195,1.983010637134619
1196,2.242485876625744
1197,3.3149475303249076
1198,3.851407415273833
1199,3.931326588533257
1200,4.321977571249347
1201,4.635665778444253
1202,4.617572233834655
1203,4.4697009074760485
1204,4.606038435287796
1205,4.536606597160953
1206,4.84354749858813
1207,4.21783456793603
1208,4.024040104703519
1209,4.349037385482424
1210,3.9104623525435978
1211,3.9576803624718604
1212,3.728812528376091
1213,4.739038525001615
1214,5.691078562978702
1215,5.186173900953306
1216,5.069875007684366
1217,6.834889457833038
1218,7.200195161753742
1219,5.925169425382126
1220,6.002961565584708
1221,5.560112585643284
1222,5.3728799891360035
1223,4.636026430657725
1224,4.719753432450191
1225,5.299369047857794
1226,5.2264969620277935
1227,5.3959503810207865
1228,5.874994552748314
1229,6.451424417824603
1230,5.9650195024993025
1231,5.829495055774947
1232,6.258022455182988
1233,6.273412878636164
1234,5.479711723264891
1235,5.493259180589205
1236,6.103457809986601
1237,6.12189861331669
1238,5.778785490786698
1239,5.746350699681813
1240,6.115565229169495
1241,7.353920993039997
1242,7.110560827800572
1243,7.922695687513692
1244,8.233043522935901
1245,8.425622797313025
1246,8.932128626511581
1247,8.89471085767999
1248,8.414423170205954
1249,8.536393917736396
1250,8.463108743704929
1251,8.31913080501927
1252,8.377485187162215
